1 9.443395090378e-08
2 9.443395090378e-08
3 9.443395090378e-08
4 9.443395090378e-08
5 9.443395090378e-08
6 9.443395090378e-08
7 9.443395090378e-08
8 9.443395090378e-08
9 9.443395090378e-08
10 9.443395090378e-08
11 3.767239666396e-07
12 3.767239666396e-07
13 3.767239666396e-07
14 3.767239666396e-07
15 3.767239666396e-07
16 3.767239666396e-07
17 3.767239666396e-07
18 3.767239666396e-07
19 3.767239666396e-07
20 3.767239666396e-07
21 8.433577445051e-07
22 8.433577445051e-07
23 8.433577445051e-07
24 8.433577445051e-07
25 8.433577445051e-07
26 8.433577445051e-07
27 8.433577445051e-07
28 8.433577445051e-07
29 8.433577445051e-07
30 8.433577445051e-07
31 1.490101470537e-06
32 1.490101470537e-06
33 1.490101470537e-06
34 1.490101470537e-06
35 1.490101470537e-06
36 1.490101470537e-06
37 1.490101470537e-06
38 1.490101470537e-06
39 1.490101470537e-06
40 1.490101470537e-06
41 2.316908076696e-06
42 2.316908076696e-06
43 2.316908076696e-06
44 2.316908076696e-06
45 2.316908076696e-06
46 2.316908076696e-06
47 2.316908076696e-06
48 2.316908076696e-06
49 2.316908076696e-06
50 2.316908076696e-06
51 3.334255673934e-06
52 3.334255673934e-06
53 3.334255673934e-06
54 3.334255673934e-06
55 3.334255673934e-06
56 3.334255673934e-06
57 3.334255673934e-06
58 3.334255673934e-06
59 3.334255673934e-06
60 3.334255673934e-06
61 4.572025272438e-06
62 4.572025272438e-06
63 4.572025272438e-06
64 4.572025272438e-06
65 4.572025272438e-06
66 4.572025272438e-06
67 4.572025272438e-06
68 4.572025272438e-06
69 4.572025272438e-06
70 4.572025272438e-06
71 6.084041027168e-06
72 6.084041027168e-06
73 6.084041027168e-06
74 6.084041027168e-06
75 6.084041027168e-06
76 6.084041027168e-06
77 6.084041027168e-06
78 6.084041027168e-06
79 6.084041027168e-06
80 6.084041027168e-06
81 7.935269178372e-06
82 7.935269178372e-06
83 7.935269178372e-06
84 7.935269178372e-06
85 7.935269178372e-06
86 7.935269178372e-06
87 7.935269178372e-06
88 7.935269178372e-06
89 7.935269178372e-06
90 7.935269178372e-06
91 1.018122356743e-05
92 1.018122356743e-05
93 1.018122356743e-05
94 1.018122356743e-05
95 1.018122356743e-05
96 1.018122356743e-05
97 1.018122356743e-05
98 1.018122356743e-05
99 1.018122356743e-05
100 1.018122356743e-05
101 1.286848857438e-05
102 1.286848857438e-05
103 1.286848857438e-05
104 1.286848857438e-05
105 1.286848857438e-05
106 1.286848857438e-05
107 1.286848857438e-05
108 1.286848857438e-05
109 1.286848857438e-05
110 1.286848857438e-05
111 1.604547035257e-05
112 1.604547035257e-05
113 1.604547035257e-05
114 1.604547035257e-05
115 1.604547035257e-05
116 1.604547035257e-05
117 1.604547035257e-05
118 1.604547035257e-05
119 1.604547035257e-05
120 1.604547035257e-05
121 1.975182473339e-05
122 1.975182473339e-05
123 1.975182473339e-05
124 1.975182473339e-05
125 1.975182473339e-05
126 1.975182473339e-05
127 1.975182473339e-05
128 1.975182473339e-05
129 1.975182473339e-05
130 1.975182473339e-05
131 2.399649565248e-05
132 2.399649565248e-05
133 2.399649565248e-05
134 2.399649565248e-05
135 2.399649565248e-05
136 2.399649565248e-05
137 2.399649565248e-05
138 2.399649565248e-05
139 2.399649565248e-05
140 2.399649565248e-05
141 2.873849118314e-05
142 2.873849118314e-05
143 2.873849118314e-05
144 2.873849118314e-05
145 2.873849118314e-05
146 2.873849118314e-05
147 2.873849118314e-05
148 2.873849118314e-05
149 2.873849118314e-05
150 2.873849118314e-05
151 3.386630392607e-05
152 3.386630392607e-05
153 3.386630392607e-05
154 3.386630392607e-05
155 3.386630392607e-05
156 3.386630392607e-05
157 3.386630392607e-05
158 3.386630392607e-05
159 3.386630392607e-05
160 3.386630392607e-05
161 3.920487122647e-05
162 3.920487122647e-05
163 3.920487122647e-05
164 3.920487122647e-05
165 3.920487122647e-05
166 3.920487122647e-05
167 3.920487122647e-05
168 3.920487122647e-05
169 3.920487122647e-05
170 3.920487122647e-05
171 4.458734538728e-05
172 4.458734538728e-05
173 4.458734538728e-05
174 4.458734538728e-05
175 4.458734538728e-05
176 4.458734538728e-05
177 4.458734538728e-05
178 4.458734538728e-05
179 4.458734538728e-05
180 4.458734538728e-05
181 4.995256566564e-05
182 4.995256566564e-05
183 4.995256566564e-05
184 4.995256566564e-05
185 4.995256566564e-05
186 4.995256566564e-05
187 4.995256566564e-05
188 4.995256566564e-05
189 4.995256566564e-05
190 4.995256566564e-05
191 5.539583579562e-05
192 5.539583579562e-05
193 5.539583579562e-05
194 5.539583579562e-05
195 5.539583579562e-05
196 5.539583579562e-05
197 5.539583579562e-05
198 5.539583579562e-05
199 5.539583579562e-05
200 5.539583579562e-05
201 6.115368471739e-05
202 6.115368471739e-05
203 6.115368471739e-05
204 6.115368471739e-05
205 6.115368471739e-05
206 6.115368471739e-05
207 6.115368471739e-05
208 6.115368471739e-05
209 6.115368471739e-05
210 6.115368471739e-05
211 6.753490227917e-05
212 6.753490227917e-05
213 6.753490227917e-05
214 6.753490227917e-05
215 6.753490227917e-05
216 6.753490227917e-05
217 6.753490227917e-05
218 6.753490227917e-05
219 6.753490227917e-05
220 6.753490227917e-05
221 7.479952947176e-05
222 7.479952947176e-05
223 7.479952947176e-05
224 7.479952947176e-05
225 7.479952947176e-05
226 7.479952947176e-05
227 7.479952947176e-05
228 7.479952947176e-05
229 7.479952947176e-05
230 7.479952947176e-05
231 8.309160041861e-05
232 8.309160041861e-05
233 8.309160041861e-05
234 8.309160041861e-05
235 8.309160041861e-05
236 8.309160041861e-05
237 8.309160041861e-05
238 8.309160041861e-05
239 8.309160041861e-05
240 8.309160041861e-05
241 9.253748827920e-05
242 9.253748827920e-05
243 9.253748827920e-05
244 9.253748827920e-05
245 9.253748827920e-05
246 9.253748827920e-05
247 9.253748827920e-05
248 9.253748827920e-05
249 9.253748827920e-05
250 9.253748827920e-05
251 1.033650326367e-04
252 1.033650326367e-04
253 1.033650326367e-04
254 1.033650326367e-04
255 1.033650326367e-04
256 1.033650326367e-04
257 1.033650326367e-04
258 1.033650326367e-04
259 1.033650326367e-04
260 1.033650326367e-04
261 1.158433253864e-04
262 1.158433253864e-04
263 1.158433253864e-04
264 1.158433253864e-04
265 1.158433253864e-04
266 1.158433253864e-04
267 1.158433253864e-04
268 1.158433253864e-04
269 1.158433253864e-04
270 1.158433253864e-04
271 1.301149789121e-04
272 1.301149789121e-04
273 1.301149789121e-04
274 1.301149789121e-04
275 1.301149789121e-04
276 1.301149789121e-04
277 1.301149789121e-04
278 1.301149789121e-04
279 1.301149789121e-04
280 1.301149789121e-04
281 1.461793202816e-04
282 1.461793202816e-04
283 1.461793202816e-04
284 1.461793202816e-04
285 1.461793202816e-04
286 1.461793202816e-04
287 1.461793202816e-04
288 1.461793202816e-04
289 1.461793202816e-04
290 1.461793202816e-04
291 1.641415640162e-04
292 1.641415640162e-04
293 1.641415640162e-04
294 1.641415640162e-04
295 1.641415640162e-04
296 1.641415640162e-04
297 1.641415640162e-04
298 1.641415640162e-04
299 1.641415640162e-04
300 1.641415640162e-04
301 1.844677255762e-04
302 1.844677255762e-04
303 1.844677255762e-04
304 1.844677255762e-04
305 1.844677255762e-04
306 1.844677255762e-04
307 1.844677255762e-04
308 1.844677255762e-04
309 1.844677255762e-04
310 1.844677255762e-04
311 2.078449113883e-04
312 2.078449113883e-04
313 2.078449113883e-04
314 2.078449113883e-04
315 2.078449113883e-04
316 2.078449113883e-04
317 2.078449113883e-04
318 2.078449113883e-04
319 2.078449113883e-04
320 2.078449113883e-04
321 2.346519511181e-04
322 2.346519511181e-04
323 2.346519511181e-04
324 2.346519511181e-04
325 2.346519511181e-04
326 2.346519511181e-04
327 2.346519511181e-04
328 2.346519511181e-04
329 2.346519511181e-04
330 2.346519511181e-04
331 2.645233496078e-04
332 2.645233496078e-04
333 2.645233496078e-04
334 2.645233496078e-04
335 2.645233496078e-04
336 2.645233496078e-04
337 2.645233496078e-04
338 2.645233496078e-04
339 2.645233496078e-04
340 2.645233496078e-04
341 2.964381875335e-04
342 2.964381875335e-04
343 2.964381875335e-04
344 2.964381875335e-04
345 2.964381875335e-04
346 2.964381875335e-04
347 2.964381875335e-04
348 2.964381875335e-04
349 2.964381875335e-04
350 2.964381875335e-04
351 3.293609999577e-04
352 3.293609999577e-04
353 3.293609999577e-04
354 3.293609999577e-04
355 3.293609999577e-04
356 3.293609999577e-04
357 3.293609999577e-04
358 3.293609999577e-04
359 3.293609999577e-04
360 3.293609999577e-04
361 3.629375173872e-04
362 3.629375173872e-04
363 3.629375173872e-04
364 3.629375173872e-04
365 3.629375173872e-04
366 3.629375173872e-04
367 3.629375173872e-04
368 3.629375173872e-04
369 3.629375173872e-04
370 3.629375173872e-04
371 3.975152994417e-04
372 3.975152994417e-04
373 3.975152994417e-04
374 3.975152994417e-04
375 3.975152994417e-04
376 3.975152994417e-04
377 3.975152994417e-04
378 3.975152994417e-04
379 3.975152994417e-04
380 3.975152994417e-04
381 4.335149216838e-04
382 4.335149216838e-04
383 4.335149216838e-04
384 4.335149216838e-04
385 4.335149216838e-04
386 4.335149216838e-04
387 4.335149216838e-04
388 4.335149216838e-04
389 4.335149216838e-04
390 4.335149216838e-04
391 4.709441849993e-04
392 4.709441849993e-04
393 4.709441849993e-04
394 4.709441849993e-04
395 4.709441849993e-04
396 4.709441849993e-04
397 4.709441849993e-04
398 4.709441849993e-04
399 4.709441849993e-04
400 4.709441849993e-04
401 5.095102778237e-04
402 5.095102778237e-04
403 5.095102778237e-04
404 5.095102778237e-04
405 5.095102778237e-04
406 5.095102778237e-04
407 5.095102778237e-04
408 5.095102778237e-04
409 5.095102778237e-04
410 5.095102778237e-04
411 5.488365373413e-04
412 5.488365373413e-04
413 5.488365373413e-04
414 5.488365373413e-04
415 5.488365373413e-04
416 5.488365373413e-04
417 5.488365373413e-04
418 5.488365373413e-04
419 5.488365373413e-04
420 5.488365373413e-04
421 5.883284696269e-04
422 5.883284696269e-04
423 5.883284696269e-04
424 5.883284696269e-04
425 5.883284696269e-04
426 5.883284696269e-04
427 5.883284696269e-04
428 5.883284696269e-04
429 5.883284696269e-04
430 5.883284696269e-04
431 6.271183784191e-04
432 6.271183784191e-04
433 6.271183784191e-04
434 6.271183784191e-04
435 6.271183784191e-04
436 6.271183784191e-04
437 6.271183784191e-04
438 6.271183784191e-04
439 6.271183784191e-04
440 6.271183784191e-04
441 6.646327414267e-04
442 6.646327414267e-04
443 6.646327414267e-04
444 6.646327414267e-04
445 6.646327414267e-04
446 6.646327414267e-04
447 6.646327414267e-04
448 6.646327414267e-04
449 6.646327414267e-04
450 6.646327414267e-04
451 7.013457388522e-04
452 7.013457388522e-04
453 7.013457388522e-04
454 7.013457388522e-04
455 7.013457388522e-04
456 7.013457388522e-04
457 7.013457388522e-04
458 7.013457388522e-04
459 7.013457388522e-04
460 7.013457388522e-04
461 7.388895852033e-04
462 7.388895852033e-04
463 7.388895852033e-04
464 7.388895852033e-04
465 7.388895852033e-04
466 7.388895852033e-04
467 7.388895852033e-04
468 7.388895852033e-04
469 7.388895852033e-04
470 7.388895852033e-04
471 7.789052954371e-04
472 7.789052954371e-04
473 7.789052954371e-04
474 7.789052954371e-04
475 7.789052954371e-04
476 7.789052954371e-04
477 7.789052954371e-04
478 7.789052954371e-04
479 7.789052954371e-04
480 7.789052954371e-04
481 8.210059352177e-04
482 8.210059352177e-04
483 8.210059352177e-04
484 8.210059352177e-04
485 8.210059352177e-04
486 8.210059352177e-04
487 8.210059352177e-04
488 8.210059352177e-04
489 8.210059352177e-04
490 8.210059352177e-04
491 8.621139048775e-04
492 8.621139048775e-04
493 8.621139048775e-04
494 8.621139048775e-04
495 8.621139048775e-04
496 8.621139048775e-04
497 8.621139048775e-04
498 8.621139048775e-04
499 8.621139048775e-04
500 8.621139048775e-04
501 8.991833178420e-04
502 8.991833178420e-04
503 8.991833178420e-04
504 8.991833178420e-04
505 8.991833178420e-04
506 8.991833178420e-04
507 8.991833178420e-04
508 8.991833178420e-04
509 8.991833178420e-04
510 8.991833178420e-04
511 9.333924269062e-04
512 9.333924269062e-04
513 9.333924269062e-04
514 9.333924269062e-04
515 9.333924269062e-04
516 9.333924269062e-04
517 9.333924269062e-04
518 9.333924269062e-04
519 9.333924269062e-04
520 9.333924269062e-04
521 9.705640504359e-04
522 9.705640504359e-04
523 9.705640504359e-04
524 9.705640504359e-04
525 9.705640504359e-04
526 9.705640504359e-04
527 9.705640504359e-04
528 9.705640504359e-04
529 9.705640504359e-04
530 9.705640504359e-04
531 1.015454029784e-03
532 1.015454029784e-03
533 1.015454029784e-03
534 1.015454029784e-03
535 1.015454029784e-03
536 1.015454029784e-03
537 1.015454029784e-03
538 1.015454029784e-03
539 1.015454029784e-03
540 1.015454029784e-03
541 1.065041922043e-03
542 1.065041922043e-03
543 1.065041922043e-03
544 1.065041922043e-03
545 1.065041922043e-03
546 1.065041922043e-03
547 1.065041922043e-03
548 1.065041922043e-03
549 1.065041922043e-03
550 1.065041922043e-03
551 1.110099710648e-03
552 1.110099710648e-03
553 1.110099710648e-03
554 1.110099710648e-03
555 1.110099710648e-03
556 1.110099710648e-03
557 1.110099710648e-03
558 1.110099710648e-03
559 1.110099710648e-03
560 1.110099710648e-03
561 1.145870986581e-03
562 1.145870986581e-03
563 1.145870986581e-03
564 1.145870986581e-03
565 1.145870986581e-03
566 1.145870986581e-03
567 1.145870986581e-03
568 1.145870986581e-03
569 1.145870986581e-03
570 1.145870986581e-03
571 1.179161509148e-03
572 1.179161509148e-03
573 1.179161509148e-03
574 1.179161509148e-03
575 1.179161509148e-03
576 1.179161509148e-03
577 1.179161509148e-03
578 1.179161509148e-03
579 1.179161509148e-03
580 1.179161509148e-03
581 1.222761972186e-03
582 1.222761972186e-03
583 1.222761972186e-03
584 1.222761972186e-03
585 1.222761972186e-03
586 1.222761972186e-03
587 1.222761972186e-03
588 1.222761972186e-03
589 1.222761972186e-03
590 1.222761972186e-03
591 1.283252767848e-03
592 1.283252767848e-03
593 1.283252767848e-03
594 1.283252767848e-03
595 1.283252767848e-03
596 1.283252767848e-03
597 1.283252767848e-03
598 1.283252767848e-03
599 1.283252767848e-03
600 1.283252767848e-03
601 1.354556687429e-03
602 1.354556687429e-03
603 1.354556687429e-03
604 1.354556687429e-03
605 1.354556687429e-03
606 1.354556687429e-03
607 1.354556687429e-03
608 1.354556687429e-03
609 1.354556687429e-03
610 1.354556687429e-03
611 1.424585020964e-03
612 1.424585020964e-03
613 1.424585020964e-03
614 1.424585020964e-03
615 1.424585020964e-03
616 1.424585020964e-03
617 1.424585020964e-03
618 1.424585020964e-03
619 1.424585020964e-03
620 1.424585020964e-03
621 1.488642947001e-03
622 1.488642947001e-03
623 1.488642947001e-03
624 1.488642947001e-03
625 1.488642947001e-03
626 1.488642947001e-03
627 1.488642947001e-03
628 1.488642947001e-03
629 1.488642947001e-03
630 1.488642947001e-03
631 1.553792720886e-03
632 1.553792720886e-03
633 1.553792720886e-03
634 1.553792720886e-03
635 1.553792720886e-03
636 1.553792720886e-03
637 1.553792720886e-03
638 1.553792720886e-03
639 1.553792720886e-03
640 1.553792720886e-03
641 1.629544274957e-03
642 1.629544274957e-03
643 1.629544274957e-03
644 1.629544274957e-03
645 1.629544274957e-03
646 1.629544274957e-03
647 1.629544274957e-03
648 1.629544274957e-03
649 1.629544274957e-03
650 1.629544274957e-03
651 1.716317517240e-03
652 1.716317517240e-03
653 1.716317517240e-03
654 1.716317517240e-03
655 1.716317517240e-03
656 1.716317517240e-03
657 1.716317517240e-03
658 1.716317517240e-03
659 1.716317517240e-03
660 1.716317517240e-03
661 1.805043989924e-03
662 1.805043989924e-03
663 1.805043989924e-03
664 1.805043989924e-03
665 1.805043989924e-03
666 1.805043989924e-03
667 1.805043989924e-03
668 1.805043989924e-03
669 1.805043989924e-03
670 1.805043989924e-03
671 1.888363337631e-03
672 1.888363337631e-03
673 1.888363337631e-03
674 1.888363337631e-03
675 1.888363337631e-03
676 1.888363337631e-03
677 1.888363337631e-03
678 1.888363337631e-03
679 1.888363337631e-03
680 1.888363337631e-03
681 1.968538211106e-03
682 1.968538211106e-03
683 1.968538211106e-03
684 1.968538211106e-03
685 1.968538211106e-03
686 1.968538211106e-03
687 1.968538211106e-03
688 1.968538211106e-03
689 1.968538211106e-03
690 1.968538211106e-03
691 2.052127227910e-03
692 2.052127227910e-03
693 2.052127227910e-03
694 2.052127227910e-03
695 2.052127227910e-03
696 2.052127227910e-03
697 2.052127227910e-03
698 2.052127227910e-03
699 2.052127227910e-03
700 2.052127227910e-03
701 2.139445480622e-03
702 2.139445480622e-03
703 2.139445480622e-03
704 2.139445480622e-03
705 2.139445480622e-03
706 2.139445480622e-03
707 2.139445480622e-03
708 2.139445480622e-03
709 2.139445480622e-03
710 2.139445480622e-03
711 2.222887617087e-03
712 2.222887617087e-03
713 2.222887617087e-03
714 2.222887617087e-03
715 2.222887617087e-03
716 2.222887617087e-03
717 2.222887617087e-03
718 2.222887617087e-03
719 2.222887617087e-03
720 2.222887617087e-03
721 2.296952045799e-03
722 2.296952045799e-03
723 2.296952045799e-03
724 2.296952045799e-03
725 2.296952045799e-03
726 2.296952045799e-03
727 2.296952045799e-03
728 2.296952045799e-03
729 2.296952045799e-03
730 2.296952045799e-03
731 2.368070050406e-03
732 2.368070050406e-03
733 2.368070050406e-03
734 2.368070050406e-03
735 2.368070050406e-03
736 2.368070050406e-03
737 2.368070050406e-03
738 2.368070050406e-03
739 2.368070050406e-03
740 2.368070050406e-03
741 2.450312796644e-03
742 2.450312796644e-03
743 2.450312796644e-03
744 2.450312796644e-03
745 2.450312796644e-03
746 2.450312796644e-03
747 2.450312796644e-03
748 2.450312796644e-03
749 2.450312796644e-03
750 2.450312796644e-03
751 2.548385146220e-03
752 2.548385146220e-03
753 2.548385146220e-03
754 2.548385146220e-03
755 2.548385146220e-03
756 2.548385146220e-03
757 2.548385146220e-03
758 2.548385146220e-03
759 2.548385146220e-03
760 2.548385146220e-03
761 2.647320272431e-03
762 2.647320272431e-03
763 2.647320272431e-03
764 2.647320272431e-03
765 2.647320272431e-03
766 2.647320272431e-03
767 2.647320272431e-03
768 2.647320272431e-03
769 2.647320272431e-03
770 2.647320272431e-03
771 2.727632922695e-03
772 2.727632922695e-03
773 2.727632922695e-03
774 2.727632922695e-03
775 2.727632922695e-03
776 2.727632922695e-03
777 2.727632922695e-03
778 2.727632922695e-03
779 2.727632922695e-03
780 2.727632922695e-03
781 2.793142145421e-03
782 2.793142145421e-03
783 2.793142145421e-03
784 2.793142145421e-03
785 2.793142145421e-03
786 2.793142145421e-03
787 2.793142145421e-03
788 2.793142145421e-03
789 2.793142145421e-03
790 2.793142145421e-03
791 2.873355430493e-03
792 2.873355430493e-03
793 2.873355430493e-03
794 2.873355430493e-03
795 2.873355430493e-03
796 2.873355430493e-03
797 2.873355430493e-03
798 2.873355430493e-03
799 2.873355430493e-03
800 2.873355430493e-03
801 2.991227997179e-03
802 2.991227997179e-03
803 2.991227997179e-03
804 2.991227997179e-03
805 2.991227997179e-03
806 2.991227997179e-03
807 2.991227997179e-03
808 2.991227997179e-03
809 2.991227997179e-03
810 2.991227997179e-03
811 3.128696955414e-03
812 3.128696955414e-03
813 3.128696955414e-03
814 3.128696955414e-03
815 3.128696955414e-03
816 3.128696955414e-03
817 3.128696955414e-03
818 3.128696955414e-03
819 3.128696955414e-03
820 3.128696955414e-03
821 3.236738405559e-03
822 3.236738405559e-03
823 3.236738405559e-03
824 3.236738405559e-03
825 3.236738405559e-03
826 3.236738405559e-03
827 3.236738405559e-03
828 3.236738405559e-03
829 3.236738405559e-03
830 3.236738405559e-03
831 3.289739562232e-03
832 3.289739562232e-03
833 3.289739562232e-03
834 3.289739562232e-03
835 3.289739562232e-03
836 3.289739562232e-03
837 3.289739562232e-03
838 3.289739562232e-03
839 3.289739562232e-03
840 3.289739562232e-03
841 3.315446811080e-03
842 3.315446811080e-03
843 3.315446811080e-03
844 3.315446811080e-03
845 3.315446811080e-03
846 3.315446811080e-03
847 3.315446811080e-03
848 3.315446811080e-03
849 3.315446811080e-03
850 3.315446811080e-03
851 3.368038353890e-03
852 3.368038353890e-03
853 3.368038353890e-03
854 3.368038353890e-03
855 3.368038353890e-03
856 3.368038353890e-03
857 3.368038353890e-03
858 3.368038353890e-03
859 3.368038353890e-03
860 3.368038353890e-03
861 3.477795722608e-03
862 3.477795722608e-03
863 3.477795722608e-03
864 3.477795722608e-03
865 3.477795722608e-03
866 3.477795722608e-03
867 3.477795722608e-03
868 3.477795722608e-03
869 3.477795722608e-03
870 3.477795722608e-03
871 3.622663562814e-03
872 3.622663562814e-03
873 3.622663562814e-03
874 3.622663562814e-03
875 3.622663562814e-03
876 3.622663562814e-03
877 3.622663562814e-03
878 3.622663562814e-03
879 3.622663562814e-03
880 3.622663562814e-03
881 3.755178358060e-03
882 3.755178358060e-03
883 3.755178358060e-03
884 3.755178358060e-03
885 3.755178358060e-03
886 3.755178358060e-03
887 3.755178358060e-03
888 3.755178358060e-03
889 3.755178358060e-03
890 3.755178358060e-03
891 3.857464446897e-03
892 3.857464446897e-03
893 3.857464446897e-03
894 3.857464446897e-03
895 3.857464446897e-03
896 3.857464446897e-03
897 3.857464446897e-03
898 3.857464446897e-03
899 3.857464446897e-03
900 3.857464446897e-03
901 3.955434540776e-03
902 3.955434540776e-03
903 3.955434540776e-03
904 3.955434540776e-03
905 3.955434540776e-03
906 3.955434540776e-03
907 3.955434540776e-03
908 3.955434540776e-03
909 3.955434540776e-03
910 3.955434540776e-03
911 4.084452745920e-03
912 4.084452745920e-03
913 4.084452745920e-03
914 4.084452745920e-03
915 4.084452745920e-03
916 4.084452745920e-03
917 4.084452745920e-03
918 4.084452745920e-03
919 4.084452745920e-03
920 4.084452745920e-03
921 4.247065720008e-03
922 4.247065720008e-03
923 4.247065720008e-03
924 4.247065720008e-03
925 4.247065720008e-03
926 4.247065720008e-03
927 4.247065720008e-03
928 4.247065720008e-03
929 4.247065720008e-03
930 4.247065720008e-03
931 4.407805751842e-03
932 4.407805751842e-03
933 4.407805751842e-03
934 4.407805751842e-03
935 4.407805751842e-03
936 4.407805751842e-03
937 4.407805751842e-03
938 4.407805751842e-03
939 4.407805751842e-03
940 4.407805751842e-03
941 4.535940682430e-03
942 4.535940682430e-03
943 4.535940682430e-03
944 4.535940682430e-03
945 4.535940682430e-03
946 4.535940682430e-03
947 4.535940682430e-03
948 4.535940682430e-03
949 4.535940682430e-03
950 4.535940682430e-03
951 4.640182409652e-03
952 4.640182409652e-03
953 4.640182409652e-03
954 4.640182409652e-03
955 4.640182409652e-03
956 4.640182409652e-03
957 4.640182409652e-03
958 4.640182409652e-03
959 4.640182409652e-03
960 4.640182409652e-03
961 4.754992802172e-03
962 4.754992802172e-03
963 4.754992802172e-03
964 4.754992802172e-03
965 4.754992802172e-03
966 4.754992802172e-03
967 4.754992802172e-03
968 4.754992802172e-03
969 4.754992802172e-03
970 4.754992802172e-03
971 4.901279451749e-03
972 4.901279451749e-03
973 4.901279451749e-03
974 4.901279451749e-03
975 4.901279451749e-03
976 4.901279451749e-03
977 4.901279451749e-03
978 4.901279451749e-03
979 4.901279451749e-03
980 4.901279451749e-03
981 5.062885966966e-03
982 5.062885966966e-03
983 5.062885966966e-03
984 5.062885966966e-03
985 5.062885966966e-03
986 5.062885966966e-03
987 5.062885966966e-03
988 5.062885966966e-03
989 5.062885966966e-03
990 5.062885966966e-03
991 5.207820856392e-03
992 5.207820856392e-03
993 5.207820856392e-03
994 5.207820856392e-03
995 5.207820856392e-03
996 5.207820856392e-03
997 5.207820856392e-03
998 5.207820856392e-03
999 5.207820856392e-03
1000 5.207820856392e-03
1001 5.329303623732e-03
1002 5.329303623732e-03
1003 5.329303623732e-03
1004 5.329303623732e-03
1005 5.329303623732e-03
1006 5.329303623732e-03
1007 5.329303623732e-03
1008 5.329303623732e-03
1009 5.329303623732e-03
1010 5.329303623732e-03
1011 5.450726893396e-03
1012 5.450726893396e-03
1013 5.450726893396e-03
1014 5.450726893396e-03
1015 5.450726893396e-03
1016 5.450726893396e-03
1017 5.450726893396e-03
1018 5.450726893396e-03
1019 5.450726893396e-03
1020 5.450726893396e-03
1021 5.590205140348e-03
1022 5.590205140348e-03
1023 5.590205140348e-03
1024 5.590205140348e-03
1025 5.590205140348e-03
1026 5.590205140348e-03
1027 5.590205140348e-03
1028 5.590205140348e-03
1029 5.590205140348e-03
1030 5.590205140348e-03
1031 5.729913473944e-03
1032 5.729913473944e-03
1033 5.729913473944e-03
1034 5.729913473944e-03
1035 5.729913473944e-03
1036 5.729913473944e-03
1037 5.729913473944e-03
1038 5.729913473944e-03
1039 5.729913473944e-03
1040 5.729913473944e-03
1041 5.835961198514e-03
1042 5.835961198514e-03
1043 5.835961198514e-03
1044 5.835961198514e-03
1045 5.835961198514e-03
1046 5.835961198514e-03
1047 5.835961198514e-03
1048 5.835961198514e-03
1049 5.835961198514e-03
1050 5.835961198514e-03
1051 5.914918218144e-03
1052 5.914918218144e-03
1053 5.914918218144e-03
1054 5.914918218144e-03
1055 5.914918218144e-03
1056 5.914918218144e-03
1057 5.914918218144e-03
1058 5.914918218144e-03
1059 5.914918218144e-03
1060 5.914918218144e-03
1061 6.017563402398e-03
1062 6.017563402398e-03
1063 6.017563402398e-03
1064 6.017563402398e-03
1065 6.017563402398e-03
1066 6.017563402398e-03
1067 6.017563402398e-03
1068 6.017563402398e-03
1069 6.017563402398e-03
1070 6.017563402398e-03
1071 6.177021600310e-03
1072 6.177021600310e-03
1073 6.177021600310e-03
1074 6.177021600310e-03
1075 6.177021600310e-03
1076 6.177021600310e-03
1077 6.177021600310e-03
1078 6.177021600310e-03
1079 6.177021600310e-03
1080 6.177021600310e-03
1081 6.361217500403e-03
1082 6.361217500403e-03
1083 6.361217500403e-03
1084 6.361217500403e-03
1085 6.361217500403e-03
1086 6.361217500403e-03
1087 6.361217500403e-03
1088 6.361217500403e-03
1089 6.361217500403e-03
1090 6.361217500403e-03
1091 6.503858725172e-03
1092 6.503858725172e-03
1093 6.503858725172e-03
1094 6.503858725172e-03
1095 6.503858725172e-03
1096 6.503858725172e-03
1097 6.503858725172e-03
1098 6.503858725172e-03
1099 6.503858725172e-03
1100 6.503858725172e-03
1101 6.582261071568e-03
1102 6.582261071568e-03
1103 6.582261071568e-03
1104 6.582261071568e-03
1105 6.582261071568e-03
1106 6.582261071568e-03
1107 6.582261071568e-03
1108 6.582261071568e-03
1109 6.582261071568e-03
1110 6.582261071568e-03
1111 6.643232344178e-03
1112 6.643232344178e-03
1113 6.643232344178e-03
1114 6.643232344178e-03
1115 6.643232344178e-03
1116 6.643232344178e-03
1117 6.643232344178e-03
1118 6.643232344178e-03
1119 6.643232344178e-03
1120 6.643232344178e-03
1121 6.755880910209e-03
1122 6.755880910209e-03
1123 6.755880910209e-03
1124 6.755880910209e-03
1125 6.755880910209e-03
1126 6.755880910209e-03
1127 6.755880910209e-03
1128 6.755880910209e-03
1129 6.755880910209e-03
1130 6.755880910209e-03
1131 6.946900781504e-03
1132 6.946900781504e-03
1133 6.946900781504e-03
1134 6.946900781504e-03
1135 6.946900781504e-03
1136 6.946900781504e-03
1137 6.946900781504e-03
1138 6.946900781504e-03
1139 6.946900781504e-03
1140 6.946900781504e-03
1141 7.175586221035e-03
1142 7.175586221035e-03
1143 7.175586221035e-03
1144 7.175586221035e-03
1145 7.175586221035e-03
1146 7.175586221035e-03
1147 7.175586221035e-03
1148 7.175586221035e-03
1149 7.175586221035e-03
1150 7.175586221035e-03
1151 7.375181506988e-03
1152 7.375181506988e-03
1153 7.375181506988e-03
1154 7.375181506988e-03
1155 7.375181506988e-03
1156 7.375181506988e-03
1157 7.375181506988e-03
1158 7.375181506988e-03
1159 7.375181506988e-03
1160 7.375181506988e-03
1161 7.520822412650e-03
1162 7.520822412650e-03
1163 7.520822412650e-03
1164 7.520822412650e-03
1165 7.520822412650e-03
1166 7.520822412650e-03
1167 7.520822412650e-03
1168 7.520822412650e-03
1169 7.520822412650e-03
1170 7.520822412650e-03
1171 7.647368082215e-03
1172 7.647368082215e-03
1173 7.647368082215e-03
1174 7.647368082215e-03
1175 7.647368082215e-03
1176 7.647368082215e-03
1177 7.647368082215e-03
1178 7.647368082215e-03
1179 7.647368082215e-03
1180 7.647368082215e-03
1181 7.806246841931e-03
1182 7.806246841931e-03
1183 7.806246841931e-03
1184 7.806246841931e-03
1185 7.806246841931e-03
1186 7.806246841931e-03
1187 7.806246841931e-03
1188 7.806246841931e-03
1189 7.806246841931e-03
1190 7.806246841931e-03
1191 8.010129535356e-03
1192 8.010129535356e-03
1193 8.010129535356e-03
1194 8.010129535356e-03
1195 8.010129535356e-03
1196 8.010129535356e-03
1197 8.010129535356e-03
1198 8.010129535356e-03
1199 8.010129535356e-03
1200 8.010129535356e-03
1201 8.224791044076e-03
1202 8.224791044076e-03
1203 8.224791044076e-03
1204 8.224791044076e-03
1205 8.224791044076e-03
1206 8.224791044076e-03
1207 8.224791044076e-03
1208 8.224791044076e-03
1209 8.224791044076e-03
1210 8.224791044076e-03
1211 8.418051691601e-03
1212 8.418051691601e-03
1213 8.418051691601e-03
1214 8.418051691601e-03
1215 8.418051691601e-03
1216 8.418051691601e-03
1217 8.418051691601e-03
1218 8.418051691601e-03
1219 8.418051691601e-03
1220 8.418051691601e-03
1221 8.598428919066e-03
1222 8.598428919066e-03
1223 8.598428919066e-03
1224 8.598428919066e-03
1225 8.598428919066e-03
1226 8.598428919066e-03
1227 8.598428919066e-03
1228 8.598428919066e-03
1229 8.598428919066e-03
1230 8.598428919066e-03
1231 8.798574521929e-03
1232 8.798574521929e-03
1233 8.798574521929e-03
1234 8.798574521929e-03
1235 8.798574521929e-03
1236 8.798574521929e-03
1237 8.798574521929e-03
1238 8.798574521929e-03
1239 8.798574521929e-03
1240 8.798574521929e-03
1241 9.027941363270e-03
1242 9.027941363270e-03
1243 9.027941363270e-03
1244 9.027941363270e-03
1245 9.027941363270e-03
1246 9.027941363270e-03
1247 9.027941363270e-03
1248 9.027941363270e-03
1249 9.027941363270e-03
1250 9.027941363270e-03
1251 9.246963364552e-03
1252 9.246963364552e-03
1253 9.246963364552e-03
1254 9.246963364552e-03
1255 9.246963364552e-03
1256 9.246963364552e-03
1257 9.246963364552e-03
1258 9.246963364552e-03
1259 9.246963364552e-03
1260 9.246963364552e-03
1261 9.405571840717e-03
1262 9.405571840717e-03
1263 9.405571840717e-03
1264 9.405571840717e-03
1265 9.405571840717e-03
1266 9.405571840717e-03
1267 9.405571840717e-03
1268 9.405571840717e-03
1269 9.405571840717e-03
1270 9.405571840717e-03
1271 9.504963250398e-03
1272 9.504963250398e-03
1273 9.504963250398e-03
1274 9.504963250398e-03
1275 9.504963250398e-03
1276 9.504963250398e-03
1277 9.504963250398e-03
1278 9.504963250398e-03
1279 9.504963250398e-03
1280 9.504963250398e-03
1281 9.602501277354e-03
1282 9.602501277354e-03
1283 9.602501277354e-03
1284 9.602501277354e-03
1285 9.602501277354e-03
1286 9.602501277354e-03
1287 9.602501277354e-03
1288 9.602501277354e-03
1289 9.602501277354e-03
1290 9.602501277354e-03
1291 9.750614047102e-03
1292 9.750614047102e-03
1293 9.750614047102e-03
1294 9.750614047102e-03
1295 9.750614047102e-03
1296 9.750614047102e-03
1297 9.750614047102e-03
1298 9.750614047102e-03
1299 9.750614047102e-03
1300 9.750614047102e-03
1301 9.935418185977e-03
1302 9.935418185977e-03
1303 9.935418185977e-03
1304 9.935418185977e-03
1305 9.935418185977e-03
1306 9.935418185977e-03
1307 9.935418185977e-03
1308 9.935418185977e-03
1309 9.935418185977e-03
1310 9.935418185977e-03
1311 1.009593453669e-02
1312 1.009593453669e-02
1313 1.009593453669e-02
1314 1.009593453669e-02
1315 1.009593453669e-02
1316 1.009593453669e-02
1317 1.009593453669e-02
1318 1.009593453669e-02
1319 1.009593453669e-02
1320 1.009593453669e-02
1321 1.021221618248e-02
1322 1.021221618248e-02
1323 1.021221618248e-02
1324 1.021221618248e-02
1325 1.021221618248e-02
1326 1.021221618248e-02
1327 1.021221618248e-02
1328 1.021221618248e-02
1329 1.021221618248e-02
1330 1.021221618248e-02
1331 1.033642312348e-02
1332 1.033642312348e-02
1333 1.033642312348e-02
1334 1.033642312348e-02
1335 1.033642312348e-02
1336 1.033642312348e-02
1337 1.033642312348e-02
1338 1.033642312348e-02
1339 1.033642312348e-02
1340 1.033642312348e-02
1341 1.052295397192e-02
1342 1.052295397192e-02
1343 1.052295397192e-02
1344 1.052295397192e-02
1345 1.052295397192e-02
1346 1.052295397192e-02
1347 1.052295397192e-02
1348 1.052295397192e-02
1349 1.052295397192e-02
1350 1.052295397192e-02
1351 1.074787637232e-02
1352 1.074787637232e-02
1353 1.074787637232e-02
1354 1.074787637232e-02
1355 1.074787637232e-02
1356 1.074787637232e-02
1357 1.074787637232e-02
1358 1.074787637232e-02
1359 1.074787637232e-02
1360 1.074787637232e-02
1361 1.092225485020e-02
1362 1.092225485020e-02
1363 1.092225485020e-02
1364 1.092225485020e-02
1365 1.092225485020e-02
1366 1.092225485020e-02
1367 1.092225485020e-02
1368 1.092225485020e-02
1369 1.092225485020e-02
1370 1.092225485020e-02
1371 1.099792702413e-02
1372 1.099792702413e-02
1373 1.099792702413e-02
1374 1.099792702413e-02
1375 1.099792702413e-02
1376 1.099792702413e-02
1377 1.099792702413e-02
1378 1.099792702413e-02
1379 1.099792702413e-02
1380 1.099792702413e-02
1381 1.103112224738e-02
1382 1.103112224738e-02
1383 1.103112224738e-02
1384 1.103112224738e-02
1385 1.103112224738e-02
1386 1.103112224738e-02
1387 1.103112224738e-02
1388 1.103112224738e-02
1389 1.103112224738e-02
1390 1.103112224738e-02
1391 1.112938846949e-02
1392 1.112938846949e-02
1393 1.112938846949e-02
1394 1.112938846949e-02
1395 1.112938846949e-02
1396 1.112938846949e-02
1397 1.112938846949e-02
1398 1.112938846949e-02
1399 1.112938846949e-02
1400 1.112938846949e-02
1401 1.135012964497e-02
1402 1.135012964497e-02
1403 1.135012964497e-02
1404 1.135012964497e-02
1405 1.135012964497e-02
1406 1.135012964497e-02
1407 1.135012964497e-02
1408 1.135012964497e-02
1409 1.135012964497e-02
1410 1.135012964497e-02
1411 1.164494653538e-02
1412 1.164494653538e-02
1413 1.164494653538e-02
1414 1.164494653538e-02
1415 1.164494653538e-02
1416 1.164494653538e-02
1417 1.164494653538e-02
1418 1.164494653538e-02
1419 1.164494653538e-02
1420 1.164494653538e-02
1421 1.190331941925e-02
1422 1.190331941925e-02
1423 1.190331941925e-02
1424 1.190331941925e-02
1425 1.190331941925e-02
1426 1.190331941925e-02
1427 1.190331941925e-02
1428 1.190331941925e-02
1429 1.190331941925e-02
1430 1.190331941925e-02
1431 1.206406945056e-02
1432 1.206406945056e-02
1433 1.206406945056e-02
1434 1.206406945056e-02
1435 1.206406945056e-02
1436 1.206406945056e-02
1437 1.206406945056e-02
1438 1.206406945056e-02
1439 1.206406945056e-02
1440 1.206406945056e-02
1441 1.217097695478e-02
1442 1.217097695478e-02
1443 1.217097695478e-02
1444 1.217097695478e-02
1445 1.217097695478e-02
1446 1.217097695478e-02
1447 1.217097695478e-02
1448 1.217097695478e-02
1449 1.217097695478e-02
1450 1.217097695478e-02
1451 1.231443891633e-02
1452 1.231443891633e-02
1453 1.231443891633e-02
1454 1.231443891633e-02
1455 1.231443891633e-02
1456 1.231443891633e-02
1457 1.231443891633e-02
1458 1.231443891633e-02
1459 1.231443891633e-02
1460 1.231443891633e-02
1461 1.253329122926e-02
1462 1.253329122926e-02
1463 1.253329122926e-02
1464 1.253329122926e-02
1465 1.253329122926e-02
1466 1.253329122926e-02
1467 1.253329122926e-02
1468 1.253329122926e-02
1469 1.253329122926e-02
1470 1.253329122926e-02
1471 1.277761765773e-02
1472 1.277761765773e-02
1473 1.277761765773e-02
1474 1.277761765773e-02
1475 1.277761765773e-02
1476 1.277761765773e-02
1477 1.277761765773e-02
1478 1.277761765773e-02
1479 1.277761765773e-02
1480 1.277761765773e-02
1481 1.297125870485e-02
1482 1.297125870485e-02
1483 1.297125870485e-02
1484 1.297125870485e-02
1485 1.297125870485e-02
1486 1.297125870485e-02
1487 1.297125870485e-02
1488 1.297125870485e-02
1489 1.297125870485e-02
1490 1.297125870485e-02
1491 1.309985487723e-02
1492 1.309985487723e-02
1493 1.309985487723e-02
1494 1.309985487723e-02
1495 1.309985487723e-02
1496 1.309985487723e-02
1497 1.309985487723e-02
1498 1.309985487723e-02
1499 1.309985487723e-02
1500 1.309985487723e-02
1501 1.322271405575e-02
1502 1.322271405575e-02
1503 1.322271405575e-02
1504 1.322271405575e-02
1505 1.322271405575e-02
1506 1.322271405575e-02
1507 1.322271405575e-02
1508 1.322271405575e-02
1509 1.322271405575e-02
1510 1.322271405575e-02
1511 1.340421341933e-02
1512 1.340421341933e-02
1513 1.340421341933e-02
1514 1.340421341933e-02
1515 1.340421341933e-02
1516 1.340421341933e-02
1517 1.340421341933e-02
1518 1.340421341933e-02
1519 1.340421341933e-02
1520 1.340421341933e-02
1521 1.363685433787e-02
1522 1.363685433787e-02
1523 1.363685433787e-02
1524 1.363685433787e-02
1525 1.363685433787e-02
1526 1.363685433787e-02
1527 1.363685433787e-02
1528 1.363685433787e-02
1529 1.363685433787e-02
1530 1.363685433787e-02
1531 1.383875972420e-02
1532 1.383875972420e-02
1533 1.383875972420e-02
1534 1.383875972420e-02
1535 1.383875972420e-02
1536 1.383875972420e-02
1537 1.383875972420e-02
1538 1.383875972420e-02
1539 1.383875972420e-02
1540 1.383875972420e-02
1541 1.394067874846e-02
1542 1.394067874846e-02
1543 1.394067874846e-02
1544 1.394067874846e-02
1545 1.394067874846e-02
1546 1.394067874846e-02
1547 1.394067874846e-02
1548 1.394067874846e-02
1549 1.394067874846e-02
1550 1.394067874846e-02
1551 1.396810556009e-02
1552 1.396810556009e-02
1553 1.396810556009e-02
1554 1.396810556009e-02
1555 1.396810556009e-02
1556 1.396810556009e-02
1557 1.396810556009e-02
1558 1.396810556009e-02
1559 1.396810556009e-02
1560 1.396810556009e-02
1561 1.401866271485e-02
1562 1.401866271485e-02
1563 1.401866271485e-02
1564 1.401866271485e-02
1565 1.401866271485e-02
1566 1.401866271485e-02
1567 1.401866271485e-02
1568 1.401866271485e-02
1569 1.401866271485e-02
1570 1.401866271485e-02
1571 1.415750800090e-02
1572 1.415750800090e-02
1573 1.415750800090e-02
1574 1.415750800090e-02
1575 1.415750800090e-02
1576 1.415750800090e-02
1577 1.415750800090e-02
1578 1.415750800090e-02
1579 1.415750800090e-02
1580 1.415750800090e-02
1581 1.435072775689e-02
1582 1.435072775689e-02
1583 1.435072775689e-02
1584 1.435072775689e-02
1585 1.435072775689e-02
1586 1.435072775689e-02
1587 1.435072775689e-02
1588 1.435072775689e-02
1589 1.435072775689e-02
1590 1.435072775689e-02
1591 1.451603237656e-02
1592 1.451603237656e-02
1593 1.451603237656e-02
1594 1.451603237656e-02
1595 1.451603237656e-02
1596 1.451603237656e-02
1597 1.451603237656e-02
1598 1.451603237656e-02
1599 1.451603237656e-02
1600 1.451603237656e-02
1601 1.462574279298e-02
1602 1.462574279298e-02
1603 1.462574279298e-02
1604 1.462574279298e-02
1605 1.462574279298e-02
1606 1.462574279298e-02
1607 1.462574279298e-02
1608 1.462574279298e-02
1609 1.462574279298e-02
1610 1.462574279298e-02
1611 1.472943162919e-02
1612 1.472943162919e-02
1613 1.472943162919e-02
1614 1.472943162919e-02
1615 1.472943162919e-02
1616 1.472943162919e-02
1617 1.472943162919e-02
1618 1.472943162919e-02
1619 1.472943162919e-02
1620 1.472943162919e-02
1621 1.487574426758e-02
1622 1.487574426758e-02
1623 1.487574426758e-02
1624 1.487574426758e-02
1625 1.487574426758e-02
1626 1.487574426758e-02
1627 1.487574426758e-02
1628 1.487574426758e-02
1629 1.487574426758e-02
1630 1.487574426758e-02
1631 1.504192516966e-02
1632 1.504192516966e-02
1633 1.504192516966e-02
1634 1.504192516966e-02
1635 1.504192516966e-02
1636 1.504192516966e-02
1637 1.504192516966e-02
1638 1.504192516966e-02
1639 1.504192516966e-02
1640 1.504192516966e-02
1641 1.517145312040e-02
1642 1.517145312040e-02
1643 1.517145312040e-02
1644 1.517145312040e-02
1645 1.517145312040e-02
1646 1.517145312040e-02
1647 1.517145312040e-02
1648 1.517145312040e-02
1649 1.517145312040e-02
1650 1.517145312040e-02
1651 1.525978461877e-02
1652 1.525978461877e-02
1653 1.525978461877e-02
1654 1.525978461877e-02
1655 1.525978461877e-02
1656 1.525978461877e-02
1657 1.525978461877e-02
1658 1.525978461877e-02
1659 1.525978461877e-02
1660 1.525978461877e-02
1661 1.535449388160e-02
1662 1.535449388160e-02
1663 1.535449388160e-02
1664 1.535449388160e-02
1665 1.535449388160e-02
1666 1.535449388160e-02
1667 1.535449388160e-02
1668 1.535449388160e-02
1669 1.535449388160e-02
1670 1.535449388160e-02
1671 1.548679170469e-02
1672 1.548679170469e-02
1673 1.548679170469e-02
1674 1.548679170469e-02
1675 1.548679170469e-02
1676 1.548679170469e-02
1677 1.548679170469e-02
1678 1.548679170469e-02
1679 1.548679170469e-02
1680 1.548679170469e-02
1681 1.563386609824e-02
1682 1.563386609824e-02
1683 1.563386609824e-02
1684 1.563386609824e-02
1685 1.563386609824e-02
1686 1.563386609824e-02
1687 1.563386609824e-02
1688 1.563386609824e-02
1689 1.563386609824e-02
1690 1.563386609824e-02
1691 1.575655573457e-02
1692 1.575655573457e-02
1693 1.575655573457e-02
1694 1.575655573457e-02
1695 1.575655573457e-02
1696 1.575655573457e-02
1697 1.575655573457e-02
1698 1.575655573457e-02
1699 1.575655573457e-02
1700 1.575655573457e-02
1701 1.586139008741e-02
1702 1.586139008741e-02
1703 1.586139008741e-02
1704 1.586139008741e-02
1705 1.586139008741e-02
1706 1.586139008741e-02
1707 1.586139008741e-02
1708 1.586139008741e-02
1709 1.586139008741e-02
1710 1.586139008741e-02
1711 1.600711701627e-02
1712 1.600711701627e-02
1713 1.600711701627e-02
1714 1.600711701627e-02
1715 1.600711701627e-02
1716 1.600711701627e-02
1717 1.600711701627e-02
1718 1.600711701627e-02
1719 1.600711701627e-02
1720 1.600711701627e-02
1721 1.624072087427e-02
1722 1.624072087427e-02
1723 1.624072087427e-02
1724 1.624072087427e-02
1725 1.624072087427e-02
1726 1.624072087427e-02
1727 1.624072087427e-02
1728 1.624072087427e-02
1729 1.624072087427e-02
1730 1.624072087427e-02
1731 1.653218425527e-02
1732 1.653218425527e-02
1733 1.653218425527e-02
1734 1.653218425527e-02
1735 1.653218425527e-02
1736 1.653218425527e-02
1737 1.653218425527e-02
1738 1.653218425527e-02
1739 1.653218425527e-02
1740 1.653218425527e-02
1741 1.680283298823e-02
1742 1.680283298823e-02
1743 1.680283298823e-02
1744 1.680283298823e-02
1745 1.680283298823e-02
1746 1.680283298823e-02
1747 1.680283298823e-02
1748 1.680283298823e-02
1749 1.680283298823e-02
1750 1.680283298823e-02
1751 1.701095989604e-02
1752 1.701095989604e-02
1753 1.701095989604e-02
1754 1.701095989604e-02
1755 1.701095989604e-02
1756 1.701095989604e-02
1757 1.701095989604e-02
1758 1.701095989604e-02
1759 1.701095989604e-02
1760 1.701095989604e-02
1761 1.718824555052e-02
1762 1.718824555052e-02
1763 1.718824555052e-02
1764 1.718824555052e-02
1765 1.718824555052e-02
1766 1.718824555052e-02
1767 1.718824555052e-02
1768 1.718824555052e-02
1769 1.718824555052e-02
1770 1.718824555052e-02
1771 1.739972409210e-02
1772 1.739972409210e-02
1773 1.739972409210e-02
1774 1.739972409210e-02
1775 1.739972409210e-02
1776 1.739972409210e-02
1777 1.739972409210e-02
1778 1.739972409210e-02
1779 1.739972409210e-02
1780 1.739972409210e-02
1781 1.766945515095e-02
1782 1.766945515095e-02
1783 1.766945515095e-02
1784 1.766945515095e-02
1785 1.766945515095e-02
1786 1.766945515095e-02
1787 1.766945515095e-02
1788 1.766945515095e-02
1789 1.766945515095e-02
1790 1.766945515095e-02
1791 1.794496836888e-02
1792 1.794496836888e-02
1793 1.794496836888e-02
1794 1.794496836888e-02
1795 1.794496836888e-02
1796 1.794496836888e-02
1797 1.794496836888e-02
1798 1.794496836888e-02
1799 1.794496836888e-02
1800 1.794496836888e-02
1801 1.815022447572e-02
1802 1.815022447572e-02
1803 1.815022447572e-02
1804 1.815022447572e-02
1805 1.815022447572e-02
1806 1.815022447572e-02
1807 1.815022447572e-02
1808 1.815022447572e-02
1809 1.815022447572e-02
1810 1.815022447572e-02
1811 1.826747740950e-02
1812 1.826747740950e-02
1813 1.826747740950e-02
1814 1.826747740950e-02
1815 1.826747740950e-02
1816 1.826747740950e-02
1817 1.826747740950e-02
1818 1.826747740950e-02
1819 1.826747740950e-02
1820 1.826747740950e-02
1821 1.834909606917e-02
1822 1.834909606917e-02
1823 1.834909606917e-02
1824 1.834909606917e-02
1825 1.834909606917e-02
1826 1.834909606917e-02
1827 1.834909606917e-02
1828 1.834909606917e-02
1829 1.834909606917e-02
1830 1.834909606917e-02
1831 1.845499914361e-02
1832 1.845499914361e-02
1833 1.845499914361e-02
1834 1.845499914361e-02
1835 1.845499914361e-02
1836 1.845499914361e-02
1837 1.845499914361e-02
1838 1.845499914361e-02
1839 1.845499914361e-02
1840 1.845499914361e-02
1841 1.858398517345e-02
1842 1.858398517345e-02
1843 1.858398517345e-02
1844 1.858398517345e-02
1845 1.858398517345e-02
1846 1.858398517345e-02
1847 1.858398517345e-02
1848 1.858398517345e-02
1849 1.858398517345e-02
1850 1.858398517345e-02
1851 1.868341173843e-02
1852 1.868341173843e-02
1853 1.868341173843e-02
1854 1.868341173843e-02
1855 1.868341173843e-02
1856 1.868341173843e-02
1857 1.868341173843e-02
1858 1.868341173843e-02
1859 1.868341173843e-02
1860 1.868341173843e-02
1861 1.872818512309e-02
1862 1.872818512309e-02
1863 1.872818512309e-02
1864 1.872818512309e-02
1865 1.872818512309e-02
1866 1.872818512309e-02
1867 1.872818512309e-02
1868 1.872818512309e-02
1869 1.872818512309e-02
1870 1.872818512309e-02
1871 1.875707215046e-02
1872 1.875707215046e-02
1873 1.875707215046e-02
1874 1.875707215046e-02
1875 1.875707215046e-02
1876 1.875707215046e-02
1877 1.875707215046e-02
1878 1.875707215046e-02
1879 1.875707215046e-02
1880 1.875707215046e-02
1881 1.882721374727e-02
1882 1.882721374727e-02
1883 1.882721374727e-02
1884 1.882721374727e-02
1885 1.882721374727e-02
1886 1.882721374727e-02
1887 1.882721374727e-02
1888 1.882721374727e-02
1889 1.882721374727e-02
1890 1.882721374727e-02
1891 1.894982076837e-02
1892 1.894982076837e-02
1893 1.894982076837e-02
1894 1.894982076837e-02
1895 1.894982076837e-02
1896 1.894982076837e-02
1897 1.894982076837e-02
1898 1.894982076837e-02
1899 1.894982076837e-02
1900 1.894982076837e-02
1901 1.908671762891e-02
1902 1.908671762891e-02
1903 1.908671762891e-02
1904 1.908671762891e-02
1905 1.908671762891e-02
1906 1.908671762891e-02
1907 1.908671762891e-02
1908 1.908671762891e-02
1909 1.908671762891e-02
1910 1.908671762891e-02
1911 1.921528507848e-02
1912 1.921528507848e-02
1913 1.921528507848e-02
1914 1.921528507848e-02
1915 1.921528507848e-02
1916 1.921528507848e-02
1917 1.921528507848e-02
1918 1.921528507848e-02
1919 1.921528507848e-02
1920 1.921528507848e-02
1921 1.935972221668e-02
1922 1.935972221668e-02
1923 1.935972221668e-02
1924 1.935972221668e-02
1925 1.935972221668e-02
1926 1.935972221668e-02
1927 1.935972221668e-02
1928 1.935972221668e-02
1929 1.935972221668e-02
1930 1.935972221668e-02
1931 1.954839915927e-02
1932 1.954839915927e-02
1933 1.954839915927e-02
1934 1.954839915927e-02
1935 1.954839915927e-02
1936 1.954839915927e-02
1937 1.954839915927e-02
1938 1.954839915927e-02
1939 1.954839915927e-02
1940 1.954839915927e-02
1941 1.976766477349e-02
1942 1.976766477349e-02
1943 1.976766477349e-02
1944 1.976766477349e-02
1945 1.976766477349e-02
1946 1.976766477349e-02
1947 1.976766477349e-02
1948 1.976766477349e-02
1949 1.976766477349e-02
1950 1.976766477349e-02
1951 1.997035950575e-02
1952 1.997035950575e-02
1953 1.997035950575e-02
1954 1.997035950575e-02
1955 1.997035950575e-02
1956 1.997035950575e-02
1957 1.997035950575e-02
1958 1.997035950575e-02
1959 1.997035950575e-02
1960 1.997035950575e-02
1961 2.012840823571e-02
1962 2.012840823571e-02
1963 2.012840823571e-02
1964 2.012840823571e-02
1965 2.012840823571e-02
1966 2.012840823571e-02
1967 2.012840823571e-02
1968 2.012840823571e-02
1969 2.012840823571e-02
1970 2.012840823571e-02
1971 2.026102792512e-02
1972 2.026102792512e-02
1973 2.026102792512e-02
1974 2.026102792512e-02
1975 2.026102792512e-02
1976 2.026102792512e-02
1977 2.026102792512e-02
1978 2.026102792512e-02
1979 2.026102792512e-02
1980 2.026102792512e-02
1981 2.039963521333e-02
1982 2.039963521333e-02
1983 2.039963521333e-02
1984 2.039963521333e-02
1985 2.039963521333e-02
1986 2.039963521333e-02
1987 2.039963521333e-02
1988 2.039963521333e-02
1989 2.039963521333e-02
1990 2.039963521333e-02
1991 2.054273477298e-02
1992 2.054273477298e-02
1993 2.054273477298e-02
1994 2.054273477298e-02
1995 2.054273477298e-02
1996 2.054273477298e-02
1997 2.054273477298e-02
1998 2.054273477298e-02
1999 2.054273477298e-02
2000 2.054273477298e-02
2001 2.065875413878e-02
2002 2.065875413878e-02
2003 2.065875413878e-02
2004 2.065875413878e-02
2005 2.065875413878e-02
2006 2.065875413878e-02
2007 2.065875413878e-02
2008 2.065875413878e-02
2009 2.065875413878e-02
2010 2.065875413878e-02
2011 2.072553220196e-02
2012 2.072553220196e-02
2013 2.072553220196e-02
2014 2.072553220196e-02
2015 2.072553220196e-02
2016 2.072553220196e-02
2017 2.072553220196e-02
2018 2.072553220196e-02
2019 2.072553220196e-02
2020 2.072553220196e-02
2021 2.077177901531e-02
2022 2.077177901531e-02
2023 2.077177901531e-02
2024 2.077177901531e-02
2025 2.077177901531e-02
2026 2.077177901531e-02
2027 2.077177901531e-02
2028 2.077177901531e-02
2029 2.077177901531e-02
2030 2.077177901531e-02
2031 2.086330101935e-02
2032 2.086330101935e-02
2033 2.086330101935e-02
2034 2.086330101935e-02
2035 2.086330101935e-02
2036 2.086330101935e-02
2037 2.086330101935e-02
2038 2.086330101935e-02
2039 2.086330101935e-02
2040 2.086330101935e-02
2041 2.103263172870e-02
2042 2.103263172870e-02
2043 2.103263172870e-02
2044 2.103263172870e-02
2045 2.103263172870e-02
2046 2.103263172870e-02
2047 2.103263172870e-02
2048 2.103263172870e-02
2049 2.103263172870e-02
2050 2.103263172870e-02
2051 2.124071652795e-02
2052 2.124071652795e-02
2053 2.124071652795e-02
2054 2.124071652795e-02
2055 2.124071652795e-02
2056 2.124071652795e-02
2057 2.124071652795e-02
2058 2.124071652795e-02
2059 2.124071652795e-02
2060 2.124071652795e-02
2061 2.141188703278e-02
2062 2.141188703278e-02
2063 2.141188703278e-02
2064 2.141188703278e-02
2065 2.141188703278e-02
2066 2.141188703278e-02
2067 2.141188703278e-02
2068 2.141188703278e-02
2069 2.141188703278e-02
2070 2.141188703278e-02
2071 2.151548664734e-02
2072 2.151548664734e-02
2073 2.151548664734e-02
2074 2.151548664734e-02
2075 2.151548664734e-02
2076 2.151548664734e-02
2077 2.151548664734e-02
2078 2.151548664734e-02
2079 2.151548664734e-02
2080 2.151548664734e-02
2081 2.161235406644e-02
2082 2.161235406644e-02
2083 2.161235406644e-02
2084 2.161235406644e-02
2085 2.161235406644e-02
2086 2.161235406644e-02
2087 2.161235406644e-02
2088 2.161235406644e-02
2089 2.161235406644e-02
2090 2.161235406644e-02
2091 2.178485596338e-02
2092 2.178485596338e-02
2093 2.178485596338e-02
2094 2.178485596338e-02
2095 2.178485596338e-02
2096 2.178485596338e-02
2097 2.178485596338e-02
2098 2.178485596338e-02
2099 2.178485596338e-02
2100 2.178485596338e-02
2101 2.202894861078e-02
2102 2.202894861078e-02
2103 2.202894861078e-02
2104 2.202894861078e-02
2105 2.202894861078e-02
2106 2.202894861078e-02
2107 2.202894861078e-02
2108 2.202894861078e-02
2109 2.202894861078e-02
2110 2.202894861078e-02
2111 2.226559741122e-02
2112 2.226559741122e-02
2113 2.226559741122e-02
2114 2.226559741122e-02
2115 2.226559741122e-02
2116 2.226559741122e-02
2117 2.226559741122e-02
2118 2.226559741122e-02
2119 2.226559741122e-02
2120 2.226559741122e-02
2121 2.244459767873e-02
2122 2.244459767873e-02
2123 2.244459767873e-02
2124 2.244459767873e-02
2125 2.244459767873e-02
2126 2.244459767873e-02
2127 2.244459767873e-02
2128 2.244459767873e-02
2129 2.244459767873e-02
2130 2.244459767873e-02
2131 2.259315887446e-02
2132 2.259315887446e-02
2133 2.259315887446e-02
2134 2.259315887446e-02
2135 2.259315887446e-02
2136 2.259315887446e-02
2137 2.259315887446e-02
2138 2.259315887446e-02
2139 2.259315887446e-02
2140 2.259315887446e-02
2141 2.276713246413e-02
2142 2.276713246413e-02
2143 2.276713246413e-02
2144 2.276713246413e-02
2145 2.276713246413e-02
2146 2.276713246413e-02
2147 2.276713246413e-02
2148 2.276713246413e-02
2149 2.276713246413e-02
2150 2.276713246413e-02
2151 2.297935318573e-02
2152 2.297935318573e-02
2153 2.297935318573e-02
2154 2.297935318573e-02
2155 2.297935318573e-02
2156 2.297935318573e-02
2157 2.297935318573e-02
2158 2.297935318573e-02
2159 2.297935318573e-02
2160 2.297935318573e-02
2161 2.318750359198e-02
2162 2.318750359198e-02
2163 2.318750359198e-02
2164 2.318750359198e-02
2165 2.318750359198e-02
2166 2.318750359198e-02
2167 2.318750359198e-02
2168 2.318750359198e-02
2169 2.318750359198e-02
2170 2.318750359198e-02
2171 2.335033229752e-02
2172 2.335033229752e-02
2173 2.335033229752e-02
2174 2.335033229752e-02
2175 2.335033229752e-02
2176 2.335033229752e-02
2177 2.335033229752e-02
2178 2.335033229752e-02
2179 2.335033229752e-02
2180 2.335033229752e-02
2181 2.347331450575e-02
2182 2.347331450575e-02
2183 2.347331450575e-02
2184 2.347331450575e-02
2185 2.347331450575e-02
2186 2.347331450575e-02
2187 2.347331450575e-02
2188 2.347331450575e-02
2189 2.347331450575e-02
2190 2.347331450575e-02
2191 2.360315912506e-02
2192 2.360315912506e-02
2193 2.360315912506e-02
2194 2.360315912506e-02
2195 2.360315912506e-02
2196 2.360315912506e-02
2197 2.360315912506e-02
2198 2.360315912506e-02
2199 2.360315912506e-02
2200 2.360315912506e-02
2201 2.378587112427e-02
2202 2.378587112427e-02
2203 2.378587112427e-02
2204 2.378587112427e-02
2205 2.378587112427e-02
2206 2.378587112427e-02
2207 2.378587112427e-02
2208 2.378587112427e-02
2209 2.378587112427e-02
2210 2.378587112427e-02
2211 2.402250958573e-02
2212 2.402250958573e-02
2213 2.402250958573e-02
2214 2.402250958573e-02
2215 2.402250958573e-02
2216 2.402250958573e-02
2217 2.402250958573e-02
2218 2.402250958573e-02
2219 2.402250958573e-02
2220 2.402250958573e-02
2221 2.427489788145e-02
2222 2.427489788145e-02
2223 2.427489788145e-02
2224 2.427489788145e-02
2225 2.427489788145e-02
2226 2.427489788145e-02
2227 2.427489788145e-02
2228 2.427489788145e-02
2229 2.427489788145e-02
2230 2.427489788145e-02
2231 2.450865770246e-02
2232 2.450865770246e-02
2233 2.450865770246e-02
2234 2.450865770246e-02
2235 2.450865770246e-02
2236 2.450865770246e-02
2237 2.450865770246e-02
2238 2.450865770246e-02
2239 2.450865770246e-02
2240 2.450865770246e-02
2241 2.472726017232e-02
2242 2.472726017232e-02
2243 2.472726017232e-02
2244 2.472726017232e-02
2245 2.472726017232e-02
2246 2.472726017232e-02
2247 2.472726017232e-02
2248 2.472726017232e-02
2249 2.472726017232e-02
2250 2.472726017232e-02
2251 2.496395880580e-02
2252 2.496395880580e-02
2253 2.496395880580e-02
2254 2.496395880580e-02
2255 2.496395880580e-02
2256 2.496395880580e-02
2257 2.496395880580e-02
2258 2.496395880580e-02
2259 2.496395880580e-02
2260 2.496395880580e-02
2261 2.523580666029e-02
2262 2.523580666029e-02
2263 2.523580666029e-02
2264 2.523580666029e-02
2265 2.523580666029e-02
2266 2.523580666029e-02
2267 2.523580666029e-02
2268 2.523580666029e-02
2269 2.523580666029e-02
2270 2.523580666029e-02
2271 2.550729235802e-02
2272 2.550729235802e-02
2273 2.550729235802e-02
2274 2.550729235802e-02
2275 2.550729235802e-02
2276 2.550729235802e-02
2277 2.550729235802e-02
2278 2.550729235802e-02
2279 2.550729235802e-02
2280 2.550729235802e-02
2281 2.571401334792e-02
2282 2.571401334792e-02
2283 2.571401334792e-02
2284 2.571401334792e-02
2285 2.571401334792e-02
2286 2.571401334792e-02
2287 2.571401334792e-02
2288 2.571401334792e-02
2289 2.571401334792e-02
2290 2.571401334792e-02
2291 2.583327529442e-02
2292 2.583327529442e-02
2293 2.583327529442e-02
2294 2.583327529442e-02
2295 2.583327529442e-02
2296 2.583327529442e-02
2297 2.583327529442e-02
2298 2.583327529442e-02
2299 2.583327529442e-02
2300 2.583327529442e-02
2301 2.591834778178e-02
2302 2.591834778178e-02
2303 2.591834778178e-02
2304 2.591834778178e-02
2305 2.591834778178e-02
2306 2.591834778178e-02
2307 2.591834778178e-02
2308 2.591834778178e-02
2309 2.591834778178e-02
2310 2.591834778178e-02
2311 2.604464264671e-02
2312 2.604464264671e-02
2313 2.604464264671e-02
2314 2.604464264671e-02
2315 2.604464264671e-02
2316 2.604464264671e-02
2317 2.604464264671e-02
2318 2.604464264671e-02
2319 2.604464264671e-02
2320 2.604464264671e-02
2321 2.623077563359e-02
2322 2.623077563359e-02
2323 2.623077563359e-02
2324 2.623077563359e-02
2325 2.623077563359e-02
2326 2.623077563359e-02
2327 2.623077563359e-02
2328 2.623077563359e-02
2329 2.623077563359e-02
2330 2.623077563359e-02
2331 2.643779908007e-02
2332 2.643779908007e-02
2333 2.643779908007e-02
2334 2.643779908007e-02
2335 2.643779908007e-02
2336 2.643779908007e-02
2337 2.643779908007e-02
2338 2.643779908007e-02
2339 2.643779908007e-02
2340 2.643779908007e-02
2341 2.661974345618e-02
2342 2.661974345618e-02
2343 2.661974345618e-02
2344 2.661974345618e-02
2345 2.661974345618e-02
2346 2.661974345618e-02
2347 2.661974345618e-02
2348 2.661974345618e-02
2349 2.661974345618e-02
2350 2.661974345618e-02
2351 2.675838119904e-02
2352 2.675838119904e-02
2353 2.675838119904e-02
2354 2.675838119904e-02
2355 2.675838119904e-02
2356 2.675838119904e-02
2357 2.675838119904e-02
2358 2.675838119904e-02
2359 2.675838119904e-02
2360 2.675838119904e-02
2361 2.687128561046e-02
2362 2.687128561046e-02
2363 2.687128561046e-02
2364 2.687128561046e-02
2365 2.687128561046e-02
2366 2.687128561046e-02
2367 2.687128561046e-02
2368 2.687128561046e-02
2369 2.687128561046e-02
2370 2.687128561046e-02
2371 2.698417953851e-02
2372 2.698417953851e-02
2373 2.698417953851e-02
2374 2.698417953851e-02
2375 2.698417953851e-02
2376 2.698417953851e-02
2377 2.698417953851e-02
2378 2.698417953851e-02
2379 2.698417953851e-02
2380 2.698417953851e-02
2381 2.711346698883e-02
2382 2.711346698883e-02
2383 2.711346698883e-02
2384 2.711346698883e-02
2385 2.711346698883e-02
2386 2.711346698883e-02
2387 2.711346698883e-02
2388 2.711346698883e-02
2389 2.711346698883e-02
2390 2.711346698883e-02
2391 2.727746417973e-02
2392 2.727746417973e-02
2393 2.727746417973e-02
2394 2.727746417973e-02
2395 2.727746417973e-02
2396 2.727746417973e-02
2397 2.727746417973e-02
2398 2.727746417973e-02
2399 2.727746417973e-02
2400 2.727746417973e-02
2401 2.748382662245e-02
2402 2.748382662245e-02
2403 2.748382662245e-02
2404 2.748382662245e-02
2405 2.748382662245e-02
2406 2.748382662245e-02
2407 2.748382662245e-02
2408 2.748382662245e-02
2409 2.748382662245e-02
2410 2.748382662245e-02
2411 2.770728202363e-02
2412 2.770728202363e-02
2413 2.770728202363e-02
2414 2.770728202363e-02
2415 2.770728202363e-02
2416 2.770728202363e-02
2417 2.770728202363e-02
2418 2.770728202363e-02
2419 2.770728202363e-02
2420 2.770728202363e-02
2421 2.790225606202e-02
2422 2.790225606202e-02
2423 2.790225606202e-02
2424 2.790225606202e-02
2425 2.790225606202e-02
2426 2.790225606202e-02
2427 2.790225606202e-02
2428 2.790225606202e-02
2429 2.790225606202e-02
2430 2.790225606202e-02
2431 2.804128593006e-02
2432 2.804128593006e-02
2433 2.804128593006e-02
2434 2.804128593006e-02
2435 2.804128593006e-02
2436 2.804128593006e-02
2437 2.804128593006e-02
2438 2.804128593006e-02
2439 2.804128593006e-02
2440 2.804128593006e-02
2441 2.813529274419e-02
2442 2.813529274419e-02
2443 2.813529274419e-02
2444 2.813529274419e-02
2445 2.813529274419e-02
2446 2.813529274419e-02
2447 2.813529274419e-02
2448 2.813529274419e-02
2449 2.813529274419e-02
2450 2.813529274419e-02
2451 2.821642462290e-02
2452 2.821642462290e-02
2453 2.821642462290e-02
2454 2.821642462290e-02
2455 2.821642462290e-02
2456 2.821642462290e-02
2457 2.821642462290e-02
2458 2.821642462290e-02
2459 2.821642462290e-02
2460 2.821642462290e-02
2461 2.831751649983e-02
2462 2.831751649983e-02
2463 2.831751649983e-02
2464 2.831751649983e-02
2465 2.831751649983e-02
2466 2.831751649983e-02
2467 2.831751649983e-02
2468 2.831751649983e-02
2469 2.831751649983e-02
2470 2.831751649983e-02
2471 2.846679153894e-02
2472 2.846679153894e-02
2473 2.846679153894e-02
2474 2.846679153894e-02
2475 2.846679153894e-02
2476 2.846679153894e-02
2477 2.846679153894e-02
2478 2.846679153894e-02
2479 2.846679153894e-02
2480 2.846679153894e-02
2481 2.866783969882e-02
2482 2.866783969882e-02
2483 2.866783969882e-02
2484 2.866783969882e-02
2485 2.866783969882e-02
2486 2.866783969882e-02
2487 2.866783969882e-02
2488 2.866783969882e-02
2489 2.866783969882e-02
2490 2.866783969882e-02
2491 2.888289945346e-02
2492 2.888289945346e-02
2493 2.888289945346e-02
2494 2.888289945346e-02
2495 2.888289945346e-02
2496 2.888289945346e-02
2497 2.888289945346e-02
2498 2.888289945346e-02
2499 2.888289945346e-02
2500 2.888289945346e-02
2501 2.907424425495e-02
2502 2.907424425495e-02
2503 2.907424425495e-02
2504 2.907424425495e-02
2505 2.907424425495e-02
2506 2.907424425495e-02
2507 2.907424425495e-02
2508 2.907424425495e-02
2509 2.907424425495e-02
2510 2.907424425495e-02
2511 2.925907613493e-02
2512 2.925907613493e-02
2513 2.925907613493e-02
2514 2.925907613493e-02
2515 2.925907613493e-02
2516 2.925907613493e-02
2517 2.925907613493e-02
2518 2.925907613493e-02
2519 2.925907613493e-02
2520 2.925907613493e-02
2521 2.949928659996e-02
2522 2.949928659996e-02
2523 2.949928659996e-02
2524 2.949928659996e-02
2525 2.949928659996e-02
2526 2.949928659996e-02
2527 2.949928659996e-02
2528 2.949928659996e-02
2529 2.949928659996e-02
2530 2.949928659996e-02
2531 2.982917009019e-02
2532 2.982917009019e-02
2533 2.982917009019e-02
2534 2.982917009019e-02
2535 2.982917009019e-02
2536 2.982917009019e-02
2537 2.982917009019e-02
2538 2.982917009019e-02
2539 2.982917009019e-02
2540 2.982917009019e-02
2541 3.019892421314e-02
2542 3.019892421314e-02
2543 3.019892421314e-02
2544 3.019892421314e-02
2545 3.019892421314e-02
2546 3.019892421314e-02
2547 3.019892421314e-02
2548 3.019892421314e-02
2549 3.019892421314e-02
2550 3.019892421314e-02
2551 3.052159814167e-02
2552 3.052159814167e-02
2553 3.052159814167e-02
2554 3.052159814167e-02
2555 3.052159814167e-02
2556 3.052159814167e-02
2557 3.052159814167e-02
2558 3.052159814167e-02
2559 3.052159814167e-02
2560 3.052159814167e-02
2561 3.077190073833e-02
2562 3.077190073833e-02
2563 3.077190073833e-02
2564 3.077190073833e-02
2565 3.077190073833e-02
2566 3.077190073833e-02
2567 3.077190073833e-02
2568 3.077190073833e-02
2569 3.077190073833e-02
2570 3.077190073833e-02
2571 3.100334756355e-02
2572 3.100334756355e-02
2573 3.100334756355e-02
2574 3.100334756355e-02
2575 3.100334756355e-02
2576 3.100334756355e-02
2577 3.100334756355e-02
2578 3.100334756355e-02
2579 3.100334756355e-02
2580 3.100334756355e-02
2581 3.127365009584e-02
2582 3.127365009584e-02
2583 3.127365009584e-02
2584 3.127365009584e-02
2585 3.127365009584e-02
2586 3.127365009584e-02
2587 3.127365009584e-02
2588 3.127365009584e-02
2589 3.127365009584e-02
2590 3.127365009584e-02
2591 3.156531974479e-02
2592 3.156531974479e-02
2593 3.156531974479e-02
2594 3.156531974479e-02
2595 3.156531974479e-02
2596 3.156531974479e-02
2597 3.156531974479e-02
2598 3.156531974479e-02
2599 3.156531974479e-02
2600 3.156531974479e-02
2601 3.182073490195e-02
2602 3.182073490195e-02
2603 3.182073490195e-02
2604 3.182073490195e-02
2605 3.182073490195e-02
2606 3.182073490195e-02
2607 3.182073490195e-02
2608 3.182073490195e-02
2609 3.182073490195e-02
2610 3.182073490195e-02
2611 3.205630025490e-02
2612 3.205630025490e-02
2613 3.205630025490e-02
2614 3.205630025490e-02
2615 3.205630025490e-02
2616 3.205630025490e-02
2617 3.205630025490e-02
2618 3.205630025490e-02
2619 3.205630025490e-02
2620 3.205630025490e-02
2621 3.234645011344e-02
2622 3.234645011344e-02
2623 3.234645011344e-02
2624 3.234645011344e-02
2625 3.234645011344e-02
2626 3.234645011344e-02
2627 3.234645011344e-02
2628 3.234645011344e-02
2629 3.234645011344e-02
2630 3.234645011344e-02
2631 3.271039267319e-02
2632 3.271039267319e-02
2633 3.271039267319e-02
2634 3.271039267319e-02
2635 3.271039267319e-02
2636 3.271039267319e-02
2637 3.271039267319e-02
2638 3.271039267319e-02
2639 3.271039267319e-02
2640 3.271039267319e-02
2641 3.308380249278e-02
2642 3.308380249278e-02
2643 3.308380249278e-02
2644 3.308380249278e-02
2645 3.308380249278e-02
2646 3.308380249278e-02
2647 3.308380249278e-02
2648 3.308380249278e-02
2649 3.308380249278e-02
2650 3.308380249278e-02
2651 3.338317659758e-02
2652 3.338317659758e-02
2653 3.338317659758e-02
2654 3.338317659758e-02
2655 3.338317659758e-02
2656 3.338317659758e-02
2657 3.338317659758e-02
2658 3.338317659758e-02
2659 3.338317659758e-02
2660 3.338317659758e-02
2661 3.359683043664e-02
2662 3.359683043664e-02
2663 3.359683043664e-02
2664 3.359683043664e-02
2665 3.359683043664e-02
2666 3.359683043664e-02
2667 3.359683043664e-02
2668 3.359683043664e-02
2669 3.359683043664e-02
2670 3.359683043664e-02
2671 3.378868678341e-02
2672 3.378868678341e-02
2673 3.378868678341e-02
2674 3.378868678341e-02
2675 3.378868678341e-02
2676 3.378868678341e-02
2677 3.378868678341e-02
2678 3.378868678341e-02
2679 3.378868678341e-02
2680 3.378868678341e-02
2681 3.401947848802e-02
2682 3.401947848802e-02
2683 3.401947848802e-02
2684 3.401947848802e-02
2685 3.401947848802e-02
2686 3.401947848802e-02
2687 3.401947848802e-02
2688 3.401947848802e-02
2689 3.401947848802e-02
2690 3.401947848802e-02
2691 3.429948207675e-02
2692 3.429948207675e-02
2693 3.429948207675e-02
2694 3.429948207675e-02
2695 3.429948207675e-02
2696 3.429948207675e-02
2697 3.429948207675e-02
2698 3.429948207675e-02
2699 3.429948207675e-02
2700 3.429948207675e-02
2701 3.460172892588e-02
2702 3.460172892588e-02
2703 3.460172892588e-02
2704 3.460172892588e-02
2705 3.460172892588e-02
2706 3.460172892588e-02
2707 3.460172892588e-02
2708 3.460172892588e-02
2709 3.460172892588e-02
2710 3.460172892588e-02
2711 3.488565152067e-02
2712 3.488565152067e-02
2713 3.488565152067e-02
2714 3.488565152067e-02
2715 3.488565152067e-02
2716 3.488565152067e-02
2717 3.488565152067e-02
2718 3.488565152067e-02
2719 3.488565152067e-02
2720 3.488565152067e-02
2721 3.511646845298e-02
2722 3.511646845298e-02
2723 3.511646845298e-02
2724 3.511646845298e-02
2725 3.511646845298e-02
2726 3.511646845298e-02
2727 3.511646845298e-02
2728 3.511646845298e-02
2729 3.511646845298e-02
2730 3.511646845298e-02
2731 3.529124958041e-02
2732 3.529124958041e-02
2733 3.529124958041e-02
2734 3.529124958041e-02
2735 3.529124958041e-02
2736 3.529124958041e-02
2737 3.529124958041e-02
2738 3.529124958041e-02
2739 3.529124958041e-02
2740 3.529124958041e-02
2741 3.543089525949e-02
2742 3.543089525949e-02
2743 3.543089525949e-02
2744 3.543089525949e-02
2745 3.543089525949e-02
2746 3.543089525949e-02
2747 3.543089525949e-02
2748 3.543089525949e-02
2749 3.543089525949e-02
2750 3.543089525949e-02
2751 3.555556985719e-02
2752 3.555556985719e-02
2753 3.555556985719e-02
2754 3.555556985719e-02
2755 3.555556985719e-02
2756 3.555556985719e-02
2757 3.555556985719e-02
2758 3.555556985719e-02
2759 3.555556985719e-02
2760 3.555556985719e-02
2761 3.567759345976e-02
2762 3.567759345976e-02
2763 3.567759345976e-02
2764 3.567759345976e-02
2765 3.567759345976e-02
2766 3.567759345976e-02
2767 3.567759345976e-02
2768 3.567759345976e-02
2769 3.567759345976e-02
2770 3.567759345976e-02
2771 3.578256205770e-02
2772 3.578256205770e-02
2773 3.578256205770e-02
2774 3.578256205770e-02
2775 3.578256205770e-02
2776 3.578256205770e-02
2777 3.578256205770e-02
2778 3.578256205770e-02
2779 3.578256205770e-02
2780 3.578256205770e-02
2781 3.585701792843e-02
2782 3.585701792843e-02
2783 3.585701792843e-02
2784 3.585701792843e-02
2785 3.585701792843e-02
2786 3.585701792843e-02
2787 3.585701792843e-02
2788 3.585701792843e-02
2789 3.585701792843e-02
2790 3.585701792843e-02
2791 3.593300425883e-02
2792 3.593300425883e-02
2793 3.593300425883e-02
2794 3.593300425883e-02
2795 3.593300425883e-02
2796 3.593300425883e-02
2797 3.593300425883e-02
2798 3.593300425883e-02
2799 3.593300425883e-02
2800 3.593300425883e-02
2801 3.605673908593e-02
2802 3.605673908593e-02
2803 3.605673908593e-02
2804 3.605673908593e-02
2805 3.605673908593e-02
2806 3.605673908593e-02
2807 3.605673908593e-02
2808 3.605673908593e-02
2809 3.605673908593e-02
2810 3.605673908593e-02
2811 3.623423961374e-02
2812 3.623423961374e-02
2813 3.623423961374e-02
2814 3.623423961374e-02
2815 3.623423961374e-02
2816 3.623423961374e-02
2817 3.623423961374e-02
2818 3.623423961374e-02
2819 3.623423961374e-02
2820 3.623423961374e-02
2821 3.641973886536e-02
2822 3.641973886536e-02
2823 3.641973886536e-02
2824 3.641973886536e-02
2825 3.641973886536e-02
2826 3.641973886536e-02
2827 3.641973886536e-02
2828 3.641973886536e-02
2829 3.641973886536e-02
2830 3.641973886536e-02
2831 3.657933884557e-02
2832 3.657933884557e-02
2833 3.657933884557e-02
2834 3.657933884557e-02
2835 3.657933884557e-02
2836 3.657933884557e-02
2837 3.657933884557e-02
2838 3.657933884557e-02
2839 3.657933884557e-02
2840 3.657933884557e-02
2841 3.673908965262e-02
2842 3.673908965262e-02
2843 3.673908965262e-02
2844 3.673908965262e-02
2845 3.673908965262e-02
2846 3.673908965262e-02
2847 3.673908965262e-02
2848 3.673908965262e-02
2849 3.673908965262e-02
2850 3.673908965262e-02
2851 3.693437220633e-02
2852 3.693437220633e-02
2853 3.693437220633e-02
2854 3.693437220633e-02
2855 3.693437220633e-02
2856 3.693437220633e-02
2857 3.693437220633e-02
2858 3.693437220633e-02
2859 3.693437220633e-02
2860 3.693437220633e-02
2861 3.714350997321e-02
2862 3.714350997321e-02
2863 3.714350997321e-02
2864 3.714350997321e-02
2865 3.714350997321e-02
2866 3.714350997321e-02
2867 3.714350997321e-02
2868 3.714350997321e-02
2869 3.714350997321e-02
2870 3.714350997321e-02
2871 3.729339674661e-02
2872 3.729339674661e-02
2873 3.729339674661e-02
2874 3.729339674661e-02
2875 3.729339674661e-02
2876 3.729339674661e-02
2877 3.729339674661e-02
2878 3.729339674661e-02
2879 3.729339674661e-02
2880 3.729339674661e-02
2881 3.733376327353e-02
2882 3.733376327353e-02
2883 3.733376327353e-02
2884 3.733376327353e-02
2885 3.733376327353e-02
2886 3.733376327353e-02
2887 3.733376327353e-02
2888 3.733376327353e-02
2889 3.733376327353e-02
2890 3.733376327353e-02
2891 3.731782251437e-02
2892 3.731782251437e-02
2893 3.731782251437e-02
2894 3.731782251437e-02
2895 3.731782251437e-02
2896 3.731782251437e-02
2897 3.731782251437e-02
2898 3.731782251437e-02
2899 3.731782251437e-02
2900 3.731782251437e-02
2901 3.737168518934e-02
2902 3.737168518934e-02
2903 3.737168518934e-02
2904 3.737168518934e-02
2905 3.737168518934e-02
2906 3.737168518934e-02
2907 3.737168518934e-02
2908 3.737168518934e-02
2909 3.737168518934e-02
2910 3.737168518934e-02
2911 3.756185395688e-02
2912 3.756185395688e-02
2913 3.756185395688e-02
2914 3.756185395688e-02
2915 3.756185395688e-02
2916 3.756185395688e-02
2917 3.756185395688e-02
2918 3.756185395688e-02
2919 3.756185395688e-02
2920 3.756185395688e-02
2921 3.782306068010e-02
2922 3.782306068010e-02
2923 3.782306068010e-02
2924 3.782306068010e-02
2925 3.782306068010e-02
2926 3.782306068010e-02
2927 3.782306068010e-02
2928 3.782306068010e-02
2929 3.782306068010e-02
2930 3.782306068010e-02
2931 3.803105111866e-02
2932 3.803105111866e-02
2933 3.803105111866e-02
2934 3.803105111866e-02
2935 3.803105111866e-02
2936 3.803105111866e-02
2937 3.803105111866e-02
2938 3.803105111866e-02
2939 3.803105111866e-02
2940 3.803105111866e-02
2941 3.813517790728e-02
2942 3.813517790728e-02
2943 3.813517790728e-02
2944 3.813517790728e-02
2945 3.813517790728e-02
2946 3.813517790728e-02
2947 3.813517790728e-02
2948 3.813517790728e-02
2949 3.813517790728e-02
2950 3.813517790728e-02
2951 3.820497002158e-02
2952 3.820497002158e-02
2953 3.820497002158e-02
2954 3.820497002158e-02
2955 3.820497002158e-02
2956 3.820497002158e-02
2957 3.820497002158e-02
2958 3.820497002158e-02
2959 3.820497002158e-02
2960 3.820497002158e-02
2961 3.834121204338e-02
2962 3.834121204338e-02
2963 3.834121204338e-02
2964 3.834121204338e-02
2965 3.834121204338e-02
2966 3.834121204338e-02
2967 3.834121204338e-02
2968 3.834121204338e-02
2969 3.834121204338e-02
2970 3.834121204338e-02
2971 3.855812998477e-02
2972 3.855812998477e-02
2973 3.855812998477e-02
2974 3.855812998477e-02
2975 3.855812998477e-02
2976 3.855812998477e-02
2977 3.855812998477e-02
2978 3.855812998477e-02
2979 3.855812998477e-02
2980 3.855812998477e-02
2981 3.878052477984e-02
2982 3.878052477984e-02
2983 3.878052477984e-02
2984 3.878052477984e-02
2985 3.878052477984e-02
2986 3.878052477984e-02
2987 3.878052477984e-02
2988 3.878052477984e-02
2989 3.878052477984e-02
2990 3.878052477984e-02
2991 3.894047579534e-02
2992 3.894047579534e-02
2993 3.894047579534e-02
2994 3.894047579534e-02
2995 3.894047579534e-02
2996 3.894047579534e-02
2997 3.894047579534e-02
2998 3.894047579534e-02
2999 3.894047579534e-02
3000 3.894047579534e-02
3001 3.904060224155e-02
3002 3.904060224155e-02
3003 3.904060224155e-02
3004 3.904060224155e-02
3005 3.904060224155e-02
3006 3.904060224155e-02
3007 3.904060224155e-02
3008 3.904060224155e-02
3009 3.904060224155e-02
3010 3.904060224155e-02
3011 3.911777673531e-02
3012 3.911777673531e-02
3013 3.911777673531e-02
3014 3.911777673531e-02
3015 3.911777673531e-02
3016 3.911777673531e-02
3017 3.911777673531e-02
3018 3.911777673531e-02
3019 3.911777673531e-02
3020 3.911777673531e-02
3021 3.917759640763e-02
3022 3.917759640763e-02
3023 3.917759640763e-02
3024 3.917759640763e-02
3025 3.917759640763e-02
3026 3.917759640763e-02
3027 3.917759640763e-02
3028 3.917759640763e-02
3029 3.917759640763e-02
3030 3.917759640763e-02
3031 3.920538798488e-02
3032 3.920538798488e-02
3033 3.920538798488e-02
3034 3.920538798488e-02
3035 3.920538798488e-02
3036 3.920538798488e-02
3037 3.920538798488e-02
3038 3.920538798488e-02
3039 3.920538798488e-02
3040 3.920538798488e-02
3041 3.921805697594e-02
3042 3.921805697594e-02
3043 3.921805697594e-02
3044 3.921805697594e-02
3045 3.921805697594e-02
3046 3.921805697594e-02
3047 3.921805697594e-02
3048 3.921805697594e-02
3049 3.921805697594e-02
3050 3.921805697594e-02
3051 3.926163871861e-02
3052 3.926163871861e-02
3053 3.926163871861e-02
3054 3.926163871861e-02
3055 3.926163871861e-02
3056 3.926163871861e-02
3057 3.926163871861e-02
3058 3.926163871861e-02
3059 3.926163871861e-02
3060 3.926163871861e-02
3061 3.937565247780e-02
3062 3.937565247780e-02
3063 3.937565247780e-02
3064 3.937565247780e-02
3065 3.937565247780e-02
3066 3.937565247780e-02
3067 3.937565247780e-02
3068 3.937565247780e-02
3069 3.937565247780e-02
3070 3.937565247780e-02
3071 3.956684863725e-02
3072 3.956684863725e-02
3073 3.956684863725e-02
3074 3.956684863725e-02
3075 3.956684863725e-02
3076 3.956684863725e-02
3077 3.956684863725e-02
3078 3.956684863725e-02
3079 3.956684863725e-02
3080 3.956684863725e-02
3081 3.980140896027e-02
3082 3.980140896027e-02
3083 3.980140896027e-02
3084 3.980140896027e-02
3085 3.980140896027e-02
3086 3.980140896027e-02
3087 3.980140896027e-02
3088 3.980140896027e-02
3089 3.980140896027e-02
3090 3.980140896027e-02
3091 4.003017971121e-02
3092 4.003017971121e-02
3093 4.003017971121e-02
3094 4.003017971121e-02
3095 4.003017971121e-02
3096 4.003017971121e-02
3097 4.003017971121e-02
3098 4.003017971121e-02
3099 4.003017971121e-02
3100 4.003017971121e-02
3101 4.023313142344e-02
3102 4.023313142344e-02
3103 4.023313142344e-02
3104 4.023313142344e-02
3105 4.023313142344e-02
3106 4.023313142344e-02
3107 4.023313142344e-02
3108 4.023313142344e-02
3109 4.023313142344e-02
3110 4.023313142344e-02
3111 4.043799124953e-02
3112 4.043799124953e-02
3113 4.043799124953e-02
3114 4.043799124953e-02
3115 4.043799124953e-02
3116 4.043799124953e-02
3117 4.043799124953e-02
3118 4.043799124953e-02
3119 4.043799124953e-02
3120 4.043799124953e-02
3121 4.068201406318e-02
3122 4.068201406318e-02
3123 4.068201406318e-02
3124 4.068201406318e-02
3125 4.068201406318e-02
3126 4.068201406318e-02
3127 4.068201406318e-02
3128 4.068201406318e-02
3129 4.068201406318e-02
3130 4.068201406318e-02
3131 4.095916601452e-02
3132 4.095916601452e-02
3133 4.095916601452e-02
3134 4.095916601452e-02
3135 4.095916601452e-02
3136 4.095916601452e-02
3137 4.095916601452e-02
3138 4.095916601452e-02
3139 4.095916601452e-02
3140 4.095916601452e-02
3141 4.122670483122e-02
3142 4.122670483122e-02
3143 4.122670483122e-02
3144 4.122670483122e-02
3145 4.122670483122e-02
3146 4.122670483122e-02
3147 4.122670483122e-02
3148 4.122670483122e-02
3149 4.122670483122e-02
3150 4.122670483122e-02
3151 4.145644193953e-02
3152 4.145644193953e-02
3153 4.145644193953e-02
3154 4.145644193953e-02
3155 4.145644193953e-02
3156 4.145644193953e-02
3157 4.145644193953e-02
3158 4.145644193953e-02
3159 4.145644193953e-02
3160 4.145644193953e-02
3161 4.165934907088e-02
3162 4.165934907088e-02
3163 4.165934907088e-02
3164 4.165934907088e-02
3165 4.165934907088e-02
3166 4.165934907088e-02
3167 4.165934907088e-02
3168 4.165934907088e-02
3169 4.165934907088e-02
3170 4.165934907088e-02
3171 4.186429648291e-02
3172 4.186429648291e-02
3173 4.186429648291e-02
3174 4.186429648291e-02
3175 4.186429648291e-02
3176 4.186429648291e-02
3177 4.186429648291e-02
3178 4.186429648291e-02
3179 4.186429648291e-02
3180 4.186429648291e-02
3181 4.208738653109e-02
3182 4.208738653109e-02
3183 4.208738653109e-02
3184 4.208738653109e-02
3185 4.208738653109e-02
3186 4.208738653109e-02
3187 4.208738653109e-02
3188 4.208738653109e-02
3189 4.208738653109e-02
3190 4.208738653109e-02
3191 4.231912084348e-02
3192 4.231912084348e-02
3193 4.231912084348e-02
3194 4.231912084348e-02
3195 4.231912084348e-02
3196 4.231912084348e-02
3197 4.231912084348e-02
3198 4.231912084348e-02
3199 4.231912084348e-02
3200 4.231912084348e-02
3201 4.254203910201e-02
3202 4.254203910201e-02
3203 4.254203910201e-02
3204 4.254203910201e-02
3205 4.254203910201e-02
3206 4.254203910201e-02
3207 4.254203910201e-02
3208 4.254203910201e-02
3209 4.254203910201e-02
3210 4.254203910201e-02
3211 4.276273930718e-02
3212 4.276273930718e-02
3213 4.276273930718e-02
3214 4.276273930718e-02
3215 4.276273930718e-02
3216 4.276273930718e-02
3217 4.276273930718e-02
3218 4.276273930718e-02
3219 4.276273930718e-02
3220 4.276273930718e-02
3221 4.300914452208e-02
3222 4.300914452208e-02
3223 4.300914452208e-02
3224 4.300914452208e-02
3225 4.300914452208e-02
3226 4.300914452208e-02
3227 4.300914452208e-02
3228 4.300914452208e-02
3229 4.300914452208e-02
3230 4.300914452208e-02
3231 4.329539416563e-02
3232 4.329539416563e-02
3233 4.329539416563e-02
3234 4.329539416563e-02
3235 4.329539416563e-02
3236 4.329539416563e-02
3237 4.329539416563e-02
3238 4.329539416563e-02
3239 4.329539416563e-02
3240 4.329539416563e-02
3241 4.360123636959e-02
3242 4.360123636959e-02
3243 4.360123636959e-02
3244 4.360123636959e-02
3245 4.360123636959e-02
3246 4.360123636959e-02
3247 4.360123636959e-02
3248 4.360123636959e-02
3249 4.360123636959e-02
3250 4.360123636959e-02
3251 4.388679288987e-02
3252 4.388679288987e-02
3253 4.388679288987e-02
3254 4.388679288987e-02
3255 4.388679288987e-02
3256 4.388679288987e-02
3257 4.388679288987e-02
3258 4.388679288987e-02
3259 4.388679288987e-02
3260 4.388679288987e-02
3261 4.413624949129e-02
3262 4.413624949129e-02
3263 4.413624949129e-02
3264 4.413624949129e-02
3265 4.413624949129e-02
3266 4.413624949129e-02
3267 4.413624949129e-02
3268 4.413624949129e-02
3269 4.413624949129e-02
3270 4.413624949129e-02
3271 4.438007432486e-02
3272 4.438007432486e-02
3273 4.438007432486e-02
3274 4.438007432486e-02
3275 4.438007432486e-02
3276 4.438007432486e-02
3277 4.438007432486e-02
3278 4.438007432486e-02
3279 4.438007432486e-02
3280 4.438007432486e-02
3281 4.466583175279e-02
3282 4.466583175279e-02
3283 4.466583175279e-02
3284 4.466583175279e-02
3285 4.466583175279e-02
3286 4.466583175279e-02
3287 4.466583175279e-02
3288 4.466583175279e-02
3289 4.466583175279e-02
3290 4.466583175279e-02
3291 4.500582162407e-02
3292 4.500582162407e-02
3293 4.500582162407e-02
3294 4.500582162407e-02
3295 4.500582162407e-02
3296 4.500582162407e-02
3297 4.500582162407e-02
3298 4.500582162407e-02
3299 4.500582162407e-02
3300 4.500582162407e-02
3301 4.535355592418e-02
3302 4.535355592418e-02
3303 4.535355592418e-02
3304 4.535355592418e-02
3305 4.535355592418e-02
3306 4.535355592418e-02
3307 4.535355592418e-02
3308 4.535355592418e-02
3309 4.535355592418e-02
3310 4.535355592418e-02
3311 4.565206776319e-02
3312 4.565206776319e-02
3313 4.565206776319e-02
3314 4.565206776319e-02
3315 4.565206776319e-02
3316 4.565206776319e-02
3317 4.565206776319e-02
3318 4.565206776319e-02
3319 4.565206776319e-02
3320 4.565206776319e-02
3321 4.590417794841e-02
3322 4.590417794841e-02
3323 4.590417794841e-02
3324 4.590417794841e-02
3325 4.590417794841e-02
3326 4.590417794841e-02
3327 4.590417794841e-02
3328 4.590417794841e-02
3329 4.590417794841e-02
3330 4.590417794841e-02
3331 4.616704877762e-02
3332 4.616704877762e-02
3333 4.616704877762e-02
3334 4.616704877762e-02
3335 4.616704877762e-02
3336 4.616704877762e-02
3337 4.616704877762e-02
3338 4.616704877762e-02
3339 4.616704877762e-02
3340 4.616704877762e-02
3341 4.648521347082e-02
3342 4.648521347082e-02
3343 4.648521347082e-02
3344 4.648521347082e-02
3345 4.648521347082e-02
3346 4.648521347082e-02
3347 4.648521347082e-02
3348 4.648521347082e-02
3349 4.648521347082e-02
3350 4.648521347082e-02
3351 4.684714182155e-02
3352 4.684714182155e-02
3353 4.684714182155e-02
3354 4.684714182155e-02
3355 4.684714182155e-02
3356 4.684714182155e-02
3357 4.684714182155e-02
3358 4.684714182155e-02
3359 4.684714182155e-02
3360 4.684714182155e-02
3361 4.720682310712e-02
3362 4.720682310712e-02
3363 4.720682310712e-02
3364 4.720682310712e-02
3365 4.720682310712e-02
3366 4.720682310712e-02
3367 4.720682310712e-02
3368 4.720682310712e-02
3369 4.720682310712e-02
3370 4.720682310712e-02
3371 4.754085274457e-02
3372 4.754085274457e-02
3373 4.754085274457e-02
3374 4.754085274457e-02
3375 4.754085274457e-02
3376 4.754085274457e-02
3377 4.754085274457e-02
3378 4.754085274457e-02
3379 4.754085274457e-02
3380 4.754085274457e-02
3381 4.786747065708e-02
3382 4.786747065708e-02
3383 4.786747065708e-02
3384 4.786747065708e-02
3385 4.786747065708e-02
3386 4.786747065708e-02
3387 4.786747065708e-02
3388 4.786747065708e-02
3389 4.786747065708e-02
3390 4.786747065708e-02
3391 4.821237284217e-02
3392 4.821237284217e-02
3393 4.821237284217e-02
3394 4.821237284217e-02
3395 4.821237284217e-02
3396 4.821237284217e-02
3397 4.821237284217e-02
3398 4.821237284217e-02
3399 4.821237284217e-02
3400 4.821237284217e-02
3401 4.857228363264e-02
3402 4.857228363264e-02
3403 4.857228363264e-02
3404 4.857228363264e-02
3405 4.857228363264e-02
3406 4.857228363264e-02
3407 4.857228363264e-02
3408 4.857228363264e-02
3409 4.857228363264e-02
3410 4.857228363264e-02
3411 4.891249228393e-02
3412 4.891249228393e-02
3413 4.891249228393e-02
3414 4.891249228393e-02
3415 4.891249228393e-02
3416 4.891249228393e-02
3417 4.891249228393e-02
3418 4.891249228393e-02
3419 4.891249228393e-02
3420 4.891249228393e-02
3421 4.920413988251e-02
3422 4.920413988251e-02
3423 4.920413988251e-02
3424 4.920413988251e-02
3425 4.920413988251e-02
3426 4.920413988251e-02
3427 4.920413988251e-02
3428 4.920413988251e-02
3429 4.920413988251e-02
3430 4.920413988251e-02
3431 4.946811901219e-02
3432 4.946811901219e-02
3433 4.946811901219e-02
3434 4.946811901219e-02
3435 4.946811901219e-02
3436 4.946811901219e-02
3437 4.946811901219e-02
3438 4.946811901219e-02
3439 4.946811901219e-02
3440 4.946811901219e-02
3441 4.975680320173e-02
3442 4.975680320173e-02
3443 4.975680320173e-02
3444 4.975680320173e-02
3445 4.975680320173e-02
3446 4.975680320173e-02
3447 4.975680320173e-02
3448 4.975680320173e-02
3449 4.975680320173e-02
3450 4.975680320173e-02
3451 5.009041200394e-02
3452 5.009041200394e-02
3453 5.009041200394e-02
3454 5.009041200394e-02
3455 5.009041200394e-02
3456 5.009041200394e-02
3457 5.009041200394e-02
3458 5.009041200394e-02
3459 5.009041200394e-02
3460 5.009041200394e-02
3461 5.043864726459e-02
3462 5.043864726459e-02
3463 5.043864726459e-02
3464 5.043864726459e-02
3465 5.043864726459e-02
3466 5.043864726459e-02
3467 5.043864726459e-02
3468 5.043864726459e-02
3469 5.043864726459e-02
3470 5.043864726459e-02
3471 5.075497101887e-02
3472 5.075497101887e-02
3473 5.075497101887e-02
3474 5.075497101887e-02
3475 5.075497101887e-02
3476 5.075497101887e-02
3477 5.075497101887e-02
3478 5.075497101887e-02
3479 5.075497101887e-02
3480 5.075497101887e-02
3481 5.102034976550e-02
3482 5.102034976550e-02
3483 5.102034976550e-02
3484 5.102034976550e-02
3485 5.102034976550e-02
3486 5.102034976550e-02
3487 5.102034976550e-02
3488 5.102034976550e-02
3489 5.102034976550e-02
3490 5.102034976550e-02
3491 5.126720074887e-02
3492 5.126720074887e-02
3493 5.126720074887e-02
3494 5.126720074887e-02
3495 5.126720074887e-02
3496 5.126720074887e-02
3497 5.126720074887e-02
3498 5.126720074887e-02
3499 5.126720074887e-02
3500 5.126720074887e-02
3501 5.155054621221e-02
3502 5.155054621221e-02
3503 5.155054621221e-02
3504 5.155054621221e-02
3505 5.155054621221e-02
3506 5.155054621221e-02
3507 5.155054621221e-02
3508 5.155054621221e-02
3509 5.155054621221e-02
3510 5.155054621221e-02
3511 5.189472663244e-02
3512 5.189472663244e-02
3513 5.189472663244e-02
3514 5.189472663244e-02
3515 5.189472663244e-02
3516 5.189472663244e-02
3517 5.189472663244e-02
3518 5.189472663244e-02
3519 5.189472663244e-02
3520 5.189472663244e-02
3521 5.227892378168e-02
3522 5.227892378168e-02
3523 5.227892378168e-02
3524 5.227892378168e-02
3525 5.227892378168e-02
3526 5.227892378168e-02
3527 5.227892378168e-02
3528 5.227892378168e-02
3529 5.227892378168e-02
3530 5.227892378168e-02
3531 5.266462594598e-02
3532 5.266462594598e-02
3533 5.266462594598e-02
3534 5.266462594598e-02
3535 5.266462594598e-02
3536 5.266462594598e-02
3537 5.266462594598e-02
3538 5.266462594598e-02
3539 5.266462594598e-02
3540 5.266462594598e-02
3541 5.303183499725e-02
3542 5.303183499725e-02
3543 5.303183499725e-02
3544 5.303183499725e-02
3545 5.303183499725e-02
3546 5.303183499725e-02
3547 5.303183499725e-02
3548 5.303183499725e-02
3549 5.303183499725e-02
3550 5.303183499725e-02
3551 5.339072842962e-02
3552 5.339072842962e-02
3553 5.339072842962e-02
3554 5.339072842962e-02
3555 5.339072842962e-02
3556 5.339072842962e-02
3557 5.339072842962e-02
3558 5.339072842962e-02
3559 5.339072842962e-02
3560 5.339072842962e-02
3561 5.375583116295e-02
3562 5.375583116295e-02
3563 5.375583116295e-02
3564 5.375583116295e-02
3565 5.375583116295e-02
3566 5.375583116295e-02
3567 5.375583116295e-02
3568 5.375583116295e-02
3569 5.375583116295e-02
3570 5.375583116295e-02
3571 5.411937419338e-02
3572 5.411937419338e-02
3573 5.411937419338e-02
3574 5.411937419338e-02
3575 5.411937419338e-02
3576 5.411937419338e-02
3577 5.411937419338e-02
3578 5.411937419338e-02
3579 5.411937419338e-02
3580 5.411937419338e-02
3581 5.445481226337e-02
3582 5.445481226337e-02
3583 5.445481226337e-02
3584 5.445481226337e-02
3585 5.445481226337e-02
3586 5.445481226337e-02
3587 5.445481226337e-02
3588 5.445481226337e-02
3589 5.445481226337e-02
3590 5.445481226337e-02
3591 5.474015199514e-02
3592 5.474015199514e-02
3593 5.474015199514e-02
3594 5.474015199514e-02
3595 5.474015199514e-02
3596 5.474015199514e-02
3597 5.474015199514e-02
3598 5.474015199514e-02
3599 5.474015199514e-02
3600 5.474015199514e-02
3601 5.498098967233e-02
3602 5.498098967233e-02
3603 5.498098967233e-02
3604 5.498098967233e-02
3605 5.498098967233e-02
3606 5.498098967233e-02
3607 5.498098967233e-02
3608 5.498098967233e-02
3609 5.498098967233e-02
3610 5.498098967233e-02
3611 5.521323887401e-02
3612 5.521323887401e-02
3613 5.521323887401e-02
3614 5.521323887401e-02
3615 5.521323887401e-02
3616 5.521323887401e-02
3617 5.521323887401e-02
3618 5.521323887401e-02
3619 5.521323887401e-02
3620 5.521323887401e-02
3621 5.547674212005e-02
3622 5.547674212005e-02
3623 5.547674212005e-02
3624 5.547674212005e-02
3625 5.547674212005e-02
3626 5.547674212005e-02
3627 5.547674212005e-02
3628 5.547674212005e-02
3629 5.547674212005e-02
3630 5.547674212005e-02
3631 5.578534123467e-02
3632 5.578534123467e-02
3633 5.578534123467e-02
3634 5.578534123467e-02
3635 5.578534123467e-02
3636 5.578534123467e-02
3637 5.578534123467e-02
3638 5.578534123467e-02
3639 5.578534123467e-02
3640 5.578534123467e-02
