1 -3.112858429372e+03
2 -3.112858429242e+03
3 -3.112858428214e+03
4 -3.112858424790e+03
5 -3.112858416824e+03
6 -3.112858401616e+03
7 -3.112858376016e+03
8 -3.112858336530e+03
9 -3.112858279387e+03
10 -3.112858200587e+03
11 -3.112858096190e+03
12 -3.112857961165e+03
13 -3.112857791031e+03
14 -3.112857580657e+03
15 -3.112857324469e+03
16 -3.112857016385e+03
17 -3.112856649761e+03
18 -3.112856217375e+03
19 -3.112855711431e+03
20 -3.112855123619e+03
21 -3.112854445653e+03
22 -3.112853667522e+03
23 -3.112852780423e+03
24 -3.112851775034e+03
25 -3.112850642120e+03
26 -3.112849372664e+03
27 -3.112847957969e+03
28 -3.112846389741e+03
29 -3.112844660123e+03
30 -3.112842761711e+03
31 -3.112840688174e+03
32 -3.112838431614e+03
33 -3.112835986375e+03
34 -3.112833346379e+03
35 -3.112830505686e+03
36 -3.112827458433e+03
37 -3.112824198779e+03
38 -3.112820720893e+03
39 -3.112817018969e+03
40 -3.112813087280e+03
41 -3.112808921090e+03
42 -3.112804513490e+03
43 -3.112799860461e+03
44 -3.112794957757e+03
45 -3.112789801868e+03
46 -3.112784390162e+03
47 -3.112778720989e+03
48 -3.112772793745e+03
49 -3.112766608881e+03
50 -3.112760167866e+03
51 -3.112753474092e+03
52 -3.112746528752e+03
53 -3.112739336674e+03
54 -3.112731902178e+03
55 -3.112724229934e+03
56 -3.112716324859e+03
57 -3.112708192065e+03
58 -3.112699836859e+03
59 -3.112691264796e+03
60 -3.112682481769e+03
61 -3.112673495337e+03
62 -3.112664310069e+03
63 -3.112654934838e+03
64 -3.112645378142e+03
65 -3.112635649369e+03
66 -3.112625758810e+03
67 -3.112615717644e+03
68 -3.112605537866e+03
69 -3.112595232187e+03
70 -3.112584813900e+03
71 -3.112574298160e+03
72 -3.112563696084e+03
73 -3.112553023211e+03
74 -3.112542293628e+03
75 -3.112531521314e+03
76 -3.112520720078e+03
77 -3.112509903557e+03
78 -3.112499085243e+03
79 -3.112488278553e+03
80 -3.112477496908e+03
81 -3.112466755567e+03
82 -3.112456064720e+03
83 -3.112445439979e+03
84 -3.112434895421e+03
85 -3.112424445281e+03
86 -3.112414103884e+03
87 -3.112403885535e+03
88 -3.112393804397e+03
89 -3.112383874362e+03
90 -3.112374108921e+03
91 -3.112364523165e+03
92 -3.112355125235e+03
93 -3.112345928943e+03
94 -3.112336945268e+03
95 -3.112328184461e+03
96 -3.112319656047e+03
97 -3.112311368850e+03
98 -3.112303331022e+03
99 -3.112295550073e+03
100 -3.112288032902e+03
101 -3.112280788361e+03
102 -3.112273817053e+03
103 -3.112267126629e+03
104 -3.112260721552e+03
105 -3.112254605610e+03
106 -3.112248781869e+03
107 -3.112243252620e+03
108 -3.112238019337e+03
109 -3.112233082631e+03
110 -3.112228442224e+03
111 -3.112224099984e+03
112 -3.112220047691e+03
113 -3.112216285414e+03
114 -3.112212809276e+03
115 -3.112209614551e+03
116 -3.112206695692e+03
117 -3.112204046366e+03
118 -3.112201659478e+03
119 -3.112199527200e+03
120 -3.112197640991e+03
121 -3.112195995228e+03
122 -3.112194572742e+03
123 -3.112193366582e+03
124 -3.112192365528e+03
125 -3.112191557742e+03
126 -3.112190930773e+03
127 -3.112190471536e+03
128 -3.112190166334e+03
129 -3.112190000889e+03
130 -3.112189960361e+03
131 -3.112190033566e+03
132 -3.112190196230e+03
133 -3.112190436248e+03
134 -3.112190736914e+03
135 -3.112191081194e+03
136 -3.112191451773e+03
137 -3.112191831108e+03
138 -3.112192201458e+03
139 -3.112192544917e+03
140 -3.112192843433e+03
141 -3.112193083538e+03
142 -3.112193237476e+03
143 -3.112193291580e+03
144 -3.112193227379e+03
145 -3.112193026367e+03
146 -3.112192670041e+03
147 -3.112192139945e+03
148 -3.112191417727e+03
149 -3.112190485189e+03
150 -3.112189324347e+03
151 -3.112187922595e+03
152 -3.112186252256e+03
153 -3.112184301385e+03
154 -3.112182053268e+03
155 -3.112179491586e+03
156 -3.112176600426e+03
157 -3.112173364299e+03
158 -3.112169768149e+03
159 -3.112165797364e+03
160 -3.112161437797e+03
161 -3.112156681124e+03
162 -3.112151503539e+03
163 -3.112145897825e+03
164 -3.112139852043e+03
165 -3.112133354931e+03
166 -3.112126395963e+03
167 -3.112118965408e+03
168 -3.112111054380e+03
169 -3.112102654878e+03
170 -3.112093759826e+03
171 -3.112084368453e+03
172 -3.112074464861e+03
173 -3.112064050227e+03
174 -3.112053121337e+03
175 -3.112041675968e+03
176 -3.112029712882e+03
177 -3.112017231839e+03
178 -3.112004233594e+03
179 -3.111990719903e+03
180 -3.111976693528e+03
181 -3.111962163552e+03
182 -3.111947124118e+03
183 -3.111931586352e+03
184 -3.111915557103e+03
185 -3.111899044288e+03
186 -3.111882056919e+03
187 -3.111864605140e+03
188 -3.111846700254e+03
189 -3.111828354740e+03
190 -3.111809582258e+03
191 -3.111790402983e+03
192 -3.111770822169e+03
193 -3.111750862205e+03
194 -3.111730541143e+03
195 -3.111709877981e+03
196 -3.111688892597e+03
197 -3.111667605680e+03
198 -3.111646038676e+03
199 -3.111624213740e+03
200 -3.111602153693e+03
201 -3.111579887577e+03
202 -3.111557428234e+03
203 -3.111534805867e+03
204 -3.111512045608e+03
205 -3.111489173086e+03
206 -3.111466214395e+03
207 -3.111443196061e+03
208 -3.111420144996e+03
209 -3.111397088458e+03
210 -3.111374053979e+03
211 -3.111351075427e+03
212 -3.111328168389e+03
213 -3.111305366883e+03
214 -3.111282698708e+03
215 -3.111260191476e+03
216 -3.111237872510e+03
217 -3.111215768750e+03
218 -3.111193906666e+03
219 -3.111172312181e+03
220 -3.111151010598e+03
221 -3.111130033449e+03
222 -3.111109390789e+03
223 -3.111089112645e+03
224 -3.111069221288e+03
225 -3.111049738113e+03
226 -3.111030683605e+03
227 -3.111012077304e+03
228 -3.110993937775e+03
229 -3.110976282580e+03
230 -3.110959128251e+03
231 -3.110942498090e+03
232 -3.110926390760e+03
233 -3.110910827351e+03
234 -3.110895819890e+03
235 -3.110881379156e+03
236 -3.110867514605e+03
237 -3.110854234308e+03
238 -3.110841544886e+03
239 -3.110829451458e+03
240 -3.110817957609e+03
241 -3.110807074321e+03
242 -3.110796784195e+03
243 -3.110787095219e+03
244 -3.110778004889e+03
245 -3.110769509191e+03
246 -3.110761602655e+03
247 -3.110754278405e+03
248 -3.110747528194e+03
249 -3.110741342467e+03
250 -3.110735710434e+03
251 -3.110730630468e+03
252 -3.110726068682e+03
253 -3.110722021189e+03
254 -3.110718472597e+03
255 -3.110715406451e+03
256 -3.110712805260e+03
257 -3.110710650513e+03
258 -3.110708922689e+03
259 -3.110707601285e+03
260 -3.110706664834e+03
261 -3.110706103062e+03
262 -3.110705868459e+03
263 -3.110705949146e+03
264 -3.110706320398e+03
265 -3.110706956893e+03
266 -3.110707832786e+03
267 -3.110708921779e+03
268 -3.110710197225e+03
269 -3.110711632187e+03
270 -3.110713199480e+03
271 -3.110714885795e+03
272 -3.110716635512e+03
273 -3.110718435206e+03
274 -3.110720257328e+03
275 -3.110722074335e+03
276 -3.110723858739e+03
277 -3.110725583129e+03
278 -3.110727220218e+03
279 -3.110728742874e+03
280 -3.110730124171e+03
281 -3.110731353414e+03
282 -3.110732372239e+03
283 -3.110733170682e+03
284 -3.110733723177e+03
285 -3.110734004641e+03
286 -3.110733990530e+03
287 -3.110733656885e+03
288 -3.110732980375e+03
289 -3.110731938326e+03
290 -3.110730508753e+03
291 -3.110728688302e+03
292 -3.110726420526e+03
293 -3.110723703593e+03
294 -3.110720518465e+03
295 -3.110716846897e+03
296 -3.110712671461e+03
297 -3.110707975586e+03
298 -3.110702743598e+03
299 -3.110696960758e+03
300 -3.110690613313e+03
301 -3.110683708748e+03
302 -3.110676194956e+03
303 -3.110668081654e+03
304 -3.110659359463e+03
305 -3.110650020175e+03
306 -3.110640056784e+03
307 -3.110629463485e+03
308 -3.110618235678e+03
309 -3.110606369967e+03
310 -3.110593864146e+03
311 -3.110580740226e+03
312 -3.110566952280e+03
313 -3.110552524765e+03
314 -3.110537460293e+03
315 -3.110521762745e+03
316 -3.110505437319e+03
317 -3.110488490579e+03
318 -3.110470930504e+03
319 -3.110452766527e+03
320 -3.110434009563e+03
321 -3.110414698119e+03
322 -3.110394793825e+03
323 -3.110374338205e+03
324 -3.110353348049e+03
325 -3.110331841546e+03
326 -3.110309838223e+03
327 -3.110287358900e+03
328 -3.110264425633e+03
329 -3.110241061657e+03
330 -3.110217291328e+03
331 -3.110193168837e+03
332 -3.110168663009e+03
333 -3.110143830097e+03
334 -3.110118698436e+03
335 -3.110093297250e+03
336 -3.110067656623e+03
337 -3.110041807461e+03
338 -3.110015781453e+03
339 -3.109989611022e+03
340 -3.109963329259e+03
341 -3.109937000341e+03
342 -3.109910597363e+03
343 -3.109884185465e+03
344 -3.109857799466e+03
345 -3.109831474322e+03
346 -3.109805244996e+03
347 -3.109779146332e+03
348 -3.109753212938e+03
349 -3.109727479069e+03
350 -3.109701978526e+03
351 -3.109676775923e+03
352 -3.109651841040e+03
353 -3.109627237216e+03
354 -3.109602995533e+03
355 -3.109579146209e+03
356 -3.109555718529e+03
357 -3.109532740784e+03
358 -3.109510240202e+03
359 -3.109488242887e+03
360 -3.109466773741e+03
361 -3.109445888481e+03
362 -3.109425545112e+03
363 -3.109405796642e+03
364 -3.109386662396e+03
365 -3.109368160113e+03
366 -3.109350305894e+03
367 -3.109333114153e+03
368 -3.109316597585e+03
369 -3.109300767133e+03
370 -3.109285631968e+03
371 -3.109271232783e+03
372 -3.109257508513e+03
373 -3.109244496461e+03
374 -3.109232198892e+03
375 -3.109220616485e+03
376 -3.109209748374e+03
377 -3.109199592183e+03
378 -3.109190144035e+03
379 -3.109181398575e+03
380 -3.109173348976e+03
381 -3.109166021953e+03
382 -3.109159337739e+03
383 -3.109153320308e+03
384 -3.109147957263e+03
385 -3.109143234839e+03
386 -3.109139138064e+03
387 -3.109135650650e+03
388 -3.109132755511e+03
389 -3.109130434357e+03
390 -3.109128667915e+03
391 -3.109127472735e+03
392 -3.109126754514e+03
393 -3.109126528376e+03
394 -3.109126772049e+03
395 -3.109127462627e+03
396 -3.109128576603e+03
397 -3.109130089888e+03
398 -3.109131977812e+03
399 -3.109134215120e+03
400 -3.109136775970e+03
401 -3.109139671958e+03
402 -3.109142800055e+03
403 -3.109146170875e+03
404 -3.109149756468e+03
405 -3.109153528451e+03
406 -3.109157458059e+03
407 -3.109161516197e+03
408 -3.109165673507e+03
409 -3.109169900427e+03
410 -3.109174167270e+03
411 -3.109178483237e+03
412 -3.109182740643e+03
413 -3.109186948903e+03
414 -3.109191078580e+03
415 -3.109195100487e+03
416 -3.109198985753e+03
417 -3.109202705891e+03
418 -3.109206232859e+03
419 -3.109209539126e+03
420 -3.109212597724e+03
421 -3.109215421603e+03
422 -3.109217906435e+03
423 -3.109220066677e+03
424 -3.109221878217e+03
425 -3.109223317798e+03
426 -3.109224363072e+03
427 -3.109224992642e+03
428 -3.109225186099e+03
429 -3.109224924050e+03
430 -3.109224188138e+03
431 -3.109222999825e+03
432 -3.109221265249e+03
433 -3.109219008043e+03
434 -3.109216214053e+03
435 -3.109212870171e+03
436 -3.109208964324e+03
437 -3.109204485476e+03
438 -3.109199423613e+03
439 -3.109193769748e+03
440 -3.109187515917e+03
441 -3.109180692798e+03
442 -3.109173219213e+03
443 -3.109165127956e+03
444 -3.109156415215e+03
445 -3.109147078243e+03
446 -3.109137115371e+03
447 -3.109126526013e+03
448 -3.109115310674e+03
449 -3.109103470957e+03
450 -3.109091009559e+03
451 -3.109077967087e+03
452 -3.109064274826e+03
453 -3.109049975644e+03
454 -3.109035076734e+03
455 -3.109019586469e+03
456 -3.109003514437e+03
457 -3.108986871478e+03
458 -3.108969669717e+03
459 -3.108951922597e+03
460 -3.108933644902e+03
461 -3.108914890225e+03
462 -3.108895601151e+03
463 -3.108875834011e+03
464 -3.108855609029e+03
465 -3.108834947763e+03
466 -3.108813873084e+03
467 -3.108792409132e+03
468 -3.108770581277e+03
469 -3.108748416053e+03
470 -3.108725941099e+03
471 -3.108703224671e+03
472 -3.108680217169e+03
473 -3.108656988657e+03
474 -3.108633570355e+03
475 -3.108609994159e+03
476 -3.108586292544e+03
477 -3.108562498469e+03
478 -3.108538645280e+03
479 -3.108514766613e+03
480 -3.108490896283e+03
481 -3.108467109440e+03
482 -3.108443357375e+03
483 -3.108419715039e+03
484 -3.108396215821e+03
485 -3.108372892713e+03
486 -3.108349778190e+03
487 -3.108326904106e+03
488 -3.108304301590e+03
489 -3.108282000955e+03
490 -3.108260031604e+03
491 -3.108238461815e+03
492 -3.108217239219e+03
493 -3.108196429934e+03
494 -3.108176059048e+03
495 -3.108156150447e+03
496 -3.108136726773e+03
497 -3.108117809398e+03
498 -3.108099418382e+03
499 -3.108081572440e+03
500 -3.108064288923e+03
501 -3.108047619310e+03
502 -3.108031507331e+03
503 -3.108016001861e+03
504 -3.108001115024e+03
505 -3.107986857683e+03
506 -3.107973239453e+03
507 -3.107960268723e+03
508 -3.107947952679e+03
509 -3.107936297265e+03
510 -3.107925307199e+03
511 -3.107915018606e+03
512 -3.107905369304e+03
513 -3.107896392788e+03
514 -3.107888089563e+03
515 -3.107880458967e+03
516 -3.107873498910e+03
517 -3.107867206479e+03
518 -3.107861577660e+03
519 -3.107856607281e+03
520 -3.107852289005e+03
521 -3.107848650754e+03
522 -3.107845612887e+03
523 -3.107843200863e+03
524 -3.107841403402e+03
525 -3.107840207902e+03
526 -3.107839600413e+03
527 -3.107839565623e+03
528 -3.107840086853e+03
529 -3.107841146076e+03
530 -3.107842723935e+03
531 -3.107844843292e+03
532 -3.107847395208e+03
533 -3.107850400176e+03
534 -3.107853834033e+03
535 -3.107857671579e+03
536 -3.107861886649e+03
537 -3.107866452195e+03
538 -3.107871340368e+03
539 -3.107876522617e+03
540 -3.107881969777e+03
541 -3.107887700894e+03
542 -3.107893588399e+03
543 -3.107899650701e+03
544 -3.107905857230e+03
545 -3.107912177310e+03
546 -3.107918580252e+03
547 -3.107925035440e+03
548 -3.107931512417e+03
549 -3.107937980972e+03
550 -3.107944411223e+03
551 -3.107950818366e+03
552 -3.107957084047e+03
553 -3.107963224568e+03
554 -3.107969212173e+03
555 -3.107975019823e+03
556 -3.107980621257e+03
557 -3.107985991042e+03
558 -3.107991104612e+03
559 -3.107995938293e+03
560 -3.108000469330e+03
561 -3.108004711571e+03
562 -3.108008572718e+03
563 -3.108012068435e+03
564 -3.108015179599e+03
565 -3.108017887968e+03
566 -3.108020176169e+03
567 -3.108022027672e+03
568 -3.108023426774e+03
569 -3.108024358574e+03
570 -3.108024808950e+03
571 -3.108024797867e+03
572 -3.108024246093e+03
573 -3.108023175056e+03
574 -3.108021573614e+03
575 -3.108019431355e+03
576 -3.108016738597e+03
577 -3.108013486399e+03
578 -3.108009666569e+03
579 -3.108005271687e+03
580 -3.108000295130e+03
581 -3.107994774680e+03
582 -3.107988618278e+03
583 -3.107981865476e+03
584 -3.107974513231e+03
585 -3.107966559521e+03
586 -3.107958003401e+03
587 -3.107948845056e+03
588 -3.107939085859e+03
589 -3.107928728417e+03
590 -3.107917776629e+03
591 -3.107906295931e+03
592 -3.107894172487e+03
593 -3.107881474562e+03
594 -3.107868211638e+03
595 -3.107854394682e+03
596 -3.107840036168e+03
597 -3.107825150084e+03
598 -3.107809751941e+03
599 -3.107793858751e+03
600 -3.107777489013e+03
601 -3.107760733268e+03
602 -3.107743471609e+03
603 -3.107725797401e+03
604 -3.107707734643e+03
605 -3.107689308566e+03
606 -3.107670545562e+03
607 -3.107651473106e+03
608 -3.107632119678e+03
609 -3.107612514667e+03
610 -3.107592688269e+03
611 -3.107572740193e+03
612 -3.107552564233e+03
613 -3.107532261164e+03
614 -3.107511863204e+03
615 -3.107491402739e+03
616 -3.107470912169e+03
617 -3.107450423769e+03
618 -3.107429969541e+03
619 -3.107409581080e+03
620 -3.107389289436e+03
621 -3.107369187308e+03
622 -3.107349179677e+03
623 -3.107329357607e+03
624 -3.107309748895e+03
625 -3.107290380336e+03
626 -3.107271277685e+03
627 -3.107252465642e+03
628 -3.107233967852e+03
629 -3.107215806920e+03
630 -3.107198004439e+03
631 -3.107180643928e+03
632 -3.107163619217e+03
633 -3.107147011962e+03
634 -3.107130840030e+03
635 -3.107115120438e+03
636 -3.107099869394e+03
637 -3.107085102329e+03
638 -3.107070833923e+03
639 -3.107057078123e+03
640 -3.107043848143e+03
641 -3.107031229598e+03
642 -3.107019087945e+03
643 -3.107007507421e+03
644 -3.106996498416e+03
645 -3.106986070637e+03
646 -3.106976233075e+03
647 -3.106966993957e+03
648 -3.106958360674e+03
649 -3.106950339705e+03
650 -3.106942936525e+03
651 -3.106936239450e+03
652 -3.106930083697e+03
653 -3.106924555169e+03
654 -3.106919654357e+03
655 -3.106915380257e+03
656 -3.106911730287e+03
657 -3.106908700215e+03
658 -3.106906284117e+03
659 -3.106904474351e+03
660 -3.106903261550e+03
661 -3.106902720530e+03
662 -3.106902666656e+03
663 -3.106903171580e+03
664 -3.106904219472e+03
665 -3.106905793101e+03
666 -3.106907873946e+03
667 -3.106910442302e+03
668 -3.106913477403e+03
669 -3.106916957531e+03
670 -3.106920860127e+03
671 -3.106925242609e+03
672 -3.106929919485e+03
673 -3.106934947012e+03
674 -3.106940300144e+03
675 -3.106945953400e+03
676 -3.106951880929e+03
677 -3.106958056587e+03
678 -3.106964454015e+03
679 -3.106971046727e+03
680 -3.106977808193e+03
681 -3.106984789946e+03
682 -3.106991809537e+03
683 -3.106998918937e+03
684 -3.107006092338e+03
685 -3.107013304316e+03
686 -3.107020529894e+03
687 -3.107027744588e+03
688 -3.107034924453e+03
689 -3.107042046104e+03
690 -3.107049086737e+03
691 -3.107056106180e+03
692 -3.107062918628e+03
693 -3.107069585153e+03
694 -3.107076085271e+03
695 -3.107082399067e+03
696 -3.107088507191e+03
697 -3.107094390858e+03
698 -3.107100031838e+03
699 -3.107105412452e+03
700 -3.107110515562e+03
701 -3.107115411079e+03
702 -3.107119909840e+03
703 -3.107124082906e+03
704 -3.107127915268e+03
705 -3.107131392429e+03
706 -3.107134500397e+03
707 -3.107137225684e+03
708 -3.107139555297e+03
709 -3.107141476735e+03
710 -3.107142977990e+03
711 -3.107144130850e+03
712 -3.107144757655e+03
713 -3.107144931278e+03
714 -3.107144641783e+03
715 -3.107143879810e+03
716 -3.107142636610e+03
717 -3.107140904077e+03
718 -3.107138674794e+03
719 -3.107135942068e+03
720 -3.107132699974e+03
721 -3.107129017650e+03
722 -3.107124742313e+03
723 -3.107119944847e+03
724 -3.107114622800e+03
725 -3.107108774682e+03
726 -3.107102400001e+03
727 -3.107095499297e+03
728 -3.107088074173e+03
729 -3.107080127334e+03
730 -3.107071662620e+03
731 -3.107062756286e+03
732 -3.107053272093e+03
733 -3.107043288763e+03
734 -3.107032815086e+03
735 -3.107021861194e+03
736 -3.107010438584e+03
737 -3.106998560143e+03
738 -3.106986240157e+03
739 -3.106973494302e+03
740 -3.106960339623e+03
741 -3.106946876611e+03
742 -3.106932960664e+03
743 -3.106918694748e+03
744 -3.106904100827e+03
745 -3.106889201886e+03
746 -3.106874021830e+03
747 -3.106858585374e+03
748 -3.106842917935e+03
749 -3.106827045521e+03
750 -3.106810994621e+03
751 -3.106794889871e+03
752 -3.106778562823e+03
753 -3.106762138559e+03
754 -3.106745644435e+03
755 -3.106729107778e+03
756 -3.106712555788e+03
757 -3.106696015449e+03
758 -3.106679513439e+03
759 -3.106663076041e+03
760 -3.106646729054e+03
761 -3.106630596250e+03
762 -3.106614505109e+03
763 -3.106598578006e+03
764 -3.106582837993e+03
765 -3.106567307284e+03
766 -3.106552007238e+03
767 -3.106536958345e+03
768 -3.106522180249e+03
769 -3.106507691767e+03
770 -3.106493510927e+03
771 -3.106479734674e+03
772 -3.106466220257e+03
773 -3.106453063139e+03
774 -3.106440278478e+03
775 -3.106427880745e+03
776 -3.106415883718e+03
777 -3.106404300478e+03
778 -3.106393143395e+03
779 -3.106382424124e+03
780 -3.106372153590e+03
781 -3.106362406312e+03
782 -3.106353063087e+03
783 -3.106344196868e+03
784 -3.106335815556e+03
785 -3.106327926259e+03
786 -3.106320535290e+03
787 -3.106313648157e+03
788 -3.106307269553e+03
789 -3.106301403353e+03
790 -3.106296052601e+03
791 -3.106291297979e+03
792 -3.106286983769e+03
793 -3.106283188891e+03
794 -3.106279912808e+03
795 -3.106277153980e+03
796 -3.106274909824e+03
797 -3.106273176653e+03
798 -3.106271949637e+03
799 -3.106271222754e+03
800 -3.106270988759e+03
801 -3.106271355153e+03
802 -3.106272079984e+03
803 -3.106273268404e+03
804 -3.106274908177e+03
805 -3.106276985884e+03
806 -3.106279486985e+03
807 -3.106282395897e+03
808 -3.106285696082e+03
809 -3.106289370147e+03
810 -3.106293399946e+03
811 -3.106297902690e+03
812 -3.106302586756e+03
813 -3.106307568535e+03
814 -3.106312827803e+03
815 -3.106318344017e+03
816 -3.106324096370e+03
817 -3.106330063844e+03
818 -3.106336225248e+03
819 -3.106342559258e+03
820 -3.106349044448e+03
821 -3.106355766592e+03
822 -3.106362489579e+03
823 -3.106369299209e+03
824 -3.106376174026e+03
825 -3.106383092682e+03
826 -3.106390033993e+03
827 -3.106396976991e+03
828 -3.106403900974e+03
829 -3.106410785561e+03
830 -3.106417610728e+03
831 -3.106424409575e+03
832 -3.106431057569e+03
833 -3.106437588600e+03
834 -3.106443984427e+03
835 -3.106450227321e+03
836 -3.106456300076e+03
837 -3.106462186030e+03
838 -3.106467869072e+03
839 -3.106473333651e+03
840 -3.106478564790e+03
841 -3.106483573812e+03
842 -3.106488295578e+03
843 -3.106492742475e+03
844 -3.106496901893e+03
845 -3.106500761838e+03
846 -3.106504310924e+03
847 -3.106507538374e+03
848 -3.106510434010e+03
849 -3.106512988242e+03
850 -3.106515192045e+03
851 -3.106517089686e+03
852 -3.106518567844e+03
853 -3.106519671738e+03
854 -3.106520394443e+03
855 -3.106520729525e+03
856 -3.106520671029e+03
857 -3.106520213481e+03
858 -3.106519351891e+03
859 -3.106518081767e+03
860 -3.106516399129e+03
861 -3.106514410237e+03
862 -3.106511892783e+03
863 -3.106508954207e+03
864 -3.106505592856e+03
865 -3.106501807745e+03
866 -3.106497598587e+03
867 -3.106492965836e+03
868 -3.106487910719e+03
869 -3.106482435274e+03
870 -3.106476542383e+03
871 -3.106470380347e+03
872 -3.106463664677e+03
873 -3.106456545599e+03
874 -3.106449029671e+03
875 -3.106441124421e+03
876 -3.106432838352e+03
877 -3.106424180945e+03
878 -3.106415162644e+03
879 -3.106405794834e+03
880 -3.106396089812e+03
881 -3.106386192803e+03
882 -3.106375853701e+03
883 -3.106365219230e+03
884 -3.106354304765e+03
885 -3.106343126266e+03
886 -3.106331700193e+03
887 -3.106320043425e+03
888 -3.106308173165e+03
889 -3.106296106863e+03
890 -3.106283862132e+03
891 -3.106271558093e+03
892 -3.106259009826e+03
893 -3.106246336259e+03
894 -3.106233555013e+03
895 -3.106220683607e+03
896 -3.106207739434e+03
897 -3.106194739755e+03
898 -3.106181701690e+03
899 -3.106168642211e+03
900 -3.106155578142e+03
901 -3.106142622124e+03
902 -3.106129598794e+03
903 -3.106116620272e+03
904 -3.106103702612e+03
905 -3.106090861622e+03
906 -3.106078112851e+03
907 -3.106065471570e+03
908 -3.106052952761e+03
909 -3.106040571114e+03
910 -3.106028341016e+03
911 -3.106016402003e+03
912 -3.106004516882e+03
913 -3.105992824611e+03
914 -3.105981338355e+03
915 -3.105970070981e+03
916 -3.105959035074e+03
917 -3.105948242951e+03
918 -3.105937706685e+03
919 -3.105927438124e+03
920 -3.105917448905e+03
921 -3.105907907975e+03
922 -3.105898511347e+03
923 -3.105889427731e+03
924 -3.105880667918e+03
925 -3.105872242425e+03
926 -3.105864161453e+03
927 -3.105856434818e+03
928 -3.105849071889e+03
929 -3.105842081498e+03
930 -3.105835471859e+03
931 -3.105829405036e+03
932 -3.105823578441e+03
933 -3.105818152581e+03
934 -3.105813132283e+03
935 -3.105808521324e+03
936 -3.105804322354e+03
937 -3.105800536843e+03
938 -3.105797165034e+03
939 -3.105794205908e+03
940 -3.105791657165e+03
941 -3.105789636995e+03
942 -3.105787896943e+03
943 -3.105786552724e+03
944 -3.105785597047e+03
945 -3.105785021485e+03
946 -3.105784816537e+03
947 -3.105784971706e+03
948 -3.105785475582e+03
949 -3.105786315924e+03
950 -3.105787479750e+03
951 -3.105789052421e+03
952 -3.105790821781e+03
953 -3.105792872126e+03
954 -3.105795188409e+03
955 -3.105797755279e+03
956 -3.105800557152e+03
957 -3.105803578276e+03
958 -3.105806802787e+03
959 -3.105810214757e+03
960 -3.105813798240e+03
961 -3.105817648880e+03
962 -3.105821527690e+03
963 -3.105825530399e+03
964 -3.105829641323e+03
965 -3.105833844919e+03
966 -3.105838125801e+03
967 -3.105842468762e+03
968 -3.105846858787e+03
969 -3.105851281070e+03
970 -3.105855721027e+03
971 -3.105860309200e+03
972 -3.105864741690e+03
973 -3.105869149559e+03
974 -3.105873519243e+03
975 -3.105877837463e+03
976 -3.105882091231e+03
977 -3.105886267856e+03
978 -3.105890354943e+03
979 -3.105894340396e+03
980 -3.105898212407e+03
981 -3.105902120770e+03
982 -3.105905731568e+03
983 -3.105909195184e+03
984 -3.105912500889e+03
985 -3.105915638192e+03
986 -3.105918596823e+03
987 -3.105921366724e+03
988 -3.105923938034e+03
989 -3.105926301093e+03
990 -3.105928446436e+03
991 -3.105930509830e+03
992 -3.105932192171e+03
993 -3.105933629650e+03
994 -3.105934813668e+03
995 -3.105935735881e+03
996 -3.105936388209e+03
997 -3.105936762853e+03
998 -3.105936852313e+03
999 -3.105936649397e+03
1000 -3.105936147238e+03
1001 -3.105935460868e+03
1002 -3.105934341041e+03
1003 -3.105932903442e+03
1004 -3.105931142629e+03
1005 -3.105929053548e+03
1006 -3.105926631545e+03
1007 -3.105923872383e+03
1008 -3.105920772258e+03
1009 -3.105917327820e+03
1010 -3.105913536193e+03
1011 -3.105909516694e+03
1012 -3.105905024121e+03
1013 -3.105900178772e+03
1014 -3.105894979861e+03
1015 -3.105889427153e+03
1016 -3.105883520969e+03
1017 -3.105877262182e+03
1018 -3.105870652207e+03
1019 -3.105863692988e+03
1020 -3.105856386988e+03
1021 -3.105848877661e+03
1022 -3.105840887548e+03
1023 -3.105832560957e+03
1024 -3.105823902252e+03
1025 -3.105814916247e+03
1026 -3.105805608202e+03
1027 -3.105795983831e+03
1028 -3.105786049305e+03
1029 -3.105775811263e+03
1030 -3.105765276830e+03
1031 -3.105754595184e+03
1032 -3.105743491497e+03
1033 -3.105732115844e+03
1034 -3.105720477442e+03
1035 -3.105708586072e+03
1036 -3.105696452102e+03
1037 -3.105684086486e+03
1038 -3.105671500775e+03
1039 -3.105658707117e+03
1040 -3.105645718248e+03
1041 -3.105632655552e+03
1042 -3.105619316973e+03
1043 -3.105605824792e+03
1044 -3.105592193956e+03
1045 -3.105578439917e+03
1046 -3.105564578607e+03
1047 -3.105550626411e+03
1048 -3.105536600132e+03
1049 -3.105522516952e+03
1050 -3.105508394389e+03
1051 -3.105494330340e+03
1052 -3.105480182844e+03
1053 -3.105466049910e+03
1054 -3.105451949785e+03
1055 -3.105437900740e+03
1056 -3.105423921001e+03
1057 -3.105410028693e+03
1058 -3.105396241784e+03
1059 -3.105382578050e+03
1060 -3.105369055031e+03
1061 -3.105355792252e+03
1062 -3.105342602486e+03
1063 -3.105329604433e+03
1064 -3.105316814552e+03
1065 -3.105304249023e+03
1066 -3.105291923746e+03
1067 -3.105279854325e+03
1068 -3.105268056058e+03
1069 -3.105256543899e+03
1070 -3.105245332424e+03
1071 -3.105234593480e+03
1072 -3.105224025446e+03
1073 -3.105213798943e+03
1074 -3.105203926431e+03
1075 -3.105194419651e+03
1076 -3.105185289536e+03
1077 -3.105176546119e+03
1078 -3.105168198446e+03
1079 -3.105160254490e+03
1080 -3.105152721081e+03
1081 -3.105145785870e+03
1082 -3.105139089248e+03
1083 -3.105132816227e+03
1084 -3.105126968602e+03
1085 -3.105121546874e+03
1086 -3.105116550260e+03
1087 -3.105111976708e+03
1088 -3.105107822937e+03
1089 -3.105104084472e+03
1090 -3.105100755690e+03
1091 -3.105097970685e+03
1092 -3.105095440251e+03
1093 -3.105093296235e+03
1094 -3.105091528958e+03
1095 -3.105090127872e+03
1096 -3.105089081613e+03
1097 -3.105088378058e+03
1098 -3.105088004394e+03
1099 -3.105087947177e+03
1100 -3.105088192406e+03
1101 -3.105088802632e+03
1102 -3.105089609151e+03
1103 -3.105090673524e+03
1104 -3.105091980300e+03
1105 -3.105093513853e+03
1106 -3.105095258439e+03
1107 -3.105097198255e+03
1108 -3.105099317486e+03
1109 -3.105101600340e+03
1110 -3.105104031085e+03
1111 -3.105106654095e+03
1112 -3.105109333895e+03
1113 -3.105112114875e+03
1114 -3.105114981677e+03
1115 -3.105117919039e+03
1116 -3.105120911803e+03
1117 -3.105123944909e+03
1118 -3.105127003400e+03
1119 -3.105130072430e+03
1120 -3.105133137273e+03
1121 -3.105136295442e+03
1122 -3.105139308326e+03
1123 -3.105142273696e+03
1124 -3.105145177453e+03
1125 -3.105148005695e+03
1126 -3.105150744723e+03
1127 -3.105153381063e+03
1128 -3.105155901469e+03
1129 -3.105158292940e+03
1130 -3.105160542732e+03
1131 -3.105162829090e+03
1132 -3.105164758282e+03
1133 -3.105166509185e+03
1134 -3.105168070175e+03
1135 -3.105169429937e+03
1136 -3.105170577479e+03
1137 -3.105171502141e+03
1138 -3.105172193615e+03
1139 -3.105172641956e+03
1140 -3.105172837602e+03
1141 -3.105173000073e+03
1142 -3.105172663187e+03
1143 -3.105172047368e+03
1144 -3.105171144707e+03
1145 -3.105169947720e+03
1146 -3.105168449336e+03
1147 -3.105166642889e+03
1148 -3.105164522101e+03
1149 -3.105162081068e+03
1150 -3.105159314240e+03
1151 -3.105156416170e+03
1152 -3.105152982568e+03
1153 -3.105149208505e+03
1154 -3.105145089696e+03
1155 -3.105140622153e+03
1156 -3.105135802182e+03
1157 -3.105130626390e+03
1158 -3.105125091691e+03
1159 -3.105119195323e+03
1160 -3.105112934867e+03
1161 -3.105106453288e+03
1162 -3.105099459157e+03
1163 -3.105092095983e+03
1164 -3.105084362980e+03
1165 -3.105076259857e+03
1166 -3.105067786860e+03
1167 -3.105058944813e+03
1168 -3.105049735164e+03
1169 -3.105040160041e+03
1170 -3.105030222299e+03
1171 -3.105020049510e+03
1172 -3.105009398488e+03
1173 -3.104998398308e+03
1174 -3.104987055272e+03
1175 -3.104975376657e+03
1176 -3.104963370743e+03
1177 -3.104951046818e+03
1178 -3.104938415188e+03
1179 -3.104925487156e+03
1180 -3.104912275005e+03
1181 -3.104898945785e+03
1182 -3.104885206037e+03
1183 -3.104871224496e+03
1184 -3.104857016985e+03
1185 -3.104842600102e+03
1186 -3.104827991161e+03
1187 -3.104813208139e+03
1188 -3.104798269613e+03
1189 -3.104783194687e+03
1190 -3.104768002925e+03
1191 -3.104752910959e+03
1192 -3.104737545626e+03
1193 -3.104722124019e+03
1194 -3.104706666680e+03
1195 -3.104691194163e+03
1196 -3.104675726929e+03
1197 -3.104660285251e+03
1198 -3.104644889114e+03
1199 -3.104629558126e+03
1200 -3.104614311438e+03
1201 -3.104599373878e+03
1202 -3.104584351147e+03
1203 -3.104569466805e+03
1204 -3.104554737669e+03
1205 -3.104540179922e+03
1206 -3.104525809122e+03
1207 -3.104511640217e+03
1208 -3.104497687566e+03
1209 -3.104483964968e+03
1210 -3.104470485693e+03
1211 -3.104457447558e+03
1212 -3.104444492836e+03
1213 -3.104431818294e+03
1214 -3.104419435316e+03
1215 -3.104407354846e+03
1216 -3.104395587385e+03
1217 -3.104384142975e+03
1218 -3.104373031176e+03
1219 -3.104362261038e+03
1220 -3.104351841063e+03
1221 -3.104341953328e+03
1222 -3.104332256892e+03
1223 -3.104322932431e+03
1224 -3.104313985833e+03
1225 -3.104305422232e+03
1226 -3.104297245956e+03
1227 -3.104289460506e+03
1228 -3.104282068521e+03
1229 -3.104275071758e+03
1230 -3.104268471074e+03
1231 -3.104262462940e+03
1232 -3.104256653333e+03
1233 -3.104251236821e+03
1234 -3.104246210532e+03
1235 -3.104241570658e+03
1236 -3.104237312473e+03
1237 -3.104233430361e+03
1238 -3.104229917856e+03
1239 -3.104226767698e+03
1240 -3.104223971900e+03
1241 -3.104221749200e+03
1242 -3.104219635548e+03
1243 -3.104217848653e+03
1244 -3.104216378345e+03
1245 -3.104215214079e+03
1246 -3.104214344978e+03
1247 -3.104213759869e+03
1248 -3.104213447308e+03
1249 -3.104213395592e+03
1250 -3.104213592763e+03
1251 -3.104214244053e+03
1252 -3.104214901991e+03
1253 -3.104215771268e+03
1254 -3.104216838750e+03
1255 -3.104218090957e+03
1256 -3.104219514050e+03
1257 -3.104221093825e+03
1258 -3.104222815721e+03
1259 -3.104224664828e+03
1260 -3.104226625910e+03
1261 -3.104228840554e+03
1262 -3.104230978835e+03
1263 -3.104233181727e+03
1264 -3.104235432992e+03
1265 -3.104237716226e+03
1266 -3.104240014888e+03
1267 -3.104242312338e+03
1268 -3.104244591865e+03
1269 -3.104246836729e+03
1270 -3.104249030189e+03
1271 -3.104251253896e+03
1272 -3.104253294757e+03
1273 -3.104255234383e+03
1274 -3.104257056412e+03
1275 -3.104258744671e+03
1276 -3.104260283209e+03
1277 -3.104261656335e+03
1278 -3.104262848647e+03
1279 -3.104263845067e+03
1280 -3.104264630869e+03
1281 -3.104265289230e+03
1282 -3.104265611366e+03
1283 -3.104265681019e+03
1284 -3.104265485051e+03
1285 -3.104265010750e+03
1286 -3.104264245826e+03
1287 -3.104263178420e+03
1288 -3.104261797104e+03
1289 -3.104260090887e+03
1290 -3.104258049230e+03
1291 -3.104255811366e+03
1292 -3.104253069264e+03
1293 -3.104249962961e+03
1294 -3.104246483891e+03
1295 -3.104242624038e+03
1296 -3.104238375956e+03
1297 -3.104233732790e+03
1298 -3.104228688291e+03
1299 -3.104223236837e+03
1300 -3.104217373452e+03
1301 -3.104211280363e+03
1302 -3.104204580986e+03
1303 -3.104197458833e+03
1304 -3.104189911735e+03
1305 -3.104181938296e+03
1306 -3.104173537921e+03
1307 -3.104164710852e+03
1308 -3.104155458196e+03
1309 -3.104145781967e+03
1310 -3.104135685115e+03
1311 -3.104125333170e+03
1312 -3.104114407952e+03
1313 -3.104103076920e+03
1314 -3.104091347098e+03
1315 -3.104079226588e+03
1316 -3.104066724582e+03
1317 -3.104053851357e+03
1318 -3.104040618272e+03
1319 -3.104027037749e+03
1320 -3.104013123248e+03
1321 -3.103999005115e+03
1322 -3.103984467222e+03
1323 -3.103969641607e+03
1324 -3.103954545508e+03
1325 -3.103939196975e+03
1326 -3.103923614806e+03
1327 -3.103907818463e+03
1328 -3.103891827993e+03
1329 -3.103875663926e+03
1330 -3.103859347180e+03
1331 -3.103843021574e+03
1332 -3.103826463529e+03
1333 -3.103809816684e+03
1334 -3.103793102307e+03
1335 -3.103776341438e+03
1336 -3.103759554756e+03
1337 -3.103742762456e+03
1338 -3.103725984144e+03
1339 -3.103709238748e+03
1340 -3.103692544464e+03
1341 -3.103676103779e+03
1342 -3.103659563651e+03
1343 -3.103643124641e+03
1344 -3.103626802043e+03
1345 -3.103610610600e+03
1346 -3.103594564614e+03
1347 -3.103578678077e+03
1348 -3.103562964803e+03
1349 -3.103547438545e+03
1350 -3.103532113114e+03
1351 -3.103517226968e+03
1352 -3.103502345651e+03
1353 -3.103487707686e+03
1354 -3.103473327771e+03
1355 -3.103459220873e+03
1356 -3.103445402189e+03
1357 -3.103431887098e+03
1358 -3.103418691086e+03
1359 -3.103405829659e+03
1360 -3.103393318232e+03
1361 -3.103381346665e+03
1362 -3.103369580902e+03
1363 -3.103358209558e+03
1364 -3.103347246363e+03
1365 -3.103336704251e+03
1366 -3.103326595211e+03
1367 -3.103316930141e+03
1368 -3.103307718718e+03
1369 -3.103298969289e+03
1370 -3.103290688770e+03
1371 -3.103282957991e+03
1372 -3.103275630293e+03
1373 -3.103268782955e+03
1374 -3.103262416599e+03
1375 -3.103256530245e+03
1376 -3.103251121331e+03
1377 -3.103246185778e+03
1378 -3.103241718054e+03
1379 -3.103237711274e+03
1380 -3.103234157298e+03
1381 -3.103231078605e+03
1382 -3.103228401578e+03
1383 -3.103226146494e+03
1384 -3.103224301318e+03
1385 -3.103222853306e+03
1386 -3.103221789093e+03
1387 -3.103221094772e+03
1388 -3.103220755964e+03
1389 -3.103220757870e+03
1390 -3.103221085310e+03
1391 -3.103221818764e+03
1392 -3.103222750437e+03
1393 -3.103223959974e+03
1394 -3.103225430800e+03
1395 -3.103227145977e+03
1396 -3.103229088187e+03
1397 -3.103231239726e+03
1398 -3.103233582500e+03
1399 -3.103236098024e+03
1400 -3.103238767443e+03
1401 -3.103241789921e+03
1402 -3.103244709202e+03
1403 -3.103247723806e+03
1404 -3.103250813688e+03
1405 -3.103253958626e+03
1406 -3.103257138270e+03
1407 -3.103260332202e+03
1408 -3.103263519997e+03
1409 -3.103266681283e+03
1410 -3.103269795807e+03
1411 -3.103273136599e+03
1412 -3.103276097597e+03
1413 -3.103278952374e+03
1414 -3.103281681752e+03
1415 -3.103284266960e+03
1416 -3.103286689683e+03
1417 -3.103288932107e+03
1418 -3.103290976954e+03
1419 -3.103292807522e+03
1420 -3.103294407715e+03
1421 -3.103296020075e+03
1422 -3.103297113902e+03
1423 -3.103297932969e+03
1424 -3.103298463840e+03
1425 -3.103298693775e+03
1426 -3.103298610729e+03
1427 -3.103298203346e+03
1428 -3.103297460948e+03
1429 -3.103296373519e+03
1430 -3.103294931685e+03
1431 -3.103293288062e+03
1432 -3.103291112035e+03
1433 -3.103288557126e+03
1434 -3.103285616290e+03
1435 -3.103282282997e+03
1436 -3.103278551200e+03
1437 -3.103274415306e+03
1438 -3.103269870151e+03
1439 -3.103264910977e+03
1440 -3.103259533415e+03
1441 -3.103253840275e+03
1442 -3.103247614703e+03
1443 -3.103240959949e+03
1444 -3.103233873205e+03
1445 -3.103226352103e+03
1446 -3.103218394745e+03
1447 -3.103209999750e+03
1448 -3.103201166305e+03
1449 -3.103191894227e+03
1450 -3.103182184035e+03
1451 -3.103172177838e+03
1452 -3.103161596493e+03
1453 -3.103150583538e+03
1454 -3.103139143057e+03
1455 -3.103127280210e+03
1456 -3.103115001294e+03
1457 -3.103102313787e+03
1458 -3.103089226385e+03
1459 -3.103075749015e+03
1460 -3.103061892848e+03
1461 -3.103047883511e+03
1462 -3.103033308552e+03
1463 -3.103018395567e+03
1464 -3.103003160479e+03
1465 -3.102987620295e+03
1466 -3.102971793042e+03
1467 -3.102955697692e+03
1468 -3.102939354093e+03
1469 -3.102922782880e+03
1470 -3.102906005402e+03
1471 -3.102889280408e+03
1472 -3.102872157397e+03
1473 -3.102854895594e+03
1474 -3.102837518427e+03
1475 -3.102820049680e+03
1476 -3.102802513431e+03
1477 -3.102784933993e+03
1478 -3.102767335852e+03
1479 -3.102749743610e+03
1480 -3.102732181918e+03
1481 -3.102714861021e+03
1482 -3.102697434793e+03
1483 -3.102680112677e+03
1484 -3.102662918900e+03
1485 -3.102645877443e+03
1486 -3.102629011998e+03
1487 -3.102612345918e+03
1488 -3.102595902189e+03
1489 -3.102579703389e+03
1490 -3.102563771647e+03
1491 -3.102548249606e+03
1492 -3.102532916648e+03
1493 -3.102517913929e+03
1494 -3.102503261270e+03
1495 -3.102488977734e+03
1496 -3.102475081540e+03
1497 -3.102461589971e+03
1498 -3.102448519268e+03
1499 -3.102435884536e+03
1500 -3.102423699638e+03
1501 -3.102412093113e+03
1502 -3.102400843984e+03
1503 -3.102390077858e+03
1504 -3.102379802741e+03
1505 -3.102370025020e+03
1506 -3.102360749439e+03
1507 -3.102351979106e+03
1508 -3.102343715508e+03
1509 -3.102335958552e+03
1510 -3.102328706600e+03
1511 -3.102322131700e+03
1512 -3.102315878625e+03
1513 -3.102310116837e+03
1514 -3.102304839031e+03
1515 -3.102300036650e+03
1516 -3.102295699972e+03
1517 -3.102291818206e+03
1518 -3.102288379597e+03
1519 -3.102285371536e+03
1520 -3.102282780669e+03
1521 -3.102280819559e+03
1522 -3.102279020277e+03
1523 -3.102277594737e+03
1524 -3.102276527676e+03
1525 -3.102275803608e+03
1526 -3.102275406907e+03
1527 -3.102275321898e+03
1528 -3.102275532927e+03
1529 -3.102276024421e+03
1530 -3.102276780946e+03
1531 -3.102277983838e+03
1532 -3.102279224731e+03
1533 -3.102280685462e+03
1534 -3.102282351374e+03
1535 -3.102284207997e+03
1536 -3.102286241014e+03
1537 -3.102288436229e+03
1538 -3.102290779527e+03
1539 -3.102293256830e+03
1540 -3.102295854060e+03
1541 -3.102298655726e+03
1542 -3.102301450576e+03
1543 -3.102304322782e+03
1544 -3.102307257971e+03
1545 -3.102310241657e+03
1546 -3.102313259235e+03
1547 -3.102316295981e+03
1548 -3.102319337062e+03
1549 -3.102322367540e+03
1550 -3.102325372398e+03
1551 -3.102328363018e+03
1552 -3.102331271673e+03
1553 -3.102334109387e+03
1554 -3.102336861079e+03
1555 -3.102339511730e+03
1556 -3.102342046428e+03
1557 -3.102344450395e+03
1558 -3.102346709027e+03
1559 -3.102348807932e+03
1560 -3.102350732962e+03
1561 -3.102352521093e+03
1562 -3.102354057417e+03
1563 -3.102355379256e+03
1564 -3.102356473788e+03
1565 -3.102357328586e+03
1566 -3.102357931630e+03
1567 -3.102358271301e+03
1568 -3.102358336381e+03
1569 -3.102358116028e+03
1570 -3.102357599758e+03
1571 -3.102356916495e+03
1572 -3.102355778444e+03
1573 -3.102354314798e+03
1574 -3.102352516120e+03
1575 -3.102350373134e+03
1576 -3.102347876677e+03
1577 -3.102345017668e+03
1578 -3.102341787075e+03
1579 -3.102338175897e+03
1580 -3.102334175150e+03
1581 -3.102329968953e+03
1582 -3.102325162415e+03
1583 -3.102319939479e+03
1584 -3.102314291297e+03
1585 -3.102308209114e+03
1586 -3.102301684309e+03
1587 -3.102294708440e+03
1588 -3.102287273295e+03
1589 -3.102279370961e+03
1590 -3.102270993885e+03
1591 -3.102262300354e+03
1592 -3.102252953337e+03
1593 -3.102243111994e+03
1594 -3.102232771168e+03
1595 -3.102221926589e+03
1596 -3.102210575012e+03
1597 -3.102198714353e+03
1598 -3.102186343836e+03
1599 -3.102173464136e+03
1600 -3.102160077517e+03
1601 -3.102146298601e+03
1602 -3.102131912418e+03
1603 -3.102117036918e+03
1604 -3.102101681935e+03
1605 -3.102085859421e+03
1606 -3.102069583501e+03
1607 -3.102052870495e+03
1608 -3.102035738918e+03
1609 -3.102018209449e+03
1610 -3.102000304871e+03
1611 -3.101982155426e+03
1612 -3.101963577544e+03
1613 -3.101944704524e+03
1614 -3.101925566452e+03
1615 -3.101906194853e+03
1616 -3.101886622501e+03
1617 -3.101866883213e+03
1618 -3.101847011634e+03
1619 -3.101827043012e+03
1620 -3.101807012972e+03
1621 -3.101787105535e+03
1622 -3.101767060395e+03
1623 -3.101747060612e+03
1624 -3.101727141015e+03
1625 -3.101707335699e+03
1626 -3.101687677842e+03
1627 -3.101668199533e+03
1628 -3.101648931618e+03
1629 -3.101629903568e+03
1630 -3.101611143362e+03
1631 -3.101592844803e+03
1632 -3.101574698096e+03
1633 -3.101556893262e+03
1634 -3.101539451471e+03
1635 -3.101522392073e+03
1636 -3.101505732590e+03
1637 -3.101489488720e+03
1638 -3.101473674363e+03
1639 -3.101458301662e+03
1640 -3.101443381049e+03
1641 -3.101429050374e+03
1642 -3.101415059062e+03
1643 -3.101401541582e+03
1644 -3.101388502284e+03
1645 -3.101375944241e+03
1646 -3.101363869357e+03
1647 -3.101352278490e+03
1648 -3.101341171573e+03
1649 -3.101330547743e+03
1650 -3.101320405459e+03
1651 -3.101310828101e+03
1652 -3.101301642571e+03
1653 -3.101292930899e+03
1654 -3.101284689785e+03
1655 -3.101276915648e+03
1656 -3.101269604656e+03
1657 -3.101262752732e+03
1658 -3.101256355550e+03
1659 -3.101250408529e+03
1660 -3.101244906815e+03
1661 -3.101239935333e+03
1662 -3.101235309068e+03
1663 -3.101231111717e+03
1664 -3.101227337193e+03
1665 -3.101223979079e+03
1666 -3.101221030616e+03
1667 -3.101218484689e+03
1668 -3.101216333811e+03
1669 -3.101214570091e+03
1670 -3.101213185212e+03
1671 -3.101212297909e+03
1672 -3.101211644358e+03
1673 -3.101211341600e+03
1674 -3.101211379096e+03
1675 -3.101211745610e+03
1676 -3.101212429146e+03
1677 -3.101213416894e+03
1678 -3.101214695185e+03
1679 -3.101216249456e+03
1680 -3.101218064242e+03
1681 -3.101220266767e+03
1682 -3.101222553077e+03
1683 -3.101225048153e+03
1684 -3.101227733104e+03
1685 -3.101230588307e+03
1686 -3.101233593475e+03
1687 -3.101236727734e+03
1688 -3.101239969701e+03
1689 -3.101243297582e+03
1690 -3.101246689252e+03
1691 -3.101250243181e+03
1692 -3.101253695630e+03
1693 -3.101257144475e+03
1694 -3.101260567241e+03
1695 -3.101263941599e+03
1696 -3.101267245439e+03
1697 -3.101270456952e+03
1698 -3.101273554692e+03
1699 -3.101276517641e+03
1700 -3.101279325251e+03
1701 -3.101282061768e+03
1702 -3.101284499415e+03
1703 -3.101286723254e+03
1704 -3.101288714940e+03
1705 -3.101290456711e+03
1706 -3.101291931393e+03
1707 -3.101293122387e+03
1708 -3.101294013668e+03
1709 -3.101294589770e+03
1710 -3.101294835774e+03
1711 -3.101294883369e+03
1712 -3.101294426857e+03
1713 -3.101293598726e+03
1714 -3.101292386195e+03
1715 -3.101290777019e+03
1716 -3.101288759494e+03
1717 -3.101286322469e+03
1718 -3.101283455363e+03
1719 -3.101280148177e+03
1720 -3.101276391519e+03
1721 -3.101272410705e+03
1722 -3.101267729831e+03
1723 -3.101262575187e+03
1724 -3.101256940038e+03
1725 -3.101250818392e+03
1726 -3.101244205033e+03
1727 -3.101237095559e+03
1728 -3.101229486432e+03
1729 -3.101221375021e+03
1730 -3.101212759663e+03
1731 -3.101203930853e+03
1732 -3.101194307240e+03
1733 -3.101184181083e+03
1734 -3.101173555168e+03
1735 -3.101162433545e+03
1736 -3.101150821573e+03
1737 -3.101138725959e+03
1738 -3.101126154795e+03
1739 -3.101113117575e+03
1740 -3.101099625204e+03
1741 -3.101085958589e+03
1742 -3.101071594871e+03
1743 -3.101056817226e+03
1744 -3.101041642201e+03
1745 -3.101026087734e+03
1746 -3.101010173140e+03
1747 -3.100993919085e+03
1748 -3.100977347566e+03
1749 -3.100960481869e+03
1750 -3.100943346524e+03
1751 -3.100926170312e+03
1752 -3.100908574488e+03
1753 -3.100890789334e+03
1754 -3.100872843561e+03
1755 -3.100854766664e+03
1756 -3.100836588789e+03
1757 -3.100818340600e+03
1758 -3.100800053131e+03
1759 -3.100781757636e+03
1760 -3.100763485434e+03
1761 -3.100745435192e+03
1762 -3.100727303511e+03
1763 -3.100709287836e+03
1764 -3.100691418147e+03
1765 -3.100673723705e+03
1766 -3.100656232899e+03
1767 -3.100638973103e+03
1768 -3.100621970544e+03
1769 -3.100605250163e+03
1770 -3.100588835499e+03
1771 -3.100572944139e+03
1772 -3.100557205643e+03
1773 -3.100541833946e+03
1774 -3.100526846033e+03
1775 -3.100512257129e+03
1776 -3.100498080717e+03
1777 -3.100484328573e+03
1778 -3.100471010837e+03
1779 -3.100458136104e+03
1780 -3.100445711530e+03
1781 -3.100433992361e+03
1782 -3.100422484415e+03
1783 -3.100411440556e+03
1784 -3.100400863339e+03
1785 -3.100390754439e+03
1786 -3.100381114724e+03
1787 -3.100371944329e+03
1788 -3.100363242715e+03
1789 -3.100355008719e+03
1790 -3.100347240593e+03
1791 -3.100340191408e+03
1792 -3.100333347537e+03
1793 -3.100326961004e+03
1794 -3.100321027976e+03
1795 -3.100315544136e+03
1796 -3.100310504694e+03
1797 -3.100305904390e+03
1798 -3.100301737505e+03
1799 -3.100297997876e+03
1800 -3.100294678898e+03
1801 -3.100291963162e+03
1802 -3.100289464128e+03
1803 -3.100287363412e+03
1804 -3.100285652752e+03
1805 -3.100284323445e+03
1806 -3.100283366316e+03
1807 -3.100282771678e+03
1808 -3.100282529280e+03
1809 -3.100282628271e+03
1810 -3.100283057166e+03
1811 -3.100283911740e+03
1812 -3.100284963619e+03
1813 -3.100286306958e+03
1814 -3.100287927663e+03
1815 -3.100289811051e+03
1816 -3.100291941904e+03
1817 -3.100294304536e+03
1818 -3.100296882870e+03
1819 -3.100299660518e+03
1820 -3.100302620873e+03
1821 -3.100305825024e+03
1822 -3.100309100801e+03
1823 -3.100312508931e+03
1824 -3.100316032694e+03
1825 -3.100319655484e+03
1826 -3.100323360832e+03
1827 -3.100327132418e+03
1828 -3.100330954072e+03
1829 -3.100334809769e+03
1830 -3.100338683614e+03
1831 -3.100342665167e+03
1832 -3.100346528309e+03
1833 -3.100350362545e+03
1834 -3.100354152356e+03
1835 -3.100357882280e+03
1836 -3.100361536902e+03
1837 -3.100365100844e+03
1838 -3.100368558761e+03
1839 -3.100371895330e+03
1840 -3.100375095254e+03
1841 -3.100378272692e+03
1842 -3.100381153727e+03
1843 -3.100383852389e+03
1844 -3.100386353521e+03
1845 -3.100388642044e+03
1846 -3.100390702992e+03
1847 -3.100392521549e+03
1848 -3.100394083103e+03
1849 -3.100395373300e+03
1850 -3.100396378116e+03
1851 -3.100397183721e+03
1852 -3.100397577606e+03
1853 -3.100397646669e+03
1854 -3.100397378865e+03
1855 -3.100396762815e+03
1856 -3.100395787867e+03
1857 -3.100394444152e+03
1858 -3.100392722630e+03
1859 -3.100390615135e+03
1860 -3.100388114409e+03
1861 -3.100385259210e+03
1862 -3.100381954357e+03
1863 -3.100378240210e+03
1864 -3.100374113383e+03
1865 -3.100369571497e+03
1866 -3.100364613187e+03
1867 -3.100359238107e+03
1868 -3.100353446930e+03
1869 -3.100347241341e+03
1870 -3.100340624033e+03
1871 -3.100333628595e+03
1872 -3.100326200230e+03
1873 -3.100318374097e+03
1874 -3.100310156741e+03
1875 -3.100301555617e+03
1876 -3.100292579053e+03
1877 -3.100283236224e+03
1878 -3.100273537115e+03
1879 -3.100263492485e+03
1880 -3.100253113833e+03
1881 -3.100242485798e+03
1882 -3.100231476748e+03
1883 -3.100220172235e+03
1884 -3.100208586360e+03
1885 -3.100196733797e+03
1886 -3.100184629766e+03
1887 -3.100172289999e+03
1888 -3.100159730713e+03
1889 -3.100146968574e+03
1890 -3.100134020656e+03
1891 -3.100121029866e+03
1892 -3.100107763431e+03
1893 -3.100094364458e+03
1894 -3.100080851207e+03
1895 -3.100067242117e+03
1896 -3.100053555761e+03
1897 -3.100039810803e+03
1898 -3.100026025959e+03
1899 -3.100012219967e+03
1900 -3.099998411552e+03
1901 -3.099984758242e+03
1902 -3.099971001361e+03
1903 -3.099957297843e+03
1904 -3.099943666037e+03
1905 -3.099930124105e+03
1906 -3.099916689970e+03
1907 -3.099903381264e+03
1908 -3.099890215269e+03
1909 -3.099877208858e+03
1910 -3.099864378432e+03
1911 -3.099851868763e+03
1912 -3.099839437789e+03
1913 -3.099827228565e+03
1914 -3.099815255026e+03
1915 -3.099803530378e+03
1916 -3.099792067072e+03
1917 -3.099780876786e+03
1918 -3.099769970420e+03
1919 -3.099759358096e+03
1920 -3.099749049165e+03
1921 -3.099739195871e+03
1922 -3.099729519289e+03
1923 -3.099720169614e+03
1924 -3.099711153195e+03
1925 -3.099702475640e+03
1926 -3.099694141810e+03
1927 -3.099686155817e+03
1928 -3.099678521032e+03
1929 -3.099671240100e+03
1930 -3.099664314972e+03
1931 -3.099657934209e+03
1932 -3.099651724498e+03
1933 -3.099645872746e+03
1934 -3.099640378674e+03
1935 -3.099635241631e+03
1936 -3.099630460666e+03
1937 -3.099626034590e+03
1938 -3.099621962035e+03
1939 -3.099618241489e+03
1940 -3.099614871312e+03
1941 -3.099612066511e+03
1942 -3.099609392016e+03
1943 -3.099607062010e+03
1944 -3.099605074039e+03
1945 -3.099603425251e+03
1946 -3.099602112282e+03
1947 -3.099601131138e+03
1948 -3.099600477081e+03
1949 -3.099600144529e+03
1950 -3.099600126980e+03
1951 -3.099600615825e+03
1952 -3.099601205160e+03
1953 -3.099602083992e+03
1954 -3.099603241824e+03
1955 -3.099604667210e+03
1956 -3.099606347819e+03
1957 -3.099608270511e+03
1958 -3.099610421430e+03
1959 -3.099612786103e+03
1960 -3.099615349550e+03
1961 -3.099618250488e+03
1962 -3.099621165317e+03
1963 -3.099624231997e+03
1964 -3.099627434581e+03
1965 -3.099630757112e+03
1966 -3.099634183687e+03
1967 -3.099637698521e+03
1968 -3.099641285983e+03
1969 -3.099644930636e+03
1970 -3.099648617249e+03
1971 -3.099652460888e+03
1972 -3.099656186776e+03
1973 -3.099659910199e+03
1974 -3.099663616742e+03
1975 -3.099667292156e+03
1976 -3.099670922320e+03
1977 -3.099674493217e+03
1978 -3.099677990909e+03
1979 -3.099681401508e+03
1980 -3.099684711166e+03
1981 -3.099688043751e+03
1982 -3.099691110288e+03
1983 -3.099694034484e+03
1984 -3.099696802616e+03
1985 -3.099699401050e+03
1986 -3.099701816272e+03
1987 -3.099704034956e+03
1988 -3.099706044016e+03
1989 -3.099707830682e+03
1990 -3.099709382573e+03
1991 -3.099710830884e+03
1992 -3.099711878275e+03
1993 -3.099712656762e+03
1994 -3.099713156179e+03
1995 -3.099713367049e+03
1996 -3.099713280624e+03
1997 -3.099712888905e+03
1998 -3.099712184663e+03
1999 -3.099711161451e+03
2000 -3.099709813602e+03
2001 -3.099708253041e+03
2002 -3.099706242415e+03
2003 -3.099703894864e+03
2004 -3.099701207830e+03
2005 -3.099698179508e+03
2006 -3.099694808820e+03
2007 -3.099691095399e+03
2008 -3.099687039566e+03
2009 -3.099682642296e+03
2010 -3.099677905196e+03
2011 -3.099672898871e+03
2012 -3.099667489663e+03
2013 -3.099661748863e+03
2014 -3.099655680211e+03
2015 -3.099649287883e+03
2016 -3.099642576449e+03
2017 -3.099635550847e+03
2018 -3.099628216340e+03
2019 -3.099620578501e+03
2020 -3.099612643188e+03
2021 -3.099604464309e+03
2022 -3.099595953195e+03
2023 -3.099587163734e+03
2024 -3.099578102766e+03
2025 -3.099568777358e+03
2026 -3.099559194800e+03
2027 -3.099549362610e+03
2028 -3.099539288542e+03
2029 -3.099528980596e+03
2030 -3.099518447046e+03
2031 -3.099507787546e+03
2032 -3.099496829487e+03
2033 -3.099485672592e+03
2034 -3.099474326578e+03
2035 -3.099462801658e+03
2036 -3.099451108593e+03
2037 -3.099439258757e+03
2038 -3.099427264187e+03
2039 -3.099415137630e+03
2040 -3.099402892580e+03
2041 -3.099390708645e+03
2042 -3.099378270837e+03
2043 -3.099365759593e+03
2044 -3.099353191432e+03
2045 -3.099340583561e+03
2046 -3.099327953811e+03
2047 -3.099315320571e+03
2048 -3.099302702705e+03
2049 -3.099290119459e+03
2050 -3.099277590366e+03
2051 -3.099265334877e+03
2052 -3.099252974023e+03
2053 -3.099240726555e+03
2054 -3.099228612061e+03
2055 -3.099216649840e+03
2056 -3.099204858767e+03
2057 -3.099193257159e+03
2058 -3.099181862638e+03
2059 -3.099170692008e+03
2060 -3.099159761128e+03
2061 -3.099149243072e+03
2062 -3.099138835769e+03
2063 -3.099128709124e+03
2064 -3.099118874325e+03
2065 -3.099109341264e+03
2066 -3.099100118524e+03
2067 -3.099091213395e+03
2068 -3.099082631912e+03
2069 -3.099074378916e+03
2070 -3.099066458134e+03
2071 -3.099058959408e+03
2072 -3.099051711016e+03
2073 -3.099044800338e+03
2074 -3.099038227732e+03
2075 -3.099031992995e+03
2076 -3.099026095462e+03
2077 -3.099020534084e+03
2078 -3.099015307492e+03
2079 -3.099010414034e+03
2080 -3.099005851799e+03
2081 -3.099001697404e+03
2082 -3.098997791238e+03
2083 -3.098994208799e+03
2084 -3.098990946923e+03
2085 -3.098988002019e+03
2086 -3.098985369999e+03
2087 -3.098983046226e+03
2088 -3.098981025471e+03
2089 -3.098979301881e+03
2090 -3.098977868971e+03
2091 -3.098976875037e+03
2092 -3.098976001749e+03
2093 -3.098975395990e+03
2094 -3.098975048996e+03
2095 -3.098974951573e+03
2096 -3.098975094172e+03
2097 -3.098975466973e+03
2098 -3.098976059959e+03
2099 -3.098976863000e+03
2100 -3.098977865913e+03
2101 -3.098979289314e+03
2102 -3.098980661638e+03
2103 -3.098982203451e+03
2104 -3.098983904787e+03
2105 -3.098985755752e+03
2106 -3.098987746494e+03
2107 -3.098989867159e+03
2108 -3.098992107838e+03
2109 -3.098994458503e+03
2110 -3.098996908939e+03
2111 -3.098999677097e+03
2112 -3.099002295492e+03
2113 -3.099004981194e+03
2114 -3.099007722604e+03
2115 -3.099010507673e+03
2116 -3.099013323880e+03
2117 -3.099016158247e+03
2118 -3.099018997356e+03
2119 -3.099021827396e+03
2120 -3.099024634213e+03
2121 -3.099027578485e+03
2122 -3.099030295526e+03
2123 -3.099032945527e+03
2124 -3.099035513703e+03
2125 -3.099037985317e+03
2126 -3.099040345769e+03
2127 -3.099042580676e+03
2128 -3.099044675962e+03
2129 -3.099046617928e+03
2130 -3.099048393327e+03
2131 -3.099050137010e+03
2132 -3.099051541865e+03
2133 -3.099052743744e+03
2134 -3.099053731776e+03
2135 -3.099054495776e+03
2136 -3.099055026270e+03
2137 -3.099055314502e+03
2138 -3.099055352436e+03
2139 -3.099055132751e+03
2140 -3.099054648827e+03
2141 -3.099054069320e+03
2142 -3.099053040092e+03
2143 -3.099051730772e+03
2144 -3.099050137305e+03
2145 -3.099048256196e+03
2146 -3.099046084477e+03
2147 -3.099043619667e+03
2148 -3.099040859744e+03
2149 -3.099037803105e+03
2150 -3.099034448543e+03
2151 -3.099031008673e+03
2152 -3.099027056556e+03
2153 -3.099022804976e+03
2154 -3.099018254004e+03
2155 -3.099013403954e+03
2156 -3.099008255350e+03
2157 -3.099002808889e+03
2158 -3.098997065408e+03
2159 -3.098991025858e+03
2160 -3.098984691276e+03
2161 -3.098978272254e+03
2162 -3.098971351693e+03
2163 -3.098964139671e+03
2164 -3.098956637543e+03
2165 -3.098948846804e+03
2166 -3.098940769145e+03
2167 -3.098932406520e+03
2168 -3.098923761237e+03
2169 -3.098914836048e+03
2170 -3.098905634263e+03
2171 -3.098896323120e+03
2172 -3.098886581684e+03
2173 -3.098876577963e+03
2174 -3.098866318499e+03
2175 -3.098855810842e+03
2176 -3.098845063608e+03
2177 -3.098834086497e+03
2178 -3.098822890314e+03
2179 -3.098811486954e+03
2180 -3.098799889390e+03
2181 -3.098788232320e+03
2182 -3.098776290349e+03
2183 -3.098764199172e+03
2184 -3.098751975662e+03
2185 -3.098739637529e+03
2186 -3.098727203251e+03
2187 -3.098714692002e+03
2188 -3.098702123556e+03
2189 -3.098689518200e+03
2190 -3.098676896618e+03
2191 -3.098664403721e+03
2192 -3.098651813591e+03
2193 -3.098639270390e+03
2194 -3.098626795066e+03
2195 -3.098614408243e+03
2196 -3.098602130053e+03
2197 -3.098589979978e+03
2198 -3.098577976702e+03
2199 -3.098566137980e+03
2200 -3.098554480536e+03
2201 -3.098543194903e+03
2202 -3.098531946359e+03
2203 -3.098520922440e+03
2204 -3.098510135279e+03
2205 -3.098499595874e+03
2206 -3.098489314129e+03
2207 -3.098479298909e+03
2208 -3.098469558094e+03
2209 -3.098460098636e+03
2210 -3.098450926613e+03
2211 -3.098442276618e+03
2212 -3.098433694739e+03
2213 -3.098425413718e+03
2214 -3.098417436598e+03
2215 -3.098409765775e+03
2216 -3.098402403043e+03
2217 -3.098395349646e+03
2218 -3.098388606338e+03
2219 -3.098382173448e+03
2220 -3.098376050940e+03
2221 -3.098370483973e+03
2222 -3.098364980779e+03
2223 -3.098359786223e+03
2224 -3.098354899367e+03
2225 -3.098350319128e+03
2226 -3.098346044279e+03
2227 -3.098342073434e+03
2228 -3.098338405010e+03
2229 -3.098335037181e+03
2230 -3.098331967816e+03
2231 -3.098329419873e+03
2232 -3.098326938901e+03
2233 -3.098324747459e+03
2234 -3.098322841555e+03
2235 -3.098321216618e+03
2236 -3.098319867495e+03
2237 -3.098318788469e+03
2238 -3.098317973296e+03
2239 -3.098317415262e+03
2240 -3.098317107237e+03
2241 -3.098317250992e+03
2242 -3.098317419719e+03
2243 -3.098317815058e+03
2244 -3.098318428625e+03
2245 -3.098319251734e+03
2246 -3.098320275361e+03
2247 -3.098321490090e+03
2248 -3.098322886052e+03
2249 -3.098324452858e+03
2250 -3.098326179532e+03
2251 -3.098328283960e+03
2252 -3.098330294846e+03
2253 -3.098332428713e+03
2254 -3.098334671883e+03
2255 -3.098337010036e+03
2256 -3.098339428284e+03
2257 -3.098341911264e+03
2258 -3.098344443256e+03
2259 -3.098347008316e+03
2260 -3.098349590406e+03
2261 -3.098352442586e+03
2262 -3.098355011310e+03
2263 -3.098357549717e+03
2264 -3.098360042647e+03
2265 -3.098362475405e+03
2266 -3.098364833816e+03
2267 -3.098367104280e+03
2268 -3.098369273789e+03
2269 -3.098371329953e+03
2270 -3.098373260990e+03
2271 -3.098375327520e+03
2272 -3.098376975784e+03
2273 -3.098378467139e+03
2274 -3.098379792092e+03
2275 -3.098380941643e+03
2276 -3.098381907232e+03
2277 -3.098382680687e+03
2278 -3.098383254159e+03
2279 -3.098383620055e+03
2280 -3.098383770965e+03
2281 -3.098383906634e+03
2282 -3.098383606074e+03
2283 -3.098383068678e+03
2284 -3.098382287073e+03
2285 -3.098381253758e+03
2286 -3.098379961078e+03
2287 -3.098378401207e+03
2288 -3.098376566161e+03
2289 -3.098374447819e+03
2290 -3.098372037963e+03
2291 -3.098369445848e+03
2292 -3.098366428669e+03
2293 -3.098363095305e+03
2294 -3.098359437745e+03
2295 -3.098355448211e+03
2296 -3.098351119230e+03
2297 -3.098346443709e+03
2298 -3.098341415020e+03
2299 -3.098336027077e+03
2300 -3.098330274429e+03
2301 -3.098324232982e+03
2302 -3.098317738193e+03
2303 -3.098310867104e+03
2304 -3.098303617806e+03
2305 -3.098295989557e+03
2306 -3.098287982892e+03
2307 -3.098279599732e+03
2308 -3.098270843484e+03
2309 -3.098261719122e+03
2310 -3.098252233249e+03
2311 -3.098242513668e+03
2312 -3.098232331834e+03
2313 -3.098221818271e+03
2314 -3.098210986192e+03
2315 -3.098199850343e+03
2316 -3.098188426904e+03
2317 -3.098176733366e+03
2318 -3.098164788405e+03
2319 -3.098152611751e+03
2320 -3.098140224053e+03
2321 -3.098127824862e+03
2322 -3.098115080567e+03
2323 -3.098102191473e+03
2324 -3.098089180751e+03
2325 -3.098076071933e+03
2326 -3.098062888803e+03
2327 -3.098049655277e+03
2328 -3.098036395267e+03
2329 -3.098023132538e+03
2330 -3.098009890550e+03
2331 -3.097996890648e+03
2332 -3.097983758865e+03
2333 -3.097970714679e+03
2334 -3.097957778668e+03
2335 -3.097944970302e+03
2336 -3.097932307818e+03
2337 -3.097919808124e+03
2338 -3.097907486734e+03
2339 -3.097895357734e+03
2340 -3.097883433788e+03
2341 -3.097871898870e+03
2342 -3.097860417862e+03
2343 -3.097849171894e+03
2344 -3.097838168636e+03
2345 -3.097827414795e+03
2346 -3.097816916239e+03
2347 -3.097806678113e+03
2348 -3.097796704944e+03
2349 -3.097787000710e+03
2350 -3.097777568909e+03
2351 -3.097768541959e+03
2352 -3.097759663836e+03
2353 -3.097751065954e+03
2354 -3.097742750089e+03
2355 -3.097734717616e+03
2356 -3.097726969517e+03
2357 -3.097719506402e+03
2358 -3.097712328545e+03
2359 -3.097705435907e+03
2360 -3.097698828180e+03
2361 -3.097692609185e+03
2362 -3.097686569338e+03
2363 -3.097680812002e+03
2364 -3.097675335921e+03
2365 -3.097670139578e+03
2366 -3.097665221155e+03
2367 -3.097660578495e+03
2368 -3.097656209056e+03
2369 -3.097652109874e+03
2370 -3.097648277547e+03
2371 -3.097644814020e+03
2372 -3.097641503368e+03
2373 -3.097638446728e+03
2374 -3.097635639086e+03
2375 -3.097633075189e+03
2376 -3.097630749634e+03
2377 -3.097628656976e+03
2378 -3.097626791840e+03
2379 -3.097625149006e+03
2380 -3.097623723488e+03
2381 -3.097622634910e+03
2382 -3.097621630333e+03
2383 -3.097620829768e+03
2384 -3.097620229237e+03
2385 -3.097619824846e+03
2386 -3.097619612671e+03
2387 -3.097619588608e+03
2388 -3.097619748238e+03
2389 -3.097620086682e+03
2390 -3.097620598488e+03
2391 -3.097621438552e+03
2392 -3.097622278349e+03
2393 -3.097623270858e+03
2394 -3.097624407632e+03
2395 -3.097625679459e+03
2396 -3.097627076395e+03
2397 -3.097628587838e+03
2398 -3.097630202598e+03
2399 -3.097631908985e+03
2400 -3.097633694890e+03
2401 -3.097635752472e+03
2402 -3.097637660334e+03
2403 -3.097639609670e+03
2404 -3.097641587447e+03
2405 -3.097643580538e+03
2406 -3.097645575753e+03
2407 -3.097647559870e+03
2408 -3.097649519654e+03
2409 -3.097651441874e+03
2410 -3.097653313318e+03
2411 -3.097655343346e+03
2412 -3.097657074135e+03
2413 -3.097658714701e+03
2414 -3.097660251986e+03
2415 -3.097661672979e+03
2416 -3.097662964713e+03
2417 -3.097664114266e+03
2418 -3.097665108755e+03
2419 -3.097665935342e+03
2420 -3.097666581228e+03
2421 -3.097667228691e+03
2422 -3.097667475303e+03
2423 -3.097667503156e+03
2424 -3.097667299722e+03
2425 -3.097666852583e+03
2426 -3.097666149466e+03
2427 -3.097665178257e+03
2428 -3.097663927037e+03
2429 -3.097662384106e+03
2430 -3.097660538001e+03
2431 -3.097658518478e+03
2432 -3.097656033112e+03
2433 -3.097653211820e+03
2434 -3.097650044265e+03
2435 -3.097646520433e+03
2436 -3.097642630661e+03
2437 -3.097638365678e+03
2438 -3.097633716658e+03
2439 -3.097628675292e+03
2440 -3.097623233878e+03
2441 -3.097617484828e+03
2442 -3.097611223758e+03
2443 -3.097604544314e+03
2444 -3.097597442380e+03
2445 -3.097589915054e+03
2446 -3.097581960769e+03
2447 -3.097573579396e+03
2448 -3.097564772330e+03
2449 -3.097555542559e+03
2450 -3.097545894703e+03
2451 -3.097535924889e+03
2452 -3.097525461775e+03
2453 -3.097514604295e+03
2454 -3.097503363541e+03
2455 -3.097491752101e+03
2456 -3.097479783972e+03
2457 -3.097467474461e+03
2458 -3.097454840079e+03
2459 -3.097441898426e+03
2460 -3.097428668079e+03
2461 -3.097415278378e+03
2462 -3.097401529917e+03
2463 -3.097387553228e+03
2464 -3.097373369700e+03
2465 -3.097359001183e+03
2466 -3.097344469910e+03
2467 -3.097329798413e+03
2468 -3.097315009451e+03
2469 -3.097300125936e+03
2470 -3.097285170865e+03
2471 -3.097270322036e+03
2472 -3.097255293189e+03
2473 -3.097240261638e+03
2474 -3.097225250040e+03
2475 -3.097210280813e+03
2476 -3.097195376072e+03
2477 -3.097180557584e+03
2478 -3.097165846714e+03
2479 -3.097151264381e+03
2480 -3.097136831016e+03
2481 -3.097122769358e+03
2482 -3.097108693996e+03
2483 -3.097094825570e+03
2484 -3.097081182087e+03
2485 -3.097067780804e+03
2486 -3.097054638168e+03
2487 -3.097041769740e+03
2488 -3.097029190128e+03
2489 -3.097016912923e+03
2490 -3.097004950646e+03
2491 -3.096993529167e+03
2492 -3.096982231366e+03
2493 -3.096971279410e+03
2494 -3.096960681393e+03
2495 -3.096950444387e+03
2496 -3.096940574516e+03
2497 -3.096931077043e+03
2498 -3.096921956461e+03
2499 -3.096913216587e+03
2500 -3.096904860642e+03
2501 -3.096897080078e+03
2502 -3.096889501112e+03
2503 -3.096882312722e+03
2504 -3.096875516226e+03
2505 -3.096869112498e+03
2506 -3.096863101940e+03
2507 -3.096857484438e+03
2508 -3.096852259313e+03
2509 -3.096847425258e+03
2510 -3.096842980274e+03
2511 -3.096839100912e+03
2512 -3.096835426037e+03
2513 -3.096832129438e+03
2514 -3.096829205806e+03
2515 -3.096826648945e+03
2516 -3.096824451787e+03
2517 -3.096822606435e+03
2518 -3.096821104226e+03
2519 -3.096819935808e+03
2520 -3.096819091216e+03
2521 -3.096818790809e+03
2522 -3.096818562361e+03
2523 -3.096818624916e+03
2524 -3.096818966800e+03
2525 -3.096819576031e+03
2526 -3.096820440353e+03
2527 -3.096821547254e+03
2528 -3.096822883984e+03
2529 -3.096824437563e+03
2530 -3.096826194778e+03
2531 -3.096828460250e+03
2532 -3.096830584242e+03
2533 -3.096832870846e+03
2534 -3.096835305970e+03
2535 -3.096837875315e+03
2536 -3.096840564397e+03
2537 -3.096843358548e+03
2538 -3.096846242938e+03
2539 -3.096849202591e+03
2540 -3.096852222409e+03
2541 -3.096855646330e+03
2542 -3.096858740942e+03
2543 -3.096861850013e+03
2544 -3.096864958313e+03
2545 -3.096868050684e+03
2546 -3.096871112099e+03
2547 -3.096874127716e+03
2548 -3.096877082943e+03
2549 -3.096879963501e+03
2550 -3.096882755491e+03
2551 -3.096885761785e+03
2552 -3.096888337047e+03
2553 -3.096890784885e+03
2554 -3.096893093444e+03
2555 -3.096895251461e+03
2556 -3.096897248269e+03
2557 -3.096899073791e+03
2558 -3.096900718519e+03
2559 -3.096902173487e+03
2560 -3.096903430227e+03
2561 -3.096904729644e+03
2562 -3.096905566702e+03
2563 -3.096906182724e+03
2564 -3.096906570838e+03
2565 -3.096906724481e+03
2566 -3.096906637369e+03
2567 -3.096906303473e+03
2568 -3.096905717007e+03
2569 -3.096904872408e+03
2570 -3.096903764322e+03
2571 -3.096902620542e+03
2572 -3.096900970543e+03
2573 -3.096899042115e+03
2574 -3.096896830580e+03
2575 -3.096894331376e+03
2576 -3.096891540031e+03
2577 -3.096888452142e+03
2578 -3.096885063373e+03
2579 -3.096881369460e+03
2580 -3.096877366237e+03
2581 -3.096873320252e+03
2582 -3.096868687030e+03
2583 -3.096863733178e+03
2584 -3.096858455590e+03
2585 -3.096852851673e+03
2586 -3.096846919467e+03
2587 -3.096840657769e+03
2588 -3.096834066247e+03
2589 -3.096827145556e+03
2590 -3.096819897428e+03
2591 -3.096812612345e+03
2592 -3.096804720030e+03
2593 -3.096796512652e+03
2594 -3.096787996850e+03
2595 -3.096779180534e+03
2596 -3.096770072862e+03
2597 -3.096760684205e+03
2598 -3.096751026100e+03
2599 -3.096741111196e+03
2600 -3.096730953197e+03
2601 -3.096720813409e+03
2602 -3.096710215400e+03
2603 -3.096699421145e+03
2604 -3.096688447990e+03
2605 -3.096677314036e+03
2606 -3.096666038053e+03
2607 -3.096654639393e+03
2608 -3.096643137875e+03
2609 -3.096631553665e+03
2610 -3.096619907133e+03
2611 -3.096608441329e+03
2612 -3.096596732537e+03
2613 -3.096585022163e+03
2614 -3.096573329845e+03
2615 -3.096561674664e+03
2616 -3.096550075021e+03
2617 -3.096538548537e+03
2618 -3.096527111982e+03
2619 -3.096515781231e+03
2620 -3.096504571250e+03
2621 -3.096493769883e+03
2622 -3.096482843933e+03
2623 -3.096472078419e+03
2624 -3.096461485046e+03
2625 -3.096451074865e+03
2626 -3.096440858338e+03
2627 -3.096430845378e+03
2628 -3.096421045381e+03
2629 -3.096411467220e+03
2630 -3.096402119236e+03
2631 -3.096393353434e+03
2632 -3.096384489317e+03
2633 -3.096375876682e+03
2634 -3.096367521318e+03
2635 -3.096359428310e+03
2636 -3.096351602040e+03
2637 -3.096344046236e+03
2638 -3.096336764027e+03
2639 -3.096329758038e+03
2640 -3.096323030494e+03
2641 -3.096316932556e+03
2642 -3.096310767903e+03
2643 -3.096304886985e+03
2644 -3.096299291523e+03
2645 -3.096293983317e+03
2646 -3.096288964270e+03
2647 -3.096284236370e+03
2648 -3.096279801636e+03
2649 -3.096275662032e+03
2650 -3.096271819335e+03
2651 -3.096268546509e+03
2652 -3.096265301277e+03
2653 -3.096262355543e+03
2654 -3.096259708807e+03
2655 -3.096257359642e+03
2656 -3.096255305593e+03
2657 -3.096253543125e+03
2658 -3.096252067603e+03
2659 -3.096250873310e+03
2660 -3.096249953501e+03
2661 -3.096249487496e+03
2662 -3.096249092256e+03
2663 -3.096248945878e+03
2664 -3.096249038405e+03
2665 -3.096249359330e+03
2666 -3.096249897687e+03
2667 -3.096250642135e+03
2668 -3.096251581042e+03
2669 -3.096252702554e+03
2670 -3.096253994666e+03
2671 -3.096255617071e+03
2672 -3.096257213923e+03
2673 -3.096258945072e+03
2674 -3.096260798519e+03
2675 -3.096262762389e+03
2676 -3.096264824973e+03
2677 -3.096266974754e+03
2678 -3.096269200427e+03
2679 -3.096271490905e+03
2680 -3.096273835324e+03
2681 -3.096276442752e+03
2682 -3.096278863567e+03
2683 -3.096281306889e+03
2684 -3.096283762538e+03
2685 -3.096286220426e+03
2686 -3.096288670531e+03
2687 -3.096291102870e+03
2688 -3.096293507480e+03
2689 -3.096295874422e+03
2690 -3.096298193787e+03
2691 -3.096300732383e+03
2692 -3.096302927513e+03
2693 -3.096305045794e+03
2694 -3.096307077772e+03
2695 -3.096309014219e+03
2696 -3.096310846181e+03
2697 -3.096312565010e+03
2698 -3.096314162403e+03
2699 -3.096315630418e+03
2700 -3.096316961487e+03
2701 -3.096318450923e+03
2702 -3.096319487178e+03
2703 -3.096320366015e+03
2704 -3.096321081325e+03
2705 -3.096321627336e+03
2706 -3.096321998597e+03
2707 -3.096322189968e+03
2708 -3.096322196618e+03
2709 -3.096322014021e+03
2710 -3.096321637953e+03
2711 -3.096321348396e+03
2712 -3.096320574330e+03
2713 -3.096319595983e+03
2714 -3.096318410348e+03
2715 -3.096317014707e+03
2716 -3.096315406615e+03
2717 -3.096313583890e+03
2718 -3.096311544591e+03
2719 -3.096309287012e+03
2720 -3.096306809676e+03
2721 -3.096304341077e+03
2722 -3.096301421330e+03
2723 -3.096298278750e+03
2724 -3.096294912768e+03
2725 -3.096291323061e+03
2726 -3.096287509544e+03
2727 -3.096283472374e+03
2728 -3.096279211943e+03
2729 -3.096274728877e+03
2730 -3.096270024025e+03
2731 -3.096265272766e+03
2732 -3.096260128375e+03
2733 -3.096254766055e+03
2734 -3.096249187580e+03
2735 -3.096243395007e+03
2736 -3.096237390717e+03
2737 -3.096231177480e+03
2738 -3.096224758518e+03
2739 -3.096218137589e+03
2740 -3.096211319075e+03
2741 -3.096204449100e+03
2742 -3.096197251699e+03
2743 -3.096189874333e+03
2744 -3.096182324596e+03
2745 -3.096174610975e+03
2746 -3.096166742838e+03
2747 -3.096158730389e+03
2748 -3.096150584598e+03
2749 -3.096142317115e+03
2750 -3.096133940164e+03
2751 -3.096125593216e+03
2752 -3.096117035807e+03
2753 -3.096108407927e+03
2754 -3.096099722981e+03
2755 -3.096090994416e+03
2756 -3.096082235635e+03
2757 -3.096073459928e+03
2758 -3.096064680405e+03
2759 -3.096055909945e+03
2760 -3.096047161151e+03
2761 -3.096038567542e+03
2762 -3.096029898841e+03
2763 -3.096021287595e+03
2764 -3.096012744902e+03
2765 -3.096004281384e+03
2766 -3.095995907150e+03
2767 -3.095987631742e+03
2768 -3.095979464092e+03
2769 -3.095971412487e+03
2770 -3.095963484536e+03
2771 -3.095955785733e+03
2772 -3.095948125727e+03
2773 -3.095940608174e+03
2774 -3.095933238070e+03
2775 -3.095926019894e+03
2776 -3.095918957688e+03
2777 -3.095912055150e+03
2778 -3.095905315708e+03
2779 -3.095898742590e+03
2780 -3.095892338866e+03
2781 -3.095886171729e+03
2782 -3.095880116080e+03
2783 -3.095874238144e+03
2784 -3.095868540284e+03
2785 -3.095863024573e+03
2786 -3.095857692738e+03
2787 -3.095852546110e+03
2788 -3.095847585593e+03
2789 -3.095842811653e+03
2790 -3.095838224332e+03
2791 -3.095833889908e+03
2792 -3.095829674973e+03
2793 -3.095825644671e+03
2794 -3.095821797869e+03
2795 -3.095818133337e+03
2796 -3.095814649822e+03
2797 -3.095811346126e+03
2798 -3.095808221165e+03
2799 -3.095805274021e+03
2800 -3.095802503977e+03
2801 -3.095800028321e+03
2802 -3.095797611527e+03
2803 -3.095795371016e+03
2804 -3.095793306973e+03
2805 -3.095791419783e+03
2806 -3.095789709997e+03
2807 -3.095788178297e+03
2808 -3.095786825444e+03
2809 -3.095785652212e+03
2810 -3.095784659323e+03
2811 -3.095784020841e+03
2812 -3.095783390174e+03
2813 -3.095782940716e+03
2814 -3.095782671995e+03
2815 -3.095782582964e+03
2816 -3.095782671874e+03
2817 -3.095782936167e+03
2818 -3.095783372370e+03
2819 -3.095783976012e+03
2820 -3.095784741558e+03
2821 -3.095785843516e+03
2822 -3.095786911757e+03
2823 -3.095788118683e+03
2824 -3.095789454449e+03
2825 -3.095790908266e+03
2826 -3.095792468504e+03
2827 -3.095794122813e+03
2828 -3.095795858246e+03
2829 -3.095797661390e+03
2830 -3.095799518488e+03
2831 -3.095801570949e+03
2832 -3.095803493803e+03
2833 -3.095805428271e+03
2834 -3.095807360152e+03
2835 -3.095809275302e+03
2836 -3.095811159674e+03
2837 -3.095812999361e+03
2838 -3.095814780631e+03
2839 -3.095816489967e+03
2840 -3.095818114099e+03
2841 -3.095819797868e+03
2842 -3.095821213181e+03
2843 -3.095822505344e+03
2844 -3.095823662429e+03
2845 -3.095824672916e+03
2846 -3.095825525713e+03
2847 -3.095826210170e+03
2848 -3.095826716094e+03
2849 -3.095827033753e+03
2850 -3.095827153881e+03
2851 -3.095827263348e+03
2852 -3.095826962824e+03
2853 -3.095826439799e+03
2854 -3.095825686898e+03
2855 -3.095824697229e+03
2856 -3.095823464386e+03
2857 -3.095821982456e+03
2858 -3.095820246026e+03
2859 -3.095818250191e+03
2860 -3.095815990560e+03
2861 -3.095813672330e+03
2862 -3.095810874196e+03
2863 -3.095807802172e+03
2864 -3.095804453925e+03
2865 -3.095800827622e+03
2866 -3.095796921927e+03
2867 -3.095792735987e+03
2868 -3.095788269438e+03
2869 -3.095783522413e+03
2870 -3.095778495557e+03
2871 -3.095773336479e+03
2872 -3.095767754159e+03
2873 -3.095761897318e+03
2874 -3.095755768996e+03
2875 -3.095749372925e+03
2876 -3.095742713552e+03
2877 -3.095735796048e+03
2878 -3.095728626294e+03
2879 -3.095721210857e+03
2880 -3.095713556942e+03
2881 -3.095705705368e+03
2882 -3.095697598567e+03
2883 -3.095689278088e+03
2884 -3.095680753022e+03
2885 -3.095672032748e+03
2886 -3.095663126876e+03
2887 -3.095654045195e+03
2888 -3.095644797642e+03
2889 -3.095635394280e+03
2890 -3.095625845292e+03
2891 -3.095616135608e+03
2892 -3.095606327062e+03
2893 -3.095596404226e+03
2894 -3.095586377855e+03
2895 -3.095576258880e+03
2896 -3.095566058405e+03
2897 -3.095555787709e+03
2898 -3.095545458225e+03
2899 -3.095535081527e+03
2900 -3.095524669300e+03
2901 -3.095514277373e+03
2902 -3.095503830470e+03
2903 -3.095493383436e+03
2904 -3.095482948115e+03
2905 -3.095472536335e+03
2906 -3.095462159897e+03
2907 -3.095451830575e+03
2908 -3.095441560128e+03
2909 -3.095431360323e+03
2910 -3.095421242963e+03
2911 -3.095411400595e+03
2912 -3.095401484879e+03
2913 -3.095391687535e+03
2914 -3.095382020861e+03
2915 -3.095372497333e+03
2916 -3.095363129592e+03
2917 -3.095353930408e+03
2918 -3.095344912628e+03
2919 -3.095336089101e+03
2920 -3.095327472596e+03
2921 -3.095319327578e+03
2922 -3.095311163240e+03
2923 -3.095303242714e+03
2924 -3.095295577501e+03
2925 -3.095288178561e+03
2926 -3.095281056227e+03
2927 -3.095274220121e+03
2928 -3.095267679061e+03
2929 -3.095261440954e+03
2930 -3.095255512688e+03
2931 -3.095250097897e+03
2932 -3.095244805456e+03
2933 -3.095239836097e+03
2934 -3.095235191387e+03
2935 -3.095230871289e+03
2936 -3.095226874111e+03
2937 -3.095223196481e+03
2938 -3.095219833382e+03
2939 -3.095216778226e+03
2940 -3.095214022981e+03
2941 -3.095211651162e+03
2942 -3.095209466771e+03
2943 -3.095207551350e+03
2944 -3.095205893066e+03
2945 -3.095204479726e+03
2946 -3.095203299021e+03
2947 -3.095202338741e+03
2948 -3.095201586972e+03
2949 -3.095201032251e+03
2950 -3.095200663682e+03
2951 -3.095200529437e+03
2952 -3.095200503195e+03
2953 -3.095200634292e+03
2954 -3.095200914375e+03
2955 -3.095201335614e+03
2956 -3.095201890603e+03
2957 -3.095202572247e+03
2958 -3.095203373650e+03
2959 -3.095204288008e+03
2960 -3.095205308498e+03
2961 -3.095206554644e+03
2962 -3.095207766708e+03
2963 -3.095209063517e+03
2964 -3.095210437452e+03
2965 -3.095211880598e+03
2966 -3.095213384744e+03
2967 -3.095214941392e+03
2968 -3.095216541797e+03
2969 -3.095218177006e+03
2970 -3.095219837911e+03
2971 -3.095221725310e+03
2972 -3.095223410324e+03
2973 -3.095225093417e+03
2974 -3.095226765493e+03
2975 -3.095228417609e+03
2976 -3.095230041023e+03
2977 -3.095231627229e+03
2978 -3.095233167990e+03
2979 -3.095234655352e+03
2980 -3.095236081644e+03
2981 -3.095237658607e+03
2982 -3.095238941178e+03
2983 -3.095240141207e+03
2984 -3.095241251933e+03
2985 -3.095242266708e+03
2986 -3.095243178951e+03
2987 -3.095243982092e+03
2988 -3.095244669529e+03
2989 -3.095245234593e+03
2990 -3.095245670516e+03
2991 -3.095246130217e+03
2992 -3.095246287401e+03
2993 -3.095246294457e+03
2994 -3.095246144169e+03
2995 -3.095245829231e+03
2996 -3.095245342257e+03
2997 -3.095244675798e+03
2998 -3.095243822346e+03
2999 -3.095242774345e+03
3000 -3.095241524190e+03
3001 -3.095240165974e+03
3002 -3.095238488747e+03
3003 -3.095236586238e+03
3004 -3.095234450622e+03
3005 -3.095232074014e+03
3006 -3.095229448482e+03
3007 -3.095226566060e+03
3008 -3.095223418776e+03
3009 -3.095219998692e+03
3010 -3.095216297952e+03
3011 -3.095212389539e+03
3012 -3.095208104997e+03
3013 -3.095203517484e+03
3014 -3.095198620238e+03
3015 -3.095193407013e+03
3016 -3.095187872186e+03
3017 -3.095182010871e+03
3018 -3.095175819040e+03
3019 -3.095169293633e+03
3020 -3.095162432666e+03
3021 -3.095155302620e+03
3022 -3.095147770061e+03
3023 -3.095139903409e+03
3024 -3.095131705779e+03
3025 -3.095123181637e+03
3026 -3.095114336778e+03
3027 -3.095105178267e+03
3028 -3.095095714351e+03
3029 -3.095085954356e+03
3030 -3.095075908555e+03
3031 -3.095065628082e+03
3032 -3.095055045381e+03
3033 -3.095044212016e+03
3034 -3.095033140663e+03
3035 -3.095021844279e+03
3036 -3.095010336009e+03
3037 -3.094998629093e+03
3038 -3.094986736818e+03
3039 -3.094974672467e+03
3040 -3.094962449302e+03
3041 -3.094950106387e+03
3042 -3.094937605765e+03
3043 -3.094924985962e+03
3044 -3.094912260213e+03
3045 -3.094899441792e+03
3046 -3.094886544037e+03
3047 -3.094873580351e+03
3048 -3.094860564199e+03
3049 -3.094847509094e+03
3050 -3.094834428564e+03
3051 -3.094821386715e+03
3052 -3.094808295891e+03
3053 -3.094795219961e+03
3054 -3.094782172187e+03
3055 -3.094769165694e+03
3056 -3.094756213471e+03
3057 -3.094743328371e+03
3058 -3.094730523134e+03
3059 -3.094717810421e+03
3060 -3.094705202845e+03
3061 -3.094692823860e+03
3062 -3.094680464516e+03
3063 -3.094668248326e+03
3064 -3.094656188113e+03
3065 -3.094644296806e+03
3066 -3.094632587424e+03
3067 -3.094621073049e+03
3068 -3.094609766774e+03
3069 -3.094598681645e+03
3070 -3.094587830584e+03
3071 -3.094577406988e+03
3072 -3.094567062595e+03
3073 -3.094556989562e+03
3074 -3.094547199515e+03
3075 -3.094537703552e+03
3076 -3.094528512170e+03
3077 -3.094519635186e+03
3078 -3.094511081667e+03
3079 -3.094502859846e+03
3080 -3.094494977028e+03
3081 -3.094487662328e+03
3082 -3.094480476462e+03
3083 -3.094473645077e+03
3084 -3.094467170925e+03
3085 -3.094461055490e+03
3086 -3.094455298997e+03
3087 -3.094449900439e+03
3088 -3.094444857636e+03
3089 -3.094440167304e+03
3090 -3.094435825137e+03
3091 -3.094432044455e+03
3092 -3.094428383104e+03
3093 -3.094425051633e+03
3094 -3.094422042489e+03
3095 -3.094419347522e+03
3096 -3.094416958056e+03
3097 -3.094414864937e+03
3098 -3.094413058579e+03
3099 -3.094411528986e+03
3100 -3.094410265788e+03
3101 -3.094409451270e+03
3102 -3.094408688852e+03
3103 -3.094408159548e+03
3104 -3.094407851620e+03
3105 -3.094407753000e+03
3106 -3.094407851297e+03
3107 -3.094408133811e+03
3108 -3.094408587558e+03
3109 -3.094409199299e+03
3110 -3.094409955576e+03
3111 -3.094411037601e+03
3112 -3.094412041979e+03
3113 -3.094413149518e+03
3114 -3.094414346259e+03
3115 -3.094415618211e+03
3116 -3.094416951398e+03
3117 -3.094418331888e+03
3118 -3.094419745845e+03
3119 -3.094421179565e+03
3120 -3.094422619523e+03
3121 -3.094424289026e+03
3122 -3.094425701908e+03
3123 -3.094427081852e+03
3124 -3.094428416334e+03
3125 -3.094429693107e+03
3126 -3.094430900192e+03
3127 -3.094432025863e+03
3128 -3.094433058630e+03
3129 -3.094433987223e+03
3130 -3.094434800572e+03
3131 -3.094435762815e+03
3132 -3.094436313460e+03
3133 -3.094436716748e+03
3134 -3.094436962338e+03
3135 -3.094437040099e+03
3136 -3.094436940144e+03
3137 -3.094436652867e+03
3138 -3.094436168994e+03
3139 -3.094435479620e+03
3140 -3.094434576247e+03
3141 -3.094433720879e+03
3142 -3.094432365971e+03
3143 -3.094430774173e+03
3144 -3.094428938734e+03
3145 -3.094426853313e+03
3146 -3.094424511941e+03
3147 -3.094421908974e+03
3148 -3.094419039038e+03
3149 -3.094415896980e+03
3150 -3.094412477823e+03
3151 -3.094409010222e+03
3152 -3.094405022918e+03
3153 -3.094400744461e+03
3154 -3.094396170424e+03
3155 -3.094391296554e+03
3156 -3.094386118805e+03
3157 -3.094380633385e+03
3158 -3.094374836819e+03
3159 -3.094368725994e+03
3160 -3.094362298222e+03
3161 -3.094355756474e+03
3162 -3.094348689640e+03
3163 -3.094341300818e+03
3164 -3.094333589399e+03
3165 -3.094325555367e+03
3166 -3.094317199310e+03
3167 -3.094308522454e+03
3168 -3.094299526698e+03
3169 -3.094290214671e+03
3170 -3.094280589791e+03
3171 -3.094270861819e+03
3172 -3.094260626576e+03
3173 -3.094250094281e+03
3174 -3.094239272278e+03
3175 -3.094228169042e+03
3176 -3.094216794179e+03
3177 -3.094205158402e+03
3178 -3.094193273467e+03
3179 -3.094181152081e+03
3180 -3.094168807778e+03
3181 -3.094156476026e+03
3182 -3.094143730551e+03
3183 -3.094130806309e+03
3184 -3.094117718778e+03
3185 -3.094104483607e+03
3186 -3.094091116533e+03
3187 -3.094077633316e+03
3188 -3.094064049704e+03
3189 -3.094050381434e+03
3190 -3.094036644247e+03
3191 -3.094023078592e+03
3192 -3.094009251856e+03
3193 -3.093995403811e+03
3194 -3.093981550663e+03
3195 -3.093967708833e+03
3196 -3.093953894960e+03
3197 -3.093940125875e+03
3198 -3.093926418552e+03
3199 -3.093912790030e+03
3200 -3.093899257308e+03
3201 -3.093886044982e+03
3202 -3.093872754742e+03
3203 -3.093859609911e+03
3204 -3.093846626192e+03
3205 -3.093833818702e+03
3206 -3.093821201899e+03
3207 -3.093808789530e+03
3208 -3.093796594590e+03
3209 -3.093784629298e+03
3210 -3.093772905086e+03
3211 -3.093761630275e+03
3212 -3.093750420229e+03
3213 -3.093739480758e+03
3214 -3.093728820073e+03
3215 -3.093718445579e+03
3216 -3.093708363877e+03
3217 -3.093698580772e+03
3218 -3.093689101285e+03
3219 -3.093679929674e+03
3220 -3.093671069456e+03
3221 -3.093662743134e+03
3222 -3.093654514623e+03
3223 -3.093646603917e+03
3224 -3.093639011929e+03
3225 -3.093631739043e+03
3226 -3.093624785158e+03
3227 -3.093618149742e+03
3228 -3.093611831869e+03
3229 -3.093605830262e+03
3230 -3.093600143312e+03
3231 -3.093595030391e+03
3232 -3.093589967471e+03
3233 -3.093585212337e+03
3234 -3.093580762019e+03
3235 -3.093576613122e+03
3236 -3.093572761776e+03
3237 -3.093569203562e+03
3238 -3.093565933450e+03
3239 -3.093562945735e+03
3240 -3.093560233988e+03
3241 -3.093558076714e+03
3242 -3.093555894645e+03
3243 -3.093553964563e+03
3244 -3.093552277035e+03
3245 -3.093550821985e+03
3246 -3.093549588784e+03
3247 -3.093548566359e+03
3248 -3.093547743309e+03
3249 -3.093547108025e+03
3250 -3.093546648800e+03
3251 -3.093546624219e+03
3252 -3.093546481710e+03
3253 -3.093546480406e+03
3254 -3.093546609014e+03
3255 -3.093546856444e+03
3256 -3.093547211798e+03
3257 -3.093547664348e+03
3258 -3.093548203496e+03
3259 -3.093548818721e+03
3260 -3.093549499527e+03
3261 -3.093550474485e+03
3262 -3.093551254515e+03
3263 -3.093552068265e+03
3264 -3.093552904862e+03
3265 -3.093553753275e+03
3266 -3.093554602332e+03
3267 -3.093555440746e+03
3268 -3.093556257156e+03
3269 -3.093557040180e+03
3270 -3.093557778465e+03
3271 -3.093558700412e+03
3272 -3.093559315638e+03
3273 -3.093559852783e+03
3274 -3.093560301070e+03
3275 -3.093560649930e+03
3276 -3.093560889003e+03
3277 -3.093561008127e+03
3278 -3.093560997329e+03
3279 -3.093560846801e+03
3280 -3.093560546879e+03
3281 -3.093560375617e+03
3282 -3.093559748683e+03
3283 -3.093558943999e+03
3284 -3.093557952226e+03
3285 -3.093556764049e+03
3286 -3.093555370148e+03
3287 -3.093553761192e+03
3288 -3.093551927833e+03
3289 -3.093549860720e+03
3290 -3.093547550517e+03
3291 -3.093545332419e+03
3292 -3.093542508715e+03
3293 -3.093539414524e+03
3294 -3.093536041144e+03
3295 -3.093532380252e+03
3296 -3.093528424019e+03
3297 -3.093524165234e+03
3298 -3.093519597427e+03
3299 -3.093514714987e+03
3300 -3.093509513281e+03
3301 -3.093504340136e+03
3302 -3.093498490900e+03
3303 -3.093492315183e+03
3304 -3.093485812916e+03
3305 -3.093478985190e+03
3306 -3.093471834196e+03
3307 -3.093464363139e+03
3308 -3.093456576137e+03
3309 -3.093448478114e+03
3310 -3.093440074696e+03
3311 -3.093431673282e+03
3312 -3.093422679133e+03
3313 -3.093413399883e+03
3314 -3.093403843277e+03
3315 -3.093394017561e+03
3316 -3.093383931517e+03
3317 -3.093373594532e+03
3318 -3.093363016667e+03
3319 -3.093352208733e+03
3320 -3.093341182350e+03
3321 -3.093330205263e+03
3322 -3.093318781059e+03
3323 -3.093307178399e+03
3324 -3.093295412284e+03
3325 -3.093283498445e+03
3326 -3.093271453233e+03
3327 -3.093259293505e+03
3328 -3.093247036491e+03
3329 -3.093234699682e+03
3330 -3.093222300712e+03
3331 -3.093210123174e+03
3332 -3.093197653276e+03
3333 -3.093185174144e+03
3334 -3.093172703292e+03
3335 -3.093160258109e+03
3336 -3.093147855831e+03
3337 -3.093135513511e+03
3338 -3.093123247981e+03
3339 -3.093111075804e+03
3340 -3.093099013204e+03
3341 -3.093087393763e+03
3342 -3.093075597146e+03
3343 -3.093063955929e+03
3344 -3.093052484139e+03
3345 -3.093041195018e+03
3346 -3.093030100927e+03
3347 -3.093019213287e+03
3348 -3.093008542528e+03
3349 -3.092998098079e+03
3350 -3.092987888391e+03
3351 -3.092978276892e+03
3352 -3.092968558451e+03
3353 -3.092959094938e+03
3354 -3.092949891631e+03
3355 -3.092940953247e+03
3356 -3.092932284010e+03
3357 -3.092923887683e+03
3358 -3.092915767569e+03
3359 -3.092907926471e+03
3360 -3.092900366621e+03
3361 -3.092893439477e+03
3362 -3.092886446723e+03
3363 -3.092879737644e+03
3364 -3.092873311324e+03
3365 -3.092867165926e+03
3366 -3.092861298708e+03
3367 -3.092855706080e+03
3368 -3.092850383700e+03
3369 -3.092845326597e+03
3370 -3.092840529321e+03
3371 -3.092836310462e+03
3372 -3.092832016442e+03
3373 -3.092827964496e+03
3374 -3.092824148680e+03
3375 -3.092820563203e+03
3376 -3.092817202477e+03
3377 -3.092814061136e+03
3378 -3.092811134023e+03
3379 -3.092808416153e+03
3380 -3.092805902663e+03
3381 -3.092803907432e+03
3382 -3.092801789296e+03
3383 -3.092799861035e+03
3384 -3.092798117719e+03
3385 -3.092796554304e+03
3386 -3.092795165617e+03
3387 -3.092793946352e+03
3388 -3.092792891067e+03
3389 -3.092791994186e+03
3390 -3.092791249993e+03
3391 -3.092790989995e+03
3392 -3.092790534002e+03
3393 -3.092790212610e+03
3394 -3.092790019469e+03
3395 -3.092789948020e+03
3396 -3.092789991464e+03
3397 -3.092790142725e+03
3398 -3.092790394407e+03
3399 -3.092790738750e+03
3400 -3.092791167586e+03
3401 -3.092792024919e+03
3402 -3.092792596709e+03
3403 -3.092793225732e+03
3404 -3.092793901994e+03
3405 -3.092794615101e+03
3406 -3.092795354327e+03
3407 -3.092796108710e+03
3408 -3.092796867164e+03
3409 -3.092797618597e+03
3410 -3.092798352028e+03
3411 -3.092799392544e+03
3412 -3.092800058238e+03
3413 -3.092800674688e+03
3414 -3.092801232321e+03
3415 -3.092801722071e+03
3416 -3.092802135402e+03
3417 -3.092802464316e+03
3418 -3.092802701338e+03
3419 -3.092802839498e+03
3420 -3.092802872292e+03
3421 -3.092803085755e+03
3422 -3.092802890124e+03
3423 -3.092802571933e+03
3424 -3.092802126045e+03
3425 -3.092801547535e+03
3426 -3.092800831629e+03
3427 -3.092799973667e+03
3428 -3.092798969059e+03
3429 -3.092797813255e+03
3430 -3.092796501718e+03
3431 -3.092795297162e+03
3432 -3.092793660703e+03
3433 -3.092791854794e+03
3434 -3.092789874745e+03
3435 -3.092787715781e+03
3436 -3.092785373020e+03
3437 -3.092782841460e+03
3438 -3.092780115976e+03
3439 -3.092777191319e+03
3440 -3.092774062144e+03
3441 -3.092771013989e+03
3442 -3.092767460122e+03
3443 -3.092763685612e+03
3444 -3.092759685235e+03
3445 -3.092755453998e+03
3446 -3.092750987232e+03
3447 -3.092746280696e+03
3448 -3.092741330666e+03
3449 -3.092736134028e+03
3450 -3.092730688347e+03
3451 -3.092725325346e+03
3452 -3.092719378529e+03
3453 -3.092713180029e+03
3454 -3.092706730557e+03
3455 -3.092700031652e+03
3456 -3.092693085683e+03
3457 -3.092685895843e+03
3458 -3.092678466147e+03
3459 -3.092670801430e+03
3460 -3.092662907343e+03
3461 -3.092655137026e+03
3462 -3.092646806034e+03
3463 -3.092638267461e+03
3464 -3.092629530118e+03
3465 -3.092620603550e+03
3466 -3.092611498003e+03
3467 -3.092602224375e+03
3468 -3.092592794151e+03
3469 -3.092583219339e+03
3470 -3.092573512384e+03
3471 -3.092563999416e+03
3472 -3.092554068086e+03
3473 -3.092544043562e+03
3474 -3.092533939064e+03
3475 -3.092523767771e+03
3476 -3.092513542739e+03
3477 -3.092503276854e+03
3478 -3.092492982800e+03
3479 -3.092482673062e+03
3480 -3.092472359938e+03
3481 -3.092462314077e+03
3482 -3.092452031052e+03
3483 -3.092441780667e+03
3484 -3.092431574789e+03
3485 -3.092421425218e+03
3486 -3.092411343679e+03
3487 -3.092401341781e+03
3488 -3.092391430979e+03
3489 -3.092381622514e+03
3490 -3.092371927352e+03
3491 -3.092362590045e+03
3492 -3.092353153221e+03
3493 -3.092343860304e+03
3494 -3.092334720560e+03
3495 -3.092325742710e+03
3496 -3.092316934885e+03
3497 -3.092308304597e+03
3498 -3.092299858717e+03
3499 -3.092291603466e+03
3500 -3.092283544411e+03
3501 -3.092275951275e+03
3502 -3.092268299321e+03
3503 -3.092260856539e+03
3504 -3.092253626101e+03
3505 -3.092246610666e+03
3506 -3.092239812419e+03
3507 -3.092233233106e+03
3508 -3.092226874062e+03
3509 -3.092220736228e+03
3510 -3.092214820172e+03
3511 -3.092209449504e+03
3512 -3.092203978157e+03
3513 -3.092198728051e+03
3514 -3.092193698250e+03
3515 -3.092188887437e+03
3516 -3.092184293909e+03
3517 -3.092179915593e+03
3518 -3.092175750051e+03
3519 -3.092171794510e+03
3520 -3.092168045892e+03
3521 -3.092164866845e+03
3522 -3.092161522755e+03
3523 -3.092158374868e+03
3524 -3.092155419279e+03
3525 -3.092152651969e+03
3526 -3.092150068844e+03
3527 -3.092147665742e+03
3528 -3.092145438448e+03
3529 -3.092143382691e+03
3530 -3.092141494130e+03
3531 -3.092140140960e+03
3532 -3.092138573984e+03
3533 -3.092137160588e+03
3534 -3.092135896004e+03
3535 -3.092134775300e+03
3536 -3.092133793343e+03
3537 -3.092132944763e+03
3538 -3.092132223909e+03
3539 -3.092131624815e+03
3540 -3.092131141163e+03
3541 -3.092131124807e+03
3542 -3.092130851741e+03
3543 -3.092130672872e+03
3544 -3.092130580403e+03
3545 -3.092130566232e+03
3546 -3.092130622002e+03
3547 -3.092130739155e+03
3548 -3.092130908996e+03
3549 -3.092131122753e+03
3550 -3.092131371640e+03
3551 -3.092132000706e+03
3552 -3.092132293798e+03
3553 -3.092132596119e+03
3554 -3.092132899357e+03
3555 -3.092133195432e+03
3556 -3.092133476522e+03
3557 -3.092133735089e+03
3558 -3.092133963883e+03
3559 -3.092134155938e+03
3560 -3.092134304543e+03
3561 -3.092134767571e+03
3562 -3.092134810176e+03
3563 -3.092134790331e+03
3564 -3.092134701907e+03
3565 -3.092134538803e+03
3566 -3.092134294898e+03
3567 -3.092133964024e+03
3568 -3.092133539935e+03
3569 -3.092133016293e+03
3570 -3.092132386662e+03
3571 -3.092132012471e+03
3572 -3.092131151508e+03
3573 -3.092130164755e+03
3574 -3.092129045487e+03
3575 -3.092127786971e+03
3576 -3.092126382491e+03
3577 -3.092124825397e+03
3578 -3.092123109140e+03
3579 -3.092121227318e+03
3580 -3.092119173721e+03
3581 -3.092117286522e+03
3582 -3.092114872198e+03
3583 -3.092112269141e+03
3584 -3.092109472400e+03
3585 -3.092106477478e+03
3586 -3.092103280392e+03
3587 -3.092099877748e+03
3588 -3.092096266797e+03
3589 -3.092092445493e+03
3590 -3.092088412536e+03
3591 -3.092084464225e+03
3592 -3.092080007793e+03
3593 -3.092075340555e+03
3594 -3.092070464362e+03
3595 -3.092065381816e+03
3596 -3.092060096226e+03
3597 -3.092054611539e+03
3598 -3.092048932271e+03
3599 -3.092043063420e+03
3600 -3.092037010381e+03
3601 -3.092031033593e+03
3602 -3.092024630159e+03
3603 -3.092018060158e+03
3604 -3.092011329662e+03
3605 -3.092004444734e+03
3606 -3.091997411396e+03
3607 -3.091990235604e+03
3608 -3.091982923235e+03
3609 -3.091975480085e+03
3610 -3.091967911868e+03
3611 -3.091960472796e+03
3612 -3.091952671782e+03
3613 -3.091944762243e+03
3614 -3.091936749466e+03
3615 -3.091928638619e+03
3616 -3.091920434758e+03
3617 -3.091912142867e+03
3618 -3.091903767906e+03
3619 -3.091895314889e+03
3620 -3.091886788971e+03
3621 -3.091878475699e+03
3622 -3.091869820842e+03
3623 -3.091861110366e+03
3624 -3.091852350925e+03
3625 -3.091843549714e+03
3626 -3.091834714487e+03
3627 -3.091825853542e+03
3628 -3.091816975673e+03
3629 -3.091808090090e+03
3630 -3.091799206312e+03
3631 -3.091790655732e+03
3632 -3.091781805038e+03
3633 -3.091772985213e+03
3634 -3.091764205591e+03
3635 -3.091755475101e+03
3636 -3.091746802162e+03
3637 -3.091738194598e+03
3638 -3.091729659596e+03
3639 -3.091721203689e+03
3640 -3.091712832770e+03
