0.055493	-0.054420
0.055493	-0.054420
0.055490	-0.054417
0.055477	-0.054404
0.055448	-0.054376
0.055396	-0.054323
0.055310	-0.054238
0.055182	-0.054110
0.055001	-0.053931
0.054756	-0.053688
0.054438	-0.053372
0.054036	-0.052974
0.053540	-0.052482
0.052943	-0.051890
0.052236	-0.051190
0.051413	-0.050374
0.050467	-0.049437
0.049393	-0.048373
0.048183	-0.047175
0.046830	-0.045836
0.045328	-0.044348
0.043669	-0.042705
0.041844	-0.040898
0.039847	-0.038919
0.037670	-0.036762
0.035306	-0.034419
0.032753	-0.031888
0.030007	-0.029163
0.027067	-0.026245
0.023934	-0.023133
0.020610	-0.019828
0.017097	-0.016333
0.013400	-0.012651
0.009521	-0.008784
0.005465	-0.004735
0.001235	-0.000508
-0.003164	0.003895
-0.007728	0.008471
-0.012453	0.013215
-0.017332	0.018123
-0.022358	0.023188
-0.027523	0.028404
-0.032816	0.033761
-0.038227	0.039250
-0.043744	0.044859
-0.049354	0.050578
-0.055045	0.056396
-0.060805	0.062301
-0.066624	0.068285
-0.072492	0.074338
-0.078399	0.080451
-0.084337	0.086617
-0.090297	0.092828
-0.096271	0.099078
-0.102251	0.105357
-0.108228	0.111657
-0.114191	0.117969
-0.120129	0.124282
-0.126033	0.130586
-0.131890	0.136870
-0.137691	0.143124
-0.143424	0.149337
-0.149080	0.155500
-0.154652	0.161605
-0.160130	0.167644
-0.165508	0.173610
-0.170780	0.179497
-0.175938	0.185297
-0.180974	0.191003
-0.185882	0.196606
-0.190651	0.202099
-0.195272	0.207470
-0.199733	0.212710
-0.204025	0.217807
-0.208136	0.222750
-0.212055	0.227529
-0.215774	0.232135
-0.219284	0.236559
-0.222577	0.240793
-0.225649	0.244832
-0.228493	0.248670
-0.231104	0.252300
-0.233479	0.255719
-0.235613	0.258922
-0.237501	0.261903
-0.239139	0.264655
-0.240522	0.267175
-0.241647	0.269456
-0.242509	0.271494
-0.243107	0.273285
-0.243441	0.274827
-0.243510	0.276119
-0.243321	0.277164
-0.242876	0.277963
-0.242183	0.278521
-0.241249	0.278843
-0.240080	0.278932
-0.238686	0.278796
-0.237072	0.278438
-0.235248	0.277863
-0.233219	0.277076
-0.230990	0.276077
-0.228573	0.274878
-0.225973	0.273479
-0.223199	0.271886
-0.220258	0.270106
-0.217160	0.268145
-0.213917	0.266010
-0.210537	0.263712
-0.207033	0.261256
-0.203414	0.258653
-0.199685	0.255905
-0.195864	0.253027
-0.191952	0.250019
-0.187956	0.246887
-0.183881	0.243632
-0.179729	0.240259
-0.175506	0.236768
-0.171214	0.233164
-0.166859	0.229450
-0.162445	0.225629
-0.157973	0.221704
-0.153458	0.217686
-0.148902	0.213577
-0.144309	0.209383
-0.139686	0.205108
-0.135036	0.200757
-0.130363	0.196333
-0.125670	0.191839
-0.120958	0.187275
-0.116228	0.182645
-0.111479	0.177947
-0.106720	0.173189
-0.101949	0.168371
-0.097169	0.163496
-0.092384	0.158569
-0.087599	0.153594
-0.082817	0.148576
-0.078044	0.143522
-0.073283	0.138435
-0.068538	0.133321
-0.063809	0.128179
-0.059102	0.123018
-0.054414	0.117834
-0.049744	0.112629
-0.045090	0.107400
-0.040449	0.102148
-0.035821	0.096872
-0.031203	0.091572
-0.026593	0.086247
-0.021992	0.080899
-0.017398	0.075528
-0.012811	0.070134
-0.008227	0.064717
-0.003643	0.059275
0.000946	0.053805
0.005545	0.048303
0.010161	0.042763
0.014803	0.037181
0.019477	0.031550
0.024193	0.025863
0.028956	0.020117
0.033777	0.014305
0.038659	0.008422
0.043609	0.002466
0.048631	-0.003567
0.053728	-0.009677
0.058904	-0.015866
0.064162	-0.022136
0.069504	-0.028488
0.074935	-0.034925
0.080453	-0.041444
0.086071	-0.048055
0.091788	-0.054759
0.097606	-0.061556
0.103529	-0.068447
0.109555	-0.075433
0.115683	-0.082512
0.121910	-0.089679
0.128232	-0.096931
0.134643	-0.104264
0.141130	-0.111664
0.147702	-0.119140
0.154347	-0.126681
0.161061	-0.134284
0.167838	-0.141945
0.174677	-0.149661
0.181572	-0.157431
0.188522	-0.165252
0.195521	-0.173122
0.202567	-0.181037
0.209643	-0.188985
0.216764	-0.196980
0.223916	-0.205008
0.231091	-0.213065
0.238283	-0.221145
0.245485	-0.229243
0.252692	-0.237354
0.259898	-0.245474
0.267100	-0.253600
0.274294	-0.261730
0.281462	-0.269846
0.288629	-0.277974
0.295780	-0.286101
0.302910	-0.294221
0.310014	-0.302330
0.317086	-0.310422
0.324116	-0.318490
0.331097	-0.326524
0.338018	-0.334516
0.344870	-0.342456
0.351622	-0.350315
0.358306	-0.358122
0.364893	-0.365851
0.371376	-0.373494
0.377745	-0.381041
0.383992	-0.388484
0.390108	-0.395815
0.396083	-0.403022
0.401906	-0.410096
0.407567	-0.417025
0.413025	-0.423769
0.418323	-0.430370
0.423421	-0.436789
0.428308	-0.443012
0.432970	-0.449027
0.437396	-0.454823
0.441577	-0.460388
0.445503	-0.465713
0.449166	-0.470789
0.452558	-0.475610
0.455640	-0.480132
0.458475	-0.484420
0.461022	-0.488433
0.463276	-0.492165
0.465227	-0.495605
0.466868	-0.498747
0.468190	-0.501581
0.469187	-0.504100
0.469851	-0.506297
0.470175	-0.508164
0.470114	-0.509655
0.469750	-0.510855
0.469038	-0.511717
0.467977	-0.512241
0.466564	-0.512423
0.464797	-0.512263
0.462673	-0.511756
0.460189	-0.510902
0.457341	-0.509696
0.454125	-0.508136
0.450489	-0.506167
0.446528	-0.503890
0.442189	-0.501250
0.437469	-0.498245
0.432366	-0.494875
0.426878	-0.491138
0.421007	-0.487037
0.414753	-0.482573
0.408119	-0.477751
0.401109	-0.472575
0.393676	-0.466998
0.385929	-0.461132
0.377816	-0.454927
0.369342	-0.448386
0.360508	-0.441514
0.351319	-0.434316
0.341779	-0.426796
0.331894	-0.418962
0.321675	-0.410824
0.311130	-0.402394
0.300230	-0.393638
0.289081	-0.384669
0.277648	-0.375451
0.265948	-0.365999
0.253995	-0.356329
0.241805	-0.346456
0.229393	-0.336395
0.216775	-0.326162
0.203966	-0.315772
0.190982	-0.305241
0.177813	-0.294551
0.164540	-0.283793
0.151145	-0.272942
0.137648	-0.262016
0.124067	-0.251033
0.110423	-0.240010
0.096737	-0.228967
0.083032	-0.217923
0.069327	-0.206895
0.055645	-0.195901
0.041996	-0.184942
0.028424	-0.174070
0.014929	-0.163275
0.001527	-0.152568
-0.011767	-0.141959
-0.024935	-0.131461
-0.037962	-0.121084
-0.050829	-0.110840
-0.063518	-0.100742
-0.076010	-0.090801
-0.088273	-0.081038
-0.100307	-0.071458
-0.112091	-0.062069
-0.123607	-0.052881
-0.134840	-0.043902
-0.145776	-0.035138
-0.156401	-0.026596
-0.166702	-0.018282
-0.176665	-0.010200
-0.186279	-0.002355
-0.195498	0.005223
-0.204372	0.012576
-0.212862	0.019681
-0.220957	0.026535
-0.228645	0.033131
-0.235914	0.039467
-0.242754	0.045539
-0.249156	0.051343
-0.255112	0.056880
-0.260619	0.062150
-0.265621	0.067112
-0.270221	0.071856
-0.274373	0.076349
-0.278082	0.080600
-0.281351	0.084614
-0.284185	0.088399
-0.286591	0.091961
-0.288576	0.095309
-0.290148	0.098449
-0.291316	0.101391
-0.292029	0.104086
-0.292431	0.106659
-0.292480	0.109071
-0.292194	0.111336
-0.291597	0.113469
-0.290711	0.115486
-0.289564	0.117403
-0.288181	0.119239
-0.286590	0.121008
-0.284820	0.122730
-0.282824	0.124352
-0.280782	0.126025
-0.278651	0.127699
-0.276457	0.129390
-0.274228	0.131108
-0.271989	0.132866
-0.269767	0.134676
-0.267587	0.136550
-0.265475	0.138500
-0.263458	0.140537
-0.261474	0.142598
-0.259720	0.144847
-0.258135	0.147222
-0.256737	0.149730
-0.255541	0.152377
-0.254558	0.155165
-0.253795	0.158094
-0.253258	0.161164
-0.252949	0.164371
-0.252870	0.167713
-0.252921	0.171097
-0.253302	0.174701
-0.253917	0.178439
-0.254762	0.182308
-0.255833	0.186302
-0.257121	0.190416
-0.258618	0.194643
-0.260312	0.198976
-0.262191	0.203405
-0.264240	0.207920
-0.266322	0.212397
-0.268668	0.217051
-0.271145	0.221766
-0.273738	0.226529
-0.276429	0.231328
-0.279200	0.236148
-0.282033	0.240977
-0.284912	0.245801
-0.287822	0.250609
-0.290747	0.255389
-0.293525	0.259989
-0.296443	0.264681
-0.299347	0.269321
-0.302221	0.273896
-0.305047	0.278391
-0.307808	0.282787
-0.310484	0.287068
-0.313053	0.291214
-0.315496	0.295207
-0.317794	0.299031
-0.319754	0.302505
-0.321716	0.305949
-0.323493	0.309192
-0.325068	0.312218
-0.326420	0.315013
-0.327531	0.317559
-0.328377	0.319841
-0.328935	0.321840
-0.329183	0.323539
-0.329096	0.324922
-0.328464	0.325792
-0.327654	0.326504
-0.326456	0.326863
-0.324848	0.326858
-0.322810	0.326473
-0.320323	0.325696
-0.317370	0.324519
-0.313937	0.322932
-0.310012	0.320930
-0.305585	0.318508
-0.300470	0.315493
-0.295039	0.312242
-0.289100	0.308574
-0.282647	0.304486
-0.275676	0.299976
-0.268188	0.295044
-0.260182	0.289688
-0.251665	0.283913
-0.242645	0.277724
-0.233134	0.271130
-0.223006	0.264007
-0.212592	0.256661
-0.201748	0.248951
-0.190492	0.240889
-0.178844	0.232485
-0.166825	0.223751
-0.154456	0.214699
-0.141760	0.205342
-0.128759	0.195693
-0.115479	0.185766
-0.101864	0.175503
-0.088132	0.165094
-0.074197	0.154448
-0.060080	0.143579
-0.045807	0.132501
-0.031401	0.121226
-0.016889	0.109772
-0.002299	0.098154
0.012345	0.086391
0.027014	0.074498
0.041684	0.062503
0.056299	0.050432
0.070878	0.038269
0.085405	0.026024
0.099861	0.013706
0.114231	0.001327
0.128495	-0.011100
0.142633	-0.023561
0.156625	-0.036039
0.170449	-0.048518
0.183996	-0.060881
0.197394	-0.073279
0.210576	-0.085638
0.223530	-0.097948
0.236242	-0.110194
0.248698	-0.122364
0.260885	-0.134444
0.272791	-0.146420
0.284403	-0.158280
0.295712	-0.170011
0.306532	-0.181416
0.317181	-0.192826
0.327516	-0.204085
0.337531	-0.215183
0.347222	-0.226109
0.356584	-0.236851
0.365610	-0.247395
0.374296	-0.257729
0.382641	-0.267843
0.390644	-0.277728
0.398061	-0.287119
0.405380	-0.296513
0.412393	-0.305681
0.419112	-0.314624
0.425546	-0.323338
0.431705	-0.331822
0.437596	-0.340069
0.443227	-0.348076
0.448605	-0.355837
0.453739	-0.363347
0.458331	-0.370291
0.463003	-0.377292
0.467480	-0.384058
0.471777	-0.390590
0.475901	-0.396889
0.479863	-0.402952
0.483668	-0.408780
0.487322	-0.414369
0.490831	-0.419718
0.494198	-0.424827
0.497079	-0.429341
0.500177	-0.433971
0.503154	-0.438373
0.506007	-0.442541
0.508725	-0.446468
0.511296	-0.450142
0.513707	-0.453554
0.515944	-0.456692
0.517993	-0.459548
0.519841	-0.462114
0.521109	-0.464014
0.522538	-0.466004
0.523747	-0.467706
0.524720	-0.469112
0.525438	-0.470210
0.525882	-0.470988
0.526030	-0.471434
0.525865	-0.471535
0.525368	-0.471281
0.524525	-0.470665
0.522959	-0.469310
0.521424	-0.467985
0.519534	-0.466304
0.517282	-0.464264
0.514663	-0.461865
0.511675	-0.459104
0.508316	-0.455982
0.504590	-0.452504
0.500502	-0.448674
0.496061	-0.444501
0.490937	-0.439647
0.485864	-0.434857
0.480489	-0.429768
0.474820	-0.424389
0.468869	-0.418725
0.462647	-0.412786
0.456165	-0.406581
0.449439	-0.400122
0.442487	-0.393424
0.435327	-0.386504
0.427682	-0.379076
0.420205	-0.371806
0.412580	-0.364371
0.404814	-0.356779
0.396912	-0.349036
0.388876	-0.341146
0.380705	-0.333113
0.372402	-0.324940
0.363964	-0.316633
0.355393	-0.308195
0.346460	-0.299397
0.337668	-0.290764
0.328744	-0.282023
0.319682	-0.273173
0.310474	-0.264216
0.301115	-0.255152
0.291599	-0.245984
0.281925	-0.236715
0.272090	-0.227349
0.262095	-0.217894
0.251789	-0.208193
0.241525	-0.198621
0.231111	-0.188980
0.220550	-0.179276
0.209846	-0.169514
0.199010	-0.159702
0.188056	-0.149854
0.177002	-0.139984
0.165871	-0.130110
0.154688	-0.120251
0.143408	-0.110347
0.132241	-0.100618
0.121099	-0.090958
0.110007	-0.081383
0.098987	-0.071903
0.088064	-0.062532
0.077260	-0.053282
0.066602	-0.044165
0.056115	-0.035195
0.045823	-0.026385
0.035761	-0.017746
0.025964	-0.009323
0.016420	-0.001084
0.007145	0.006967
-0.001850	0.014829
-0.010554	0.022498
-0.018958	0.029975
-0.027056	0.037261
-0.034846	0.044358
-0.042326	0.051271
-0.049421	0.057937
-0.056271	0.064476
-0.062838	0.070863
-0.069135	0.077110
-0.075172	0.083227
-0.080960	0.089223
-0.086509	0.095103
-0.091828	0.100874
-0.096925	0.106540
-0.101809	0.112104
-0.106363	0.117454
-0.110842	0.122815
-0.115153	0.128098
-0.119307	0.133309
-0.123313	0.138449
-0.127181	0.143521
-0.130916	0.148524
-0.134522	0.153455
-0.138001	0.158310
-0.141355	0.163084
-0.144417	0.167618
-0.147516	0.172206
-0.150498	0.176704
-0.153361	0.181105
-0.156102	0.185401
-0.158715	0.189585
-0.161199	0.193650
-0.163551	0.197591
-0.165770	0.201404
-0.167857	0.205088
-0.169615	0.208457
-0.171450	0.211885
-0.173179	0.215204
-0.174809	0.218417
-0.176343	0.221528
-0.177785	0.224540
-0.179141	0.227457
-0.180414	0.230281
-0.181611	0.233020
-0.182739	0.235680
-0.183578	0.238054
-0.184605	0.240590
-0.185614	0.243095
-0.186616	0.245582
-0.187622	0.248061
-0.188639	0.250540
-0.189672	0.253025
-0.190727	0.255521
-0.191805	0.258030
-0.192908	0.260556
-0.193787	0.262862
-0.194958	0.265436
-0.196175	0.268046
-0.197435	0.270689
-0.198732	0.273359
-0.200061	0.276049
-0.201414	0.278750
-0.202786	0.281456
-0.204172	0.284159
-0.205569	0.286852
-0.206701	0.289269
-0.208131	0.291941
-0.209583	0.294601
-0.211053	0.297239
-0.212534	0.299843
-0.214020	0.302400
-0.215502	0.304896
-0.216975	0.307319
-0.218436	0.309660
-0.219884	0.311910
-0.221020	0.313781
-0.222463	0.315855
-0.223918	0.317845
-0.225385	0.319751
-0.226864	0.321566
-0.228352	0.323287
-0.229846	0.324909
-0.231338	0.326425
-0.232824	0.327832
-0.234295	0.329126
-0.235424	0.329997
-0.236865	0.331073
-0.238285	0.332047
-0.239672	0.332913
-0.241008	0.333666
-0.242274	0.334296
-0.243446	0.334796
-0.244503	0.335157
-0.245420	0.335369
-0.246171	0.335424
-0.246406	0.335001
-0.246779	0.334742
-0.246923	0.334313
-0.246804	0.333697
-0.246385	0.332873
-0.245625	0.331819
-0.244487	0.330514
-0.242933	0.328935
-0.240931	0.327063
-0.238450	0.324882
-0.235166	0.322089
-0.231701	0.319289
-0.227708	0.316157
-0.223169	0.312678
-0.218065	0.308840
-0.212385	0.304630
-0.206121	0.300040
-0.199270	0.295065
-0.191835	0.289703
-0.183828	0.283955
-0.175026	0.277606
-0.165976	0.271161
-0.156426	0.264367
-0.146401	0.257237
-0.135932	0.249785
-0.125057	0.242029
-0.113818	0.233994
-0.102261	0.225706
-0.090438	0.217195
-0.078404	0.208496
-0.066074	0.199518
-0.053838	0.190593
-0.041560	0.181584
-0.029290	0.172516
-0.017077	0.163420
-0.004967	0.154321
0.006991	0.145249
0.018752	0.136232
0.030269	0.127298
0.041501	0.118475
0.052436	0.109778
0.062935	0.101295
0.073047	0.092987
0.082753	0.084863
0.092039	0.076931
0.100894	0.069199
0.109312	0.061667
0.117294	0.054336
0.124843	0.047203
0.131969	0.040262
0.138616	0.033589
0.144906	0.027036
0.150837	0.020629
0.156439	0.014351
0.161742	0.008183
0.166776	0.002108
0.171574	-0.003891
0.176166	-0.009831
0.180587	-0.015728
0.184869	-0.021597
0.188903	-0.027301
0.192989	-0.033146
0.197053	-0.039027
0.201130	-0.044961
0.205252	-0.050961
0.209446	-0.057039
0.213735	-0.063198
0.218138	-0.069444
0.222668	-0.075774
0.227337	-0.082185
0.231935	-0.088449
0.236876	-0.094984
0.241977	-0.101592
0.247236	-0.108263
0.252648	-0.114985
0.258202	-0.121743
0.263884	-0.128522
0.269679	-0.135305
0.275569	-0.142076
0.281535	-0.148821
0.287260	-0.155216
0.293296	-0.161841
0.299368	-0.168419
0.305456	-0.174940
0.311539	-0.181394
0.317595	-0.187771
0.323600	-0.194060
0.329531	-0.200252
0.335367	-0.206343
0.341092	-0.212328
0.346306	-0.217814
0.351747	-0.223577
0.357068	-0.229274
0.362265	-0.234915
0.367331	-0.240509
0.372258	-0.246061
0.377037	-0.251574
0.381659	-0.257050
0.386112	-0.262490
0.390390	-0.267893
0.394038	-0.272798
0.397937	-0.278124
0.401667	-0.283438
0.405219	-0.288735
0.408583	-0.294006
0.411748	-0.299236
0.414698	-0.304410
0.417421	-0.309509
0.419903	-0.314515
0.422134	-0.319407
0.423614	-0.323661
0.425323	-0.328281
0.426777	-0.332753
0.427965	-0.337052
0.428873	-0.341153
0.429490	-0.345027
0.429804	-0.348647
0.429808	-0.351989
0.429496	-0.355032
0.428870	-0.357762
0.427415	-0.359626
0.426199	-0.361716
0.424719	-0.363494
0.422987	-0.364957
0.421016	-0.366103
0.418818	-0.366931
0.416406	-0.367443
0.413793	-0.367639
0.410994	-0.367527
0.408028	-0.367116
0.404381	-0.365869
0.401162	-0.364925
0.397857	-0.363749
0.394481	-0.362354
0.391045	-0.360752
0.387561	-0.358953
0.384035	-0.356967
0.380474	-0.354802
0.376884	-0.352469
0.373268	-0.349976
0.369129	-0.346814
0.365513	-0.344069
0.361890	-0.341201
0.358247	-0.338204
0.354566	-0.335065
0.350825	-0.331770
0.347003	-0.328300
0.343077	-0.324640
0.339027	-0.320773
0.334835	-0.316684
0.330062	-0.311919
0.325604	-0.307414
0.320974	-0.302661
0.316150	-0.297641
0.311113	-0.292334
0.305849	-0.286721
0.300345	-0.280787
0.294592	-0.274519
0.288588	-0.267910
0.282335	-0.260959
0.275524	-0.253326
0.268864	-0.245765
0.261986	-0.237878
0.254897	-0.229669
0.247609	-0.221145
0.240135	-0.212317
0.232494	-0.203204
0.224708	-0.193824
0.216799	-0.184205
0.208793	-0.174373
0.200529	-0.164140
0.192463	-0.154036
0.184359	-0.143800
0.176223	-0.133453
0.168062	-0.123011
0.159878	-0.112494
0.151674	-0.101920
0.143450	-0.091310
0.135206	-0.080683
0.126941	-0.070060
0.118617	-0.059384
0.110359	-0.048890
0.102043	-0.038437
0.093645	-0.028029
0.085142	-0.017666
0.076509	-0.007348
0.067720	0.002925
0.058751	0.013154
0.049581	0.023340
0.040187	0.033483
0.030673	0.043512
0.020837	0.053513
0.010701	0.063497
0.000249	0.073473
-0.010532	0.083447
-0.021646	0.093418
-0.033087	0.103384
-0.044843	0.113335
-0.056891	0.123258
-0.069204	0.133138
-0.081482	0.142736
-0.094169	0.152423
-0.107024	0.162029
-0.119998	0.171533
-0.133035	0.180908
-0.146069	0.190122
-0.159027	0.199141
-0.171830	0.207923
-0.184394	0.216426
-0.196633	0.224605
-0.208082	0.232071
-0.219389	0.239444
-0.230133	0.246382
-0.240231	0.252845
-0.249603	0.258793
-0.258170	0.264188
-0.265861	0.268994
-0.272611	0.273182
-0.278362	0.276727
-0.283069	0.279609
-0.286268	0.281413
-0.288801	0.282950
-0.290233	0.283826
-0.290556	0.284045
-0.289770	0.283615
-0.287885	0.282547
-0.284919	0.280858
-0.280902	0.278571
-0.275873	0.275714
-0.269882	0.272323
-0.262600	0.268071
-0.254919	0.263781
-0.246495	0.259106
-0.237403	0.254093
-0.227719	0.248786
-0.217523	0.243232
-0.206897	0.237477
-0.195923	0.231568
-0.184685	0.225549
-0.173267	0.219466
-0.161472	0.213110
-0.150001	0.207092
-0.138592	0.201137
-0.127307	0.195270
-0.116201	0.189513
-0.105329	0.183886
-0.094737	0.178404
-0.084473	0.173086
-0.074579	0.167944
-0.065093	0.162995
-0.055888	0.158113
-0.047380	0.153641
-0.039370	0.149391
-0.031869	0.145360
-0.024886	0.141547
-0.018423	0.137947
-0.012481	0.134557
-0.007062	0.131374
-0.002162	0.128400
0.002218	0.125636
0.006189	0.123000
0.009506	0.120700
0.012306	0.118633
0.014597	0.116805
0.016387	0.115223
0.017685	0.113895
0.018502	0.112828
0.018848	0.112032
0.018734	0.111514
0.018174	0.111283
0.017289	0.111250
0.015861	0.111626
0.014006	0.112330
0.011739	0.113370
0.009074	0.114749
0.006030	0.116467
0.002625	0.118524
-0.001120	0.120916
-0.005186	0.123638
-0.009553	0.126683
-0.014044	0.129891
-0.018953	0.133554
-0.024124	0.137531
-0.029533	0.141804
-0.035153	0.146352
-0.040954	0.151148
-0.046905	0.156163
-0.052974	0.161367
-0.059129	0.166726
-0.065339	0.172208
-0.071345	0.177555
-0.077579	0.183188
-0.083809	0.188873
-0.090010	0.194581
-0.096156	0.200281
-0.102221	0.205943
-0.108178	0.211535
-0.114005	0.217029
-0.119678	0.222396
-0.125177	0.227613
-0.130163	0.232338
-0.135252	0.237178
-0.140144	0.241831
-0.144826	0.246283
-0.149289	0.250523
-0.153522	0.254538
-0.157516	0.258320
-0.161263	0.261859
-0.164756	0.265150
-0.167989	0.268188
-0.170573	0.270583
-0.173276	0.273103
-0.175736	0.275390
-0.177950	0.277440
-0.179909	0.279248
-0.181603	0.280805
-0.183017	0.282100
-0.184136	0.283118
-0.184943	0.283845
-0.185420	0.284266
-0.185154	0.283965
-0.184952	0.283753
-0.184394	0.283211
-0.183456	0.282318
-0.182112	0.281048
-0.180333	0.279377
-0.178090	0.277277
-0.175354	0.274720
-0.172095	0.271682
-0.168285	0.268137
-0.163566	0.263733
-0.158650	0.259179
-0.153124	0.254069
-0.146960	0.248380
-0.140131	0.242089
-0.132617	0.235181
-0.124403	0.227645
-0.115482	0.219476
-0.105855	0.210677
-0.095530	0.201260
-0.084346	0.191067
-0.072779	0.180562
-0.060578	0.169496
-0.047766	0.157888
-0.034372	0.145762
-0.020434	0.133149
-0.005999	0.120085
0.008879	0.106615
0.024140	0.092784
0.039718	0.078647
0.055490	0.064317
0.071384	0.049832
0.087399	0.035186
0.103474	0.020424
0.119545	0.005592
0.135548	-0.009261
0.151418	-0.024088
0.167092	-0.038838
0.182512	-0.053467
0.197623	-0.067931
0.212071	-0.081878
0.226337	-0.095815
0.240200	-0.109516
0.253640	-0.122963
0.266637	-0.136139
0.279178	-0.149026
0.291246	-0.161606
0.302830	-0.173861
0.313918	-0.185772
0.324503	-0.197323
0.334065	-0.207980
0.343581	-0.218718
0.352628	-0.229097
0.361215	-0.239111
0.369347	-0.248755
0.377030	-0.258020
0.384266	-0.266894
0.391057	-0.275368
0.397405	-0.283431
0.403312	-0.291073
0.408119	-0.297625
0.413133	-0.304386
0.417749	-0.310741
0.421972	-0.316688
0.425801	-0.322219
0.429234	-0.327328
0.432266	-0.332007
0.434896	-0.336250
0.437119	-0.340053
0.438938	-0.343417
0.439616	-0.345612
0.440643	-0.348122
0.441310	-0.350243
0.441621	-0.351984
0.441579	-0.353352
0.441186	-0.354352
0.440445	-0.354991
0.439357	-0.355276
0.437927	-0.355214
0.436163	-0.354818
0.433330	-0.353358
0.430958	-0.352360
0.428315	-0.351098
0.425415	-0.349586
0.422271	-0.347834
0.418896	-0.345856
0.415307	-0.343662
0.411521	-0.341267
0.407561	-0.338686
0.403453	-0.335938
0.398537	-0.332354
0.394263	-0.329376
0.389953	-0.326316
0.385634	-0.323190
0.381330	-0.320012
0.377067	-0.316795
0.372868	-0.313549
0.368758	-0.310290
0.364765	-0.307032
0.360916	-0.303793
0.356648	-0.299992
0.353232	-0.296903
0.350063	-0.293908
0.347157	-0.291017
0.344527	-0.288238
0.342181	-0.285576
0.340125	-0.283034
0.338359	-0.280614
0.336883	-0.278316
0.335692	-0.276140
0.334261	-0.273556
0.333661	-0.271668
0.333312	-0.269894
0.333180	-0.268214
0.333230	-0.266606
0.333420	-0.265046
0.333707	-0.263507
0.334046	-0.261963
0.334392	-0.260389
0.334698	-0.258760
0.334446	-0.256559
0.334583	-0.254795
0.334542	-0.252905
0.334270	-0.250858
0.333711	-0.248622
0.332815	-0.246165
0.331532	-0.243460
0.329817	-0.240483
0.327635	-0.237213
0.324951	-0.233637
0.321313	-0.229290
0.317608	-0.225125
0.313346	-0.220639
0.308509	-0.215826
0.303087	-0.210680
0.297073	-0.205202
0.290464	-0.199393
0.283267	-0.193259
0.275489	-0.186808
0.267146	-0.180052
0.257940	-0.172658
0.248598	-0.165405
0.238757	-0.157893
0.228439	-0.150131
0.217663	-0.142129
0.206455	-0.133895
0.194842	-0.125443
0.182856	-0.116787
0.170534	-0.107944
0.157911	-0.098932
0.144896	-0.089613
0.131870	-0.080404
0.118651	-0.071077
0.105267	-0.061640
0.091747	-0.052103
0.078120	-0.042477
0.064419	-0.032776
0.050677	-0.023015
0.036928	-0.013212
0.023208	-0.003387
0.009631	0.006384
-0.003863	0.016127
-0.017249	0.025849
-0.030500	0.035535
-0.043589	0.045165
-0.056483	0.054717
-0.069152	0.064168
-0.081562	0.073490
-0.093680	0.082656
-0.105474	0.091640
-0.116653	0.100174
-0.127683	0.108684
-0.138334	0.116963
-0.148580	0.124988
-0.158398	0.132737
-0.167759	0.140186
-0.176636	0.147308
-0.185001	0.154081
-0.192829	0.160480
-0.200093	0.166483
-0.206394	0.171712
-0.212475	0.176871
-0.217961	0.181608
-0.222836	0.185912
-0.227083	0.189769
-0.230691	0.193171
-0.233648	0.196110
-0.235948	0.198584
-0.237587	0.200591
-0.238569	0.202138
-0.238487	0.202833
-0.238202	0.203504
-0.237315	0.203771
-0.235842	0.203647
-0.233798	0.203148
-0.231204	0.202291
-0.228081	0.201095
-0.224455	0.199581
-0.220356	0.197776
-0.215819	0.195705
-0.210509	0.193037
-0.205241	0.190555
-0.199677	0.187923
-0.193855	0.185170
-0.187813	0.182327
-0.181589	0.179420
-0.175220	0.176474
-0.168739	0.173515
-0.162183	0.170567
-0.155585	0.167653
-0.148688	0.164515
-0.142138	0.161765
-0.135657	0.159126
-0.129265	0.156613
-0.122982	0.154235
-0.116825	0.152001
-0.110806	0.149918
-0.104942	0.147991
-0.099245	0.146229
-0.093729	0.144639
-0.088195	0.143023
-0.083111	0.141821
-0.078260	0.140821
-0.073648	0.140024
-0.069283	0.139432
-0.065169	0.139045
-0.061312	0.138861
-0.057720	0.138881
-0.054401	0.139109
-0.051367	0.139547
-0.048441	0.140023
-0.046021	0.140903
-0.043939	0.142022
-0.042209	0.143389
-0.040846	0.145011
-0.039863	0.146894
-0.039274	0.149043
-0.039092	0.151466
-0.039328	0.154166
-0.039993	0.157148
-0.040864	0.160199
-0.042400	0.163740
-0.044407	0.167591
-0.046892	0.171753
-0.049855	0.176225
-0.053292	0.181002
-0.057193	0.186075
-0.061547	0.191434
-0.066336	0.197063
-0.071542	0.202948
-0.076798	0.208744
-0.082743	0.215060
-0.089056	0.221601
-0.095707	0.228345
-0.102656	0.235264
-0.109858	0.242324
-0.117261	0.249488
-0.124811	0.256715
-0.132447	0.263962
-0.140110	0.271185
-0.147258	0.277877
-0.154781	0.284907
-0.162187	0.291818
-0.169415	0.298569
-0.176404	0.305115
-0.183094	0.311412
-0.189422	0.317413
-0.195331	0.323075
-0.200767	0.328355
-0.205682	0.333215
-0.209443	0.337049
-0.213211	0.340979
-0.216390	0.344433
-0.218957	0.347387
-0.220893	0.349819
-0.222182	0.351707
-0.222819	0.353035
-0.222801	0.353793
-0.222138	0.353976
-0.220846	0.353583
-0.218332	0.352040
-0.215900	0.350564
-0.212960	0.348581
-0.209543	0.346104
-0.205683	0.343149
-0.201413	0.339735
-0.196767	0.335880
-0.191779	0.331604
-0.186483	0.326931
-0.180912	0.321884
-0.174571	0.316006
-0.168614	0.310356
-0.162485	0.304423
-0.156198	0.298224
-0.149760	0.291770
-0.143173	0.285074
-0.136436	0.278145
-0.129548	0.270994
-0.122501	0.263630
-0.115287	0.256061
-0.107537	0.247981
-0.100038	0.240100
-0.092330	0.232025
-0.084383	0.223745
-0.076166	0.215252
-0.067653	0.206535
-0.058817	0.197585
-0.049635	0.188396
-0.040090	0.178962
-0.030169	0.169282
-0.019709	0.159243
-0.009095	0.149148
0.001925	0.138794
0.013356	0.128176
0.025194	0.117294
0.037431	0.106154
0.050048	0.094765
0.063021	0.083140
0.076321	0.071297
0.089910	0.059256
0.103658	0.047168
0.117618	0.034883
0.131756	0.022451
0.146031	0.009894
0.160393	-0.002761
0.174791	-0.015485
0.189169	-0.028245
0.203470	-0.041006
0.217635	-0.053731
0.231607	-0.066382
0.244966	-0.078518
0.258302	-0.090828
0.271322	-0.102992
0.283993	-0.114990
0.296281	-0.126800
0.308159	-0.138399
0.319601	-0.149766
0.330585	-0.160882
0.341094	-0.171728
0.351115	-0.182288
0.360022	-0.191892
0.368968	-0.201763
0.377459	-0.211359
0.385508	-0.220680
0.393127	-0.229726
0.400327	-0.238490
0.407117	-0.246969
0.413507	-0.255153
0.419505	-0.263034
0.425120	-0.270606
0.429577	-0.277039
0.434408	-0.283924
0.438930	-0.290528
0.443155	-0.296846
0.447089	-0.302870
0.450733	-0.308588
0.454086	-0.313988
0.457142	-0.319054
0.459898	-0.323772
0.462351	-0.328133
0.463647	-0.331243
0.465486	-0.334867
0.467057	-0.338157
0.468356	-0.341109
0.469378	-0.343717
0.470118	-0.345978
0.470567	-0.347889
0.470721	-0.349449
0.470575	-0.350663
0.470125	-0.351535
0.468536	-0.351208
0.467513	-0.351462
0.466210	-0.351434
0.464619	-0.351131
0.462732	-0.350556
0.460537	-0.349714
0.458025	-0.348609
0.455186	-0.347245
0.452015	-0.345631
0.448509	-0.343774
0.443892	-0.340881
0.439763	-0.338621
0.435318	-0.336172
0.430559	-0.333540
0.425482	-0.330729
0.420089	-0.327744
0.414381	-0.324588
0.408362	-0.321265
0.402036	-0.317780
0.395414	-0.314138
0.387829	-0.309637
0.380706	-0.305761
0.373338	-0.301766
0.365732	-0.297650
0.357897	-0.293413
0.349842	-0.289054
0.341579	-0.284572
0.333122	-0.279967
0.324488	-0.275244
0.315699	-0.270408
0.306229	-0.264889
0.297280	-0.259931
0.288263	-0.254900
0.279199	-0.249799
0.270106	-0.244630
0.261003	-0.239393
0.251908	-0.234090
0.242843	-0.228722
0.233826	-0.223296
0.224881	-0.217814
0.215620	-0.211854
0.206962	-0.206368
0.198436	-0.200852
0.190051	-0.195304
0.181811	-0.189720
0.173721	-0.184098
0.165783	-0.178435
0.158002	-0.172733
0.150381	-0.166992
0.142925	-0.161216
0.135361	-0.155112
0.128312	-0.149352
0.121433	-0.143574
0.114718	-0.137776
0.108164	-0.131962
0.101770	-0.126136
0.095535	-0.120304
0.089465	-0.114477
0.083565	-0.108668
0.077846	-0.102892
0.072156	-0.096975
0.066879	-0.091363
0.061814	-0.085836
0.056973	-0.080407
0.052366	-0.075091
0.048005	-0.069904
0.043902	-0.064858
0.040068	-0.059967
0.036514	-0.055244
0.033249	-0.050699
0.030210	-0.046237
0.027564	-0.042097
0.025208	-0.038146
0.023133	-0.034379
0.021331	-0.030789
0.019788	-0.027369
0.018487	-0.024107
0.017410	-0.020989
0.016532	-0.018000
0.015828	-0.015123
0.015277	-0.012303
0.014853	-0.009613
0.014491	-0.006960
0.014149	-0.004312
0.013783	-0.001638
0.013351	0.001090
0.012809	0.003904
0.012116	0.006832
0.011232	0.009901
0.010119	0.013136
0.008827	0.016534
0.007187	0.020137
0.005206	0.023984
0.002859	0.028095
0.000125	0.032486
-0.003011	0.037169
-0.006554	0.042151
-0.010507	0.047434
-0.014865	0.053018
-0.019616	0.058897
-0.024557	0.064939
-0.030003	0.071335
-0.035801	0.078012
-0.041926	0.084957
-0.048346	0.092154
-0.055023	0.099581
-0.061916	0.107214
-0.068979	0.115024
-0.076166	0.122980
-0.083427	0.131052
-0.090385	0.138932
-0.097596	0.147071
-0.104765	0.155248
-0.111851	0.163434
-0.118817	0.171602
-0.125625	0.179723
-0.132240	0.187767
-0.138629	0.195708
-0.144766	0.203517
-0.150627	0.211172
-0.155709	0.218221
-0.160914	0.225446
-0.165834	0.232489
-0.170469	0.239343
-0.174821	0.246000
-0.178892	0.252451
-0.182687	0.258689
-0.186212	0.264707
-0.189474	0.270501
-0.192485	0.276068
-0.194660	0.280867
-0.197180	0.285948
-0.199526	0.290840
-0.201713	0.295548
-0.203753	0.300076
-0.205653	0.304423
-0.207418	0.308588
-0.209048	0.312568
-0.210540	0.316357
-0.211890	0.319951
-0.212451	0.322757
-0.213509	0.325952
-0.214432	0.328964
-0.215204	0.331782
-0.215804	0.334392
-0.216211	0.336777
-0.216401	0.338920
-0.216351	0.340804
-0.216039	0.342414
-0.215447	0.343734
-0.213926	0.344164
-0.212781	0.344917
-0.211351	0.345379
-0.209628	0.345541
-0.207606	0.345393
-0.205280	0.344929
-0.202651	0.344143
-0.199724	0.343033
-0.196507	0.341602
-0.193015	0.339856
-0.188669	0.337252
-0.184741	0.334964
-0.180623	0.332422
-0.176335	0.329640
-0.171896	0.326632
-0.167326	0.323416
-0.162644	0.320009
-0.157871	0.316431
-0.153029	0.312706
-0.148137	0.308857
-0.142705	0.304433
-0.137845	0.300472
-0.133018	0.296484
-0.128236	0.292486
-0.123507	0.288495
-0.118837	0.284526
-0.114230	0.280592
-0.109690	0.276704
-0.105220	0.272874
-0.100822	0.269112
-0.096090	0.265047
-0.091911	0.261508
-0.087827	0.258073
-0.083827	0.254738
-0.079902	0.251495
-0.076040	0.248334
-0.072227	0.245243
-0.068450	0.242210
-0.064698	0.239220
-0.060957	0.236260
-0.056905	0.233026
-0.053220	0.230138
-0.049525	0.227242
-0.045805	0.224318
-0.042042	0.221344
-0.038223	0.218299
-0.034335	0.215166
-0.030368	0.211928
-0.026314	0.208573
-0.022169	0.205092
-0.017707	0.201276
-0.013422	0.197565
-0.009042	0.193711
-0.004561	0.189707
0.000028	0.185547
0.004728	0.181228
0.009543	0.176749
0.014477	0.172111
0.019529	0.167317
0.024698	0.162372
0.030096	0.157191
0.035451	0.152009
0.040915	0.146702
0.046486	0.141275
0.052163	0.135736
0.057939	0.130097
0.063808	0.124367
0.069759	0.118558
0.075782	0.112683
0.081861	0.106756
0.087955	0.100830
0.094049	0.094887
0.100154	0.088925
0.106257	0.082952
0.112344	0.076976
0.118400	0.071002
0.124411	0.065038
0.130360	0.059090
0.136233	0.053164
0.142015	0.047265
0.147522	0.041589
0.153024	0.035818
0.158415	0.030068
0.163697	0.024333
0.168872	0.018606
0.173944	0.012879
0.178920	0.007146
0.183807	0.001398
0.188615	-0.004373
0.193355	-0.010176
0.197742	-0.015692
0.202322	-0.021522
0.206897	-0.027433
0.211490	-0.033438
0.216118	-0.039545
0.220797	-0.045762
0.225542	-0.052091
0.230361	-0.058532
0.235263	-0.065079
0.240253	-0.071728
0.244921	-0.078023
0.250040	-0.084793
0.255275	-0.091657
0.260624	-0.098602
0.266083	-0.105611
0.271643	-0.112664
0.277292	-0.119736
0.283017	-0.126804
0.288800	-0.133839
0.294624	-0.140815
0.299939	-0.147142
0.305753	-0.153881
0.311577	-0.160504
0.317395	-0.166988
0.323188	-0.173307
0.328937	-0.179436
0.334623	-0.185353
0.340229	-0.191034
0.345740	-0.196464
0.351144	-0.201627
0.355789	-0.205852
0.360936	-0.210439
0.365983	-0.214769
0.370932	-0.218845
0.375782	-0.222671
0.380537	-0.226254
0.385197	-0.229605
0.389765	-0.232733
0.394246	-0.235652
0.398643	-0.238379
0.402236	-0.240201
0.406472	-0.242594
0.410649	-0.244867
0.414761	-0.247035
0.418797	-0.249109
0.422740	-0.251096
0.426570	-0.253000
0.430262	-0.254821
0.433787	-0.256558
0.437115	-0.258209
0.439441	-0.258998
0.442289	-0.260476
0.444848	-0.261862
0.447077	-0.263139
0.448928	-0.264287
0.450356	-0.265282
0.451314	-0.266101
0.451760	-0.266719
0.451653	-0.267113
0.450960	-0.267262
0.448881	-0.266371
0.446971	-0.266014
0.444421	-0.265382
0.441214	-0.264459
0.437341	-0.263233
0.432797	-0.261694
0.427582	-0.259834
0.421706	-0.257652
0.415185	-0.255149
0.408041	-0.252331
0.399609	-0.248499
0.391361	-0.245134
0.382604	-0.241509
0.373378	-0.237637
0.363722	-0.233532
0.353679	-0.229212
0.343295	-0.224693
0.332618	-0.219997
0.321700	-0.215144
0.310592	-0.210161
0.298804	-0.204505
0.287536	-0.199389
0.276249	-0.194230
0.264989	-0.189046
0.253798	-0.183857
0.242714	-0.178678
0.231775	-0.173523
0.221013	-0.168406
0.210455	-0.163339
0.200129	-0.158331
0.189677	-0.152995
0.179927	-0.148179
0.170458	-0.143444
0.161273	-0.138784
0.152367	-0.134194
0.143733	-0.129666
0.135363	-0.125190
0.127245	-0.120758
0.119366	-0.116360
0.111712	-0.111990
0.104030	-0.107394
0.096826	-0.103094
0.089795	-0.098795
0.082916	-0.094487
0.076169	-0.090159
0.069536	-0.085804
0.063003	-0.081417
0.056556	-0.076994
0.050187	-0.072535
0.043887	-0.068043
0.037531	-0.063403
0.031394	-0.058887
0.025314	-0.054347
0.019292	-0.049791
0.013335	-0.045229
0.007451	-0.040672
0.001655	-0.036135
-0.004041	-0.031631
-0.009617	-0.027177
-0.015055	-0.022788
-0.020356	-0.018476
-0.025437	-0.014289
-0.030335	-0.010202
-0.035034	-0.006223
-0.039517	-0.002361
-0.043767	0.001377
-0.047768	0.004985
-0.051505	0.008459
-0.054964	0.011796
-0.058135	0.014997
-0.060949	0.017989
-0.063490	0.020894
-0.065733	0.023686
-0.067679	0.026375
-0.069327	0.028972
-0.070681	0.031490
-0.071744	0.033944
-0.072524	0.036348
-0.073031	0.038717
-0.073276	0.041071
-0.073182	0.043319
-0.072929	0.045664
-0.072485	0.048064
-0.071873	0.050538
-0.071118	0.053107
-0.070245	0.055789
-0.069277	0.058599
-0.068239	0.061550
-0.067155	0.064654
-0.066048	0.067918
-0.064814	0.071224
-0.063703	0.074794
-0.062654	0.078551
-0.061686	0.082495
-0.060820	0.086625
-0.060069	0.090935
-0.059448	0.095416
-0.058966	0.100057
-0.058631	0.104846
-0.058449	0.109768
-0.058218	0.114627
-0.058312	0.119726
-0.058576	0.124919
-0.059005	0.130189
-0.059592	0.135520
-0.060327	0.140890
-0.061195	0.146282
-0.062182	0.151675
-0.063269	0.157051
-0.064440	0.162392
-0.065360	0.167412
-0.066602	0.172593
-0.067891	0.177716
-0.069213	0.182777
-0.070555	0.187769
-0.071903	0.192691
-0.073243	0.197540
-0.074563	0.202314
-0.075852	0.207015
-0.077102	0.211644
-0.077891	0.215837
-0.079012	0.220293
-0.080110	0.224716
-0.081186	0.229114
-0.082244	0.233497
-0.083287	0.237869
-0.084318	0.242237
-0.085338	0.246603
-0.086352	0.250970
-0.087362	0.255341
-0.087875	0.259273
-0.088872	0.263634
-0.089909	0.268031
-0.090989	0.272466
-0.092111	0.276935
-0.093271	0.281434
-0.094462	0.285952
-0.095672	0.290478
-0.096889	0.295001
-0.098097	0.299505
-0.098716	0.303470
-0.099859	0.307887
-0.100973	0.312268
-0.102038	0.316594
-0.103030	0.320847
-0.103926	0.325004
-0.104699	0.329044
-0.105326	0.332944
-0.105784	0.336683
-0.106051	0.340240
-0.105490	0.343043
-0.105329	0.346180
-0.104953	0.349105
-0.104350	0.351798
-0.103506	0.354244
-0.102410	0.356424
-0.101054	0.358323
-0.099433	0.359926
-0.097544	0.361224
-0.095389	0.362206
-0.092339	0.362305
-0.089686	0.362648
-0.086819	0.362690
-0.083754	0.362432
-0.080506	0.361878
-0.077094	0.361035
-0.073538	0.359911
-0.069858	0.358516
-0.066079	0.356864
-0.062224	0.354970
-0.057729	0.352346
-0.053822	0.350042
-0.049933	0.347571
-0.046081	0.344950
-0.042282	0.342195
-0.038548	0.339323
-0.034889	0.336347
-0.031311	0.333283
-0.027819	0.330144
-0.024415	0.326943
-0.020620	0.323297
-0.017441	0.320053
-0.014354	0.316789
-0.011344	0.313508
-0.008393	0.310209
-0.005479	0.306888
-0.002579	0.303540
0.000333	0.300158
0.003282	0.296733
0.006295	0.293253
0.009751	0.289434
0.012901	0.285876
0.016195	0.282222
0.019664	0.278450
0.023342	0.274537
0.027258	0.270459
0.031437	0.266195
0.035900	0.261726
0.040665	0.257033
0.045741	0.252101
0.051360	0.246772
0.056988	0.241410
0.062933	0.235773
0.069191	0.229854
0.075751	0.223646
0.082596	0.217149
0.089701	0.210368
0.097037	0.203312
0.104569	0.195994
0.112257	0.188431
0.120124	0.180663
0.127894	0.172766
0.135687	0.164686
0.143458	0.156446
0.151163	0.148073
0.158757	0.139593
0.166199	0.131034
0.173446	0.122425
0.180463	0.113794
0.187217	0.105167
0.193564	0.096777
0.199620	0.088315
0.205365	0.079903
0.210798	0.071547
0.215929	0.063247
0.220770	0.055005
0.225339	0.046817
0.229661	0.038675
0.233761	0.030574
0.237671	0.022500
0.241132	0.014824
0.244667	0.006861
0.248134	-0.001133
0.251577	-0.009177
0.255036	-0.017291
0.258550	-0.025491
0.262156	-0.033791
0.265882	-0.042200
0.269759	-0.050727
0.273808	-0.059377
0.277603	-0.067628
0.281981	-0.076456
0.286609	-0.085438
0.291504	-0.094575
0.296676	-0.103865
0.302129	-0.113301
0.307863	-0.122871
0.313870	-0.132561
0.320138	-0.142350
0.326651	-0.152219
0.332775	-0.161466
0.339656	-0.171364
0.346736	-0.181293
0.353985	-0.191224
0.361368	-0.201126
0.368843	-0.210964
0.376364	-0.220699
0.383882	-0.230290
0.391346	-0.239696
0.398703	-0.248877
0.405119	-0.256963
0.412070	-0.265541
0.418785	-0.273809
0.425214	-0.281728
0.431307	-0.289265
0.437014	-0.296381
0.442288	-0.303045
0.447086	-0.309224
0.451369	-0.314889
0.455104	-0.320019
0.457353	-0.323652
0.459906	-0.327651
0.461878	-0.331103
0.463263	-0.334005
0.464056	-0.336353
0.464261	-0.338151
0.463886	-0.339404
0.462945	-0.340123
0.461460	-0.340324
0.459457	-0.340028
0.456029	-0.338308
0.453110	-0.337117
0.449809	-0.335540
0.446165	-0.333607
0.442218	-0.331345
0.438007	-0.328785
0.433573	-0.325954
0.428958	-0.322882
0.424201	-0.319599
0.419343	-0.316134
0.413565	-0.311650
0.408667	-0.307951
0.403793	-0.304166
0.398966	-0.300310
0.394202	-0.296393
0.389514	-0.292423
0.384905	-0.288401
0.380375	-0.284328
0.375918	-0.280198
0.371520	-0.276002
0.366442	-0.270989
0.362158	-0.266678
0.357853	-0.262253
0.353476	-0.257682
0.348973	-0.252928
0.344285	-0.247954
0.339350	-0.242722
0.334106	-0.237196
0.328492	-0.231340
0.322449	-0.225125
0.315381	-0.217939
0.308394	-0.210997
0.300825	-0.203627
0.292631	-0.195816
0.283779	-0.187554
0.274245	-0.178840
0.264019	-0.169683
0.253100	-0.160099
0.241502	-0.150113
0.229250	-0.139758
0.216096	-0.128740
0.202741	-0.117859
0.188865	-0.106746
0.174528	-0.095450
0.159798	-0.084026
0.144751	-0.072531
0.129470	-0.061025
0.114042	-0.049569
0.098558	-0.038223
0.083112	-0.027047
0.067818	-0.016085
0.052825	-0.005520
0.038133	0.004723
0.023818	0.014607
0.009954	0.024101
-0.003393	0.033181
-0.016161	0.041826
-0.028298	0.050023
-0.039754	0.057762
-0.050493	0.065042
-0.060252	0.071643
-0.069393	0.077932
-0.077778	0.083808
-0.085411	0.089298
-0.092305	0.094431
-0.098478	0.099238
-0.103954	0.103752
-0.108763	0.108008
-0.112942	0.112039
-0.116532	0.115881
-0.119271	0.119270
-0.121794	0.122801
-0.123911	0.126273
-0.125682	0.129719
-0.127165	0.133171
-0.128415	0.136652
-0.129485	0.140181
-0.130423	0.143771
-0.131273	0.147431
-0.132073	0.151162
-0.132519	0.154662
-0.133322	0.158526
-0.134168	0.162446
-0.135062	0.166393
-0.135996	0.170334
-0.136955	0.174229
-0.137914	0.178032
-0.138839	0.181694
-0.139692	0.185166
-0.140428	0.188396
-0.140620	0.191013
-0.141009	0.193631
-0.141136	0.195860
-0.140944	0.197652
-0.140376	0.198961
-0.139377	0.199749
-0.137898	0.199983
-0.135895	0.199638
-0.133333	0.198697
-0.130184	0.197153
-0.126057	0.194695
-0.121718	0.191974
-0.116775	0.188684
-0.111242	0.184852
-0.105141	0.180515
-0.098506	0.175717
-0.091385	0.170513
-0.083832	0.164963
-0.075916	0.159136
-0.067710	0.153106
-0.059042	0.146751
-0.050534	0.140567
-0.042015	0.134433
-0.033578	0.128434
-0.025317	0.122653
-0.017325	0.117166
-0.009689	0.112050
-0.002491	0.107371
0.004192	0.103192
0.010293	0.099566
0.015864	0.096478
0.020611	0.094103
0.024619	0.092401
0.027866	0.091387
0.030343	0.091062
0.032054	0.091420
0.033016	0.092443
0.033255	0.094106
0.032809	0.096374
0.031727	0.099206
0.030152	0.102504
0.027959	0.106319
0.025315	0.110538
0.022304	0.115092
0.019013	0.119911
0.015532	0.124919
0.011954	0.130042
0.008370	0.135206
0.004870	0.140338
0.001541	0.145369
-0.001350	0.150081
-0.004089	0.154701
-0.006438	0.159043
-0.008340	0.163061
-0.009750	0.166720
-0.010631	0.169991
-0.010962	0.172857
-0.010735	0.175313
-0.009952	0.177361
-0.008630	0.179015
-0.006536	0.180071
-0.004193	0.180970
-0.001437	0.181575
0.001669	0.181933
0.005057	0.182100
0.008656	0.182132
0.012387	0.182088
0.016174	0.182030
0.019937	0.182015
0.023601	0.182104
0.027340	0.182150
0.030623	0.182568
0.033575	0.183265
0.036135	0.184287
0.038251	0.185673
0.039879	0.187454
0.040990	0.189654
0.041563	0.192286
0.041587	0.195356
0.041065	0.198859
0.040259	0.202596
0.038712	0.206899
0.036665	0.211595
0.034159	0.216649
0.031246	0.222016
0.027987	0.227648
0.024446	0.233487
0.020696	0.239476
0.016810	0.245550
0.012862	0.251648
0.009258	0.257446
0.005414	0.263388
0.001711	0.269176
-0.001786	0.274753
-0.005014	0.280064
-0.007920	0.285057
-0.010454	0.289689
-0.012576	0.293918
-0.014255	0.297713
-0.015468	0.301046
-0.015777	0.303558
-0.016017	0.305903
-0.015785	0.307752
-0.015094	0.309106
-0.013966	0.309972
-0.012432	0.310365
-0.010531	0.310304
-0.008308	0.309815
-0.005817	0.308930
-0.003118	0.307687
0.000154	0.305791
0.003071	0.303953
0.005974	0.301906
0.008786	0.299701
0.011433	0.297394
0.013843	0.295038
0.015949	0.292683
0.017687	0.290379
0.019006	0.288170
0.019861	0.286095
0.020578	0.283916
0.020393	0.282212
0.019660	0.280731
0.018386	0.279482
0.016590	0.278466
0.014307	0.277670
0.011585	0.277077
0.008487	0.276658
0.005083	0.276377
0.001458	0.276191
-0.001991	0.275818
-0.005833	0.275716
-0.009623	0.275562
-0.013253	0.275296
-0.016614	0.274854
-0.019599	0.274172
-0.022108	0.273189
-0.024043	0.271847
-0.025316	0.270090
-0.025849	0.267871
-0.025312	0.264931
-0.024252	0.261733
-0.022295	0.257968
-0.019407	0.253612
-0.015573	0.248650
-0.010791	0.243077
-0.005077	0.236898
0.001538	0.230128
0.009007	0.222791
0.017269	0.214923
0.026383	0.206472
0.035904	0.197764
0.045961	0.188669
0.056454	0.179246
0.067275	0.169556
0.078311	0.159664
0.089449	0.149638
0.100573	0.139543
0.111570	0.129447
0.122334	0.119410
0.132691	0.109608
0.142605	0.099947
0.152025	0.090487
0.160891	0.081255
0.169158	0.072274
0.176798	0.063554
0.183795	0.055098
0.190152	0.046899
0.195888	0.038941
0.201037	0.031199
0.205402	0.023933
0.209454	0.016600
0.213125	0.009345
0.216508	0.002108
0.219707	-0.005171
0.222829	-0.012556
0.225988	-0.020109
0.229294	-0.027891
0.232860	-0.035959
0.236791	-0.044367
0.240792	-0.052730
0.245657	-0.061869
0.251177	-0.071485
0.257424	-0.081606
0.264454	-0.092246
0.272306	-0.103406
0.281001	-0.115075
0.290539	-0.127229
0.300904	-0.139832
0.312059	-0.152837
0.323319	-0.165515
0.335789	-0.179051
0.348866	-0.192810
0.362459	-0.206712
0.376461	-0.220671
0.390756	-0.234592
0.405220	-0.248381
0.419721	-0.261937
0.434126	-0.275164
0.448302	-0.287965
0.461185	-0.299267
0.474435	-0.310874
0.487104	-0.321829
0.499083	-0.332062
0.510270	-0.341511
0.520572	-0.350122
0.529907	-0.357850
0.538208	-0.364660
0.545417	-0.370528
0.551497	-0.375441
0.555337	-0.378246
0.559073	-0.381233
0.561683	-0.383332
0.563188	-0.384573
0.563617	-0.384995
0.563013	-0.384642
0.561425	-0.383568
0.558916	-0.381827
0.555553	-0.379481
0.551410	-0.376596
0.545560	-0.372164
0.540141	-0.368443
0.534213	-0.364417
0.527851	-0.360145
0.521123	-0.355683
0.514093	-0.351080
0.506815	-0.346381
0.499337	-0.341623
0.491697	-0.336835
0.483924	-0.332043
0.475208	-0.326382
0.467302	-0.321707
0.459297	-0.317067
0.451168	-0.312447
0.442883	-0.307823
0.434398	-0.303164
0.425663	-0.298434
0.416622	-0.293590
0.407214	-0.288589
0.397378	-0.283383
0.386381	-0.277228
0.375606	-0.271568
0.364211	-0.265551
0.352134	-0.259122
0.339319	-0.252228
0.325721	-0.244819
0.311305	-0.236855
0.296049	-0.228303
0.279949	-0.219136
0.263012	-0.209341
0.244794	-0.198454
0.226381	-0.187507
0.207238	-0.175937
0.187429	-0.163761
0.167034	-0.151008
0.146147	-0.137720
0.124874	-0.123945
0.103334	-0.109742
0.081653	-0.095179
0.059966	-0.080328
0.038277	-0.065173
0.017105	-0.050103
-0.003670	-0.034979
-0.023918	-0.019879
-0.043513	-0.004883
-0.062336	0.009933
-0.080276	0.024494
-0.097235	0.038729
-0.113124	0.052572
-0.127871	0.065964
-0.141175	0.078577
-0.153365	0.090809
-0.164305	0.102472
-0.173991	0.113547
-0.182436	0.124021
-0.189669	0.133891
-0.195734	0.143161
-0.200685	0.151842
-0.204593	0.159953
-0.207538	0.167521
-0.209149	0.174110
-0.210361	0.180613
-0.210937	0.186716
-0.210995	0.192476
-0.210654	0.197949
-0.210036	0.203196
-0.209256	0.208275
-0.208429	0.213244
-0.207661	0.218160
-0.207054	0.223076
-0.206194	0.227541
-0.206125	0.232554
-0.206495	0.237733
-0.207363	0.243114
-0.208772	0.248724
-0.210750	0.254579
-0.213310	0.260689
-0.216445	0.267050
-0.220137	0.273651
-0.224351	0.280471
-0.228490	0.286929
-0.233580	0.294069
-0.239039	0.301339
-0.244781	0.308686
-0.250712	0.316049
-0.256729	0.323360
-0.262722	0.330548
-0.268580	0.337540
-0.274189	0.344262
-0.279438	0.350639
-0.283551	0.355930
-0.287763	0.361405
-0.291323	0.366351
-0.294139	0.370709
-0.296126	0.374427
-0.297212	0.377461
-0.297335	0.379775
-0.296448	0.381342
-0.294516	0.382147
-0.291519	0.382183
-0.286759	0.380761
-0.281648	0.379295
-0.275516	0.377122
-0.268399	0.374274
-0.260344	0.370793
-0.251413	0.366729
-0.241676	0.362137
-0.231215	0.357081
-0.220123	0.351626
-0.208497	0.345846
-0.195921	0.339295
-0.183590	0.333123
-0.171079	0.326874
-0.158499	0.320621
-0.145964	0.314437
-0.133579	0.308390
-0.121450	0.302542
-0.109670	0.296952
-0.098329	0.291669
-0.087504	0.286736
-0.076955	0.281897
-0.067404	0.277811
-0.058545	0.274165
-0.050401	0.270962
-0.042975	0.268192
-0.036257	0.265838
-0.030225	0.263874
-0.024841	0.262265
-0.020057	0.260969
-0.015812	0.259939
-0.011833	0.258928
-0.008513	0.258321
-0.005512	0.257814
-0.002737	0.257343
-0.000093	0.256839
0.002514	0.256238
0.005177	0.255474
0.007983	0.254488
0.011016	0.253225
0.014349	0.251633
0.018236	0.249484
0.022319	0.247146
0.026875	0.244363
0.031943	0.241110
0.037547	0.237370
0.043698	0.233139
0.050392	0.228422
0.057611	0.223234
0.065320	0.217604
0.073472	0.211568
0.082092	0.205095
0.090906	0.198427
0.099945	0.191524
0.109114	0.184460
0.118309	0.177316
0.127421	0.170180
0.136335	0.163142
0.144933	0.156295
0.153099	0.149733
0.160719	0.143546
0.167581	0.137942
0.173768	0.132777
0.179099	0.128231
0.183493	0.124368
0.186880	0.121244
0.189203	0.118901
0.190424	0.117370
0.190519	0.116669
0.189481	0.116801
0.187320	0.117757
0.183900	0.119705
0.179584	0.122232
0.174269	0.125477
0.168030	0.129383
0.160957	0.133878
0.153148	0.138884
0.144717	0.144312
0.135783	0.150071
0.126471	0.156063
0.116914	0.162187
0.107234	0.168380
0.097589	0.174454
0.088092	0.180359
0.078870	0.186001
0.070041	0.191291
0.061717	0.196148
0.053996	0.200501
0.046966	0.204288
0.040699	0.207459
0.035254	0.209975
0.030826	0.211682
0.027142	0.212809
0.024355	0.213241
0.022460	0.212991
0.021435	0.212083
0.021247	0.210555
0.021846	0.208452
0.023173	0.205828
0.025160	0.202745
0.027730	0.199273
0.030930	0.195375
0.034407	0.191337
0.038199	0.187138
0.042213	0.182856
0.046358	0.178568
0.050544	0.174348
0.054688	0.170266
0.058710	0.166385
0.062539	0.162766
0.066112	0.159456
0.069379	0.156517
0.072266	0.153961
0.074756	0.151824
0.076827	0.150121
0.078474	0.148855
0.079699	0.148022
0.080523	0.147602
0.080977	0.147570
0.081104	0.147888
0.080959	0.148508
0.080575	0.149432
0.080061	0.150512
0.079497	0.151709
0.078976	0.152945
0.078593	0.154141
0.078445	0.155215
0.078630	0.156087
0.079240	0.156677
0.080365	0.156910
0.082085	0.156715
0.084479	0.156054
0.087548	0.154868
0.091396	0.153084
0.096063	0.150665
0.101573	0.147582
0.107935	0.143818
0.115143	0.139367
0.123179	0.134235
0.132008	0.128440
0.141581	0.122006
0.151785	0.115078
0.162600	0.107546
0.173952	0.099507
0.185753	0.091020
0.197909	0.082152
0.210318	0.072974
0.222877	0.063563
0.235479	0.053999
0.248018	0.044361
0.260391	0.034730
0.272223	0.025525
0.283908	0.016201
0.295159	0.007098
0.305906	-0.001720
0.316092	-0.010202
0.325672	-0.018301
0.334618	-0.025983
0.342917	-0.033224
0.350571	-0.040012
0.357599	-0.046347
0.363561	-0.051703
0.369393	-0.057123
0.374755	-0.062170
0.379721	-0.066885
0.384373	-0.071320
0.388799	-0.075530
0.393086	-0.079570
0.397324	-0.083501
0.401597	-0.087381
0.405985	-0.091265
0.410012	-0.094605
0.414789	-0.098611
0.419882	-0.102781
0.425332	-0.107152
0.431164	-0.111752
0.437391	-0.116602
0.444009	-0.121714
0.451001	-0.127090
0.458337	-0.132728
0.465974	-0.138615
0.473236	-0.144056
0.481278	-0.150359
0.489443	-0.156858
0.497649	-0.163514
0.505800	-0.170284
0.513797	-0.177117
0.521531	-0.183956
0.528891	-0.190740
0.535761	-0.197403
0.542024	-0.203877
0.546797	-0.209261
0.551501	-0.215143
0.555274	-0.220640
0.558010	-0.225678
0.559613	-0.230189
0.559994	-0.234109
0.559081	-0.237379
0.556813	-0.239947
0.553146	-0.241771
0.548052	-0.242816
0.540673	-0.242165
0.532745	-0.241628
0.523426	-0.240287
0.512754	-0.238147
0.500787	-0.235220
0.487594	-0.231527
0.473258	-0.227095
0.457875	-0.221960
0.441552	-0.216162
0.424404	-0.209748
0.405843	-0.202049
0.387482	-0.194620
0.368690	-0.186746
0.349601	-0.178484
0.330352	-0.169893
0.311078	-0.161033
0.291917	-0.151966
0.273002	-0.142757
0.254466	-0.133468
0.236435	-0.124164
0.218598	-0.114507
0.202014	-0.105443
0.186273	-0.096547
0.171462	-0.087866
0.157650	-0.079443
0.144897	-0.071310
0.133240	-0.063492
0.122703	-0.056008
0.113291	-0.048863
0.104991	-0.042057
0.097568	-0.035411
0.091473	-0.029324
0.086345	-0.023510
0.082101	-0.017928
0.078649	-0.012531
0.075888	-0.007267
0.073710	-0.002085
0.072003	0.003073
0.070656	0.008259
0.069555	0.013529
0.068481	0.019004
0.067639	0.024505
0.066719	0.030241
0.065626	0.036258
0.064272	0.042594
0.062581	0.049284
0.060489	0.056355
0.057941	0.063828
0.054896	0.071718
0.051326	0.080033
0.047191	0.088740
0.042616	0.097813
0.037491	0.107301
0.031837	0.117181
0.025688	0.127425
0.019090	0.137993
0.012103	0.148839
0.004796	0.159906
-0.002752	0.171134
-0.010456	0.182452
-0.018050	0.193552
-0.025713	0.204747
-0.033272	0.215822
-0.040641	0.226702
-0.047739	0.237320
-0.054489	0.247610
-0.060826	0.257511
-0.066695	0.266973
-0.072050	0.275951
-0.076859	0.284409
-0.080709	0.291902
-0.084307	0.299179
-0.087350	0.305896
-0.089853	0.312055
-0.091840	0.317668
-0.093343	0.322748
-0.094398	0.327318
-0.095048	0.331404
-0.095338	0.335035
-0.095316	0.338247
-0.094555	0.340629
-0.094009	0.343063
-0.093318	0.345213
-0.092537	0.347128
-0.091717	0.348857
-0.090909	0.350453
-0.090161	0.351970
-0.089520	0.353461
-0.089028	0.354979
-0.088725	0.356577
-0.088200	0.357926
-0.088345	0.359799
-0.088779	0.361902
-0.089516	0.364273
-0.090560	0.366940
-0.091905	0.369920
-0.093537	0.373223
-0.095428	0.376849
-0.097544	0.380787
-0.099840	0.385018
-0.101813	0.389144
-0.104297	0.393850
-0.106803	0.398753
-0.109265	0.403808
-0.111614	0.408962
-0.113782	0.414162
-0.115701	0.419352
-0.117308	0.424479
-0.118543	0.429487
-0.119351	0.434326
-0.119155	0.438506
-0.118969	0.442864
-0.118241	0.446925
-0.116937	0.450651
-0.115032	0.454003
-0.112507	0.456948
-0.109347	0.459455
-0.105545	0.461496
-0.101098	0.463046
-0.096011	0.464087
-0.089738	0.464126
-0.083429	0.464118
-0.076550	0.463582
-0.069137	0.462519
-0.061233	0.460939
-0.052888	0.458860
-0.044161	0.456306
-0.035120	0.453309
-0.025835	0.449907
-0.016387	0.446145
-0.006403	0.441693
0.003099	0.437385
0.012506	0.432882
0.021739	0.428237
0.030721	0.423502
0.039386	0.418728
0.047673	0.413959
0.055531	0.409236
0.062920	0.404590
0.069810	0.400051
0.076455	0.395424
0.082260	0.391184
0.087529	0.387101
0.092277	0.383177
0.096525	0.379409
0.100304	0.375789
0.103649	0.372308
0.106602	0.368953
0.109208	0.365710
0.111515	0.362564
0.113728	0.359386
0.115535	0.356427
0.117196	0.353515
0.118768	0.350628
0.120313	0.347742
0.121891	0.344833
0.123560	0.341876
0.125379	0.338843
0.127406	0.335710
0.129694	0.332451
