0.054464	-0.051039
0.054464	-0.051039
0.054461	-0.051036
0.054451	-0.051026
0.054427	-0.051001
0.054381	-0.050956
0.054306	-0.050880
0.054191	-0.050765
0.054025	-0.050599
0.053796	-0.050370
0.053494	-0.050068
0.053107	-0.049682
0.052627	-0.049203
0.052044	-0.048621
0.051351	-0.047931
0.050544	-0.047127
0.049616	-0.046202
0.048562	-0.045154
0.047379	-0.043976
0.046059	-0.042662
0.044596	-0.041206
0.042982	-0.039600
0.041209	-0.037837
0.039270	-0.035907
0.037155	-0.033804
0.034860	-0.031519
0.032378	-0.029049
0.029707	-0.026390
0.026846	-0.023540
0.023796	-0.020501
0.020561	-0.017275
0.017145	-0.013866
0.013552	-0.010278
0.009788	-0.006515
0.005858	-0.002582
0.001767	0.001517
-0.002482	0.005780
-0.006884	0.010202
-0.011434	0.014782
-0.016128	0.019513
-0.020957	0.024391
-0.025915	0.029408
-0.030990	0.034555
-0.036171	0.039821
-0.041445	0.045195
-0.046797	0.050663
-0.052212	0.056212
-0.057679	0.061830
-0.063182	0.067503
-0.068711	0.073222
-0.074255	0.078977
-0.079805	0.084760
-0.085353	0.090563
-0.090891	0.096379
-0.096412	0.102201
-0.101907	0.108021
-0.107366	0.113829
-0.112780	0.119616
-0.118137	0.125371
-0.123426	0.131082
-0.128635	0.136737
-0.133752	0.142326
-0.138769	0.147839
-0.143675	0.153265
-0.148465	0.158599
-0.153131	0.163833
-0.157669	0.168963
-0.162076	0.173984
-0.166346	0.178893
-0.170475	0.183683
-0.174458	0.188348
-0.178288	0.192882
-0.181956	0.197277
-0.185453	0.201522
-0.188771	0.205609
-0.191898	0.209527
-0.194827	0.213267
-0.197551	0.216821
-0.200061	0.220183
-0.202355	0.223348
-0.204429	0.226311
-0.206281	0.229071
-0.207909	0.231625
-0.209313	0.233972
-0.210491	0.236110
-0.211440	0.238034
-0.212159	0.239743
-0.212645	0.241231
-0.212893	0.242495
-0.212902	0.243530
-0.212671	0.244335
-0.212198	0.244905
-0.211488	0.245245
-0.210544	0.245355
-0.209372	0.245239
-0.207981	0.244905
-0.206381	0.244359
-0.204581	0.243609
-0.202591	0.242663
-0.200423	0.241529
-0.198084	0.240213
-0.195583	0.238721
-0.192930	0.237060
-0.190131	0.235234
-0.187194	0.233248
-0.184126	0.231108
-0.180939	0.228822
-0.177642	0.226397
-0.174246	0.223842
-0.170764	0.221168
-0.167210	0.218386
-0.163594	0.215505
-0.159931	0.212538
-0.156231	0.209493
-0.152503	0.206377
-0.148752	0.203195
-0.144985	0.199952
-0.141205	0.196650
-0.137414	0.193290
-0.133615	0.189875
-0.129810	0.186407
-0.126001	0.182885
-0.122193	0.179318
-0.118389	0.175707
-0.114594	0.172056
-0.110811	0.168370
-0.107046	0.164655
-0.103299	0.160912
-0.099573	0.157144
-0.095868	0.153352
-0.092182	0.149536
-0.088510	0.145692
-0.084852	0.141821
-0.081203	0.137918
-0.077558	0.133981
-0.073915	0.130009
-0.070272	0.126001
-0.066629	0.121959
-0.062987	0.117885
-0.059346	0.113781
-0.055710	0.109651
-0.052078	0.105497
-0.048453	0.101323
-0.044833	0.097128
-0.041217	0.092912
-0.037601	0.088673
-0.033980	0.084408
-0.030350	0.080114
-0.026707	0.075787
-0.023045	0.071423
-0.019362	0.067021
-0.015654	0.062579
-0.011920	0.058098
-0.008160	0.053577
-0.004371	0.049016
-0.000554	0.044416
0.003295	0.039775
0.007179	0.035092
0.011103	0.030362
0.015073	0.025580
0.019096	0.020740
0.023182	0.015835
0.027340	0.010858
0.031578	0.005800
0.035903	0.000656
0.040322	-0.004580
0.044839	-0.009911
0.049459	-0.015339
0.054182	-0.020865
0.059010	-0.026491
0.063945	-0.032215
0.068986	-0.038037
0.074137	-0.043961
0.079401	-0.049989
0.084779	-0.056122
0.090275	-0.062364
0.095891	-0.068717
0.101629	-0.075182
0.107488	-0.081761
0.113467	-0.088451
0.119561	-0.095249
0.125763	-0.102148
0.132069	-0.109146
0.138469	-0.116234
0.144954	-0.123403
0.151514	-0.130646
0.158141	-0.137955
0.164827	-0.145325
0.171566	-0.152750
0.178352	-0.160226
0.185181	-0.167750
0.192043	-0.175314
0.198941	-0.182922
0.205867	-0.190567
0.212813	-0.198243
0.219772	-0.205944
0.226735	-0.213662
0.233693	-0.221389
0.240637	-0.229116
0.247557	-0.236836
0.254448	-0.244541
0.261295	-0.252221
0.268107	-0.259882
0.274875	-0.267517
0.281595	-0.275123
0.288267	-0.282698
0.294889	-0.290241
0.301457	-0.297748
0.307966	-0.305215
0.314413	-0.312637
0.320789	-0.320006
0.327077	-0.327305
0.333285	-0.334542
0.339396	-0.341699
0.345399	-0.348765
0.351286	-0.355732
0.357047	-0.362590
0.362675	-0.369332
0.368163	-0.375949
0.373503	-0.382435
0.378688	-0.388782
0.383698	-0.394970
0.388548	-0.401014
0.393215	-0.406891
0.397688	-0.412590
0.401952	-0.418095
0.405993	-0.423394
0.409796	-0.428471
0.413346	-0.433311
0.416631	-0.437902
0.419637	-0.442231
0.422340	-0.446272
0.424762	-0.450050
0.426881	-0.453540
0.428690	-0.456738
0.430184	-0.459636
0.431357	-0.462230
0.432203	-0.464514
0.432715	-0.466479
0.432886	-0.468121
0.432711	-0.469431
0.432162	-0.470383
0.431275	-0.471012
0.430025	-0.471293
0.428410	-0.471224
0.426430	-0.470804
0.424086	-0.470033
0.421381	-0.468915
0.418321	-0.467452
0.414910	-0.465651
0.411155	-0.463517
0.407039	-0.461031
0.402612	-0.458244
0.397855	-0.455137
0.392770	-0.451710
0.387361	-0.447967
0.381628	-0.443908
0.375575	-0.439537
0.369205	-0.434855
0.362523	-0.429868
0.355536	-0.424584
0.348231	-0.418986
0.340661	-0.413132
0.332813	-0.407006
0.324697	-0.400619
0.316320	-0.393979
0.307690	-0.387094
0.298815	-0.379972
0.289699	-0.372619
0.280350	-0.365041
0.270772	-0.357245
0.260954	-0.349217
0.250941	-0.341009
0.240722	-0.332606
0.230306	-0.324019
0.219706	-0.315262
0.208935	-0.306348
0.198008	-0.297291
0.186940	-0.288110
0.175748	-0.278818
0.164447	-0.269433
0.153042	-0.259956
0.141573	-0.250432
0.130040	-0.240857
0.118454	-0.231244
0.106831	-0.221606
0.095184	-0.211955
0.083528	-0.202306
0.071881	-0.192674
0.060261	-0.183075
0.048688	-0.173528
0.037178	-0.164045
0.025763	-0.154657
0.014455	-0.145374
0.003274	-0.136212
-0.007763	-0.127184
-0.018641	-0.118303
-0.029344	-0.109579
-0.039861	-0.101021
-0.050180	-0.092636
-0.060290	-0.084431
-0.070176	-0.076415
-0.079834	-0.068592
-0.089252	-0.060967
-0.098419	-0.053547
-0.107322	-0.046338
-0.115952	-0.039346
-0.124297	-0.032578
-0.132347	-0.026038
-0.140096	-0.019728
-0.147538	-0.013649
-0.154655	-0.007810
-0.161472	-0.002188
-0.167978	0.003215
-0.174174	0.008403
-0.180062	0.013384
-0.185642	0.018164
-0.190916	0.022747
-0.195882	0.027139
-0.200540	0.031343
-0.204889	0.035362
-0.208907	0.039184
-0.212636	0.042845
-0.216058	0.046336
-0.219175	0.049664
-0.221994	0.052837
-0.224521	0.055864
-0.226763	0.058758
-0.228730	0.061528
-0.230434	0.064189
-0.231884	0.066750
-0.233067	0.069203
-0.234044	0.071601
-0.234801	0.073934
-0.235350	0.076210
-0.235701	0.078438
-0.235866	0.080627
-0.235858	0.082786
-0.235693	0.084926
-0.235388	0.087057
-0.234964	0.089195
-0.234413	0.091326
-0.233819	0.093520
-0.233180	0.095767
-0.232521	0.098083
-0.231866	0.100483
-0.231238	0.102979
-0.230662	0.105581
-0.230156	0.108298
-0.229742	0.111140
-0.229438	0.114111
-0.229227	0.117187
-0.229198	0.120437
-0.229337	0.123839
-0.229661	0.127399
-0.230186	0.131122
-0.230926	0.135013
-0.231896	0.139077
-0.233105	0.143316
-0.234561	0.147730
-0.236267	0.152317
-0.238177	0.157029
-0.240380	0.161944
-0.242824	0.167013
-0.245500	0.172223
-0.248392	0.177561
-0.251484	0.183011
-0.254757	0.188557
-0.258192	0.194183
-0.261768	0.199872
-0.265465	0.205608
-0.269201	0.211322
-0.273072	0.217106
-0.277000	0.222894
-0.280959	0.228667
-0.284921	0.234405
-0.288858	0.240086
-0.292739	0.245688
-0.296533	0.251188
-0.300210	0.256560
-0.303741	0.261784
-0.307026	0.266768
-0.310188	0.271633
-0.313137	0.276297
-0.315854	0.280745
-0.318321	0.284961
-0.320524	0.288934
-0.322448	0.292650
-0.324081	0.296098
-0.325410	0.299264
-0.326423	0.302138
-0.327023	0.304626
-0.327375	0.306882
-0.327382	0.308813
-0.327036	0.310409
-0.326326	0.311659
-0.325244	0.312552
-0.323783	0.313080
-0.321938	0.313237
-0.319706	0.313019
-0.317084	0.312423
-0.313984	0.311365
-0.310588	0.310017
-0.306805	0.308293
-0.302630	0.306189
-0.298058	0.303702
-0.293084	0.300828
-0.287702	0.297562
-0.281904	0.293900
-0.275687	0.289840
-0.269047	0.285380
-0.261905	0.280449
-0.254432	0.275208
-0.246545	0.269582
-0.238248	0.263577
-0.229549	0.257200
-0.220455	0.250461
-0.210975	0.243369
-0.201121	0.235934
-0.190903	0.228166
-0.180335	0.220077
-0.169374	0.211626
-0.158162	0.202943
-0.146645	0.193974
-0.134840	0.184734
-0.122767	0.175236
-0.110447	0.165495
-0.097905	0.155531
-0.085168	0.145364
-0.072265	0.135016
-0.059227	0.124510
-0.046060	0.113850
-0.032860	0.103112
-0.019615	0.092282
-0.006352	0.081379
0.006904	0.070420
0.020128	0.059420
0.033298	0.048394
0.046389	0.037359
0.059380	0.026328
0.072246	0.015318
0.084953	0.004360
0.097490	-0.006548
0.109840	-0.017393
0.121983	-0.028161
0.133903	-0.038840
0.145584	-0.049419
0.157013	-0.059888
0.168178	-0.070240
0.179071	-0.080469
0.189686	-0.090573
0.199972	-0.100496
0.210014	-0.110332
0.219780	-0.120045
0.229271	-0.129637
0.238490	-0.139109
0.247437	-0.148458
0.256113	-0.157685
0.264518	-0.166785
0.272653	-0.175756
0.280519	-0.184595
0.288036	-0.193215
0.295367	-0.201779
0.302449	-0.210215
0.309291	-0.218526
0.315901	-0.226715
0.322290	-0.234784
0.328465	-0.242732
0.334434	-0.250561
0.340204	-0.258269
0.345781	-0.265854
0.351060	-0.273199
0.356262	-0.280522
0.361291	-0.287715
0.366154	-0.294775
0.370853	-0.301696
0.375394	-0.308473
0.379781	-0.315103
0.384022	-0.321582
0.388123	-0.327910
0.392096	-0.334086
0.395815	-0.339978
0.399557	-0.345854
0.403207	-0.351592
0.406772	-0.357192
0.410258	-0.362651
0.413668	-0.367968
0.417005	-0.373139
0.420268	-0.378160
0.423459	-0.383027
0.426577	-0.387737
0.429472	-0.392137
0.432450	-0.396535
0.435366	-0.400784
0.438221	-0.404884
0.441011	-0.408835
0.443734	-0.412634
0.446381	-0.416279
0.448944	-0.419763
0.451410	-0.423079
0.453768	-0.426218
0.455838	-0.429008
0.457935	-0.431770
0.459879	-0.434331
0.461651	-0.436676
0.463230	-0.438791
0.464594	-0.440661
0.465726	-0.442273
0.466606	-0.443615
0.467219	-0.444676
0.467550	-0.445445
0.467423	-0.445749
0.467164	-0.445922
0.466593	-0.445786
0.465699	-0.445328
0.464468	-0.444539
0.462888	-0.443408
0.460952	-0.441925
0.458652	-0.440083
0.455986	-0.437877
0.452955	-0.435308
0.449409	-0.432220
0.445686	-0.428951
0.441632	-0.425342
0.437259	-0.421401
0.432583	-0.417139
0.427618	-0.412566
0.422380	-0.407694
0.416884	-0.402534
0.411145	-0.397098
0.405181	-0.391398
0.398868	-0.385307
0.392513	-0.379134
0.385979	-0.372738
0.379276	-0.366129
0.372414	-0.359318
0.365403	-0.352314
0.358253	-0.345131
0.350973	-0.337779
0.343572	-0.330271
0.336055	-0.322618
0.328318	-0.314719
0.320603	-0.306825
0.312779	-0.298813
0.304842	-0.290683
0.296782	-0.282435
0.288591	-0.274068
0.280259	-0.265581
0.271778	-0.256973
0.263141	-0.248246
0.254342	-0.239403
0.245304	-0.230369
0.236195	-0.221327
0.226921	-0.212185
0.217481	-0.202950
0.207876	-0.193626
0.198109	-0.184219
0.188183	-0.174737
0.178103	-0.165186
0.167877	-0.155574
0.157514	-0.145909
0.146987	-0.136160
0.136400	-0.126436
0.125713	-0.116689
0.114943	-0.106930
0.104108	-0.097173
0.093232	-0.087435
0.082339	-0.077732
0.071459	-0.068085
0.060619	-0.058511
0.049848	-0.049032
0.039179	-0.039664
0.028645	-0.030442
0.018258	-0.021359
0.008037	-0.012427
-0.001996	-0.003656
-0.011821	0.004943
-0.021419	0.013361
-0.030771	0.021588
-0.039857	0.029615
-0.048660	0.037430
-0.057124	0.044991
-0.065300	0.052345
-0.073154	0.059468
-0.080676	0.066356
-0.087858	0.073006
-0.094697	0.079417
-0.101192	0.085590
-0.107344	0.091527
-0.113156	0.097234
-0.118635	0.102716
-0.123723	0.107920
-0.128555	0.112968
-0.133086	0.117819
-0.137324	0.122477
-0.141279	0.126949
-0.144955	0.131239
-0.148362	0.135348
-0.151505	0.139281
-0.154392	0.143040
-0.157031	0.146629
-0.159352	0.149979
-0.161528	0.153247
-0.163495	0.156370
-0.165264	0.159355
-0.166847	0.162210
-0.168253	0.164939
-0.169492	0.167548
-0.170570	0.170041
-0.171495	0.172419
-0.172272	0.174687
-0.172818	0.176762
-0.173322	0.178816
-0.173702	0.180773
-0.173965	0.182635
-0.174119	0.184408
-0.174174	0.186096
-0.174139	0.187708
-0.174027	0.189252
-0.173852	0.190740
-0.173628	0.192183
-0.173273	0.193501
-0.173002	0.194894
-0.172733	0.196284
-0.172479	0.197681
-0.172251	0.199092
-0.172058	0.200526
-0.171911	0.201989
-0.171817	0.203488
-0.171788	0.205031
-0.171833	0.206627
-0.171859	0.208183
-0.172096	0.209918
-0.172453	0.211744
-0.172939	0.213668
-0.173562	0.215697
-0.174329	0.217835
-0.175242	0.220084
-0.176302	0.222443
-0.177508	0.224909
-0.178857	0.227477
-0.180227	0.230030
-0.181856	0.232791
-0.183622	0.235643
-0.185516	0.238577
-0.187532	0.241583
-0.189660	0.244650
-0.191891	0.247768
-0.194215	0.250926
-0.196623	0.254113
-0.199105	0.257316
-0.201515	0.260398
-0.204116	0.263605
-0.206762	0.266798
-0.209436	0.269959
-0.212120	0.273070
-0.214794	0.276112
-0.217438	0.279065
-0.220034	0.281913
-0.222564	0.284640
-0.225014	0.287232
-0.227220	0.289535
-0.229480	0.291835
-0.231633	0.293984
-0.233667	0.295971
-0.235568	0.297790
-0.237322	0.299430
-0.238912	0.300879
-0.240320	0.302129
-0.241528	0.303167
-0.242519	0.303982
-0.243113	0.304413
-0.243628	0.304768
-0.243883	0.304884
-0.243861	0.304752
-0.243545	0.304364
-0.242916	0.303712
-0.241957	0.302788
-0.240652	0.301585
-0.238984	0.300095
-0.236938	0.298312
-0.234346	0.296084
-0.231515	0.293711
-0.228266	0.291028
-0.224581	0.288024
-0.220440	0.284686
-0.215829	0.281004
-0.210732	0.276966
-0.205139	0.272566
-0.199045	0.267800
-0.192448	0.262668
-0.185228	0.257056
-0.177663	0.251223
-0.169619	0.245043
-0.161107	0.238520
-0.152138	0.231661
-0.142729	0.224476
-0.132897	0.216975
-0.122665	0.209170
-0.112058	0.201077
-0.101106	0.192713
-0.089769	0.184034
-0.078256	0.175220
-0.066508	0.166205
-0.054568	0.157016
-0.042478	0.147681
-0.030286	0.138231
-0.018041	0.128698
-0.005795	0.119117
0.006402	0.109521
0.018498	0.099945
0.030460	0.090414
0.042187	0.080994
0.053679	0.071679
0.064897	0.062491
0.075806	0.053452
0.086375	0.044581
0.096571	0.035895
0.106369	0.027412
0.115742	0.019148
0.124670	0.011115
0.133095	0.003372
0.141067	-0.004152
0.148565	-0.011431
0.155592	-0.018466
0.162154	-0.025266
0.168264	-0.031840
0.173942	-0.038201
0.179211	-0.044367
0.184097	-0.050355
0.188633	-0.056189
0.192771	-0.061800
0.196699	-0.067379
0.200393	-0.072881
0.203892	-0.078329
0.207237	-0.083746
0.210464	-0.089153
0.213611	-0.094567
0.216712	-0.100008
0.219803	-0.105492
0.222919	-0.111035
0.225976	-0.116531
0.229226	-0.122228
0.232599	-0.128033
0.236120	-0.133957
0.239807	-0.140003
0.243673	-0.146175
0.247726	-0.152467
0.251966	-0.158872
0.256388	-0.165378
0.260983	-0.171969
0.265586	-0.178474
0.270470	-0.185175
0.275483	-0.191915
0.280601	-0.198673
0.285800	-0.205429
0.291053	-0.212160
0.296329	-0.218847
0.301602	-0.225467
0.306840	-0.232003
0.312017	-0.238435
0.316912	-0.244549
0.321873	-0.250719
0.326703	-0.256752
0.331377	-0.262637
0.335873	-0.268360
0.340167	-0.273912
0.344238	-0.279282
0.348070	-0.284463
0.351651	-0.289451
0.354971	-0.294245
0.357800	-0.298614
0.360593	-0.303030
0.363141	-0.307284
0.365451	-0.311382
0.367529	-0.315329
0.369378	-0.319130
0.371004	-0.322786
0.372412	-0.326298
0.373606	-0.329663
0.374592	-0.332880
0.375133	-0.335697
0.375733	-0.338623
0.376163	-0.341410
0.376429	-0.344053
0.376538	-0.346549
0.376498	-0.348890
0.376316	-0.351071
0.375997	-0.353086
0.375551	-0.354929
0.374983	-0.356595
0.374056	-0.357825
0.373281	-0.359136
0.372411	-0.360261
0.371447	-0.361191
0.370385	-0.361914
0.369224	-0.362420
0.367959	-0.362698
0.366587	-0.362741
0.365109	-0.362543
0.363523	-0.362101
0.361588	-0.361165
0.359810	-0.360256
0.357938	-0.359117
0.355971	-0.357751
0.353904	-0.356155
0.351733	-0.354330
0.349448	-0.352275
0.347044	-0.349987
0.344510	-0.347465
0.341839	-0.344710
0.338790	-0.341479
0.335842	-0.338281
0.332746	-0.334863
0.329491	-0.331227
0.326069	-0.327373
0.322473	-0.323300
0.318695	-0.319009
0.314727	-0.314500
0.310563	-0.309773
0.306196	-0.304827
0.301420	-0.299450
0.296660	-0.294094
0.291683	-0.288518
0.286478	-0.282712
0.281032	-0.276666
0.275334	-0.270367
0.269375	-0.263806
0.263149	-0.256975
0.256654	-0.249869
0.249891	-0.242485
0.242724	-0.234670
0.235479	-0.226774
0.227986	-0.218605
0.220247	-0.210162
0.212267	-0.201444
0.204052	-0.192453
0.195611	-0.183190
0.186956	-0.173663
0.178098	-0.163880
0.169057	-0.153855
0.159786	-0.143523
0.150475	-0.133105
0.141038	-0.122497
0.131495	-0.111720
0.121868	-0.100796
0.112183	-0.089755
0.102466	-0.078624
0.092745	-0.067438
0.083048	-0.056228
0.073400	-0.045030
0.063842	-0.033872
0.054397	-0.022827
0.045058	-0.011879
0.035838	-0.001054
0.026750	0.009625
0.017804	0.020133
0.009012	0.030447
0.000382	0.040541
-0.008074	0.050393
-0.016349	0.059980
-0.024350	0.069220
-0.032222	0.078196
-0.039908	0.086862
-0.047411	0.095211
-0.054735	0.103234
-0.061885	0.110929
-0.068869	0.118294
-0.075692	0.125329
-0.082362	0.132037
-0.088885	0.138421
-0.095133	0.144374
-0.101367	0.150113
-0.107477	0.155554
-0.113462	0.160701
-0.119321	0.165560
-0.125046	0.170133
-0.130628	0.174423
-0.136055	0.178432
-0.141314	0.182162
-0.146390	0.185615
-0.151108	0.188651
-0.155771	0.191556
-0.160211	0.194201
-0.164407	0.196588
-0.168336	0.198715
-0.171975	0.200582
-0.175294	0.202183
-0.178266	0.203513
-0.180860	0.204564
-0.183048	0.205329
-0.184639	0.205651
-0.185942	0.205830
-0.186766	0.205711
-0.187090	0.205287
-0.186893	0.204555
-0.186160	0.203513
-0.184880	0.202162
-0.183046	0.200505
-0.180657	0.198548
-0.177716	0.196300
-0.174090	0.193641
-0.170093	0.190865
-0.165586	0.187841
-0.160584	0.184583
-0.155109	0.181106
-0.149185	0.177425
-0.142840	0.173559
-0.136108	0.169531
-0.129030	0.165366
-0.121651	0.161093
-0.113916	0.156648
-0.106111	0.152279
-0.098169	0.147907
-0.090146	0.143565
-0.082098	0.139287
-0.074081	0.135104
-0.066152	0.131047
-0.058367	0.127147
-0.050782	0.123432
-0.043450	0.119929
-0.036357	0.116608
-0.029710	0.113628
-0.023472	0.110940
-0.017691	0.108563
-0.012407	0.106515
-0.007660	0.104815
-0.003488	0.103476
0.000079	0.102514
0.003009	0.101940
0.005278	0.101765
0.006924	0.101947
0.007811	0.102595
0.007992	0.103657
0.007467	0.105131
0.006242	0.107009
0.004329	0.109281
0.001746	0.111936
-0.001487	0.114960
-0.005344	0.118341
-0.009798	0.122065
-0.014734	0.126039
-0.020286	0.130402
-0.026345	0.135074
-0.032872	0.140036
-0.039823	0.145271
-0.047149	0.150754
-0.054800	0.156461
-0.062719	0.162362
-0.070850	0.168428
-0.079137	0.174628
-0.087380	0.180793
-0.095798	0.187157
-0.104218	0.193573
-0.112587	0.200012
-0.120852	0.206440
-0.128964	0.212827
-0.136874	0.219139
-0.144537	0.225344
-0.151909	0.231411
-0.158951	0.237308
-0.165430	0.242811
-0.171708	0.248278
-0.177572	0.253502
-0.182995	0.258454
-0.187951	0.263105
-0.192416	0.267427
-0.196371	0.271391
-0.199801	0.274974
-0.202694	0.278156
-0.205046	0.280919
-0.206632	0.283032
-0.207924	0.284941
-0.208704	0.286419
-0.208980	0.287462
-0.208761	0.288062
-0.208057	0.288215
-0.206877	0.287917
-0.205233	0.287165
-0.203137	0.285958
-0.200603	0.284298
-0.197434	0.281981
-0.194102	0.279454
-0.190395	0.276502
-0.186328	0.273130
-0.181919	0.269346
-0.177184	0.265159
-0.172140	0.260580
-0.166807	0.255622
-0.161201	0.250297
-0.155343	0.244619
-0.149084	0.238444
-0.142804	0.232135
-0.136319	0.225515
-0.129634	0.218587
-0.122752	0.211357
-0.115674	0.203827
-0.108402	0.196002
-0.100934	0.187887
-0.093271	0.179487
-0.085413	0.170810
-0.077272	0.161780
-0.069062	0.152613
-0.060649	0.143189
-0.052021	0.133510
-0.043165	0.123576
-0.034069	0.113390
-0.024719	0.102952
-0.015103	0.092265
-0.005208	0.081333
0.004974	0.070162
0.015444	0.058769
0.026174	0.047190
0.037209	0.035397
0.048550	0.023399
0.060193	0.011212
0.072126	-0.001145
0.084330	-0.013647
0.096782	-0.026266
0.109452	-0.038971
0.122305	-0.051728
0.135186	-0.064383
0.148245	-0.077097
0.161378	-0.089772
0.174545	-0.102376
0.187699	-0.114876
0.200794	-0.127239
0.213776	-0.139428
0.226589	-0.151403
0.239178	-0.163125
0.251483	-0.174556
0.263218	-0.185425
0.274750	-0.196123
0.285847	-0.206435
0.296459	-0.216331
0.306540	-0.225783
0.316044	-0.234762
0.324928	-0.243243
0.333155	-0.251203
0.340688	-0.258623
0.347499	-0.265485
0.353260	-0.271472
0.358545	-0.277173
0.363065	-0.282305
0.366806	-0.286862
0.369758	-0.290840
0.371915	-0.294235
0.373274	-0.297047
0.373836	-0.299277
0.373610	-0.300932
0.372613	-0.302026
0.370552	-0.302257
0.368104	-0.302300
0.364991	-0.301867
0.361254	-0.300987
0.356937	-0.299693
0.352091	-0.298021
0.346766	-0.296008
0.341020	-0.293694
0.334912	-0.291122
0.328504	-0.288336
0.321577	-0.285097
0.314789	-0.282046
0.307902	-0.278927
0.300980	-0.275783
0.294081	-0.272654
0.287263	-0.269580
0.280584	-0.266599
0.274098	-0.263748
0.267856	-0.261062
0.261909	-0.258575
0.256048	-0.256067
0.250831	-0.254076
0.246028	-0.252362
0.241661	-0.250936
0.237747	-0.249804
0.234293	-0.248965
0.231304	-0.248413
0.228778	-0.248142
0.226710	-0.248141
0.225093	-0.248397
0.223669	-0.248650
0.222927	-0.249385
0.222613	-0.250348
0.222709	-0.251523
0.223199	-0.252892
0.224063	-0.254440
0.225278	-0.256146
0.226823	-0.257992
0.228673	-0.259960
0.230804	-0.262032
0.232926	-0.263924
0.235554	-0.266159
0.238409	-0.268468
0.241467	-0.270837
0.244705	-0.273253
0.248099	-0.275701
0.251624	-0.278168
0.255258	-0.280644
0.258977	-0.283118
0.262760	-0.285578
0.266309	-0.287735
0.270166	-0.290154
0.274030	-0.292541
0.277872	-0.294879
0.281658	-0.297146
0.285355	-0.299320
0.288926	-0.301378
0.292337	-0.303294
0.295554	-0.305044
0.298546	-0.306609
0.301012	-0.307686
0.303485	-0.308838
0.305655	-0.309753
0.307491	-0.310410
0.308966	-0.310788
0.310051	-0.310866
0.310722	-0.310626
0.310953	-0.310050
0.310724	-0.309122
0.310015	-0.307828
0.308554	-0.305890
0.306853	-0.303850
0.304625	-0.301415
0.301857	-0.298575
0.298538	-0.295322
0.294660	-0.291652
0.290217	-0.287564
0.285212	-0.283059
0.279646	-0.278144
0.273528	-0.272825
0.266652	-0.266884
0.259483	-0.260814
0.251798	-0.254379
0.243609	-0.247587
0.234927	-0.240448
0.225767	-0.232973
0.216143	-0.225174
0.206075	-0.217063
0.195580	-0.208655
0.184683	-0.199967
0.173271	-0.190864
0.161678	-0.181707
0.149759	-0.172329
0.137536	-0.162745
0.125034	-0.152972
0.112276	-0.143026
0.099283	-0.132922
0.086079	-0.122675
0.072685	-0.112300
0.059122	-0.101811
0.045394	-0.091187
0.031598	-0.080551
0.017681	-0.069830
0.003659	-0.059031
-0.010454	-0.048162
-0.024637	-0.037235
-0.038870	-0.026265
-0.053124	-0.015269
-0.067370	-0.004269
-0.081575	0.006711
-0.095591	0.017549
-0.109567	0.028377
-0.123406	0.039123
-0.137069	0.049761
-0.150515	0.060265
-0.163696	0.070603
-0.176560	0.080741
-0.189053	0.090642
-0.201116	0.100267
-0.212688	0.109575
-0.223499	0.118327
-0.233892	0.126864
-0.243628	0.134978
-0.252645	0.142631
-0.260880	0.149780
-0.268275	0.156387
-0.274773	0.162414
-0.280323	0.167830
-0.284882	0.172606
-0.288412	0.176720
-0.290638	0.179914
-0.292056	0.182677
-0.292409	0.184768
-0.291697	0.186188
-0.289922	0.186942
-0.287099	0.187039
-0.283248	0.186493
-0.278398	0.185324
-0.272590	0.183557
-0.265872	0.181223
-0.258074	0.178139
-0.249747	0.174816
-0.240725	0.171068
-0.231085	0.166945
-0.220910	0.162499
-0.210289	0.157785
-0.199313	0.152859
-0.188077	0.147780
-0.176675	0.142608
-0.165206	0.137403
-0.153597	0.132068
-0.142307	0.126999
-0.131236	0.122077
-0.120467	0.117349
-0.110073	0.112860
-0.100126	0.108650
-0.090688	0.104755
-0.081820	0.101211
-0.073574	0.098050
-0.066000	0.095303
-0.059026	0.092899
-0.052937	0.091075
-0.047635	0.089744
-0.043137	0.088917
-0.039453	0.088603
-0.036585	0.088802
-0.034526	0.089515
-0.033265	0.090733
-0.032781	0.092449
-0.033053	0.094650
-0.033940	0.097225
-0.035634	0.100350
-0.037996	0.103921
-0.040988	0.107917
-0.044566	0.112316
-0.048683	0.117092
-0.053293	0.122219
-0.058343	0.127668
-0.063781	0.133409
-0.069555	0.139410
-0.075440	0.145478
-0.081705	0.151880
-0.088159	0.158454
-0.094748	0.165167
-0.101421	0.171979
-0.108125	0.178855
-0.114810	0.185755
-0.121428	0.192642
-0.127938	0.199481
-0.134301	0.206241
-0.140229	0.212644
-0.146197	0.219146
-0.151965	0.225517
-0.157520	0.231739
-0.162848	0.237794
-0.167936	0.243664
-0.172776	0.249332
-0.177357	0.254783
-0.181676	0.260001
-0.185728	0.264975
-0.189193	0.269388
-0.192719	0.273854
-0.196010	0.278081
-0.199068	0.282064
-0.201893	0.285796
-0.204484	0.289270
-0.206837	0.292478
-0.208949	0.295412
-0.210812	0.298062
-0.212420	0.300419
-0.213431	0.302152
-0.214532	0.303917
-0.215368	0.305374
-0.215920	0.306502
-0.216168	0.307281
-0.216088	0.307688
-0.215658	0.307700
-0.214855	0.307295
-0.213660	0.306456
-0.212057	0.305165
-0.209719	0.303113
-0.207298	0.300919
-0.204444	0.298252
-0.201143	0.295101
-0.197382	0.291454
-0.193151	0.287304
-0.188438	0.282644
-0.183236	0.277472
-0.177541	0.271789
-0.171350	0.265598
-0.164414	0.258673
-0.157285	0.251538
-0.149680	0.243935
-0.141603	0.235876
-0.133060	0.227377
-0.124061	0.218456
-0.114621	0.209135
-0.104755	0.199439
-0.094483	0.189395
-0.083828	0.179033
-0.072674	0.168258
-0.061385	0.157406
-0.049790	0.146327
-0.037908	0.135042
-0.025758	0.123572
-0.013362	0.111940
-0.000744	0.100166
0.012069	0.088276
0.025050	0.076291
0.038166	0.064236
0.051370	0.052166
0.064592	0.040109
0.077863	0.028039
0.091159	0.015970
0.104453	0.003912
0.117722	-0.008121
0.130937	-0.020117
0.144071	-0.032066
0.157098	-0.043953
0.169989	-0.055769
0.182531	-0.067300
0.195014	-0.078881
0.207307	-0.090380
0.219393	-0.101793
0.231249	-0.113110
0.242855	-0.124319
0.254183	-0.135405
0.265207	-0.146349
0.275901	-0.157130
0.286240	-0.167727
0.295879	-0.177787
0.305414	-0.187930
0.314562	-0.197858
0.323312	-0.207555
0.331651	-0.217001
0.339568	-0.226178
0.347053	-0.235064
0.354098	-0.243636
0.360696	-0.251873
0.366841	-0.259755
0.372128	-0.266847
0.377365	-0.273960
0.382174	-0.280685
0.386557	-0.287003
0.390516	-0.292897
0.394055	-0.298350
0.397178	-0.303346
0.399892	-0.307872
0.402207	-0.311921
0.404134	-0.315486
0.405243	-0.318116
0.406452	-0.320731
0.407341	-0.322889
0.407924	-0.324597
0.408214	-0.325862
0.408225	-0.326691
0.407970	-0.327095
0.407463	-0.327089
0.406718	-0.326689
0.405752	-0.325917
0.404130	-0.324339
0.402800	-0.322925
0.401329	-0.321246
0.399734	-0.319333
0.398031	-0.317217
0.396235	-0.314929
0.394358	-0.312497
0.392409	-0.309950
0.390396	-0.307316
0.388323	-0.304618
0.385761	-0.301442
0.383601	-0.298711
0.381392	-0.295988
0.379120	-0.293280
0.376765	-0.290584
0.374306	-0.287896
0.371717	-0.285207
0.368975	-0.282506
0.366055	-0.279784
0.362937	-0.277027
0.359221	-0.273836
0.355689	-0.271018
0.351916	-0.268141
0.347880	-0.265188
0.343563	-0.262137
0.338946	-0.258968
0.334017	-0.255663
0.328767	-0.252205
0.323192	-0.248584
0.317296	-0.244792
0.310780	-0.240503
0.304322	-0.236412
0.297601	-0.232166
0.290641	-0.227774
0.283472	-0.223248
0.276132	-0.218607
0.268661	-0.213874
0.261110	-0.209076
0.253532	-0.204246
0.245984	-0.199422
0.238287	-0.194385
0.231017	-0.189724
0.223964	-0.185192
0.217185	-0.180825
0.210732	-0.176657
0.204655	-0.172720
0.199001	-0.169044
0.193813	-0.165656
0.189130	-0.162584
0.184985	-0.159848
0.181207	-0.157254
0.178234	-0.155267
0.175861	-0.153660
0.174086	-0.152432
0.172897	-0.151573
0.172274	-0.151068
0.172188	-0.150895
0.172602	-0.151025
0.173470	-0.151425
0.174743	-0.152061
0.176169	-0.152680
0.178099	-0.153682
0.180262	-0.154800
0.182592	-0.155987
0.185023	-0.157198
0.187487	-0.158385
0.189920	-0.159505
0.192260	-0.160514
0.194446	-0.161373
0.196424	-0.162045
0.197929	-0.162268
0.199357	-0.162482
0.200440	-0.162420
0.201138	-0.162053
0.201416	-0.161354
0.201246	-0.160302
0.200604	-0.158878
0.199475	-0.157068
0.197850	-0.154862
0.195728	-0.152256
0.192918	-0.149038
0.189853	-0.145664
0.186328	-0.141902
0.182361	-0.137758
0.177972	-0.133237
0.173184	-0.128347
0.168024	-0.123096
0.162519	-0.117493
0.156698	-0.111549
0.150591	-0.105275
0.144105	-0.098548
0.137562	-0.091697
0.130820	-0.084551
0.123903	-0.077117
0.116831	-0.069401
0.109626	-0.061411
0.102308	-0.053159
0.094896	-0.044653
0.087407	-0.035905
0.079854	-0.026926
0.072250	-0.017714
0.064653	-0.008362
0.056998	0.001207
0.049275	0.010992
0.041475	0.020993
0.033585	0.031209
0.025593	0.041637
0.017488	0.052272
0.009257	0.063105
0.000890	0.074129
-0.007473	0.085203
-0.016091	0.096519
-0.024896	0.108010
-0.033900	0.119665
-0.043108	0.131470
-0.052522	0.143407
-0.062139	0.155455
-0.071949	0.167587
-0.081940	0.179778
-0.092094	0.191996
-0.102095	0.203944
-0.112475	0.216090
-0.122974	0.228195
-0.133561	0.240226
-0.144197	0.252147
-0.154838	0.263917
-0.165436	0.275491
-0.175935	0.286823
-0.186281	0.297867
-0.196417	0.308575
-0.205865	0.318509
-0.215398	0.328398
-0.224591	0.337860
-0.233395	0.346859
-0.241766	0.355363
-0.249658	0.363342
-0.257029	0.370766
-0.263843	0.377610
-0.270063	0.383850
-0.275663	0.389469
-0.280116	0.393974
-0.284409	0.398309
-0.288052	0.402018
-0.291032	0.405095
-0.293336	0.407534
-0.294957	0.409330
-0.295885	0.410482
-0.296117	0.410991
-0.295653	0.410861
-0.294497	0.410103
-0.292158	0.408248
-0.289683	0.406307
-0.286580	0.403813
-0.282860	0.400783
-0.278533	0.397232
-0.273613	0.393179
-0.268111	0.388639
-0.262044	0.383633
-0.255431	0.378182
-0.248294	0.372311
-0.240249	0.365654
-0.232217	0.359091
-0.223774	0.352216
-0.214949	0.345052
-0.205774	0.337625
-0.196285	0.329962
-0.186519	0.322092
-0.176519	0.314044
-0.166330	0.305850
-0.156000	0.297543
-0.145307	0.288900
-0.134919	0.280538
-0.124539	0.272161
-0.114204	0.263788
-0.103948	0.255435
-0.093805	0.247119
-0.083809	0.238858
-0.073994	0.230670
-0.064392	0.222573
-0.055038	0.214590
-0.045823	0.206612
-0.037122	0.198977
-0.028758	0.191514
-0.020752	0.184238
-0.013120	0.177161
-0.005877	0.170297
0.000965	0.163660
0.007393	0.157263
0.013400	0.151119
0.018978	0.145242
0.024189	0.139587
0.028861	0.134311
0.033098	0.129335
0.036902	0.124665
0.040280	0.120309
0.043238	0.116272
0.045782	0.112560
0.047921	0.109179
0.049663	0.106131
0.051016	0.103421
0.052029	0.101018
0.052615	0.099000
0.052844	0.097317
0.052735	0.095956
0.052309	0.094904
0.051590	0.094142
0.050605	0.093650
0.049380	0.093404
0.047947	0.093379
0.046333	0.093548
0.044610	0.093852
0.042712	0.094345
0.040726	0.094951
0.038692	0.095635
0.036649	0.096364
0.034640	0.097100
0.032708	0.097807
0.030900	0.098448
0.029258	0.098987
0.027828	0.099389
0.026696	0.099582
0.025794	0.099630
0.025220	0.099450
0.025010	0.099015
0.025192	0.098303
0.025791	0.097298
0.026822	0.095988
0.028293	0.094369
0.030204	0.092443
0.032544	0.090218
0.035328	0.087685
0.038455	0.084922
0.041941	0.081913
0.045755	0.078680
0.049858	0.075250
0.054209	0.071649
0.058765	0.067907
0.063479	0.064051
0.068306	0.060113
0.073198	0.056119
0.078096	0.052122
0.082969	0.048114
0.087782	0.044122
0.092506	0.040161
0.097111	0.036243
0.101579	0.032375
0.105896	0.028560
0.110057	0.024794
0.114064	0.021069
0.117928	0.017368
0.121597	0.013756
0.125218	0.010059
0.128782	0.006302
0.132331	0.002451
0.135909	-0.001531
0.139562	-0.005680
0.143339	-0.010032
0.147285	-0.014619
0.151447	-0.019471
0.155868	-0.024617
0.160450	-0.029927
0.165487	-0.035707
0.170909	-0.041855
0.176749	-0.048387
0.183032	-0.055312
0.189777	-0.062632
0.196995	-0.070344
0.204689	-0.078440
0.212858	-0.086905
0.221490	-0.095721
0.230319	-0.104609
0.239791	-0.114024
0.249667	-0.123720
0.259909	-0.133659
0.270469	-0.143799
0.281294	-0.154090
0.292321	-0.164481
0.303487	-0.174917
0.314722	-0.185346
0.325960	-0.195714
0.336740	-0.205576
0.347755	-0.215647
0.358599	-0.225538
0.369214	-0.235212
0.379543	-0.244631
0.389532	-0.253762
0.399129	-0.262575
0.408286	-0.271040
0.416959	-0.279136
0.425111	-0.286843
0.432179	-0.293623
0.439170	-0.300491
0.445580	-0.306966
0.451392	-0.313045
0.456588	-0.318728
0.461156	-0.324011
0.465083	-0.328898
0.468362	-0.333388
0.470989	-0.337487
0.472965	-0.341201
0.473702	-0.343951
0.474391	-0.346919
0.474480	-0.349558
0.473980	-0.351877
0.472901	-0.353879
0.471254	-0.355567
0.469052	-0.356944
0.466309	-0.358009
0.463040	-0.358766
0.459266	-0.359217
0.454440	-0.358798
0.449754	-0.358680
0.444661	-0.358297
0.439184	-0.357652
0.433341	-0.356745
0.427154	-0.355573
0.420638	-0.354134
0.413811	-0.352425
0.406686	-0.350440
0.399277	-0.348176
0.391104	-0.345131
0.383199	-0.342332
0.375050	-0.339249
0.366656	-0.335869
0.358016	-0.332179
0.349127	-0.328167
0.339989	-0.323824
0.330602	-0.319142
0.320971	-0.314120
0.311105	-0.308759
0.300628	-0.302668
0.290366	-0.296690
0.279912	-0.290406
0.269278	-0.283823
0.258477	-0.276953
0.247524	-0.269810
0.236436	-0.262409
0.225231	-0.254769
0.213932	-0.246911
0.202561	-0.238860
0.190885	-0.230366
0.179497	-0.222055
0.168121	-0.213640
0.156782	-0.205148
0.145505	-0.196607
0.134317	-0.188044
0.123242	-0.179490
0.112307	-0.170971
0.101539	-0.162517
0.090963	-0.154155
0.080474	-0.145766
0.070403	-0.137711
0.060585	-0.129812
0.051030	-0.122079
0.041749	-0.114519
0.032748	-0.107137
0.024037	-0.099937
0.015622	-0.092923
0.007514	-0.086096
-0.000280	-0.079459
-0.007765	-0.072987
-0.014852	-0.066786
-0.021612	-0.060765
-0.028046	-0.054915
-0.034153	-0.049228
-0.039936	-0.043692
-0.045395	-0.038299
-0.050535	-0.033036
-0.055359	-0.027895
-0.059871	-0.022863
-0.064022	-0.017980
-0.067897	-0.013171
-0.071499	-0.008425
-0.074841	-0.003727
-0.077932	0.000933
-0.080782	0.005562
-0.083398	0.010165
-0.085786	0.014745
-0.087950	0.019301
-0.089896	0.023833
-0.091530	0.028249
-0.093039	0.032709
-0.094359	0.037151
-0.095495	0.041572
-0.096453	0.045970
-0.097236	0.050341
-0.097847	0.054679
-0.098286	0.058979
-0.098555	0.063232
-0.098651	0.067433
-0.098443	0.071456
-0.098180	0.075513
-0.097747	0.079500
-0.097141	0.083410
-0.096358	0.087235
-0.095397	0.090969
-0.094258	0.094609
-0.092942	0.098153
-0.091456	0.101602
-0.089809	0.104962
-0.087851	0.108095
-0.085913	0.111286
-0.083875	0.114428
-0.081763	0.117540
-0.079604	0.120641
-0.077425	0.123747
-0.075257	0.126876
-0.073130	0.130047
-0.071074	0.133274
-0.069121	0.136574
-0.067101	0.139782
-0.065437	0.143253
-0.063992	0.146856
-0.062800	0.150605
-0.061893	0.154512
-0.061298	0.158583
-0.061040	0.162824
-0.061137	0.167233
-0.061604	0.171808
-0.062449	0.176541
-0.063423	0.181194
-0.065021	0.186195
-0.067009	0.191331
-0.069368	0.196576
-0.072073	0.201903
-0.075090	0.207278
-0.078376	0.212665
-0.081886	0.218023
-0.085570	0.223315
-0.089375	0.228500
-0.092937	0.233255
-0.096832	0.238121
-0.100712	0.242798
-0.104527	0.247256
-0.108224	0.251463
-0.111751	0.255392
-0.115062	0.259015
-0.118110	0.262310
-0.120858	0.265257
-0.123271	0.267842
-0.124970	0.269720
-0.126658	0.271567
-0.127979	0.273060
-0.128926	0.274200
-0.129500	0.274997
-0.129707	0.275459
-0.129562	0.275604
-0.129084	0.275449
-0.128302	0.275020
-0.127248	0.274343
-0.125598	0.273112
-0.124142	0.272058
-0.122558	0.270875
-0.120883	0.269592
-0.119156	0.268238
-0.117407	0.266834
-0.115666	0.265403
-0.113959	0.263964
-0.112309	0.262532
-0.110733	0.261123
-0.108914	0.259443
-0.107564	0.258146
-0.106340	0.256920
-0.105238	0.255764
-0.104249	0.254675
-0.103358	0.253646
-0.102546	0.252666
-0.101791	0.251723
-0.101066	0.250802
-0.100343	0.249888
-0.099300	0.248694
-0.098528	0.247771
-0.097677	0.246808
-0.096711	0.245780
-0.095595	0.244662
-0.094295	0.243430
-0.092783	0.242062
-0.091034	0.240542
-0.089030	0.238853
-0.086757	0.236985
-0.083960	0.234702
-0.081161	0.232487
-0.078087	0.230082
-0.074737	0.227484
-0.071112	0.224689
-0.067215	0.221694
-0.063052	0.218500
-0.058631	0.215107
-0.053961	0.211518
-0.049054	0.207738
-0.043737	0.203602
-0.038432	0.199493
-0.032940	0.195224
-0.027277	0.190801
-0.021455	0.186236
-0.015493	0.181539
-0.009406	0.176724
-0.003212	0.171806
0.003069	0.166799
0.009418	0.161722
0.015918	0.156497
0.022306	0.151367
0.028706	0.146214
0.035105	0.141048
0.041493	0.135879
0.047861	0.130713
0.054196	0.125558
0.060487	0.120423
0.066721	0.115315
0.072884	0.110245
0.078960	0.105225
0.084882	0.100303
0.090690	0.095437
0.096375	0.090627
0.101926	0.085874
0.107335	0.081175
0.112592	0.076528
0.117690	0.071929
0.122620	0.067372
0.127379	0.062850
0.131874	0.058447
0.136233	0.054012
0.140426	0.049566
0.144459	0.045094
0.148340	0.040578
0.152076	0.036002
0.155673	0.031351
0.159139	0.026613
0.162483	0.021773
0.165716	0.016820
0.168702	0.011897
0.171720	0.006711
0.174684	0.001359
0.177617	-0.004175
0.180544	-0.009905
0.183487	-0.015844
0.186473	-0.022003
0.189525	-0.028392
0.192667	-0.035017
0.195923	-0.041883
0.199101	-0.048768
0.202615	-0.056084
0.206309	-0.063641
0.210200	-0.071433
0.214298	-0.079444
0.218612	-0.087658
0.223147	-0.096053
0.227905	-0.104605
0.232885	-0.113287
0.238088	-0.122071
0.243194	-0.130609
0.248788	-0.139474
0.254603	-0.148367
0.260634	-0.157261
0.266872	-0.166127
0.273306	-0.174934
0.279919	-0.183648
0.286690	-0.192236
0.293596	-0.200662
0.300610	-0.208890
0.307260	-0.216444
0.314356	-0.224135
0.321486	-0.231548
0.328615	-0.238655
0.335705	-0.245427
0.342717	-0.251837
0.349608	-0.257854
0.356331	-0.263454
0.362842	-0.268612
0.369095	-0.273306
0.374520	-0.276995
0.380115	-0.280704
0.385347	-0.283932
0.390171	-0.286665
0.394541	-0.288890
0.398412	-0.290592
0.401736	-0.291759
0.404474	-0.292383
0.406589	-0.292457
0.408051	-0.291983
0.408326	-0.290451
0.408470	-0.288948
0.407944	-0.286956
0.406744	-0.284491
0.404873	-0.281574
0.402338	-0.278228
0.399157	-0.274480
0.395356	-0.270365
0.390967	-0.265919
0.386029	-0.261184
0.380169	-0.255780
0.374348	-0.250674
0.368136	-0.245424
0.361580	-0.240068
0.354730	-0.234643
0.347635	-0.229187
0.340350	-0.223736
0.332927	-0.218328
0.325423	-0.212999
0.317891	-0.207786
0.310059	-0.202391
0.302673	-0.197549
0.295396	-0.192898
0.288257	-0.188451
0.281280	-0.184211
0.274482	-0.180178
0.267873	-0.176345
0.261458	-0.172700
0.255235	-0.169228
0.249198	-0.165907
0.243056	-0.162435
0.237359	-0.159355
0.231799	-0.156348
0.226354	-0.153387
0.221004	-0.150443
0.215726	-0.147492
0.210504	-0.144512
0.205320	-0.141486
0.200161	-0.138399
0.195017	-0.135243
0.189628	-0.131755
0.184497	-0.128446
0.179380	-0.125075
0.174279	-0.121649
0.169197	-0.118178
0.164140	-0.114673
0.159115	-0.111149
0.154129	-0.107622
0.149192	-0.104110
0.144316	-0.100634
0.139320	-0.097018
0.134627	-0.093703
0.130045	-0.090503
0.125582	-0.087437
0.121243	-0.084519
0.117029	-0.081761
0.112941	-0.079168
0.108976	-0.076746
0.105129	-0.074495
0.101392	-0.072411
0.097644	-0.070369
0.094140	-0.068635
0.090713	-0.067037
0.087347	-0.065554
0.084024	-0.064161
0.080730	-0.062834
0.077456	-0.061551
0.074194	-0.060291
0.070943	-0.059035
0.067706	-0.057764
0.064424	-0.056403
0.061257	-0.055083
0.058118	-0.053694
0.055018	-0.052220
0.051972	-0.050650
0.048998	-0.048972
0.046116	-0.047180
0.043347	-0.045269
0.040713	-0.043234
0.038238	-0.041075
0.035881	-0.038744
0.033773	-0.036327
0.031872	-0.033781
0.030199	-0.031114
0.028774	-0.028337
0.027613	-0.025463
0.026731	-0.022509
0.026139	-0.019490
0.025842	-0.016423
0.025840	-0.013324
0.026075	-0.010164
0.026624	-0.007029
0.027435	-0.003906
0.028490	-0.000811
0.029765	0.002244
0.031229	0.005247
0.032850	0.008189
0.034587	0.011065
0.036398	0.013871
0.038237	0.016607
0.040050	0.019287
0.041808	0.021879
0.043443	0.024414
0.044902	0.026905
0.046131	0.029368
0.047077	0.031823
0.047688	0.034291
0.047913	0.036799
0.047706	0.039374
0.047022	0.042049
0.045890	0.044805
0.044178	0.047729
0.041872	0.050862
0.038941	0.054245
0.035366	0.057913
0.031138	0.061897
0.026255	0.066226
0.020727	0.070921
0.014571	0.076001
0.007815	0.081476
0.000643	0.087217
-0.007151	0.093443
-0.015441	0.100088
-0.024174	0.107147
-0.033288	0.114604
-0.042717	0.122438
-0.052387	0.130619
-0.062220	0.139112
-0.072136	0.147875
-0.082053	0.156863
-0.091646	0.165787
-0.101289	0.175041
-0.110718	0.184390
-0.119857	0.193779
-0.128632	0.203153
-0.136972	0.212451
-0.144813	0.221615
-0.152095	0.230588
-0.158767	0.239315
-0.164786	0.247747
-0.169774	0.255498
-0.174379	0.263187
-0.178281	0.270481
-0.181476	0.277353
-0.183967	0.283779
-0.185764	0.289742
-0.186889	0.295232
-0.187368	0.300242
-0.187236	0.304774
-0.186536	0.308836
-0.184908	0.312047
-0.183215	0.315206
-0.181137	0.317974
-0.178736	0.320381
-0.176075	0.322461
-0.173218	0.324248
-0.170227	0.325780
-0.167162	0.327094
-0.164081	0.328229
-0.161039	0.329222
-0.157665	0.329711
-0.154848	0.330531
-0.152227	0.331338
-0.149833	0.332160
-0.147686	0.333018
-0.145797	0.333929
-0.144167	0.334900
-0.142789	0.335935
-0.141646	0.337029
-0.140715	0.338173
-0.139565	0.338972
-0.138981	0.340185
-0.138523	0.341413
-0.138143	0.342626
-0.137786	0.343788
-0.137397	0.344861
-0.136919	0.345807
-0.136292	0.346584
-0.135463	0.347151
-0.134377	0.347471
-0.132615	0.347155
-0.130915	0.346907
-0.128844	0.346328
-0.126366	0.345386
-0.123450	0.344055
-0.120071	0.342313
-0.116213	0.340143
-0.111868	0.337536
-0.107033	0.334486
-0.101716	0.330995
-0.095613	0.326776
-0.089433	0.322479
-0.082847	0.317792
-0.075886	0.312733
-0.068584	0.307328
-0.060983	0.301603
-0.053126	0.295593
-0.045063	0.289332
-0.036847	0.282862
-0.028535	0.276226
-0.019965	0.269276
-0.011693	0.262498
-0.003513	0.255703
0.004516	0.248935
0.012338	0.242242
0.019896	0.235667
0.027134	0.229257
0.033999	0.223053
0.040441	0.217097
0.046413	0.211427
0.051973	0.206002
0.056830	0.201056
0.061109	0.196480
0.064795	0.192287
0.067880	0.188480
0.070362	0.185056
0.072250	0.182006
0.073558	0.179313
0.074310	0.176953
0.074537	0.174897
0.074306	0.173094
0.073557	0.171575
0.072424	0.170223
0.070968	0.168982
0.069255	0.167791
0.067353	0.166587
0.065332	0.165307
0.063262	0.163886
0.061214	0.162262
0.059257	0.160372
0.057470	0.158154
0.055860	0.155593
0.054540	0.152589
0.053571	0.149092
0.053005	0.145057
0.052889	0.140446
0.053263	0.135231
0.054156	0.129391
0.055591	0.122913
0.057582	0.115794
0.060093	0.108082
0.063161	0.099751
0.066778	0.090819
0.070929	0.081316
0.075591	0.071280
0.080732	0.060757
0.086317	0.049800
0.092305	0.038465
0.098651	0.026817
0.105308	0.014921
0.112034	0.003026
0.119094	-0.009092
0.126329	-0.021264
0.133700	-0.033429
0.141172	-0.045530
0.148712	-0.057515
0.156292	-0.069332
0.163889	-0.080937
0.171485	-0.092291
0.179069	-0.103362
0.186253	-0.113768
0.193726	-0.124125
0.201220	-0.134174
0.208764	-0.143924
0.216387	-0.153388
0.224124	-0.162586
0.232011	-0.171539
0.240084	-0.180273
0.248382	-0.188816
0.256939	-0.197197
0.265265	-0.204955
0.274382	-0.213041
0.283876	-0.221082
0.293768	-0.229100
0.304062	-0.237112
0.314751	-0.245121
0.325814	-0.253125
0.337218	-0.261110
0.348915	-0.269055
0.360848	-0.276932
0.372351	-0.284133
0.384537	-0.291752
0.396754	-0.299207
0.408904	-0.306443
0.420879	-0.313398
0.432566	-0.320005
0.443843	-0.326195
0.454591	-0.331897
0.464688	-0.337044
0.474016	-0.341569
0.481837	-0.344794
0.489321	-0.347925
0.495724	-0.350275
0.500946	-0.351790
0.504897	-0.352423
0.507499	-0.352136
0.508688	-0.350899
0.508418	-0.348696
0.506658	-0.345520
0.503397	-0.341378
0.498065	-0.335708
0.491894	-0.329765
0.484298	-0.322954
0.475326	-0.315321
0.465044	-0.306916
0.453527	-0.297801
0.440867	-0.288043
0.427163	-0.277715
0.412527	-0.266896
0.397077	-0.255666
0.380500	-0.243664
0.363869	-0.231944
0.346806	-0.220071
0.329433	-0.208120
0.311868	-0.196164
0.294226	-0.184269
0.276617	-0.172500
0.259142	-0.160915
0.241899	-0.149565
0.224972	-0.138498
0.208188	-0.127499
0.192192	-0.117187
0.176703	-0.107246
0.161750	-0.097680
0.147348	-0.088486
0.133501	-0.079648
0.120200	-0.071149
0.107429	-0.062963
0.095159	-0.055060
0.083359	-0.047408
0.071899	-0.039888
0.060991	-0.032709
0.050416	-0.025673
0.040119	-0.018739
0.030045	-0.011869
0.020145	-0.005032
0.010370	0.001799
0.000682	0.008643
-0.008952	0.015513
-0.018559	0.022414
-0.028124	0.029310
-0.037671	0.036213
-0.047225	0.043129
-0.056783	0.050037
-0.066327	0.056911
-0.075830	0.063717
-0.085256	0.070414
-0.094555	0.076954
-0.103671	0.083285
-0.112537	0.089348
-0.120952	0.094953
-0.129088	0.100292
-0.136756	0.105192
-0.143876	0.109595
-0.150365	0.113446
-0.156145	0.116695
-0.161138	0.119294
-0.165273	0.121203
-0.168485	0.122391
-0.170720	0.122834
-0.171764	0.122338
-0.171934	0.121269
-0.171031	0.119444
-0.169040	0.116874
-0.165962	0.113577
-0.161808	0.109583
-0.156602	0.104927
-0.150382	0.099652
-0.143199	0.093811
-0.135116	0.087463
-0.126113	0.080564
-0.116517	0.073446
-0.106293	0.066039
-0.095547	0.058424
-0.084392	0.050678
-0.072950	0.042886
-0.061343	0.035129
-0.049699	0.027488
-0.038146	0.020044
-0.026808	0.012872
-0.015833	0.006073
-0.005336	-0.000300
0.004605	-0.006209
0.013899	-0.011612
0.022468	-0.016474
0.030249	-0.020769
0.037189	-0.024480
0.043252	-0.027598
0.048414	-0.030120
0.052666	-0.032053
0.055916	-0.033298
0.058343	-0.034067
0.059917	-0.034305
0.060681	-0.034042
0.060689	-0.033311
0.060001	-0.032144
0.058684	-0.030576
0.056811	-0.028642
0.054456	-0.026374
0.051696	-0.023806
0.048533	-0.020894
0.045204	-0.017834
0.041697	-0.014563
0.038076	-0.011101
0.034399	-0.007465
0.030719	-0.003668
0.027078	0.000280
0.023513	0.004374
0.020051	0.008610
0.016709	0.012988
0.013500	0.017495
0.010467	0.022115
0.007552	0.026897
0.004738	0.031847
0.002005	0.036976
-0.000670	0.042288
-0.003312	0.047785
-0.005947	0.053468
-0.008602	0.059335
-0.011303	0.065380
-0.013985	0.071499
-0.016814	0.077837
-0.019788	0.084349
-0.022932	0.091030
-0.026267	0.097871
-0.029810	0.104861
-0.033573	0.111989
-0.037563	0.119240
-0.041781	0.126599
-0.046224	0.134050
-0.050699	0.141403
-0.055539	0.148962
-0.060581	0.156577
-0.065801	0.164228
-0.071166	0.171890
-0.076636	0.179536
-0.082166	0.187135
-0.087710	0.194656
-0.093215	0.202067
-0.098630	0.209336
-0.103615	0.216164
-0.108684	0.223037
-0.113533	0.229694
-0.118120	0.236112
-0.122408	0.242267
-0.126365	0.248140
-0.129963	0.253714
-0.133184	0.258976
-0.136016	0.263918
-0.138456	0.268534
-0.140111	0.272463
-0.141763	0.276408
-0.143074	0.280056
-0.144073	0.283420
-0.144790	0.286517
-0.145262	0.289364
-0.145527	0.291982
-0.145626	0.294391
-0.145601	0.296614
-0.145494	0.298677
-0.144887	0.300184
-0.144727	0.301982
-0.144632	0.303717
-0.144634	0.305413
-0.144758	0.307088
-0.145022	0.308756
-0.145432	0.310425
-0.145985	0.312095
-0.146669	0.313765
-0.147466	0.315426
-0.147868	0.316625
-0.148812	0.318233
-0.149796	0.319809
-0.150774	0.321326
-0.151693	0.322756
-0.152496	0.324065
-0.153127	0.325219
-0.153528	0.326183
-0.153644	0.326925
-0.153425	0.327411
-0.152363	0.327189
-0.151383	0.327121
-0.149969	0.326739
-0.148084	0.326017
-0.145700	0.324931
-0.142793	0.323459
-0.139346	0.321581
-0.135350	0.319284
-0.130807	0.316558
-0.125724	0.313400
-0.119724	0.309453
-0.113686	0.305496
-0.107198	0.301133
-0.100296	0.296377
-0.093020	0.291240
-0.085420	0.285743
-0.077551	0.279910
-0.069472	0.273770
-0.061247	0.267356
-0.052943	0.260703
-0.044355	0.253614
-0.036159	0.246655
-0.028084	0.239568
-0.020183	0.232385
-0.012506	0.225135
-0.005096	0.217845
0.002009	0.210541
0.008777	0.203246
0.015183	0.195982
0.021211	0.188768
0.026981	0.181517
0.032177	0.174493
0.036994	0.167548
0.041452	0.160684
0.045578	0.153896
0.049404	0.147178
0.052970	0.140522
0.056317	0.133915
0.059492	0.127345
0.062544	0.120795
0.065520	0.114259
0.068428	0.107741
0.071368	0.101183
0.074393	0.094563
0.077550	0.087862
0.080881	0.081061
0.084422	0.074147
0.088200	0.067110
0.092238	0.059944
0.096549	0.052648
0.101008	0.045349
0.105822	0.037852
0.110915	0.030232
0.116283	0.022498
0.121914	0.014659
0.127791	0.006729
0.133893	-0.001275
0.140197	-0.009335
0.146676	-0.017429
0.153301	-0.025536
0.159777	-0.033371
0.166545	-0.041374
0.173383	-0.049335
0.180267	-0.057236
0.187173	-0.065059
0.194076	-0.072786
0.200953	-0.080398
0.207780	-0.087879
0.214537	-0.095213
0.221207	-0.102388
0.227383	-0.109005
0.233793	-0.115791
0.240115	-0.122428
0.246355	-0.128926
0.252524	-0.135294
0.258632	-0.141542
0.264695	-0.147684
0.270727	-0.153731
0.276748	-0.159698
0.282776	-0.165598
0.288347	-0.170963
0.294430	-0.176751
0.300612	-0.182538
0.306912	-0.188335
0.313347	-0.194146
0.319928	-0.199972
0.326662	-0.205809
0.333552	-0.211648
0.340597	-0.217479
0.347792	-0.223287
0.354571	-0.228503
0.362049	-0.234227
0.369664	-0.239896
0.377392	-0.245482
0.385200	-0.250951
0.393050	-0.256265
0.400898	-0.261386
0.408694	-0.266269
0.416385	-0.270872
0.423918	-0.275150
0.430609	-0.278441
0.437679	-0.281971
0.444431	-0.285064
0.450804	-0.287675
0.456737	-0.289763
0.462170	-0.291288
0.467051	-0.292217
0.471334	-0.292523
0.474978	-0.292185
0.477954	-0.291190
0.479600	-0.288896
0.481226	-0.286623
0.482155	-0.283709
0.482383	-0.280161
0.481913	-0.275992
0.480756	-0.271221
0.478926	-0.265869
0.476446	-0.259963
0.473345	-0.253537
0.469657	-0.246627
0.464866	-0.238717
0.460187	-0.231029
0.455055	-0.223000
0.449511	-0.214672
0.443592	-0.206084
0.437336	-0.197279
0.430778	-0.188295
0.423950	-0.179172
0.416882	-0.169945
0.409600	-0.160649
0.401741	-0.150917
0.394168	-0.141647
0.386428	-0.132387
0.378515	-0.123144
0.370415	-0.113918
0.362111	-0.104704
0.353579	-0.095496
0.344797	-0.086282
0.335739	-0.077052
0.326381	-0.067794
0.316504	-0.058278
0.306565	-0.049018
0.296260	-0.039697
0.285569	-0.030302
0.274476	-0.020819
0.262975	-0.011244
0.251064	-0.001575
0.238753	0.008186
0.226060	0.018029
0.213011	0.027940
0.199617	0.037948
0.186042	0.047858
0.172229	0.057775
0.158230	0.067673
0.144106	0.077519
0.129925	0.087277
0.115765	0.096906
0.101709	0.106359
0.087845	0.115585
0.074265	0.124531
0.061182	0.133040
0.048496	0.141218
0.036362	0.148968
0.024866	0.156242
0.014093	0.162994
0.004121	0.169182
-0.004980	0.174768
-0.013147	0.179723
-0.020327	0.184020
-0.026479	0.187644
-0.031377	0.190398
-0.035389	0.192647
-0.038336	0.194237
-0.040226	0.195182
-0.041079	0.195506
-0.040923	0.195238
-0.039798	0.194413
-0.037754	0.193071
-0.034850	0.191257
-0.031152	0.189021
-0.026566	0.186256
-0.021535	0.183358
-0.015965	0.180217
-0.009946	0.176892
-0.003569	0.173441
0.003074	0.169921
0.009892	0.166390
0.016794	0.162903
0.023693	0.159511
0.030506	0.156263
0.037247	0.153131
0.043633	0.150328
0.049721	0.147785
0.055464	0.145525
0.060824	0.143562
0.065774	0.141905
0.070295	0.140555
0.074380	0.139510
0.078028	0.138760
0.081247	0.138294
0.084096	0.138069
0.086488	0.138136
0.088514	0.138428
0.090208	0.138920
0.091604	0.139586
0.092739	0.140402
0.093650	0.141343
0.094376	0.142385
0.094951	0.143506
0.095412	0.144683
0.095838	0.145854
0.096176	0.147073
0.096488	0.148293
0.096798	0.149501
0.097123	0.150684
0.097475	0.151835
0.097861	0.152949
0.098282	0.154026
0.098732	0.155068
0.099202	0.156080
0.099736	0.157002
0.100212	0.157960
0.100631	0.158937
0.100960	0.159953
0.101164	0.161031
0.101207	0.162194
0.101052	0.163466
0.100666	0.164867
0.100014	0.166419
0.099067	0.168141
0.097873	0.169960
0.096273	0.172051
0.094290	0.174373
0.091907	0.176939
0.089114	0.179758
0.085903	0.182836
0.082275	0.186177
0.078233	0.189782
0.073786	0.193648
0.068949	0.197772
0.063845	0.202022
0.058287	0.206628
0.052392	0.211474
0.046192	0.216543
0.039726	0.221815
0.033034	0.227263
0.026165	0.232860
0.019167	0.238573
0.012090	0.244370
0.004989	0.250214
-0.001914	0.255883
-0.008911	0.261710
-0.015790	0.267484
-0.022505	0.273173
-0.029011	0.278742
-0.035269	0.284160
-0.041242	0.289398
-0.046900	0.294431
-0.052215	0.299236
-0.057166	0.303794
-0.061479	0.307823
-0.065645	0.311827
-0.069415	0.315549
-0.072783	0.318980
-0.075743	0.322110
-0.078295	0.324932
-0.080436	0.327440
-0.082167	0.329628
-0.083492	0.331491
-0.084415	0.333028
-0.084638	0.333928
-0.084778	0.334805
-0.084565	0.335375
-0.084016	0.335644
-0.083150	0.335619
-0.081987	0.335309
-0.080548	0.334721
-0.078855	0.333863
-0.076933	0.332745
-0.074807	0.331376
-0.072209	0.329467
-0.069764	0.327640
-0.067213	0.325612
-0.064584	0.323392
-0.061899	0.320990
-0.059183	0.318413
-0.056459	0.315672
-0.053751	0.312776
-0.051081	0.309737
-0.048473	0.306570
-0.045719	0.303043
-0.043350	0.299707
-0.041130	0.296309
-0.039073	0.292861
-0.037193	0.289377
-0.035496	0.285868
-0.033986	0.282343
-0.032663	0.278809
-0.031518	0.275268
-0.030540	0.271720
-0.029538	0.267968
-0.028887	0.264440
-0.028331	0.260878
-0.027826	0.257258
-0.027325	0.253550
-0.026778	0.249723
-0.026132	0.245746
-0.025336	0.241586
-0.024341	0.237213
-0.023098	0.232596
-0.021446	0.227562
-0.019631	0.222425
-0.017444	0.216965
-0.014851	0.211162
-0.011829	0.205000
-0.008357	0.198470
-0.004425	0.191567
-0.000031	0.184295
0.004821	0.176660
0.010122	0.168675
0.015872	0.160305
0.021971	0.151715
0.028464	0.142829
0.035323	0.133675
0.042517	0.124281
0.050013	0.114680
0.057773	0.104907
0.065762	0.094999
0.073942	0.084993
0.082275	0.074927
0.090593	0.064938
0.099080	0.054907
0.107630	0.044913
0.116221	0.034983
0.124833	0.025139
0.133453	0.015401
0.142071	0.005784
0.150681	-0.003699
0.159280	-0.013040
0.167871	-0.022235
0.176160	-0.031010
0.184682	-0.039841
0.193215	-0.048530
0.201768	-0.057081
0.210347	-0.065496
0.218953	-0.073775
0.227584	-0.081916
0.236231	-0.089913
0.244881	-0.097756
0.253516	-0.105434
0.261671	-0.112509
0.270139	-0.119743
0.278523	-0.126773
0.286792	-0.133581
0.294911	-0.140146
0.302840	-0.146446
0.310539	-0.152457
0.317963	-0.158155
0.325070	-0.163515
0.331817	-0.168514
0.337634	-0.172617
0.343510	-0.176802
0.348932	-0.180589
0.353866	-0.183964
0.358280	-0.186912
0.362147	-0.189420
0.365439	-0.191475
0.368134	-0.193067
0.370212	-0.194188
0.371660	-0.194833
0.371952	-0.194504
0.372143	-0.194216
0.371711	-0.193473
0.370657	-0.192275
0.368983	-0.190624
0.366696	-0.188523
0.363805	-0.185976
0.360321	-0.182986
0.356261	-0.179562
0.351644	-0.175711
0.346065	-0.171055
0.340467	-0.166450
0.334390	-0.161460
0.327858	-0.156095
0.320895	-0.150363
0.313530	-0.144278
0.305794	-0.137856
0.297725	-0.131117
0.289364	-0.124086
0.280754	-0.116792
0.271643	-0.109008
0.262760	-0.101359
0.253777	-0.093548
0.244745	-0.085610
0.235715	-0.077583
0.226742	-0.069508
0.217879	-0.061425
0.209179	-0.053379
0.200696	-0.045411
0.192477	-0.037563
0.184388	-0.029734
0.176880	-0.022288
0.169747	-0.015061
0.163017	-0.008080
0.156709	-0.001368
0.150839	0.005058
0.145413	0.011181
0.140433	0.016992
0.135895	0.022483
0.131786	0.027652
0.128001	0.032562
0.124715	0.037074
0.121783	0.041287
0.119172	0.045213
0.116847	0.048867
0.114768	0.052267
0.112896	0.055430
0.111190	0.058375
0.109610	0.061120
0.108118	0.063685
0.106640	0.066111
0.105229	0.068349
0.103805	0.070452
0.102340	0.072433
0.100813	0.074305
0.099205	0.076075
0.097501	0.077751
0.095692	0.079340
0.093774	0.080844
0.091748	0.082267
0.089601	0.083618
0.087387	0.084865
0.085089	0.086032
0.082721	0.087119
0.080301	0.088128
0.077847	0.089058
0.075384	0.089908
0.072937	0.090679
0.070534	0.091367
0.068206	0.091970
0.065981	0.092476
0.063912	0.092886
0.062017	0.093201
0.060326	0.093418
0.058872	0.093533
0.057685	0.093541
0.056793	0.093441
0.056222	0.093228
0.055992	0.092901
0.056123	0.092457
0.056617	0.091887
0.057490	0.091224
0.058736	0.090458
0.060350	0.089594
0.062321	0.088638
0.064634	0.087596
0.067268	0.086476
0.070196	0.085287
0.073388	0.084037
0.076807	0.082739
0.080377	0.081420
0.084091	0.080094
0.087886	0.078765
0.091714	0.077448
0.095520	0.076157
0.099253	0.074907
0.102859	0.073713
0.106283	0.072592
0.109473	0.071561
0.112382	0.070636
0.114894	0.069888
0.117068	0.069257
0.118836	0.068776
0.120175	0.068450
0.121070	0.068285
0.121517	0.068279
0.121516	0.068431
0.121079	0.068735
0.120226	0.069182
0.118984	0.069761
0.117320	0.070515
0.115389	0.071331
0.113192	0.072230
0.110778	0.073195
0.108201	0.074209
0.105511	0.075254
0.102762	0.076317
0.100002	0.077386
0.097276	0.078452
0.094626	0.079510
0.092053	0.080575
0.089676	0.081587
0.087470	0.082587
0.085451	0.083580
0.083633	0.084577
0.082019	0.085588
0.080608	0.086627
0.079391	0.087710
0.078354	0.088854
0.077477	0.090077
0.076725	0.091399
0.076127	0.092805
0.075593	0.094361
0.075082	0.096094
0.074553	0.098030
0.073959	0.100196
0.073259	0.102616
0.072408	0.105314
0.071366	0.108311
0.070095	0.111626
0.068567	0.115259
0.066776	0.119219
0.064655	0.123548
0.062182	0.128252
0.059341	0.133337
0.056125	0.138799
0.052530	0.144634
0.048561	0.150831
0.044225	0.157376
0.039537	0.164251
0.034572	0.171361
0.029263	0.178803
0.023653	0.186515
0.017766	0.194466
0.011632	0.202627
0.005279	0.210962
-0.001261	0.219437
-0.007956	0.228012
-0.014775	0.236648
-0.021686	0.245304
-0.028488	0.253750
-0.035466	0.262298
-0.042458	0.270748
-0.049439	0.279063
-0.056387	0.287204
-0.063282	0.295133
-0.070104	0.302817
-0.076840	0.310224
-0.083476	0.317326
-0.090003	0.324099
-0.096116	0.330215
-0.102381	0.336251
-0.108533	0.341922
-0.114570	0.347220
-0.120488	0.352142
-0.126280	0.356684
-0.131937	0.360846
-0.137447	0.364628
-0.142791	0.368029
-0.147947	0.371050
-0.152519	0.373315
-0.157204	0.375565
-0.161625	0.377453
-0.165744	0.378983
-0.169516	0.380155
-0.172895	0.380970
-0.175830	0.381428
-0.178271	0.381529
-0.180167	0.381275
-0.181466	0.380669
-0.181764	0.379340
-0.181747	0.378050
-0.181020	0.376438
-0.179543	0.374510
-0.177282	0.372269
-0.174206	0.369720
-0.170292	0.366867
-0.165519	0.363712
-0.159879	0.360258
-0.153366	0.356511
-0.145712	0.352185
-0.137524	0.347903
-0.128520	0.343356
-0.118726	0.338545
-0.108179	0.333477
-0.096926	0.328157
-0.085022	0.322595
-0.072531	0.316803
-0.059527	0.310795
-0.046089	0.304588
-0.032154	0.298051
-0.018173	0.291564
-0.004033	0.284942
0.010175	0.278203
0.024360	0.271365
0.038431	0.264447
0.052299	0.257467
0.065878	0.250444
0.079086	0.243395
0.091845	0.236337
0.104108	0.229275
0.115712	0.222298
0.126682	0.215352
0.136971	0.208448
0.146539	0.201596
0.155354	0.194811
0.163388	0.188103
0.170624	0.181489
0.177048	0.174981
0.182658	0.168594
0.187383	0.162422
0.191349	0.156348
0.194544	0.150426
0.196998	0.144665
0.198744	0.139074
0.199826	0.133661
0.200291	0.128431
0.200194	0.123388
0.199593	0.118532
0.198553	0.113862
0.197006	0.109497
0.195273	0.105201
0.193312	0.101068
0.191193	0.097089
0.188986	0.093256
0.186756	0.089558
0.184565	0.085985
0.182472	0.082527
0.180528	0.079174
0.178782	0.075918
0.177096	0.072903
0.175834	0.069837
0.174867	0.066847
0.174213	0.063928
0.173882	0.061078
0.173877	0.058296
0.174194	0.055583
0.174822	0.052942
0.175744	0.050375
0.176939	0.047889
0.178164	0.045680
0.179788	0.043406
0.181595	0.041230
0.183553	0.039156
0.185625	0.037192
0.187777	0.035342
0.189973	0.033613
0.192178	0.032008
0.194360	0.030532
0.196488	0.029185
0.198298	0.028184
0.200213	0.027125
0.202015	0.026179
0.203692	0.025335
0.205236	0.024581
0.206642	0.023902
0.207912	0.023283
0.209050	0.022704
0.210064	0.022145
0.210966	0.021584
0.211535	0.021210
0.212250	0.020586
0.212918	0.019878
0.213563	0.019059
0.214208	0.018107
0.214876	0.017002
0.215592	0.015725
0.216376	0.014261
0.217249	0.012599
0.218230	0.010729
0.219104	0.008849
0.220351	0.006550
0.221753	0.004036
0.223315	0.001317
0.225037	-0.001593
0.226917	-0.004674
0.228947	-0.007903
0.231116	-0.011254
0.233409	-0.014696
0.235807	-0.018199
0.238035	-0.021507
0.240584	-0.025039
0.243166	-0.028528
0.245748	-0.031934
0.248296	-0.035217
0.250774	-0.038338
0.253145	-0.041260
0.255372	-0.043944
0.257418	-0.046357
0.259249	-0.048467
0.260543	-0.049985
0.261847	-0.051409
0.262846	-0.052453
0.263514	-0.053099
0.263833	-0.053335
0.263789	-0.053150
0.263376	-0.052544
0.262591	-0.051518
0.261442	-0.050082
0.259941	-0.048250
0.257820	-0.045781
0.255679	-0.043226
0.253267	-0.040357
0.250620	-0.037207
0.247778	-0.033815
0.244785	-0.030221
0.241684	-0.026466
0.238521	-0.022594
0.235341	-0.018646
0.232186	-0.014666
0.228869	-0.010487
0.225898	-0.006577
0.223073	-0.002761
0.220421	0.000928
0.217964	0.004459
0.215716	0.007808
0.213685	0.010952
0.211872	0.013873
0.210271	0.016558
0.208871	0.018997
0.207490	0.021331
0.206453	0.023242
0.205544	0.024897
0.204723	0.026307
0.203942	0.027487
0.203152	0.028456
0.202296	0.029238
0.201317	0.029859
0.200156	0.030350
0.198752	0.030741
0.196917	0.031188
0.194880	0.031460
0.192430	0.031741
0.189514	0.032069
0.186090	0.032481
0.182120	0.033011
0.177577	0.033691
0.172444	0.034548
0.166714	0.035607
0.160392	0.036885
0.153369	0.038503
0.145924	0.040248
0.137950	0.042251
0.129487	0.044516
0.120586	0.047043
0.111304	0.049826
0.101705	0.052858
0.091860	0.056127
0.081843	0.059620
0.071731	0.063318
0.061520	0.067254
0.051461	0.071300
0.041546	0.075490
0.031858	0.079795
0.022477	0.084184
0.013483	0.088627
0.004950	0.093088
-0.003050	0.097533
-0.010455	0.101927
-0.017205	0.106235
-0.023268	0.110396
-0.028576	0.114433
-0.033114	0.118293
-0.036865	0.121949
-0.039821	0.125382
-0.041987	0.128575
-0.043377	0.131518
-0.044019	0.134204
-0.043949	0.136634
-0.043215	0.138812
-0.041822	0.140669
-0.039921	0.142365
-0.037542	0.143853
-0.034760	0.145152
-0.031649	0.146287
-0.028286	0.147285
-0.024748	0.148172
-0.021109	0.148979
-0.017442	0.149733
-0.013816	0.150466
-0.010227	0.151120
-0.006856	0.151880
-0.003711	0.152716
-0.000843	0.153656
0.001706	0.154732
0.003904	0.155970
0.005725	0.157394
0.007153	0.159024
0.008182	0.160879
0.008813	0.162970
0.009125	0.165220
0.009021	0.167781
0.008567	0.170598
0.007799	0.173666
0.006756	0.176972
0.005488	0.180502
0.004046	0.184237
0.002485	0.188153
0.000861	0.192226
-0.000769	0.196428
-0.002262	0.200628
-0.003729	0.204992
-0.005056	0.209416
-0.006200	0.213875
-0.007119	0.218345
-0.007779	0.222806
-0.008150	0.227237
-0.008209	0.231619
-0.007936	0.235935
-0.007319	0.240169
-0.006220	0.244175
-0.004888	0.248193
-0.003214	0.252099
-0.001207	0.255883
0.001119	0.259537
0.003744	0.263056
0.006640	0.266437
0.009775	0.269678
0.013110	0.272784
0.016599	0.275760
0.020360	0.278463
0.024007	0.281200
0.027630	0.283850
0.031162	0.286430
0.034533	0.288959
0.037672	0.291460
0.040508	0.293951
0.042970	0.296454
0.044990	0.298987
0.046503	0.301567
0.047650	0.304043
0.047989	0.306748
0.047654	0.309541
0.046603	0.312429
0.044807	0.315413
0.042244	0.318493
0.038902	0.321663
0.034781	0.324915
0.029887	0.328238
0.024240	0.331618
0.018111	0.334833
0.011060	0.338266
0.003359	0.341709
-0.004934	0.345138
-0.013751	0.348528
-0.023018	0.351850
-0.032648	0.355073
-0.042550	0.358165
-0.052628	0.361090
-0.062778	0.363812
-0.072603	0.366029
-0.082589	0.368240
-0.092344	0.370151
-0.101766	0.371728
-0.110755	0.372940
-0.119217	0.373758
-0.127066	0.374156
-0.134225	0.374113
-0.140626	0.373612
-0.146214	0.372643
-0.150636	0.370903
-0.154497	0.369004
-0.157455	0.366642
-0.159497	0.363823
-0.160622	0.360557
-0.160835	0.356857
-0.160154	0.352737
-0.158603	0.348216
-0.156214	0.343313
-0.153025	0.338050
-0.148843	0.332211
-0.144239	0.326339
-0.138990	0.320184
-0.133149	0.313770
-0.126772	0.307118
-0.119916	0.300251
-0.112637	0.293192
-0.104994	0.285963
-0.097042	0.278587
-0.088836	0.271083
-0.080316	0.263353
-0.071815	0.255708
-0.063203	0.247986
-0.054514	0.240192
-0.045775	0.232330
-0.037010	0.224401
-0.028236	0.216402
-0.019466	0.208331
-0.010707	0.200180
-0.001963	0.191942
0.006757	0.183608
0.015406	0.175239
0.024050	0.166758
0.032700	0.158154
0.041364	0.149421
0.050054	0.140556
0.058778	0.131559
0.067545	0.122433
0.076364	0.113185
0.085241	0.103825
0.094077	0.094459
0.103037	0.084969
0.112085	0.075400
0.121232	0.065769
0.130485	0.056090
0.139854	0.046382
0.149344	0.036665
0.158958	0.026959
0.168696	0.017290
0.178555	0.007680
0.188313	-0.001645
0.198336	-0.011010
0.208443	-0.020237
0.218605	-0.029294
0.228789	-0.038149
0.238954	-0.046766
0.249049	-0.055107
0.259020	-0.063137
0.268804	-0.070817
0.278334	-0.078111
0.287227	-0.084684
0.296006	-0.091077
0.304319	-0.096995
0.312090	-0.102412
0.319245	-0.107305
0.325712	-0.111655
0.331421	-0.115445
0.336307	-0.118664
0.340308	-0.121302
0.343373	-0.123354
0.345102	-0.124478
0.346161	-0.125358
0.346185	-0.125670
0.345158	-0.125425
0.343076	-0.124636
0.339949	-0.123324
0.335799	-0.121509
0.330660	-0.119221
0.324582	-0.116490
0.317625	-0.113354
0.309555	-0.109561
0.301101	-0.105770
0.292036	-0.101717
0.282460	-0.097452
0.272485	-0.093024
0.262221	-0.088482
0.251785	-0.083874
0.241291	-0.079247
0.230852	-0.074643
0.220578	-0.070102
0.210345	-0.065458
0.200742	-0.061186
0.191596	-0.057070
0.182982	-0.053127
0.174966	-0.049370
0.167605	-0.045803
0.160945	-0.042431
0.155020	-0.039252
0.149857	-0.036260
0.145471	-0.033449
0.141709	-0.030666
0.138919	-0.028216
0.136887	-0.025903
0.135584	-0.023703
0.134970	-0.021590
0.134996	-0.019536
0.135606	-0.017509
0.136734	-0.015476
0.138307	-0.013403
0.140248	-0.011253
0.142343	-0.008852
0.144791	-0.006460
0.147348	-0.003884
0.149929	-0.001091
0.152452	0.001946
0.154837	0.005250
0.157015	0.008835
0.158921	0.012713
0.160502	0.016884
0.161712	0.021343
0.162409	0.026214
0.162789	0.031203
0.162715	0.036430
0.162178	0.041869
0.161177	0.047491
0.159715	0.053264
0.157805	0.059155
0.155463	0.065130
0.152711	0.071154
0.149574	0.077194
0.146040	0.083290
0.142242	0.089245
0.138163	0.095114
0.133842	0.100865
0.129323	0.106468
0.124650	0.111892
0.119871	0.117108
0.115034	0.122087
0.110186	0.126803
0.105374	0.131232
0.100675	0.135343
0.096088	0.139108
0.091654	0.142532
0.087400	0.145610
0.083343	0.148344
0.079494	0.150743
0.075854	0.152820
0.072415	0.154599
0.069165	0.156104
0.066082	0.157368
0.063204	0.158383
0.060402	0.159245
0.057670	0.159987
0.054973	0.160650
0.052272	0.161278
0.049533	0.161911
0.046725	0.162587
0.043818	0.163339
0.040789	0.164198
0.037618	0.165191
0.034340	0.166298
0.030862	0.167604
0.027197	0.169112
0.023339	0.170839
0.019287	0.172796
0.015042	0.174992
0.010611	0.177435
0.006003	0.180126
0.001232	0.183062
-0.003685	0.186239
-0.008669	0.189588
-0.013804	0.193202
-0.019011	0.197012
-0.024251	0.200986
-0.029481	0.205087
-0.034652	0.209272
-0.039711	0.213492
-0.044603	0.217693
-0.049272	0.221819
-0.053662	0.225811
-0.057604	0.229495
-0.061289	0.233057
-0.064548	0.236319
-0.067339	0.239230
-0.069625	0.241741
-0.071377	0.243814
-0.072573	0.245411
-0.073195	0.246505
-0.073235	0.247073
-0.072688	0.247099
-0.071391	0.246412
-0.069690	0.245336
-0.067415	0.243698
-0.064576	0.241500
-0.061183	0.238746
-0.057250	0.235446
-0.052792	0.231615
-0.047830	0.227271
-0.042386	0.222439
-0.036485	0.217149
-0.030028	0.211311
-0.023331	0.205233
-0.016290	0.198829
-0.008955	0.192154
-0.001378	0.185272
0.006383	0.178249
0.014269	0.171156
0.022215	0.164068
0.030158	0.157057
0.038033	0.150197
0.045817	0.143526
0.053359	0.137186
0.060655	0.131196
0.067656	0.125611
0.074319	0.120477
0.080606	0.115835
0.086486	0.111715
0.091935	0.108142
0.096931	0.105134
0.101460	0.102703
0.105478	0.100895
0.109025	0.099643
0.112075	0.098972
0.114627	0.098875
0.116684	0.099339
0.118251	0.100344
0.119339	0.101869
0.119960	0.103886
0.120134	0.106364
0.119884	0.109263
0.119211	0.112584
0.118194	0.116202
0.116852	0.120097
0.115230	0.124211
0.113374	0.128482
0.111335	0.132847
0.109163	0.137240
0.106907	0.141600
0.104613	0.145866
0.102326	0.149981
0.100114	0.153887
0.097946	0.157559
0.095880	0.160947
0.093938	0.164020
0.092131	0.166756
0.090468	0.169140
0.088947	0.171162
0.087565	0.172821
0.086312	0.174119
0.085177	0.175064
0.084209	0.175621
0.083264	0.175891
0.082384	0.175849
0.081548	0.175516
0.080737	0.174911
0.079927	0.174060
0.079095	0.172986
0.078218	0.171719
0.077270	0.170287
0.076224	0.168722
0.075110	0.167018
0.073792	0.165286
0.072291	0.163530
0.070584	0.161788
0.068646	0.160096
0.066461	0.158488
0.064015	0.156993
0.061303	0.155639
0.058325	0.154447
0.055091	0.153430
0.051651	0.152575
0.047965	0.151931
0.044097	0.151475
0.040090	0.151196
0.035993	0.151080
0.031861	0.151107
0.027754	0.151255
0.023731	0.151499
0.019856	0.151814
0.016188	0.152175
0.012820	0.152526
0.009725	0.152924
0.006998	0.153307
0.004687	0.153655
0.002835	0.153950
0.001480	0.154176
0.000655	0.154319
0.000386	0.154364
0.000696	0.154296
0.001601	0.154103
0.003157	0.153719
0.005255	0.153255
0.007959	0.152626
0.011261	0.151820
0.015146	0.150826
0.019590	0.149638
0.024561	0.148249
0.030017	0.146660
0.035908	0.144875
0.042177	0.142903
0.048788	0.140719
0.055583	0.138437
0.062537	0.136022
0.069566	0.133498
0.076587	0.130893
0.083514	0.128235
0.090263	0.125555
0.096754	0.122881
0.102913	0.120242
0.108668	0.117664
0.113947	0.115174
0.118706	0.112794
0.122901	0.110534
0.126493	0.108410
0.129458	0.106434
0.131775	0.104614
0.133436	0.102957
0.134438	0.101469
0.134789	0.100153
0.134501	0.099011
0.133555	0.098073
0.132056	0.097276
0.130002	0.096646
0.127435	0.096177
0.124403	0.095858
0.120963	0.095675
0.117176	0.095613
0.113110	0.095651
0.108837	0.095764
0.104432	0.095928
0.099933	0.096137
0.095500	0.096310
0.091169	0.096447
0.087016	0.096519
0.083114	0.096498
0.079529	0.096360
0.076321	0.096084
0.073542	0.095656
0.071233	0.095064
0.069429	0.094302
0.068117	0.093391
0.067379	0.092295
0.067185	0.091044
0.067531	0.089649
0.068406	0.088125
0.069794	0.086487
0.071670	0.084753
0.074007	0.082940
0.076774	0.081063
0.079935	0.079140
0.083399	0.077231
0.087231	0.075264
0.091341	0.073292
0.095686	0.071325
0.100224	0.069376
0.104911	0.067454
0.109704	0.065569
0.114558	0.063732
0.119430	0.061950
0.124279	0.060233
0.128985	0.058670
0.133664	0.057112
0.138215	0.055633
0.142609	0.054232
0.146828	0.052907
0.150856	0.051652
0.154685	0.050457
0.158313	0.049312
0.161743	0.048200
0.164985	0.047106
0.167963	0.046110
0.170865	0.045004
0.173630	0.043858
0.176281	0.042657
0.178839	0.041385
0.181323	0.040032
0.183753	0.038590
0.186145	0.037056
0.188513	0.035429
0.190869	0.033713
0.193124	0.032025
0.195473	0.030156
0.197829	0.028222
0.200196	0.026237
0.202573	0.024214
0.204958	0.022170
