1 1.446423276806e-08
2 1.446423276806e-08
3 1.446423276806e-08
4 1.446423276806e-08
5 1.446423276806e-08
6 1.446423276806e-08
7 1.446423276806e-08
8 1.446423276806e-08
9 1.446423276806e-08
10 1.446423276806e-08
11 5.734521300746e-08
12 5.734521300746e-08
13 5.734521300746e-08
14 5.734521300746e-08
15 5.734521300746e-08
16 5.734521300746e-08
17 5.734521300746e-08
18 5.734521300746e-08
19 5.734521300746e-08
20 5.734521300746e-08
21 1.298020766718e-07
22 1.298020766718e-07
23 1.298020766718e-07
24 1.298020766718e-07
25 1.298020766718e-07
26 1.298020766718e-07
27 1.298020766718e-07
28 1.298020766718e-07
29 1.298020766718e-07
30 1.298020766718e-07
31 2.468731972636e-07
32 2.468731972636e-07
33 2.468731972636e-07
34 2.468731972636e-07
35 2.468731972636e-07
36 2.468731972636e-07
37 2.468731972636e-07
38 2.468731972636e-07
39 2.468731972636e-07
40 2.468731972636e-07
41 4.766069696232e-07
42 4.766069696232e-07
43 4.766069696232e-07
44 4.766069696232e-07
45 4.766069696232e-07
46 4.766069696232e-07
47 4.766069696232e-07
48 4.766069696232e-07
49 4.766069696232e-07
50 4.766069696232e-07
51 1.054612415331e-06
52 1.054612415331e-06
53 1.054612415331e-06
54 1.054612415331e-06
55 1.054612415331e-06
56 1.054612415331e-06
57 1.054612415331e-06
58 1.054612415331e-06
59 1.054612415331e-06
60 1.054612415331e-06
61 2.493062027983e-06
62 2.493062027983e-06
63 2.493062027983e-06
64 2.493062027983e-06
65 2.493062027983e-06
66 2.493062027983e-06
67 2.493062027983e-06
68 2.493062027983e-06
69 2.493062027983e-06
70 2.493062027983e-06
71 5.553237167431e-06
72 5.553237167431e-06
73 5.553237167431e-06
74 5.553237167431e-06
75 5.553237167431e-06
76 5.553237167431e-06
77 5.553237167431e-06
78 5.553237167431e-06
79 5.553237167431e-06
80 5.553237167431e-06
81 1.100793370625e-05
82 1.100793370625e-05
83 1.100793370625e-05
84 1.100793370625e-05
85 1.100793370625e-05
86 1.100793370625e-05
87 1.100793370625e-05
88 1.100793370625e-05
89 1.100793370625e-05
90 1.100793370625e-05
91 1.906097172795e-05
92 1.906097172795e-05
93 1.906097172795e-05
94 1.906097172795e-05
95 1.906097172795e-05
96 1.906097172795e-05
97 1.906097172795e-05
98 1.906097172795e-05
99 1.906097172795e-05
100 1.906097172795e-05
101 2.919040907874e-05
102 2.919040907874e-05
103 2.919040907874e-05
104 2.919040907874e-05
105 2.919040907874e-05
106 2.919040907874e-05
107 2.919040907874e-05
108 2.919040907874e-05
109 2.919040907874e-05
110 2.919040907874e-05
111 4.092449890942e-05
112 4.092449890942e-05
113 4.092449890942e-05
114 4.092449890942e-05
115 4.092449890942e-05
116 4.092449890942e-05
117 4.092449890942e-05
118 4.092449890942e-05
119 4.092449890942e-05
120 4.092449890942e-05
121 5.411533611949e-05
122 5.411533611949e-05
123 5.411533611949e-05
124 5.411533611949e-05
125 5.411533611949e-05
126 5.411533611949e-05
127 5.411533611949e-05
128 5.411533611949e-05
129 5.411533611949e-05
130 5.411533611949e-05
131 6.881052564322e-05
132 6.881052564322e-05
133 6.881052564322e-05
134 6.881052564322e-05
135 6.881052564322e-05
136 6.881052564322e-05
137 6.881052564322e-05
138 6.881052564322e-05
139 6.881052564322e-05
140 6.881052564322e-05
141 8.425264526403e-05
142 8.425264526403e-05
143 8.425264526403e-05
144 8.425264526403e-05
145 8.425264526403e-05
146 8.425264526403e-05
147 8.425264526403e-05
148 8.425264526403e-05
149 8.425264526403e-05
150 8.425264526403e-05
151 9.831908847192e-05
152 9.831908847192e-05
153 9.831908847192e-05
154 9.831908847192e-05
155 9.831908847192e-05
156 9.831908847192e-05
157 9.831908847192e-05
158 9.831908847192e-05
159 9.831908847192e-05
160 9.831908847192e-05
161 1.086987943381e-04
162 1.086987943381e-04
163 1.086987943381e-04
164 1.086987943381e-04
165 1.086987943381e-04
166 1.086987943381e-04
167 1.086987943381e-04
168 1.086987943381e-04
169 1.086987943381e-04
170 1.086987943381e-04
171 1.155560312671e-04
172 1.155560312671e-04
173 1.155560312671e-04
174 1.155560312671e-04
175 1.155560312671e-04
176 1.155560312671e-04
177 1.155560312671e-04
178 1.155560312671e-04
179 1.155560312671e-04
180 1.155560312671e-04
181 1.229571876770e-04
182 1.229571876770e-04
183 1.229571876770e-04
184 1.229571876770e-04
185 1.229571876770e-04
186 1.229571876770e-04
187 1.229571876770e-04
188 1.229571876770e-04
189 1.229571876770e-04
190 1.229571876770e-04
191 1.380532352050e-04
192 1.380532352050e-04
193 1.380532352050e-04
194 1.380532352050e-04
195 1.380532352050e-04
196 1.380532352050e-04
197 1.380532352050e-04
198 1.380532352050e-04
199 1.380532352050e-04
200 1.380532352050e-04
201 1.687554501127e-04
202 1.687554501127e-04
203 1.687554501127e-04
204 1.687554501127e-04
205 1.687554501127e-04
206 1.687554501127e-04
207 1.687554501127e-04
208 1.687554501127e-04
209 1.687554501127e-04
210 1.687554501127e-04
211 2.201091544590e-04
212 2.201091544590e-04
213 2.201091544590e-04
214 2.201091544590e-04
215 2.201091544590e-04
216 2.201091544590e-04
217 2.201091544590e-04
218 2.201091544590e-04
219 2.201091544590e-04
220 2.201091544590e-04
221 2.900789765743e-04
222 2.900789765743e-04
223 2.900789765743e-04
224 2.900789765743e-04
225 2.900789765743e-04
226 2.900789765743e-04
227 2.900789765743e-04
228 2.900789765743e-04
229 2.900789765743e-04
230 2.900789765743e-04
231 3.677354259231e-04
232 3.677354259231e-04
233 3.677354259231e-04
234 3.677354259231e-04
235 3.677354259231e-04
236 3.677354259231e-04
237 3.677354259231e-04
238 3.677354259231e-04
239 3.677354259231e-04
240 3.677354259231e-04
241 4.387822057210e-04
242 4.387822057210e-04
243 4.387822057210e-04
244 4.387822057210e-04
245 4.387822057210e-04
246 4.387822057210e-04
247 4.387822057210e-04
248 4.387822057210e-04
249 4.387822057210e-04
250 4.387822057210e-04
251 4.917640044192e-04
252 4.917640044192e-04
253 4.917640044192e-04
254 4.917640044192e-04
255 4.917640044192e-04
256 4.917640044192e-04
257 4.917640044192e-04
258 4.917640044192e-04
259 4.917640044192e-04
260 4.917640044192e-04
261 5.195408937681e-04
262 5.195408937681e-04
263 5.195408937681e-04
264 5.195408937681e-04
265 5.195408937681e-04
266 5.195408937681e-04
267 5.195408937681e-04
268 5.195408937681e-04
269 5.195408937681e-04
270 5.195408937681e-04
271 5.204585127614e-04
272 5.204585127614e-04
273 5.204585127614e-04
274 5.204585127614e-04
275 5.204585127614e-04
276 5.204585127614e-04
277 5.204585127614e-04
278 5.204585127614e-04
279 5.204585127614e-04
280 5.204585127614e-04
281 5.032944906332e-04
282 5.032944906332e-04
283 5.032944906332e-04
284 5.032944906332e-04
285 5.032944906332e-04
286 5.032944906332e-04
287 5.032944906332e-04
288 5.032944906332e-04
289 5.032944906332e-04
290 5.032944906332e-04
291 4.870954538291e-04
292 4.870954538291e-04
293 4.870954538291e-04
294 4.870954538291e-04
295 4.870954538291e-04
296 4.870954538291e-04
297 4.870954538291e-04
298 4.870954538291e-04
299 4.870954538291e-04
300 4.870954538291e-04
301 4.875498382837e-04
302 4.875498382837e-04
303 4.875498382837e-04
304 4.875498382837e-04
305 4.875498382837e-04
306 4.875498382837e-04
307 4.875498382837e-04
308 4.875498382837e-04
309 4.875498382837e-04
310 4.875498382837e-04
311 5.106251508404e-04
312 5.106251508404e-04
313 5.106251508404e-04
314 5.106251508404e-04
315 5.106251508404e-04
316 5.106251508404e-04
317 5.106251508404e-04
318 5.106251508404e-04
319 5.106251508404e-04
320 5.106251508404e-04
321 5.542231155730e-04
322 5.542231155730e-04
323 5.542231155730e-04
324 5.542231155730e-04
325 5.542231155730e-04
326 5.542231155730e-04
327 5.542231155730e-04
328 5.542231155730e-04
329 5.542231155730e-04
330 5.542231155730e-04
331 6.036874454804e-04
332 6.036874454804e-04
333 6.036874454804e-04
334 6.036874454804e-04
335 6.036874454804e-04
336 6.036874454804e-04
337 6.036874454804e-04
338 6.036874454804e-04
339 6.036874454804e-04
340 6.036874454804e-04
341 6.436762485166e-04
342 6.436762485166e-04
343 6.436762485166e-04
344 6.436762485166e-04
345 6.436762485166e-04
346 6.436762485166e-04
347 6.436762485166e-04
348 6.436762485166e-04
349 6.436762485166e-04
350 6.436762485166e-04
351 6.707437964741e-04
352 6.707437964741e-04
353 6.707437964741e-04
354 6.707437964741e-04
355 6.707437964741e-04
356 6.707437964741e-04
357 6.707437964741e-04
358 6.707437964741e-04
359 6.707437964741e-04
360 6.707437964741e-04
361 6.931367638243e-04
362 6.931367638243e-04
363 6.931367638243e-04
364 6.931367638243e-04
365 6.931367638243e-04
366 6.931367638243e-04
367 6.931367638243e-04
368 6.931367638243e-04
369 6.931367638243e-04
370 6.931367638243e-04
371 7.346945629848e-04
372 7.346945629848e-04
373 7.346945629848e-04
374 7.346945629848e-04
375 7.346945629848e-04
376 7.346945629848e-04
377 7.346945629848e-04
378 7.346945629848e-04
379 7.346945629848e-04
380 7.346945629848e-04
381 8.075767567220e-04
382 8.075767567220e-04
383 8.075767567220e-04
384 8.075767567220e-04
385 8.075767567220e-04
386 8.075767567220e-04
387 8.075767567220e-04
388 8.075767567220e-04
389 8.075767567220e-04
390 8.075767567220e-04
391 8.941714325712e-04
392 8.941714325712e-04
393 8.941714325712e-04
394 8.941714325712e-04
395 8.941714325712e-04
396 8.941714325712e-04
397 8.941714325712e-04
398 8.941714325712e-04
399 8.941714325712e-04
400 8.941714325712e-04
401 9.763244318160e-04
402 9.763244318160e-04
403 9.763244318160e-04
404 9.763244318160e-04
405 9.763244318160e-04
406 9.763244318160e-04
407 9.763244318160e-04
408 9.763244318160e-04
409 9.763244318160e-04
410 9.763244318160e-04
411 1.053180944483e-03
412 1.053180944483e-03
413 1.053180944483e-03
414 1.053180944483e-03
415 1.053180944483e-03
416 1.053180944483e-03
417 1.053180944483e-03
418 1.053180944483e-03
419 1.053180944483e-03
420 1.053180944483e-03
421 1.137909686542e-03
422 1.137909686542e-03
423 1.137909686542e-03
424 1.137909686542e-03
425 1.137909686542e-03
426 1.137909686542e-03
427 1.137909686542e-03
428 1.137909686542e-03
429 1.137909686542e-03
430 1.137909686542e-03
431 1.248221853032e-03
432 1.248221853032e-03
433 1.248221853032e-03
434 1.248221853032e-03
435 1.248221853032e-03
436 1.248221853032e-03
437 1.248221853032e-03
438 1.248221853032e-03
439 1.248221853032e-03
440 1.248221853032e-03
441 1.398290161863e-03
442 1.398290161863e-03
443 1.398290161863e-03
444 1.398290161863e-03
445 1.398290161863e-03
446 1.398290161863e-03
447 1.398290161863e-03
448 1.398290161863e-03
449 1.398290161863e-03
450 1.398290161863e-03
451 1.588877334160e-03
452 1.588877334160e-03
453 1.588877334160e-03
454 1.588877334160e-03
455 1.588877334160e-03
456 1.588877334160e-03
457 1.588877334160e-03
458 1.588877334160e-03
459 1.588877334160e-03
460 1.588877334160e-03
461 1.799919463516e-03
462 1.799919463516e-03
463 1.799919463516e-03
464 1.799919463516e-03
465 1.799919463516e-03
466 1.799919463516e-03
467 1.799919463516e-03
468 1.799919463516e-03
469 1.799919463516e-03
470 1.799919463516e-03
471 2.009550516305e-03
472 2.009550516305e-03
473 2.009550516305e-03
474 2.009550516305e-03
475 2.009550516305e-03
476 2.009550516305e-03
477 2.009550516305e-03
478 2.009550516305e-03
479 2.009550516305e-03
480 2.009550516305e-03
481 2.223385303208e-03
482 2.223385303208e-03
483 2.223385303208e-03
484 2.223385303208e-03
485 2.223385303208e-03
486 2.223385303208e-03
487 2.223385303208e-03
488 2.223385303208e-03
489 2.223385303208e-03
490 2.223385303208e-03
491 2.449065965288e-03
492 2.449065965288e-03
493 2.449065965288e-03
494 2.449065965288e-03
495 2.449065965288e-03
496 2.449065965288e-03
497 2.449065965288e-03
498 2.449065965288e-03
499 2.449065965288e-03
500 2.449065965288e-03
501 2.663973212637e-03
502 2.663973212637e-03
503 2.663973212637e-03
504 2.663973212637e-03
505 2.663973212637e-03
506 2.663973212637e-03
507 2.663973212637e-03
508 2.663973212637e-03
509 2.663973212637e-03
510 2.663973212637e-03
511 2.855252832418e-03
512 2.855252832418e-03
513 2.855252832418e-03
514 2.855252832418e-03
515 2.855252832418e-03
516 2.855252832418e-03
517 2.855252832418e-03
518 2.855252832418e-03
519 2.855252832418e-03
520 2.855252832418e-03
521 3.055811859985e-03
522 3.055811859985e-03
523 3.055811859985e-03
524 3.055811859985e-03
525 3.055811859985e-03
526 3.055811859985e-03
527 3.055811859985e-03
528 3.055811859985e-03
529 3.055811859985e-03
530 3.055811859985e-03
531 3.307946551688e-03
532 3.307946551688e-03
533 3.307946551688e-03
534 3.307946551688e-03
535 3.307946551688e-03
536 3.307946551688e-03
537 3.307946551688e-03
538 3.307946551688e-03
539 3.307946551688e-03
540 3.307946551688e-03
541 3.603351393740e-03
542 3.603351393740e-03
543 3.603351393740e-03
544 3.603351393740e-03
545 3.603351393740e-03
546 3.603351393740e-03
547 3.603351393740e-03
548 3.603351393740e-03
549 3.603351393740e-03
550 3.603351393740e-03
551 3.881129231561e-03
552 3.881129231561e-03
553 3.881129231561e-03
554 3.881129231561e-03
555 3.881129231561e-03
556 3.881129231561e-03
557 3.881129231561e-03
558 3.881129231561e-03
559 3.881129231561e-03
560 3.881129231561e-03
561 4.099172384556e-03
562 4.099172384556e-03
563 4.099172384556e-03
564 4.099172384556e-03
565 4.099172384556e-03
566 4.099172384556e-03
567 4.099172384556e-03
568 4.099172384556e-03
569 4.099172384556e-03
570 4.099172384556e-03
571 4.283300549017e-03
572 4.283300549017e-03
573 4.283300549017e-03
574 4.283300549017e-03
575 4.283300549017e-03
576 4.283300549017e-03
577 4.283300549017e-03
578 4.283300549017e-03
579 4.283300549017e-03
580 4.283300549017e-03
581 4.481727999651e-03
582 4.481727999651e-03
583 4.481727999651e-03
584 4.481727999651e-03
585 4.481727999651e-03
586 4.481727999651e-03
587 4.481727999651e-03
588 4.481727999651e-03
589 4.481727999651e-03
590 4.481727999651e-03
591 4.709065015307e-03
592 4.709065015307e-03
593 4.709065015307e-03
594 4.709065015307e-03
595 4.709065015307e-03
596 4.709065015307e-03
597 4.709065015307e-03
598 4.709065015307e-03
599 4.709065015307e-03
600 4.709065015307e-03
601 4.941947031849e-03
602 4.941947031849e-03
603 4.941947031849e-03
604 4.941947031849e-03
605 4.941947031849e-03
606 4.941947031849e-03
607 4.941947031849e-03
608 4.941947031849e-03
609 4.941947031849e-03
610 4.941947031849e-03
611 5.116613076341e-03
612 5.116613076341e-03
613 5.116613076341e-03
614 5.116613076341e-03
615 5.116613076341e-03
616 5.116613076341e-03
617 5.116613076341e-03
618 5.116613076341e-03
619 5.116613076341e-03
620 5.116613076341e-03
621 5.225697954334e-03
622 5.225697954334e-03
623 5.225697954334e-03
624 5.225697954334e-03
625 5.225697954334e-03
626 5.225697954334e-03
627 5.225697954334e-03
628 5.225697954334e-03
629 5.225697954334e-03
630 5.225697954334e-03
631 5.378656572709e-03
632 5.378656572709e-03
633 5.378656572709e-03
634 5.378656572709e-03
635 5.378656572709e-03
636 5.378656572709e-03
637 5.378656572709e-03
638 5.378656572709e-03
639 5.378656572709e-03
640 5.378656572709e-03
641 5.632104370245e-03
642 5.632104370245e-03
643 5.632104370245e-03
644 5.632104370245e-03
645 5.632104370245e-03
646 5.632104370245e-03
647 5.632104370245e-03
648 5.632104370245e-03
649 5.632104370245e-03
650 5.632104370245e-03
651 5.958542444973e-03
652 5.958542444973e-03
653 5.958542444973e-03
654 5.958542444973e-03
655 5.958542444973e-03
656 5.958542444973e-03
657 5.958542444973e-03
658 5.958542444973e-03
659 5.958542444973e-03
660 5.958542444973e-03
661 6.305425677421e-03
662 6.305425677421e-03
663 6.305425677421e-03
664 6.305425677421e-03
665 6.305425677421e-03
666 6.305425677421e-03
667 6.305425677421e-03
668 6.305425677421e-03
669 6.305425677421e-03
670 6.305425677421e-03
671 6.624688549424e-03
672 6.624688549424e-03
673 6.624688549424e-03
674 6.624688549424e-03
675 6.624688549424e-03
676 6.624688549424e-03
677 6.624688549424e-03
678 6.624688549424e-03
679 6.624688549424e-03
680 6.624688549424e-03
681 6.880851458837e-03
682 6.880851458837e-03
683 6.880851458837e-03
684 6.880851458837e-03
685 6.880851458837e-03
686 6.880851458837e-03
687 6.880851458837e-03
688 6.880851458837e-03
689 6.880851458837e-03
690 6.880851458837e-03
691 7.145290207052e-03
692 7.145290207052e-03
693 7.145290207052e-03
694 7.145290207052e-03
695 7.145290207052e-03
696 7.145290207052e-03
697 7.145290207052e-03
698 7.145290207052e-03
699 7.145290207052e-03
700 7.145290207052e-03
701 7.510329614690e-03
702 7.510329614690e-03
703 7.510329614690e-03
704 7.510329614690e-03
705 7.510329614690e-03
706 7.510329614690e-03
707 7.510329614690e-03
708 7.510329614690e-03
709 7.510329614690e-03
710 7.510329614690e-03
711 7.962765041672e-03
712 7.962765041672e-03
713 7.962765041672e-03
714 7.962765041672e-03
715 7.962765041672e-03
716 7.962765041672e-03
717 7.962765041672e-03
718 7.962765041672e-03
719 7.962765041672e-03
720 7.962765041672e-03
721 8.398567982770e-03
722 8.398567982770e-03
723 8.398567982770e-03
724 8.398567982770e-03
725 8.398567982770e-03
726 8.398567982770e-03
727 8.398567982770e-03
728 8.398567982770e-03
729 8.398567982770e-03
730 8.398567982770e-03
731 8.743328268411e-03
732 8.743328268411e-03
733 8.743328268411e-03
734 8.743328268411e-03
735 8.743328268411e-03
736 8.743328268411e-03
737 8.743328268411e-03
738 8.743328268411e-03
739 8.743328268411e-03
740 8.743328268411e-03
741 9.016182132337e-03
742 9.016182132337e-03
743 9.016182132337e-03
744 9.016182132337e-03
745 9.016182132337e-03
746 9.016182132337e-03
747 9.016182132337e-03
748 9.016182132337e-03
749 9.016182132337e-03
750 9.016182132337e-03
751 9.289679863401e-03
752 9.289679863401e-03
753 9.289679863401e-03
754 9.289679863401e-03
755 9.289679863401e-03
756 9.289679863401e-03
757 9.289679863401e-03
758 9.289679863401e-03
759 9.289679863401e-03
760 9.289679863401e-03
761 9.628690179954e-03
762 9.628690179954e-03
763 9.628690179954e-03
764 9.628690179954e-03
765 9.628690179954e-03
766 9.628690179954e-03
767 9.628690179954e-03
768 9.628690179954e-03
769 9.628690179954e-03
770 9.628690179954e-03
771 1.003037163957e-02
772 1.003037163957e-02
773 1.003037163957e-02
774 1.003037163957e-02
775 1.003037163957e-02
776 1.003037163957e-02
777 1.003037163957e-02
778 1.003037163957e-02
779 1.003037163957e-02
780 1.003037163957e-02
781 1.044630061410e-02
782 1.044630061410e-02
783 1.044630061410e-02
784 1.044630061410e-02
785 1.044630061410e-02
786 1.044630061410e-02
787 1.044630061410e-02
788 1.044630061410e-02
789 1.044630061410e-02
790 1.044630061410e-02
791 1.082114313005e-02
792 1.082114313005e-02
793 1.082114313005e-02
794 1.082114313005e-02
795 1.082114313005e-02
796 1.082114313005e-02
797 1.082114313005e-02
798 1.082114313005e-02
799 1.082114313005e-02
800 1.082114313005e-02
801 1.118488317207e-02
802 1.118488317207e-02
803 1.118488317207e-02
804 1.118488317207e-02
805 1.118488317207e-02
806 1.118488317207e-02
807 1.118488317207e-02
808 1.118488317207e-02
809 1.118488317207e-02
810 1.118488317207e-02
811 1.157939244333e-02
812 1.157939244333e-02
813 1.157939244333e-02
814 1.157939244333e-02
815 1.157939244333e-02
816 1.157939244333e-02
817 1.157939244333e-02
818 1.157939244333e-02
819 1.157939244333e-02
820 1.157939244333e-02
821 1.196483894593e-02
822 1.196483894593e-02
823 1.196483894593e-02
824 1.196483894593e-02
825 1.196483894593e-02
826 1.196483894593e-02
827 1.196483894593e-02
828 1.196483894593e-02
829 1.196483894593e-02
830 1.196483894593e-02
831 1.219855718162e-02
832 1.219855718162e-02
833 1.219855718162e-02
834 1.219855718162e-02
835 1.219855718162e-02
836 1.219855718162e-02
837 1.219855718162e-02
838 1.219855718162e-02
839 1.219855718162e-02
840 1.219855718162e-02
841 1.218932211846e-02
842 1.218932211846e-02
843 1.218932211846e-02
844 1.218932211846e-02
845 1.218932211846e-02
846 1.218932211846e-02
847 1.218932211846e-02
848 1.218932211846e-02
849 1.218932211846e-02
850 1.218932211846e-02
851 1.204949680669e-02
852 1.204949680669e-02
853 1.204949680669e-02
854 1.204949680669e-02
855 1.204949680669e-02
856 1.204949680669e-02
857 1.204949680669e-02
858 1.204949680669e-02
859 1.204949680669e-02
860 1.204949680669e-02
861 1.202496052939e-02
862 1.202496052939e-02
863 1.202496052939e-02
864 1.202496052939e-02
865 1.202496052939e-02
866 1.202496052939e-02
867 1.202496052939e-02
868 1.202496052939e-02
869 1.202496052939e-02
870 1.202496052939e-02
871 1.225774760888e-02
872 1.225774760888e-02
873 1.225774760888e-02
874 1.225774760888e-02
875 1.225774760888e-02
876 1.225774760888e-02
877 1.225774760888e-02
878 1.225774760888e-02
879 1.225774760888e-02
880 1.225774760888e-02
881 1.260636901806e-02
882 1.260636901806e-02
883 1.260636901806e-02
884 1.260636901806e-02
885 1.260636901806e-02
886 1.260636901806e-02
887 1.260636901806e-02
888 1.260636901806e-02
889 1.260636901806e-02
890 1.260636901806e-02
891 1.285259421159e-02
892 1.285259421159e-02
893 1.285259421159e-02
894 1.285259421159e-02
895 1.285259421159e-02
896 1.285259421159e-02
897 1.285259421159e-02
898 1.285259421159e-02
899 1.285259421159e-02
900 1.285259421159e-02
901 1.293139127618e-02
902 1.293139127618e-02
903 1.293139127618e-02
904 1.293139127618e-02
905 1.293139127618e-02
906 1.293139127618e-02
907 1.293139127618e-02
908 1.293139127618e-02
909 1.293139127618e-02
910 1.293139127618e-02
911 1.299771951119e-02
912 1.299771951119e-02
913 1.299771951119e-02
914 1.299771951119e-02
915 1.299771951119e-02
916 1.299771951119e-02
917 1.299771951119e-02
918 1.299771951119e-02
919 1.299771951119e-02
920 1.299771951119e-02
921 1.326857957807e-02
922 1.326857957807e-02
923 1.326857957807e-02
924 1.326857957807e-02
925 1.326857957807e-02
926 1.326857957807e-02
927 1.326857957807e-02
928 1.326857957807e-02
929 1.326857957807e-02
930 1.326857957807e-02
931 1.375844303794e-02
932 1.375844303794e-02
933 1.375844303794e-02
934 1.375844303794e-02
935 1.375844303794e-02
936 1.375844303794e-02
937 1.375844303794e-02
938 1.375844303794e-02
939 1.375844303794e-02
940 1.375844303794e-02
941 1.426634781722e-02
942 1.426634781722e-02
943 1.426634781722e-02
944 1.426634781722e-02
945 1.426634781722e-02
946 1.426634781722e-02
947 1.426634781722e-02
948 1.426634781722e-02
949 1.426634781722e-02
950 1.426634781722e-02
951 1.460103352068e-02
952 1.460103352068e-02
953 1.460103352068e-02
954 1.460103352068e-02
955 1.460103352068e-02
956 1.460103352068e-02
957 1.460103352068e-02
958 1.460103352068e-02
959 1.460103352068e-02
960 1.460103352068e-02
961 1.477143302879e-02
962 1.477143302879e-02
963 1.477143302879e-02
964 1.477143302879e-02
965 1.477143302879e-02
966 1.477143302879e-02
967 1.477143302879e-02
968 1.477143302879e-02
969 1.477143302879e-02
970 1.477143302879e-02
971 1.491842104582e-02
972 1.491842104582e-02
973 1.491842104582e-02
974 1.491842104582e-02
975 1.491842104582e-02
976 1.491842104582e-02
977 1.491842104582e-02
978 1.491842104582e-02
979 1.491842104582e-02
980 1.491842104582e-02
981 1.518381909446e-02
982 1.518381909446e-02
983 1.518381909446e-02
984 1.518381909446e-02
985 1.518381909446e-02
986 1.518381909446e-02
987 1.518381909446e-02
988 1.518381909446e-02
989 1.518381909446e-02
990 1.518381909446e-02
991 1.550855852099e-02
992 1.550855852099e-02
993 1.550855852099e-02
994 1.550855852099e-02
995 1.550855852099e-02
996 1.550855852099e-02
997 1.550855852099e-02
998 1.550855852099e-02
999 1.550855852099e-02
1000 1.550855852099e-02
1001 1.571169515179e-02
1002 1.571169515179e-02
1003 1.571169515179e-02
1004 1.571169515179e-02
1005 1.571169515179e-02
1006 1.571169515179e-02
1007 1.571169515179e-02
1008 1.571169515179e-02
1009 1.571169515179e-02
1010 1.571169515179e-02
1011 1.574792401850e-02
1012 1.574792401850e-02
1013 1.574792401850e-02
1014 1.574792401850e-02
1015 1.574792401850e-02
1016 1.574792401850e-02
1017 1.574792401850e-02
1018 1.574792401850e-02
1019 1.574792401850e-02
1020 1.574792401850e-02
1021 1.571898990169e-02
1022 1.571898990169e-02
1023 1.571898990169e-02
1024 1.571898990169e-02
1025 1.571898990169e-02
1026 1.571898990169e-02
1027 1.571898990169e-02
1028 1.571898990169e-02
1029 1.571898990169e-02
1030 1.571898990169e-02
1031 1.577551425338e-02
1032 1.577551425338e-02
1033 1.577551425338e-02
1034 1.577551425338e-02
1035 1.577551425338e-02
1036 1.577551425338e-02
1037 1.577551425338e-02
1038 1.577551425338e-02
1039 1.577551425338e-02
1040 1.577551425338e-02
1041 1.602483430354e-02
1042 1.602483430354e-02
1043 1.602483430354e-02
1044 1.602483430354e-02
1045 1.602483430354e-02
1046 1.602483430354e-02
1047 1.602483430354e-02
1048 1.602483430354e-02
1049 1.602483430354e-02
1050 1.602483430354e-02
1051 1.641927117591e-02
1052 1.641927117591e-02
1053 1.641927117591e-02
1054 1.641927117591e-02
1055 1.641927117591e-02
1056 1.641927117591e-02
1057 1.641927117591e-02
1058 1.641927117591e-02
1059 1.641927117591e-02
1060 1.641927117591e-02
1061 1.684339701812e-02
1062 1.684339701812e-02
1063 1.684339701812e-02
1064 1.684339701812e-02
1065 1.684339701812e-02
1066 1.684339701812e-02
1067 1.684339701812e-02
1068 1.684339701812e-02
1069 1.684339701812e-02
1070 1.684339701812e-02
1071 1.727607000964e-02
1072 1.727607000964e-02
1073 1.727607000964e-02
1074 1.727607000964e-02
1075 1.727607000964e-02
1076 1.727607000964e-02
1077 1.727607000964e-02
1078 1.727607000964e-02
1079 1.727607000964e-02
1080 1.727607000964e-02
1081 1.778984286531e-02
1082 1.778984286531e-02
1083 1.778984286531e-02
1084 1.778984286531e-02
1085 1.778984286531e-02
1086 1.778984286531e-02
1087 1.778984286531e-02
1088 1.778984286531e-02
1089 1.778984286531e-02
1090 1.778984286531e-02
1091 1.843684279780e-02
1092 1.843684279780e-02
1093 1.843684279780e-02
1094 1.843684279780e-02
1095 1.843684279780e-02
1096 1.843684279780e-02
1097 1.843684279780e-02
1098 1.843684279780e-02
1099 1.843684279780e-02
1100 1.843684279780e-02
1101 1.902387778372e-02
1102 1.902387778372e-02
1103 1.902387778372e-02
1104 1.902387778372e-02
1105 1.902387778372e-02
1106 1.902387778372e-02
1107 1.902387778372e-02
1108 1.902387778372e-02
1109 1.902387778372e-02
1110 1.902387778372e-02
1111 1.932757157662e-02
1112 1.932757157662e-02
1113 1.932757157662e-02
1114 1.932757157662e-02
1115 1.932757157662e-02
1116 1.932757157662e-02
1117 1.932757157662e-02
1118 1.932757157662e-02
1119 1.932757157662e-02
1120 1.932757157662e-02
1121 1.945694402841e-02
1122 1.945694402841e-02
1123 1.945694402841e-02
1124 1.945694402841e-02
1125 1.945694402841e-02
1126 1.945694402841e-02
1127 1.945694402841e-02
1128 1.945694402841e-02
1129 1.945694402841e-02
1130 1.945694402841e-02
1131 1.973204695845e-02
1132 1.973204695845e-02
1133 1.973204695845e-02
1134 1.973204695845e-02
1135 1.973204695845e-02
1136 1.973204695845e-02
1137 1.973204695845e-02
1138 1.973204695845e-02
1139 1.973204695845e-02
1140 1.973204695845e-02
1141 2.028031035870e-02
1142 2.028031035870e-02
1143 2.028031035870e-02
1144 2.028031035870e-02
1145 2.028031035870e-02
1146 2.028031035870e-02
1147 2.028031035870e-02
1148 2.028031035870e-02
1149 2.028031035870e-02
1150 2.028031035870e-02
1151 2.090516973938e-02
1152 2.090516973938e-02
1153 2.090516973938e-02
1154 2.090516973938e-02
1155 2.090516973938e-02
1156 2.090516973938e-02
1157 2.090516973938e-02
1158 2.090516973938e-02
1159 2.090516973938e-02
1160 2.090516973938e-02
1161 2.132039737681e-02
1162 2.132039737681e-02
1163 2.132039737681e-02
1164 2.132039737681e-02
1165 2.132039737681e-02
1166 2.132039737681e-02
1167 2.132039737681e-02
1168 2.132039737681e-02
1169 2.132039737681e-02
1170 2.132039737681e-02
1171 2.145853632297e-02
1172 2.145853632297e-02
1173 2.145853632297e-02
1174 2.145853632297e-02
1175 2.145853632297e-02
1176 2.145853632297e-02
1177 2.145853632297e-02
1178 2.145853632297e-02
1179 2.145853632297e-02
1180 2.145853632297e-02
1181 2.154928111769e-02
1182 2.154928111769e-02
1183 2.154928111769e-02
1184 2.154928111769e-02
1185 2.154928111769e-02
1186 2.154928111769e-02
1187 2.154928111769e-02
1188 2.154928111769e-02
1189 2.154928111769e-02
1190 2.154928111769e-02
1191 2.186582708807e-02
1192 2.186582708807e-02
1193 2.186582708807e-02
1194 2.186582708807e-02
1195 2.186582708807e-02
1196 2.186582708807e-02
1197 2.186582708807e-02
1198 2.186582708807e-02
1199 2.186582708807e-02
1200 2.186582708807e-02
1201 2.248772210750e-02
1202 2.248772210750e-02
1203 2.248772210750e-02
1204 2.248772210750e-02
1205 2.248772210750e-02
1206 2.248772210750e-02
1207 2.248772210750e-02
1208 2.248772210750e-02
1209 2.248772210750e-02
1210 2.248772210750e-02
1211 2.321792842608e-02
1212 2.321792842608e-02
1213 2.321792842608e-02
1214 2.321792842608e-02
1215 2.321792842608e-02
1216 2.321792842608e-02
1217 2.321792842608e-02
1218 2.321792842608e-02
1219 2.321792842608e-02
1220 2.321792842608e-02
1221 2.377607873967e-02
1222 2.377607873967e-02
1223 2.377607873967e-02
1224 2.377607873967e-02
1225 2.377607873967e-02
1226 2.377607873967e-02
1227 2.377607873967e-02
1228 2.377607873967e-02
1229 2.377607873967e-02
1230 2.377607873967e-02
1231 2.411774100975e-02
1232 2.411774100975e-02
1233 2.411774100975e-02
1234 2.411774100975e-02
1235 2.411774100975e-02
1236 2.411774100975e-02
1237 2.411774100975e-02
1238 2.411774100975e-02
1239 2.411774100975e-02
1240 2.411774100975e-02
1241 2.444527176968e-02
1242 2.444527176968e-02
1243 2.444527176968e-02
1244 2.444527176968e-02
1245 2.444527176968e-02
1246 2.444527176968e-02
1247 2.444527176968e-02
1248 2.444527176968e-02
1249 2.444527176968e-02
1250 2.444527176968e-02
1251 2.495951608704e-02
1252 2.495951608704e-02
1253 2.495951608704e-02
1254 2.495951608704e-02
1255 2.495951608704e-02
1256 2.495951608704e-02
1257 2.495951608704e-02
1258 2.495951608704e-02
1259 2.495951608704e-02
1260 2.495951608704e-02
1261 2.568362838089e-02
1262 2.568362838089e-02
1263 2.568362838089e-02
1264 2.568362838089e-02
1265 2.568362838089e-02
1266 2.568362838089e-02
1267 2.568362838089e-02
1268 2.568362838089e-02
1269 2.568362838089e-02
1270 2.568362838089e-02
1271 2.637211344972e-02
1272 2.637211344972e-02
1273 2.637211344972e-02
1274 2.637211344972e-02
1275 2.637211344972e-02
1276 2.637211344972e-02
1277 2.637211344972e-02
1278 2.637211344972e-02
1279 2.637211344972e-02
1280 2.637211344972e-02
1281 2.687007124515e-02
1282 2.687007124515e-02
1283 2.687007124515e-02
1284 2.687007124515e-02
1285 2.687007124515e-02
1286 2.687007124515e-02
1287 2.687007124515e-02
1288 2.687007124515e-02
1289 2.687007124515e-02
1290 2.687007124515e-02
1291 2.728665642394e-02
1292 2.728665642394e-02
1293 2.728665642394e-02
1294 2.728665642394e-02
1295 2.728665642394e-02
1296 2.728665642394e-02
1297 2.728665642394e-02
1298 2.728665642394e-02
1299 2.728665642394e-02
1300 2.728665642394e-02
1301 2.778040709022e-02
1302 2.778040709022e-02
1303 2.778040709022e-02
1304 2.778040709022e-02
1305 2.778040709022e-02
1306 2.778040709022e-02
1307 2.778040709022e-02
1308 2.778040709022e-02
1309 2.778040709022e-02
1310 2.778040709022e-02
1311 2.835296540792e-02
1312 2.835296540792e-02
1313 2.835296540792e-02
1314 2.835296540792e-02
1315 2.835296540792e-02
1316 2.835296540792e-02
1317 2.835296540792e-02
1318 2.835296540792e-02
1319 2.835296540792e-02
1320 2.835296540792e-02
1321 2.890310523027e-02
1322 2.890310523027e-02
1323 2.890310523027e-02
1324 2.890310523027e-02
1325 2.890310523027e-02
1326 2.890310523027e-02
1327 2.890310523027e-02
1328 2.890310523027e-02
1329 2.890310523027e-02
1330 2.890310523027e-02
1331 2.939075074413e-02
1332 2.939075074413e-02
1333 2.939075074413e-02
1334 2.939075074413e-02
1335 2.939075074413e-02
1336 2.939075074413e-02
1337 2.939075074413e-02
1338 2.939075074413e-02
1339 2.939075074413e-02
1340 2.939075074413e-02
1341 2.991951587530e-02
1342 2.991951587530e-02
1343 2.991951587530e-02
1344 2.991951587530e-02
1345 2.991951587530e-02
1346 2.991951587530e-02
1347 2.991951587530e-02
1348 2.991951587530e-02
1349 2.991951587530e-02
1350 2.991951587530e-02
1351 3.054641420006e-02
1352 3.054641420006e-02
1353 3.054641420006e-02
1354 3.054641420006e-02
1355 3.054641420006e-02
1356 3.054641420006e-02
1357 3.054641420006e-02
1358 3.054641420006e-02
1359 3.054641420006e-02
1360 3.054641420006e-02
1361 3.120318957928e-02
1362 3.120318957928e-02
1363 3.120318957928e-02
1364 3.120318957928e-02
1365 3.120318957928e-02
1366 3.120318957928e-02
1367 3.120318957928e-02
1368 3.120318957928e-02
1369 3.120318957928e-02
1370 3.120318957928e-02
1371 3.183814613049e-02
1372 3.183814613049e-02
1373 3.183814613049e-02
1374 3.183814613049e-02
1375 3.183814613049e-02
1376 3.183814613049e-02
1377 3.183814613049e-02
1378 3.183814613049e-02
1379 3.183814613049e-02
1380 3.183814613049e-02
1381 3.238146299473e-02
1382 3.238146299473e-02
1383 3.238146299473e-02
1384 3.238146299473e-02
1385 3.238146299473e-02
1386 3.238146299473e-02
1387 3.238146299473e-02
1388 3.238146299473e-02
1389 3.238146299473e-02
1390 3.238146299473e-02
1391 3.279635215139e-02
1392 3.279635215139e-02
1393 3.279635215139e-02
1394 3.279635215139e-02
1395 3.279635215139e-02
1396 3.279635215139e-02
1397 3.279635215139e-02
1398 3.279635215139e-02
1399 3.279635215139e-02
1400 3.279635215139e-02
1401 3.312699356354e-02
1402 3.312699356354e-02
1403 3.312699356354e-02
1404 3.312699356354e-02
1405 3.312699356354e-02
1406 3.312699356354e-02
1407 3.312699356354e-02
1408 3.312699356354e-02
1409 3.312699356354e-02
1410 3.312699356354e-02
1411 3.343690185987e-02
1412 3.343690185987e-02
1413 3.343690185987e-02
1414 3.343690185987e-02
1415 3.343690185987e-02
1416 3.343690185987e-02
1417 3.343690185987e-02
1418 3.343690185987e-02
1419 3.343690185987e-02
1420 3.343690185987e-02
1421 3.369472133430e-02
1422 3.369472133430e-02
1423 3.369472133430e-02
1424 3.369472133430e-02
1425 3.369472133430e-02
1426 3.369472133430e-02
1427 3.369472133430e-02
1428 3.369472133430e-02
1429 3.369472133430e-02
1430 3.369472133430e-02
1431 3.390603748391e-02
1432 3.390603748391e-02
1433 3.390603748391e-02
1434 3.390603748391e-02
1435 3.390603748391e-02
1436 3.390603748391e-02
1437 3.390603748391e-02
1438 3.390603748391e-02
1439 3.390603748391e-02
1440 3.390603748391e-02
1441 3.410917712480e-02
1442 3.410917712480e-02
1443 3.410917712480e-02
1444 3.410917712480e-02
1445 3.410917712480e-02
1446 3.410917712480e-02
1447 3.410917712480e-02
1448 3.410917712480e-02
1449 3.410917712480e-02
1450 3.410917712480e-02
1451 3.439114370402e-02
1452 3.439114370402e-02
1453 3.439114370402e-02
1454 3.439114370402e-02
1455 3.439114370402e-02
1456 3.439114370402e-02
1457 3.439114370402e-02
1458 3.439114370402e-02
1459 3.439114370402e-02
1460 3.439114370402e-02
1461 3.482319234632e-02
1462 3.482319234632e-02
1463 3.482319234632e-02
1464 3.482319234632e-02
1465 3.482319234632e-02
1466 3.482319234632e-02
1467 3.482319234632e-02
1468 3.482319234632e-02
1469 3.482319234632e-02
1470 3.482319234632e-02
1471 3.540188586211e-02
1472 3.540188586211e-02
1473 3.540188586211e-02
1474 3.540188586211e-02
1475 3.540188586211e-02
1476 3.540188586211e-02
1477 3.540188586211e-02
1478 3.540188586211e-02
1479 3.540188586211e-02
1480 3.540188586211e-02
1481 3.602632558719e-02
1482 3.602632558719e-02
1483 3.602632558719e-02
1484 3.602632558719e-02
1485 3.602632558719e-02
1486 3.602632558719e-02
1487 3.602632558719e-02
1488 3.602632558719e-02
1489 3.602632558719e-02
1490 3.602632558719e-02
1491 3.664859878409e-02
1492 3.664859878409e-02
1493 3.664859878409e-02
1494 3.664859878409e-02
1495 3.664859878409e-02
1496 3.664859878409e-02
1497 3.664859878409e-02
1498 3.664859878409e-02
1499 3.664859878409e-02
1500 3.664859878409e-02
1501 3.717225366697e-02
1502 3.717225366697e-02
1503 3.717225366697e-02
1504 3.717225366697e-02
1505 3.717225366697e-02
1506 3.717225366697e-02
1507 3.717225366697e-02
1508 3.717225366697e-02
1509 3.717225366697e-02
1510 3.717225366697e-02
1511 3.756662900217e-02
1512 3.756662900217e-02
1513 3.756662900217e-02
1514 3.756662900217e-02
1515 3.756662900217e-02
1516 3.756662900217e-02
1517 3.756662900217e-02
1518 3.756662900217e-02
1519 3.756662900217e-02
1520 3.756662900217e-02
1521 3.792788766480e-02
1522 3.792788766480e-02
1523 3.792788766480e-02
1524 3.792788766480e-02
1525 3.792788766480e-02
1526 3.792788766480e-02
1527 3.792788766480e-02
1528 3.792788766480e-02
1529 3.792788766480e-02
1530 3.792788766480e-02
1531 3.834460559157e-02
1532 3.834460559157e-02
1533 3.834460559157e-02
1534 3.834460559157e-02
1535 3.834460559157e-02
1536 3.834460559157e-02
1537 3.834460559157e-02
1538 3.834460559157e-02
1539 3.834460559157e-02
1540 3.834460559157e-02
1541 3.884627532587e-02
1542 3.884627532587e-02
1543 3.884627532587e-02
1544 3.884627532587e-02
1545 3.884627532587e-02
1546 3.884627532587e-02
1547 3.884627532587e-02
1548 3.884627532587e-02
1549 3.884627532587e-02
1550 3.884627532587e-02
1551 3.943392145551e-02
1552 3.943392145551e-02
1553 3.943392145551e-02
1554 3.943392145551e-02
1555 3.943392145551e-02
1556 3.943392145551e-02
1557 3.943392145551e-02
1558 3.943392145551e-02
1559 3.943392145551e-02
1560 3.943392145551e-02
1561 4.002600933950e-02
1562 4.002600933950e-02
1563 4.002600933950e-02
1564 4.002600933950e-02
1565 4.002600933950e-02
1566 4.002600933950e-02
1567 4.002600933950e-02
1568 4.002600933950e-02
1569 4.002600933950e-02
1570 4.002600933950e-02
1571 4.050922136158e-02
1572 4.050922136158e-02
1573 4.050922136158e-02
1574 4.050922136158e-02
1575 4.050922136158e-02
1576 4.050922136158e-02
1577 4.050922136158e-02
1578 4.050922136158e-02
1579 4.050922136158e-02
1580 4.050922136158e-02
1581 4.088969042948e-02
1582 4.088969042948e-02
1583 4.088969042948e-02
1584 4.088969042948e-02
1585 4.088969042948e-02
1586 4.088969042948e-02
1587 4.088969042948e-02
1588 4.088969042948e-02
1589 4.088969042948e-02
1590 4.088969042948e-02
1591 4.120544757353e-02
1592 4.120544757353e-02
1593 4.120544757353e-02
1594 4.120544757353e-02
1595 4.120544757353e-02
1596 4.120544757353e-02
1597 4.120544757353e-02
1598 4.120544757353e-02
1599 4.120544757353e-02
1600 4.120544757353e-02
1601 4.148104647024e-02
1602 4.148104647024e-02
1603 4.148104647024e-02
1604 4.148104647024e-02
1605 4.148104647024e-02
1606 4.148104647024e-02
1607 4.148104647024e-02
1608 4.148104647024e-02
1609 4.148104647024e-02
1610 4.148104647024e-02
1611 4.176412101678e-02
1612 4.176412101678e-02
1613 4.176412101678e-02
1614 4.176412101678e-02
1615 4.176412101678e-02
1616 4.176412101678e-02
1617 4.176412101678e-02
1618 4.176412101678e-02
1619 4.176412101678e-02
1620 4.176412101678e-02
1621 4.211463147582e-02
1622 4.211463147582e-02
1623 4.211463147582e-02
1624 4.211463147582e-02
1625 4.211463147582e-02
1626 4.211463147582e-02
1627 4.211463147582e-02
1628 4.211463147582e-02
1629 4.211463147582e-02
1630 4.211463147582e-02
1631 4.245889114720e-02
1632 4.245889114720e-02
1633 4.245889114720e-02
1634 4.245889114720e-02
1635 4.245889114720e-02
1636 4.245889114720e-02
1637 4.245889114720e-02
1638 4.245889114720e-02
1639 4.245889114720e-02
1640 4.245889114720e-02
1641 4.273439969228e-02
1642 4.273439969228e-02
1643 4.273439969228e-02
1644 4.273439969228e-02
1645 4.273439969228e-02
1646 4.273439969228e-02
1647 4.273439969228e-02
1648 4.273439969228e-02
1649 4.273439969228e-02
1650 4.273439969228e-02
1651 4.295099284594e-02
1652 4.295099284594e-02
1653 4.295099284594e-02
1654 4.295099284594e-02
1655 4.295099284594e-02
1656 4.295099284594e-02
1657 4.295099284594e-02
1658 4.295099284594e-02
1659 4.295099284594e-02
1660 4.295099284594e-02
1661 4.320787461936e-02
1662 4.320787461936e-02
1663 4.320787461936e-02
1664 4.320787461936e-02
1665 4.320787461936e-02
1666 4.320787461936e-02
1667 4.320787461936e-02
1668 4.320787461936e-02
1669 4.320787461936e-02
1670 4.320787461936e-02
1671 4.361447624452e-02
1672 4.361447624452e-02
1673 4.361447624452e-02
1674 4.361447624452e-02
1675 4.361447624452e-02
1676 4.361447624452e-02
1677 4.361447624452e-02
1678 4.361447624452e-02
1679 4.361447624452e-02
1680 4.361447624452e-02
1681 4.414443252186e-02
1682 4.414443252186e-02
1683 4.414443252186e-02
1684 4.414443252186e-02
1685 4.414443252186e-02
1686 4.414443252186e-02
1687 4.414443252186e-02
1688 4.414443252186e-02
1689 4.414443252186e-02
1690 4.414443252186e-02
1691 4.461382677184e-02
1692 4.461382677184e-02
1693 4.461382677184e-02
1694 4.461382677184e-02
1695 4.461382677184e-02
1696 4.461382677184e-02
1697 4.461382677184e-02
1698 4.461382677184e-02
1699 4.461382677184e-02
1700 4.461382677184e-02
1701 4.491557060996e-02
1702 4.491557060996e-02
1703 4.491557060996e-02
1704 4.491557060996e-02
1705 4.491557060996e-02
1706 4.491557060996e-02
1707 4.491557060996e-02
1708 4.491557060996e-02
1709 4.491557060996e-02
1710 4.491557060996e-02
1711 4.512754014712e-02
1712 4.512754014712e-02
1713 4.512754014712e-02
1714 4.512754014712e-02
1715 4.512754014712e-02
1716 4.512754014712e-02
1717 4.512754014712e-02
1718 4.512754014712e-02
1719 4.512754014712e-02
1720 4.512754014712e-02
1721 4.535856355676e-02
1722 4.535856355676e-02
1723 4.535856355676e-02
1724 4.535856355676e-02
1725 4.535856355676e-02
1726 4.535856355676e-02
1727 4.535856355676e-02
1728 4.535856355676e-02
1729 4.535856355676e-02
1730 4.535856355676e-02
1731 4.561699929692e-02
1732 4.561699929692e-02
1733 4.561699929692e-02
1734 4.561699929692e-02
1735 4.561699929692e-02
1736 4.561699929692e-02
1737 4.561699929692e-02
1738 4.561699929692e-02
1739 4.561699929692e-02
1740 4.561699929692e-02
1741 4.577750484051e-02
1742 4.577750484051e-02
1743 4.577750484051e-02
1744 4.577750484051e-02
1745 4.577750484051e-02
1746 4.577750484051e-02
1747 4.577750484051e-02
1748 4.577750484051e-02
1749 4.577750484051e-02
1750 4.577750484051e-02
1751 4.581723781305e-02
1752 4.581723781305e-02
1753 4.581723781305e-02
1754 4.581723781305e-02
1755 4.581723781305e-02
1756 4.581723781305e-02
1757 4.581723781305e-02
1758 4.581723781305e-02
1759 4.581723781305e-02
1760 4.581723781305e-02
1761 4.589452123161e-02
1762 4.589452123161e-02
1763 4.589452123161e-02
1764 4.589452123161e-02
1765 4.589452123161e-02
1766 4.589452123161e-02
1767 4.589452123161e-02
1768 4.589452123161e-02
1769 4.589452123161e-02
1770 4.589452123161e-02
1771 4.623705110497e-02
1772 4.623705110497e-02
1773 4.623705110497e-02
1774 4.623705110497e-02
1775 4.623705110497e-02
1776 4.623705110497e-02
1777 4.623705110497e-02
1778 4.623705110497e-02
1779 4.623705110497e-02
1780 4.623705110497e-02
1781 4.682237269955e-02
1782 4.682237269955e-02
1783 4.682237269955e-02
1784 4.682237269955e-02
1785 4.682237269955e-02
1786 4.682237269955e-02
1787 4.682237269955e-02
1788 4.682237269955e-02
1789 4.682237269955e-02
1790 4.682237269955e-02
1791 4.743579472074e-02
1792 4.743579472074e-02
1793 4.743579472074e-02
1794 4.743579472074e-02
1795 4.743579472074e-02
1796 4.743579472074e-02
1797 4.743579472074e-02
1798 4.743579472074e-02
1799 4.743579472074e-02
1800 4.743579472074e-02
1801 4.787678497804e-02
1802 4.787678497804e-02
1803 4.787678497804e-02
1804 4.787678497804e-02
1805 4.787678497804e-02
1806 4.787678497804e-02
1807 4.787678497804e-02
1808 4.787678497804e-02
1809 4.787678497804e-02
1810 4.787678497804e-02
1811 4.810950455871e-02
1812 4.810950455871e-02
1813 4.810950455871e-02
1814 4.810950455871e-02
1815 4.810950455871e-02
1816 4.810950455871e-02
1817 4.810950455871e-02
1818 4.810950455871e-02
1819 4.810950455871e-02
1820 4.810950455871e-02
1821 4.822696035467e-02
1822 4.822696035467e-02
1823 4.822696035467e-02
1824 4.822696035467e-02
1825 4.822696035467e-02
1826 4.822696035467e-02
1827 4.822696035467e-02
1828 4.822696035467e-02
1829 4.822696035467e-02
1830 4.822696035467e-02
1831 4.839758834747e-02
1832 4.839758834747e-02
1833 4.839758834747e-02
1834 4.839758834747e-02
1835 4.839758834747e-02
1836 4.839758834747e-02
1837 4.839758834747e-02
1838 4.839758834747e-02
1839 4.839758834747e-02
1840 4.839758834747e-02
1841 4.869352695100e-02
1842 4.869352695100e-02
1843 4.869352695100e-02
1844 4.869352695100e-02
1845 4.869352695100e-02
1846 4.869352695100e-02
1847 4.869352695100e-02
1848 4.869352695100e-02
1849 4.869352695100e-02
1850 4.869352695100e-02
1851 4.899819109526e-02
1852 4.899819109526e-02
1853 4.899819109526e-02
1854 4.899819109526e-02
1855 4.899819109526e-02
1856 4.899819109526e-02
1857 4.899819109526e-02
1858 4.899819109526e-02
1859 4.899819109526e-02
1860 4.899819109526e-02
1861 4.925501310020e-02
1862 4.925501310020e-02
1863 4.925501310020e-02
1864 4.925501310020e-02
1865 4.925501310020e-02
1866 4.925501310020e-02
1867 4.925501310020e-02
1868 4.925501310020e-02
1869 4.925501310020e-02
1870 4.925501310020e-02
1871 4.945365288434e-02
1872 4.945365288434e-02
1873 4.945365288434e-02
1874 4.945365288434e-02
1875 4.945365288434e-02
1876 4.945365288434e-02
1877 4.945365288434e-02
1878 4.945365288434e-02
1879 4.945365288434e-02
1880 4.945365288434e-02
1881 4.956399357708e-02
1882 4.956399357708e-02
1883 4.956399357708e-02
1884 4.956399357708e-02
1885 4.956399357708e-02
1886 4.956399357708e-02
1887 4.956399357708e-02
1888 4.956399357708e-02
1889 4.956399357708e-02
1890 4.956399357708e-02
1891 4.958249180766e-02
1892 4.958249180766e-02
1893 4.958249180766e-02
1894 4.958249180766e-02
1895 4.958249180766e-02
1896 4.958249180766e-02
1897 4.958249180766e-02
1898 4.958249180766e-02
1899 4.958249180766e-02
1900 4.958249180766e-02
1901 4.963213353247e-02
1902 4.963213353247e-02
1903 4.963213353247e-02
1904 4.963213353247e-02
1905 4.963213353247e-02
1906 4.963213353247e-02
1907 4.963213353247e-02
1908 4.963213353247e-02
1909 4.963213353247e-02
1910 4.963213353247e-02
1911 4.980751721392e-02
1912 4.980751721392e-02
1913 4.980751721392e-02
1914 4.980751721392e-02
1915 4.980751721392e-02
1916 4.980751721392e-02
1917 4.980751721392e-02
1918 4.980751721392e-02
1919 4.980751721392e-02
1920 4.980751721392e-02
1921 5.011478906436e-02
1922 5.011478906436e-02
1923 5.011478906436e-02
1924 5.011478906436e-02
1925 5.011478906436e-02
1926 5.011478906436e-02
1927 5.011478906436e-02
1928 5.011478906436e-02
1929 5.011478906436e-02
1930 5.011478906436e-02
1931 5.047213507116e-02
1932 5.047213507116e-02
1933 5.047213507116e-02
1934 5.047213507116e-02
1935 5.047213507116e-02
1936 5.047213507116e-02
1937 5.047213507116e-02
1938 5.047213507116e-02
1939 5.047213507116e-02
1940 5.047213507116e-02
1941 5.077569974548e-02
1942 5.077569974548e-02
1943 5.077569974548e-02
1944 5.077569974548e-02
1945 5.077569974548e-02
1946 5.077569974548e-02
1947 5.077569974548e-02
1948 5.077569974548e-02
1949 5.077569974548e-02
1950 5.077569974548e-02
1951 5.106279248821e-02
1952 5.106279248821e-02
1953 5.106279248821e-02
1954 5.106279248821e-02
1955 5.106279248821e-02
1956 5.106279248821e-02
1957 5.106279248821e-02
1958 5.106279248821e-02
1959 5.106279248821e-02
1960 5.106279248821e-02
1961 5.143259400755e-02
1962 5.143259400755e-02
1963 5.143259400755e-02
1964 5.143259400755e-02
1965 5.143259400755e-02
1966 5.143259400755e-02
1967 5.143259400755e-02
1968 5.143259400755e-02
1969 5.143259400755e-02
1970 5.143259400755e-02
1971 5.182647623195e-02
1972 5.182647623195e-02
1973 5.182647623195e-02
1974 5.182647623195e-02
1975 5.182647623195e-02
1976 5.182647623195e-02
1977 5.182647623195e-02
1978 5.182647623195e-02
1979 5.182647623195e-02
1980 5.182647623195e-02
1981 5.204275958298e-02
1982 5.204275958298e-02
1983 5.204275958298e-02
1984 5.204275958298e-02
1985 5.204275958298e-02
1986 5.204275958298e-02
1987 5.204275958298e-02
1988 5.204275958298e-02
1989 5.204275958298e-02
1990 5.204275958298e-02
1991 5.201255894835e-02
1992 5.201255894835e-02
1993 5.201255894835e-02
1994 5.201255894835e-02
1995 5.201255894835e-02
1996 5.201255894835e-02
1997 5.201255894835e-02
1998 5.201255894835e-02
1999 5.201255894835e-02
2000 5.201255894835e-02
2001 5.187265684852e-02
2002 5.187265684852e-02
2003 5.187265684852e-02
2004 5.187265684852e-02
2005 5.187265684852e-02
2006 5.187265684852e-02
2007 5.187265684852e-02
2008 5.187265684852e-02
2009 5.187265684852e-02
2010 5.187265684852e-02
2011 5.184819261159e-02
2012 5.184819261159e-02
2013 5.184819261159e-02
2014 5.184819261159e-02
2015 5.184819261159e-02
2016 5.184819261159e-02
2017 5.184819261159e-02
2018 5.184819261159e-02
2019 5.184819261159e-02
2020 5.184819261159e-02
2021 5.207356682922e-02
2022 5.207356682922e-02
2023 5.207356682922e-02
2024 5.207356682922e-02
2025 5.207356682922e-02
2026 5.207356682922e-02
2027 5.207356682922e-02
2028 5.207356682922e-02
2029 5.207356682922e-02
2030 5.207356682922e-02
2031 5.244903310700e-02
2032 5.244903310700e-02
2033 5.244903310700e-02
2034 5.244903310700e-02
2035 5.244903310700e-02
2036 5.244903310700e-02
2037 5.244903310700e-02
2038 5.244903310700e-02
2039 5.244903310700e-02
2040 5.244903310700e-02
2041 5.280854431135e-02
2042 5.280854431135e-02
2043 5.280854431135e-02
2044 5.280854431135e-02
2045 5.280854431135e-02
2046 5.280854431135e-02
2047 5.280854431135e-02
2048 5.280854431135e-02
2049 5.280854431135e-02
2050 5.280854431135e-02
2051 5.312522576732e-02
2052 5.312522576732e-02
2053 5.312522576732e-02
2054 5.312522576732e-02
2055 5.312522576732e-02
2056 5.312522576732e-02
2057 5.312522576732e-02
2058 5.312522576732e-02
2059 5.312522576732e-02
2060 5.312522576732e-02
2061 5.349800619740e-02
2062 5.349800619740e-02
2063 5.349800619740e-02
2064 5.349800619740e-02
2065 5.349800619740e-02
2066 5.349800619740e-02
2067 5.349800619740e-02
2068 5.349800619740e-02
2069 5.349800619740e-02
2070 5.349800619740e-02
2071 5.399929416625e-02
2072 5.399929416625e-02
2073 5.399929416625e-02
2074 5.399929416625e-02
2075 5.399929416625e-02
2076 5.399929416625e-02
2077 5.399929416625e-02
2078 5.399929416625e-02
2079 5.399929416625e-02
2080 5.399929416625e-02
2081 5.461821462760e-02
2082 5.461821462760e-02
2083 5.461821462760e-02
2084 5.461821462760e-02
2085 5.461821462760e-02
2086 5.461821462760e-02
2087 5.461821462760e-02
2088 5.461821462760e-02
2089 5.461821462760e-02
2090 5.461821462760e-02
2091 5.526017380763e-02
2092 5.526017380763e-02
2093 5.526017380763e-02
2094 5.526017380763e-02
2095 5.526017380763e-02
2096 5.526017380763e-02
2097 5.526017380763e-02
2098 5.526017380763e-02
2099 5.526017380763e-02
2100 5.526017380763e-02
2101 5.583876556678e-02
2102 5.583876556678e-02
2103 5.583876556678e-02
2104 5.583876556678e-02
2105 5.583876556678e-02
2106 5.583876556678e-02
2107 5.583876556678e-02
2108 5.583876556678e-02
2109 5.583876556678e-02
2110 5.583876556678e-02
2111 5.640258120233e-02
2112 5.640258120233e-02
2113 5.640258120233e-02
2114 5.640258120233e-02
2115 5.640258120233e-02
2116 5.640258120233e-02
2117 5.640258120233e-02
2118 5.640258120233e-02
2119 5.640258120233e-02
2120 5.640258120233e-02
2121 5.701106730346e-02
2122 5.701106730346e-02
2123 5.701106730346e-02
2124 5.701106730346e-02
2125 5.701106730346e-02
2126 5.701106730346e-02
2127 5.701106730346e-02
2128 5.701106730346e-02
2129 5.701106730346e-02
2130 5.701106730346e-02
2131 5.759506425093e-02
2132 5.759506425093e-02
2133 5.759506425093e-02
2134 5.759506425093e-02
2135 5.759506425093e-02
2136 5.759506425093e-02
2137 5.759506425093e-02
2138 5.759506425093e-02
2139 5.759506425093e-02
2140 5.759506425093e-02
2141 5.809849872196e-02
2142 5.809849872196e-02
2143 5.809849872196e-02
2144 5.809849872196e-02
2145 5.809849872196e-02
2146 5.809849872196e-02
2147 5.809849872196e-02
2148 5.809849872196e-02
2149 5.809849872196e-02
2150 5.809849872196e-02
2151 5.855423574484e-02
2152 5.855423574484e-02
2153 5.855423574484e-02
2154 5.855423574484e-02
2155 5.855423574484e-02
2156 5.855423574484e-02
2157 5.855423574484e-02
2158 5.855423574484e-02
2159 5.855423574484e-02
2160 5.855423574484e-02
2161 5.901583046735e-02
2162 5.901583046735e-02
2163 5.901583046735e-02
2164 5.901583046735e-02
2165 5.901583046735e-02
2166 5.901583046735e-02
2167 5.901583046735e-02
2168 5.901583046735e-02
2169 5.901583046735e-02
2170 5.901583046735e-02
2171 5.954880861496e-02
2172 5.954880861496e-02
2173 5.954880861496e-02
2174 5.954880861496e-02
2175 5.954880861496e-02
2176 5.954880861496e-02
2177 5.954880861496e-02
2178 5.954880861496e-02
2179 5.954880861496e-02
2180 5.954880861496e-02
2181 6.016665575234e-02
2182 6.016665575234e-02
2183 6.016665575234e-02
2184 6.016665575234e-02
2185 6.016665575234e-02
2186 6.016665575234e-02
2187 6.016665575234e-02
2188 6.016665575234e-02
2189 6.016665575234e-02
2190 6.016665575234e-02
2191 6.085236630175e-02
2192 6.085236630175e-02
2193 6.085236630175e-02
2194 6.085236630175e-02
2195 6.085236630175e-02
2196 6.085236630175e-02
2197 6.085236630175e-02
2198 6.085236630175e-02
2199 6.085236630175e-02
2200 6.085236630175e-02
2201 6.161670207599e-02
2202 6.161670207599e-02
2203 6.161670207599e-02
2204 6.161670207599e-02
2205 6.161670207599e-02
2206 6.161670207599e-02
2207 6.161670207599e-02
2208 6.161670207599e-02
2209 6.161670207599e-02
2210 6.161670207599e-02
2211 6.245819965980e-02
2212 6.245819965980e-02
2213 6.245819965980e-02
2214 6.245819965980e-02
2215 6.245819965980e-02
2216 6.245819965980e-02
2217 6.245819965980e-02
2218 6.245819965980e-02
2219 6.245819965980e-02
2220 6.245819965980e-02
2221 6.342350985579e-02
2222 6.342350985579e-02
2223 6.342350985579e-02
2224 6.342350985579e-02
2225 6.342350985579e-02
2226 6.342350985579e-02
2227 6.342350985579e-02
2228 6.342350985579e-02
2229 6.342350985579e-02
2230 6.342350985579e-02
2231 6.432030250106e-02
2232 6.432030250106e-02
2233 6.432030250106e-02
2234 6.432030250106e-02
2235 6.432030250106e-02
2236 6.432030250106e-02
2237 6.432030250106e-02
2238 6.432030250106e-02
2239 6.432030250106e-02
2240 6.432030250106e-02
2241 6.493127023103e-02
2242 6.493127023103e-02
2243 6.493127023103e-02
2244 6.493127023103e-02
2245 6.493127023103e-02
2246 6.493127023103e-02
2247 6.493127023103e-02
2248 6.493127023103e-02
2249 6.493127023103e-02
2250 6.493127023103e-02
2251 6.538620926898e-02
2252 6.538620926898e-02
2253 6.538620926898e-02
2254 6.538620926898e-02
2255 6.538620926898e-02
2256 6.538620926898e-02
2257 6.538620926898e-02
2258 6.538620926898e-02
2259 6.538620926898e-02
2260 6.538620926898e-02
2261 6.585421849806e-02
2262 6.585421849806e-02
2263 6.585421849806e-02
2264 6.585421849806e-02
2265 6.585421849806e-02
2266 6.585421849806e-02
2267 6.585421849806e-02
2268 6.585421849806e-02
2269 6.585421849806e-02
2270 6.585421849806e-02
2271 6.639151466488e-02
2272 6.639151466488e-02
2273 6.639151466488e-02
2274 6.639151466488e-02
2275 6.639151466488e-02
2276 6.639151466488e-02
2277 6.639151466488e-02
2278 6.639151466488e-02
2279 6.639151466488e-02
2280 6.639151466488e-02
2281 6.697589706063e-02
2282 6.697589706063e-02
2283 6.697589706063e-02
2284 6.697589706063e-02
2285 6.697589706063e-02
2286 6.697589706063e-02
2287 6.697589706063e-02
2288 6.697589706063e-02
2289 6.697589706063e-02
2290 6.697589706063e-02
2291 6.757509331061e-02
2292 6.757509331061e-02
2293 6.757509331061e-02
2294 6.757509331061e-02
2295 6.757509331061e-02
2296 6.757509331061e-02
2297 6.757509331061e-02
2298 6.757509331061e-02
2299 6.757509331061e-02
2300 6.757509331061e-02
2301 6.811354533568e-02
2302 6.811354533568e-02
2303 6.811354533568e-02
2304 6.811354533568e-02
2305 6.811354533568e-02
2306 6.811354533568e-02
2307 6.811354533568e-02
2308 6.811354533568e-02
2309 6.811354533568e-02
2310 6.811354533568e-02
2311 6.861243125532e-02
2312 6.861243125532e-02
2313 6.861243125532e-02
2314 6.861243125532e-02
2315 6.861243125532e-02
2316 6.861243125532e-02
2317 6.861243125532e-02
2318 6.861243125532e-02
2319 6.861243125532e-02
2320 6.861243125532e-02
2321 6.922944921903e-02
2322 6.922944921903e-02
2323 6.922944921903e-02
2324 6.922944921903e-02
2325 6.922944921903e-02
2326 6.922944921903e-02
2327 6.922944921903e-02
2328 6.922944921903e-02
2329 6.922944921903e-02
2330 6.922944921903e-02
2331 6.989879443761e-02
2332 6.989879443761e-02
2333 6.989879443761e-02
2334 6.989879443761e-02
2335 6.989879443761e-02
2336 6.989879443761e-02
2337 6.989879443761e-02
2338 6.989879443761e-02
2339 6.989879443761e-02
2340 6.989879443761e-02
2341 7.050328058752e-02
2342 7.050328058752e-02
2343 7.050328058752e-02
2344 7.050328058752e-02
2345 7.050328058752e-02
2346 7.050328058752e-02
2347 7.050328058752e-02
2348 7.050328058752e-02
2349 7.050328058752e-02
2350 7.050328058752e-02
2351 7.111222727816e-02
2352 7.111222727816e-02
2353 7.111222727816e-02
2354 7.111222727816e-02
2355 7.111222727816e-02
2356 7.111222727816e-02
2357 7.111222727816e-02
2358 7.111222727816e-02
2359 7.111222727816e-02
2360 7.111222727816e-02
2361 7.166006624376e-02
2362 7.166006624376e-02
2363 7.166006624376e-02
2364 7.166006624376e-02
2365 7.166006624376e-02
2366 7.166006624376e-02
2367 7.166006624376e-02
2368 7.166006624376e-02
2369 7.166006624376e-02
2370 7.166006624376e-02
2371 7.218539907193e-02
2372 7.218539907193e-02
2373 7.218539907193e-02
2374 7.218539907193e-02
2375 7.218539907193e-02
2376 7.218539907193e-02
2377 7.218539907193e-02
2378 7.218539907193e-02
2379 7.218539907193e-02
2380 7.218539907193e-02
2381 7.285911786347e-02
2382 7.285911786347e-02
2383 7.285911786347e-02
2384 7.285911786347e-02
2385 7.285911786347e-02
2386 7.285911786347e-02
2387 7.285911786347e-02
2388 7.285911786347e-02
2389 7.285911786347e-02
2390 7.285911786347e-02
2391 7.358428972837e-02
2392 7.358428972837e-02
2393 7.358428972837e-02
2394 7.358428972837e-02
2395 7.358428972837e-02
2396 7.358428972837e-02
2397 7.358428972837e-02
2398 7.358428972837e-02
2399 7.358428972837e-02
2400 7.358428972837e-02
2401 7.417631444649e-02
2402 7.417631444649e-02
2403 7.417631444649e-02
2404 7.417631444649e-02
2405 7.417631444649e-02
2406 7.417631444649e-02
2407 7.417631444649e-02
2408 7.417631444649e-02
2409 7.417631444649e-02
2410 7.417631444649e-02
2411 7.461861953502e-02
2412 7.461861953502e-02
2413 7.461861953502e-02
2414 7.461861953502e-02
2415 7.461861953502e-02
2416 7.461861953502e-02
2417 7.461861953502e-02
2418 7.461861953502e-02
2419 7.461861953502e-02
2420 7.461861953502e-02
2421 7.502251342678e-02
2422 7.502251342678e-02
2423 7.502251342678e-02
2424 7.502251342678e-02
2425 7.502251342678e-02
2426 7.502251342678e-02
2427 7.502251342678e-02
2428 7.502251342678e-02
2429 7.502251342678e-02
2430 7.502251342678e-02
2431 7.543570976657e-02
2432 7.543570976657e-02
2433 7.543570976657e-02
2434 7.543570976657e-02
2435 7.543570976657e-02
2436 7.543570976657e-02
2437 7.543570976657e-02
2438 7.543570976657e-02
2439 7.543570976657e-02
2440 7.543570976657e-02
2441 7.586135270962e-02
2442 7.586135270962e-02
2443 7.586135270962e-02
2444 7.586135270962e-02
2445 7.586135270962e-02
2446 7.586135270962e-02
2447 7.586135270962e-02
2448 7.586135270962e-02
2449 7.586135270962e-02
2450 7.586135270962e-02
2451 7.635813882953e-02
2452 7.635813882953e-02
2453 7.635813882953e-02
2454 7.635813882953e-02
2455 7.635813882953e-02
2456 7.635813882953e-02
2457 7.635813882953e-02
2458 7.635813882953e-02
2459 7.635813882953e-02
2460 7.635813882953e-02
2461 7.682707566047e-02
2462 7.682707566047e-02
2463 7.682707566047e-02
2464 7.682707566047e-02
2465 7.682707566047e-02
2466 7.682707566047e-02
2467 7.682707566047e-02
2468 7.682707566047e-02
2469 7.682707566047e-02
2470 7.682707566047e-02
2471 7.718244079713e-02
2472 7.718244079713e-02
2473 7.718244079713e-02
2474 7.718244079713e-02
2475 7.718244079713e-02
2476 7.718244079713e-02
2477 7.718244079713e-02
2478 7.718244079713e-02
2479 7.718244079713e-02
2480 7.718244079713e-02
2481 7.761616346632e-02
2482 7.761616346632e-02
2483 7.761616346632e-02
2484 7.761616346632e-02
2485 7.761616346632e-02
2486 7.761616346632e-02
2487 7.761616346632e-02
2488 7.761616346632e-02
2489 7.761616346632e-02
2490 7.761616346632e-02
2491 7.819360774590e-02
2492 7.819360774590e-02
2493 7.819360774590e-02
2494 7.819360774590e-02
2495 7.819360774590e-02
2496 7.819360774590e-02
2497 7.819360774590e-02
2498 7.819360774590e-02
2499 7.819360774590e-02
2500 7.819360774590e-02
2501 7.879208743489e-02
2502 7.879208743489e-02
2503 7.879208743489e-02
2504 7.879208743489e-02
2505 7.879208743489e-02
2506 7.879208743489e-02
2507 7.879208743489e-02
2508 7.879208743489e-02
2509 7.879208743489e-02
2510 7.879208743489e-02
2511 7.937786758432e-02
2512 7.937786758432e-02
2513 7.937786758432e-02
2514 7.937786758432e-02
2515 7.937786758432e-02
2516 7.937786758432e-02
2517 7.937786758432e-02
2518 7.937786758432e-02
2519 7.937786758432e-02
2520 7.937786758432e-02
2521 7.982892066117e-02
2522 7.982892066117e-02
2523 7.982892066117e-02
2524 7.982892066117e-02
2525 7.982892066117e-02
2526 7.982892066117e-02
2527 7.982892066117e-02
2528 7.982892066117e-02
2529 7.982892066117e-02
2530 7.982892066117e-02
2531 8.017397911580e-02
2532 8.017397911580e-02
2533 8.017397911580e-02
2534 8.017397911580e-02
2535 8.017397911580e-02
2536 8.017397911580e-02
2537 8.017397911580e-02
2538 8.017397911580e-02
2539 8.017397911580e-02
2540 8.017397911580e-02
2541 8.065977200250e-02
2542 8.065977200250e-02
2543 8.065977200250e-02
2544 8.065977200250e-02
2545 8.065977200250e-02
2546 8.065977200250e-02
2547 8.065977200250e-02
2548 8.065977200250e-02
2549 8.065977200250e-02
2550 8.065977200250e-02
2551 8.121212372425e-02
2552 8.121212372425e-02
2553 8.121212372425e-02
2554 8.121212372425e-02
2555 8.121212372425e-02
2556 8.121212372425e-02
2557 8.121212372425e-02
2558 8.121212372425e-02
2559 8.121212372425e-02
2560 8.121212372425e-02
2561 8.168901414401e-02
2562 8.168901414401e-02
2563 8.168901414401e-02
2564 8.168901414401e-02
2565 8.168901414401e-02
2566 8.168901414401e-02
2567 8.168901414401e-02
2568 8.168901414401e-02
2569 8.168901414401e-02
2570 8.168901414401e-02
2571 8.220578017371e-02
2572 8.220578017371e-02
2573 8.220578017371e-02
2574 8.220578017371e-02
2575 8.220578017371e-02
2576 8.220578017371e-02
2577 8.220578017371e-02
2578 8.220578017371e-02
2579 8.220578017371e-02
2580 8.220578017371e-02
2581 8.271502277814e-02
2582 8.271502277814e-02
2583 8.271502277814e-02
2584 8.271502277814e-02
2585 8.271502277814e-02
2586 8.271502277814e-02
2587 8.271502277814e-02
2588 8.271502277814e-02
2589 8.271502277814e-02
2590 8.271502277814e-02
2591 8.315276371608e-02
2592 8.315276371608e-02
2593 8.315276371608e-02
2594 8.315276371608e-02
2595 8.315276371608e-02
2596 8.315276371608e-02
2597 8.315276371608e-02
2598 8.315276371608e-02
2599 8.315276371608e-02
2600 8.315276371608e-02
2601 8.363321514006e-02
2602 8.363321514006e-02
2603 8.363321514006e-02
2604 8.363321514006e-02
2605 8.363321514006e-02
2606 8.363321514006e-02
2607 8.363321514006e-02
2608 8.363321514006e-02
2609 8.363321514006e-02
2610 8.363321514006e-02
2611 8.414720760700e-02
2612 8.414720760700e-02
2613 8.414720760700e-02
2614 8.414720760700e-02
2615 8.414720760700e-02
2616 8.414720760700e-02
2617 8.414720760700e-02
2618 8.414720760700e-02
2619 8.414720760700e-02
2620 8.414720760700e-02
