1 -3.151174539388e+03
2 -3.151174538377e+03
3 -3.151174530362e+03
4 -3.151174503680e+03
5 -3.151174441597e+03
6 -3.151174323091e+03
7 -3.151174123686e+03
8 -3.151173816227e+03
9 -3.151173371476e+03
10 -3.151172758465e+03
11 -3.151171944611e+03
12 -3.151170895354e+03
13 -3.151169574008e+03
14 -3.151167941048e+03
15 -3.151165953569e+03
16 -3.151163564769e+03
17 -3.151160723569e+03
18 -3.151157374461e+03
19 -3.151153457608e+03
20 -3.151148909226e+03
21 -3.151143662287e+03
22 -3.151137647091e+03
23 -3.151130792678e+03
24 -3.151123027606e+03
25 -3.151114281064e+03
26 -3.151104483798e+03
27 -3.151093568873e+03
28 -3.151081472195e+03
29 -3.151068132783e+03
30 -3.151053492779e+03
31 -3.151037497315e+03
32 -3.151020093688e+03
33 -3.151001231424e+03
34 -3.150980861279e+03
35 -3.150958934788e+03
36 -3.150935403823e+03
37 -3.150910220352e+03
38 -3.150883336442e+03
39 -3.150854704535e+03
40 -3.150824278028e+03
41 -3.150792012271e+03
42 -3.150757864996e+03
43 -3.150721798489e+03
44 -3.150683780211e+03
45 -3.150643784154e+03
46 -3.150601791849e+03
47 -3.150557793091e+03
48 -3.150511786297e+03
49 -3.150463778457e+03
50 -3.150413784686e+03
51 -3.150361827731e+03
52 -3.150307935715e+03
53 -3.150252142798e+03
54 -3.150194486843e+03
55 -3.150135008753e+03
56 -3.150073751817e+03
57 -3.150010761425e+03
58 -3.149946085196e+03
59 -3.149879773496e+03
60 -3.149811880270e+03
61 -3.149742464714e+03
62 -3.149671589792e+03
63 -3.149599327081e+03
64 -3.149525754987e+03
65 -3.149450959825e+03
66 -3.149375035886e+03
67 -3.149298085108e+03
68 -3.149220216369e+03
69 -3.149141544488e+03
70 -3.149062189004e+03
71 -3.148982274192e+03
72 -3.148901922335e+03
73 -3.148821260594e+03
74 -3.148740414556e+03
75 -3.148659508793e+03
76 -3.148578666383e+03
77 -3.148498008741e+03
78 -3.148417655755e+03
79 -3.148337726128e+03
80 -3.148258337832e+03
81 -3.148179611199e+03
82 -3.148101658695e+03
83 -3.148024600961e+03
84 -3.147948556044e+03
85 -3.147873641484e+03
86 -3.147799973570e+03
87 -3.147727666342e+03
88 -3.147656830388e+03
89 -3.147587571716e+03
90 -3.147519990654e+03
91 -3.147454185450e+03
92 -3.147390233715e+03
93 -3.147328219031e+03
94 -3.147268212822e+03
95 -3.147210279029e+03
96 -3.147154474382e+03
97 -3.147100848782e+03
98 -3.147049445711e+03
99 -3.147000302557e+03
100 -3.146953450974e+03
101 -3.146908923460e+03
102 -3.146866727447e+03
103 -3.146826884406e+03
104 -3.146789403463e+03
105 -3.146754287613e+03
106 -3.146721533372e+03
107 -3.146691130382e+03
108 -3.146663061012e+03
109 -3.146637300055e+03
110 -3.146613814545e+03
111 -3.146592572455e+03
112 -3.146573507807e+03
113 -3.146556573702e+03
114 -3.146541707483e+03
115 -3.146528840098e+03
116 -3.146517896656e+03
117 -3.146508796975e+03
118 -3.146501456082e+03
119 -3.146495784638e+03
120 -3.146491689285e+03
121 -3.146489084046e+03
122 -3.146487845827e+03
123 -3.146487881883e+03
124 -3.146489084928e+03
125 -3.146491344589e+03
126 -3.146494547575e+03
127 -3.146498577898e+03
128 -3.146503317133e+03
129 -3.146508644733e+03
130 -3.146514438373e+03
131 -3.146520587905e+03
132 -3.146526941322e+03
133 -3.146533387122e+03
134 -3.146539799872e+03
135 -3.146546054331e+03
136 -3.146552025765e+03
137 -3.146557590203e+03
138 -3.146562624625e+03
139 -3.146567007090e+03
140 -3.146570616805e+03
141 -3.146573349275e+03
142 -3.146575055780e+03
143 -3.146575634561e+03
144 -3.146574970013e+03
145 -3.146572948146e+03
146 -3.146569456824e+03
147 -3.146564386055e+03
148 -3.146557628306e+03
149 -3.146549078818e+03
150 -3.146538635883e+03
151 -3.146526215507e+03
152 -3.146511693761e+03
153 -3.146494993758e+03
154 -3.146476027676e+03
155 -3.146454711302e+03
156 -3.146430964016e+03
157 -3.146404708788e+03
158 -3.146375872191e+03
159 -3.146344384461e+03
160 -3.146310179611e+03
161 -3.146273206891e+03
162 -3.146233385832e+03
163 -3.146190674338e+03
164 -3.146145023798e+03
165 -3.146096390758e+03
166 -3.146044737293e+03
167 -3.145990031369e+03
168 -3.145932247182e+03
169 -3.145871365454e+03
170 -3.145807373675e+03
171 -3.145740274095e+03
172 -3.145670052703e+03
173 -3.145596726047e+03
174 -3.145520310185e+03
175 -3.145440828537e+03
176 -3.145358311949e+03
177 -3.145272798783e+03
178 -3.145184335020e+03
179 -3.145092974393e+03
180 -3.144998778532e+03
181 -3.144901824449e+03
182 -3.144802175362e+03
183 -3.144699924826e+03
184 -3.144595167494e+03
185 -3.144488006483e+03
186 -3.144378553338e+03
187 -3.144266927906e+03
188 -3.144153258105e+03
189 -3.144037679578e+03
190 -3.143920335234e+03
191 -3.143801387288e+03
192 -3.143680966040e+03
193 -3.143559245102e+03
194 -3.143436389895e+03
195 -3.143312569561e+03
196 -3.143187956221e+03
197 -3.143062724300e+03
198 -3.142937049943e+03
199 -3.142811110527e+03
200 -3.142685084257e+03
201 -3.142559174298e+03
202 -3.142433510206e+03
203 -3.142308295453e+03
204 -3.142183708166e+03
205 -3.142059925451e+03
206 -3.141937122850e+03
207 -3.141815473716e+03
208 -3.141695148525e+03
209 -3.141576314163e+03
210 -3.141459133191e+03
211 -3.141343803951e+03
212 -3.141230395925e+03
213 -3.141119096129e+03
214 -3.141010043214e+03
215 -3.140903368453e+03
216 -3.140799195297e+03
217 -3.140697638997e+03
218 -3.140598806281e+03
219 -3.140502795081e+03
220 -3.140409694328e+03
221 -3.140319639562e+03
222 -3.140232588834e+03
223 -3.140148660206e+03
224 -3.140067905911e+03
225 -3.139990369122e+03
226 -3.139916084090e+03
227 -3.139845076329e+03
228 -3.139777362757e+03
229 -3.139712951825e+03
230 -3.139651843686e+03
231 -3.139594092030e+03
232 -3.139539556948e+03
233 -3.139488277505e+03
234 -3.139440223171e+03
235 -3.139395356718e+03
236 -3.139353634726e+03
237 -3.139315008102e+03
238 -3.139279422598e+03
239 -3.139246819297e+03
240 -3.139217135047e+03
241 -3.139190358622e+03
242 -3.139166307386e+03
243 -3.139144963758e+03
244 -3.139126250908e+03
245 -3.139110089227e+03
246 -3.139096396535e+03
247 -3.139085088248e+03
248 -3.139076077510e+03
249 -3.139069275297e+03
250 -3.139064590479e+03
251 -3.139061970923e+03
252 -3.139061239134e+03
253 -3.139062339012e+03
254 -3.139065171339e+03
255 -3.139069634970e+03
256 -3.139075626881e+03
257 -3.139083042218e+03
258 -3.139091774352e+03
259 -3.139101714939e+03
260 -3.139112754002e+03
261 -3.139124800390e+03
262 -3.139137700558e+03
263 -3.139151360630e+03
264 -3.139165665475e+03
265 -3.139180499169e+03
266 -3.139195745208e+03
267 -3.139211286706e+03
268 -3.139227006560e+03
269 -3.139242787613e+03
270 -3.139258512792e+03
271 -3.139274062775e+03
272 -3.139289326172e+03
273 -3.139304184526e+03
274 -3.139318522822e+03
275 -3.139332227183e+03
276 -3.139345185202e+03
277 -3.139357286323e+03
278 -3.139368422256e+03
279 -3.139378487402e+03
280 -3.139387379288e+03
281 -3.139394981182e+03
282 -3.139401233835e+03
283 -3.139406028880e+03
284 -3.139409280576e+03
285 -3.139410908303e+03
286 -3.139410836865e+03
287 -3.139408996749e+03
288 -3.139405324321e+03
289 -3.139399761977e+03
290 -3.139392258224e+03
291 -3.139382751396e+03
292 -3.139371234847e+03
293 -3.139357659041e+03
294 -3.139341996588e+03
295 -3.139324225739e+03
296 -3.139304330134e+03
297 -3.139282298480e+03
298 -3.139258124193e+03
299 -3.139231804989e+03
300 -3.139203342427e+03
301 -3.139172739476e+03
302 -3.139140007840e+03
303 -3.139105155603e+03
304 -3.139068194651e+03
305 -3.139029138195e+03
306 -3.138988000333e+03
307 -3.138944795692e+03
308 -3.138899539140e+03
309 -3.138852245604e+03
310 -3.138802929978e+03
311 -3.138751624360e+03
312 -3.138698309447e+03
313 -3.138643017596e+03
314 -3.138585764706e+03
315 -3.138526567661e+03
316 -3.138465444759e+03
317 -3.138402416201e+03
318 -3.138337504593e+03
319 -3.138270735467e+03
320 -3.138202137796e+03
321 -3.138131779759e+03
322 -3.138059628349e+03
323 -3.137985760676e+03
324 -3.137910224005e+03
325 -3.137833071123e+03
326 -3.137754360651e+03
327 -3.137674157323e+03
328 -3.137592532245e+03
329 -3.137509563110e+03
330 -3.137425334375e+03
331 -3.137339977362e+03
332 -3.137253510690e+03
333 -3.137166078991e+03
334 -3.137077793858e+03
335 -3.136988773113e+03
336 -3.136899140301e+03
337 -3.136809024069e+03
338 -3.136718557429e+03
339 -3.136627876958e+03
340 -3.136537121970e+03
341 -3.136446461466e+03
342 -3.136355982630e+03
343 -3.136265855664e+03
344 -3.136176223181e+03
345 -3.136087227076e+03
346 -3.135999008057e+03
347 -3.135911705229e+03
348 -3.135825455718e+03
349 -3.135740394288e+03
350 -3.135656652969e+03
351 -3.135574372025e+03
352 -3.135493654300e+03
353 -3.135414632238e+03
354 -3.135337422653e+03
355 -3.135262137342e+03
356 -3.135188882550e+03
357 -3.135117758408e+03
358 -3.135048858351e+03
359 -3.134982268529e+03
360 -3.134918067215e+03
361 -3.134856331657e+03
362 -3.134797108232e+03
363 -3.134740455453e+03
364 -3.134686414908e+03
365 -3.134635018090e+03
366 -3.134586286239e+03
367 -3.134540230307e+03
368 -3.134496851047e+03
369 -3.134456139228e+03
370 -3.134418075957e+03
371 -3.134382660964e+03
372 -3.134349802133e+03
373 -3.134319481881e+03
374 -3.134291647741e+03
375 -3.134266240488e+03
376 -3.134243194894e+03
377 -3.134222440518e+03
378 -3.134203902518e+03
379 -3.134187502462e+03
380 -3.134173159136e+03
381 -3.134160847305e+03
382 -3.134150366576e+03
383 -3.134141689595e+03
384 -3.134134731183e+03
385 -3.134129406635e+03
386 -3.134125632141e+03
387 -3.134123325128e+03
388 -3.134122404515e+03
389 -3.134122790890e+03
390 -3.134124406618e+03
391 -3.134127248035e+03
392 -3.134131096549e+03
393 -3.134135952326e+03
394 -3.134141744906e+03
395 -3.134148405471e+03
396 -3.134155866745e+03
397 -3.134164062881e+03
398 -3.134172929318e+03
399 -3.134182402602e+03
400 -3.134192420184e+03
401 -3.134202991579e+03
402 -3.134213912007e+03
403 -3.134225191949e+03
404 -3.134236769966e+03
405 -3.134248584330e+03
406 -3.134260572913e+03
407 -3.134272673151e+03
408 -3.134284822090e+03
409 -3.134296956496e+03
410 -3.134309013005e+03
411 -3.134320999532e+03
412 -3.134332710153e+03
413 -3.134344153775e+03
414 -3.134355268238e+03
415 -3.134365992028e+03
416 -3.134376264378e+03
417 -3.134386025344e+03
418 -3.134395215879e+03
419 -3.134403777898e+03
420 -3.134411654340e+03
421 -3.134418872196e+03
422 -3.134425210373e+03
423 -3.134430698546e+03
424 -3.134435284369e+03
425 -3.134438916849e+03
426 -3.134441546423e+03
427 -3.134443125065e+03
428 -3.134443606408e+03
429 -3.134442945883e+03
430 -3.134441100883e+03
431 -3.134438141078e+03
432 -3.134433807501e+03
433 -3.134428175067e+03
434 -3.134421210650e+03
435 -3.134412883816e+03
436 -3.134403166892e+03
437 -3.134392034987e+03
438 -3.134379465974e+03
439 -3.134365440444e+03
440 -3.134349941614e+03
441 -3.134333105645e+03
442 -3.134314618985e+03
443 -3.134294623083e+03
444 -3.134273110186e+03
445 -3.134250074299e+03
446 -3.134225510959e+03
447 -3.134199417000e+03
448 -3.134171790336e+03
449 -3.134142629757e+03
450 -3.134111934765e+03
451 -3.134079897001e+03
452 -3.134046132884e+03
453 -3.134010836055e+03
454 -3.133974008092e+03
455 -3.133935651207e+03
456 -3.133895768464e+03
457 -3.133854364091e+03
458 -3.133811443886e+03
459 -3.133767015726e+03
460 -3.133721090133e+03
461 -3.133673893504e+03
462 -3.133625017090e+03
463 -3.133574696872e+03
464 -3.133522960019e+03
465 -3.133469839110e+03
466 -3.133415372408e+03
467 -3.133359604000e+03
468 -3.133302583791e+03
469 -3.133244367356e+03
470 -3.133185015674e+03
471 -3.133124804708e+03
472 -3.133063384021e+03
473 -3.133001039395e+03
474 -3.132937849117e+03
475 -3.132873894515e+03
476 -3.132809259429e+03
477 -3.132744029724e+03
478 -3.132678292826e+03
479 -3.132612137319e+03
480 -3.132545652601e+03
481 -3.132479135760e+03
482 -3.132412261696e+03
483 -3.132345329053e+03
484 -3.132278428510e+03
485 -3.132211650911e+03
486 -3.132145087288e+03
487 -3.132078828896e+03
488 -3.132012967222e+03
489 -3.131947593924e+03
490 -3.131882800697e+03
491 -3.131818884363e+03
492 -3.131755523812e+03
493 -3.131693015506e+03
494 -3.131631447810e+03
495 -3.131570906900e+03
496 -3.131511476077e+03
497 -3.131453235067e+03
498 -3.131396259326e+03
499 -3.131340619377e+03
500 -3.131286380228e+03
501 -3.131233783260e+03
502 -3.131182514679e+03
503 -3.131132804311e+03
504 -3.131084691426e+03
505 -3.131038208614e+03
506 -3.130993381924e+03
507 -3.130950231107e+03
508 -3.130908769911e+03
509 -3.130869006442e+03
510 -3.130830943552e+03
511 -3.130794735894e+03
512 -3.130760062569e+03
513 -3.130727071112e+03
514 -3.130695747913e+03
515 -3.130666076552e+03
516 -3.130638038338e+03
517 -3.130611612817e+03
518 -3.130586778208e+03
519 -3.130563511740e+03
520 -3.130541789856e+03
521 -3.130521758914e+03
522 -3.130503051754e+03
523 -3.130485813500e+03
524 -3.130470016614e+03
525 -3.130455631808e+03
526 -3.130442627641e+03
527 -3.130430970109e+03
528 -3.130420622280e+03
529 -3.130411543989e+03
530 -3.130403691611e+03
531 -3.130397246095e+03
532 -3.130391699571e+03
533 -3.130387226389e+03
534 -3.130383768780e+03
535 -3.130381265928e+03
536 -3.130379654390e+03
537 -3.130378868619e+03
538 -3.130378841571e+03
539 -3.130379505373e+03
540 -3.130380792026e+03
541 -3.130382913435e+03
542 -3.130385244035e+03
543 -3.130387999652e+03
544 -3.130391118614e+03
545 -3.130394542324e+03
546 -3.130398215704e+03
547 -3.130402087570e+03
548 -3.130406110894e+03
549 -3.130410242965e+03
550 -3.130414445421e+03
551 -3.130418954769e+03
552 -3.130423199307e+03
553 -3.130427423512e+03
554 -3.130431604032e+03
555 -3.130435720004e+03
556 -3.130439752339e+03
557 -3.130443682964e+03
558 -3.130447494076e+03
559 -3.130451167433e+03
560 -3.130454683738e+03
561 -3.130458238812e+03
562 -3.130461376547e+03
563 -3.130464288507e+03
564 -3.130466947324e+03
565 -3.130469323271e+03
566 -3.130471384344e+03
567 -3.130473096448e+03
568 -3.130474423649e+03
569 -3.130475328508e+03
570 -3.130475772448e+03
571 -3.130475900343e+03
572 -3.130475304303e+03
573 -3.130474129003e+03
574 -3.130472335555e+03
575 -3.130469886037e+03
576 -3.130466743872e+03
577 -3.130462874185e+03
578 -3.130458244118e+03
579 -3.130452823089e+03
580 -3.130446582992e+03
581 -3.130439694616e+03
582 -3.130431742554e+03
583 -3.130422902798e+03
584 -3.130413157495e+03
585 -3.130402491001e+03
586 -3.130390889595e+03
587 -3.130378341157e+03
588 -3.130364834828e+03
589 -3.130350360688e+03
590 -3.130334909459e+03
591 -3.130318693131e+03
592 -3.130301261652e+03
593 -3.130282826987e+03
594 -3.130263380589e+03
595 -3.130242913939e+03
596 -3.130221418599e+03
597 -3.130198886306e+03
598 -3.130175309093e+03
599 -3.130150679441e+03
600 -3.130124990440e+03
601 -3.130098459820e+03
602 -3.130070635029e+03
603 -3.130041735297e+03
604 -3.130011757648e+03
605 -3.129980700419e+03
606 -3.129948563386e+03
607 -3.129915347916e+03
608 -3.129881057155e+03
609 -3.129845696281e+03
610 -3.129809272802e+03
611 -3.129771970243e+03
612 -3.129733455641e+03
613 -3.129693918503e+03
614 -3.129653379207e+03
615 -3.129611862091e+03
616 -3.129569395595e+03
617 -3.129526012276e+03
618 -3.129481748711e+03
619 -3.129436645285e+03
620 -3.129390745909e+03
621 -3.129344214401e+03
622 -3.129296868571e+03
623 -3.129248876221e+03
624 -3.129200291672e+03
625 -3.129151170866e+03
626 -3.129101570984e+03
627 -3.129051550083e+03
628 -3.129001166755e+03
629 -3.128950479823e+03
630 -3.128899548077e+03
631 -3.128848575872e+03
632 -3.128797331873e+03
633 -3.128746017607e+03
634 -3.128694690256e+03
635 -3.128643406463e+03
636 -3.128592222334e+03
637 -3.128541193439e+03
638 -3.128490374809e+03
639 -3.128439820918e+03
640 -3.128389585670e+03
641 -3.128339946703e+03
642 -3.128290509854e+03
643 -3.128241550028e+03
644 -3.128193119008e+03
645 -3.128145268243e+03
646 -3.128098048995e+03
647 -3.128051512455e+03
648 -3.128005709833e+03
649 -3.127960692357e+03
650 -3.127916511209e+03
651 -3.127873510098e+03
652 -3.127831155056e+03
653 -3.127789787380e+03
654 -3.127749455520e+03
655 -3.127710206388e+03
656 -3.127672085000e+03
657 -3.127635134132e+03
658 -3.127599393996e+03
659 -3.127564901935e+03
660 -3.127531692151e+03
661 -3.127500112195e+03
662 -3.127469556790e+03
663 -3.127440364779e+03
664 -3.127412555430e+03
665 -3.127386143872e+03
666 -3.127361140979e+03
667 -3.127337553270e+03
668 -3.127315382815e+03
669 -3.127294627134e+03
670 -3.127275279101e+03
671 -3.127257615022e+03
672 -3.127241042953e+03
673 -3.127225828124e+03
674 -3.127211943965e+03
675 -3.127199359023e+03
676 -3.127188037096e+03
677 -3.127177937445e+03
678 -3.127169015098e+03
679 -3.127161221236e+03
680 -3.127154503628e+03
681 -3.127149035632e+03
682 -3.127144303297e+03
683 -3.127140475034e+03
684 -3.127137490147e+03
685 -3.127135287171e+03
686 -3.127133804395e+03
687 -3.127132980347e+03
688 -3.127132754243e+03
689 -3.127133066377e+03
690 -3.127133858452e+03
691 -3.127135320403e+03
692 -3.127136904332e+03
693 -3.127138804293e+03
694 -3.127140969909e+03
695 -3.127143353136e+03
696 -3.127145908299e+03
697 -3.127148592091e+03
698 -3.127151363496e+03
699 -3.127154183654e+03
700 -3.127157015655e+03
701 -3.127160181920e+03
702 -3.127162932870e+03
703 -3.127165594070e+03
704 -3.127168133750e+03
705 -3.127170520809e+03
706 -3.127172724664e+03
707 -3.127174715182e+03
708 -3.127176462700e+03
709 -3.127177938126e+03
710 -3.127179113113e+03
711 -3.127180411523e+03
712 -3.127180904100e+03
713 -3.127181018266e+03
714 -3.127180731337e+03
715 -3.127180022759e+03
716 -3.127178874346e+03
717 -3.127177270454e+03
718 -3.127175198091e+03
719 -3.127172646952e+03
720 -3.127169609382e+03
721 -3.127166514643e+03
722 -3.127162490948e+03
723 -3.127157972676e+03
724 -3.127152961450e+03
725 -3.127147460699e+03
726 -3.127141475464e+03
727 -3.127135012196e+03
728 -3.127128078567e+03
729 -3.127120683311e+03
730 -3.127112836109e+03
731 -3.127104885381e+03
732 -3.127096167130e+03
733 -3.127087031680e+03
734 -3.127077492809e+03
735 -3.127067565641e+03
736 -3.127057266850e+03
737 -3.127046614881e+03
738 -3.127035630138e+03
739 -3.127024335120e+03
740 -3.127012754463e+03
741 -3.127001172798e+03
742 -3.126989103128e+03
743 -3.126976833186e+03
744 -3.126964394129e+03
745 -3.126951817518e+03
746 -3.126939134609e+03
747 -3.126926375605e+03
748 -3.126913568891e+03
749 -3.126900740303e+03
750 -3.126887912472e+03
751 -3.126875357483e+03
752 -3.126862583633e+03
753 -3.126849854364e+03
754 -3.126837175578e+03
755 -3.126824548852e+03
756 -3.126811971730e+03
757 -3.126799438139e+03
758 -3.126786938884e+03
759 -3.126774462184e+03
760 -3.126761994204e+03
761 -3.126749835207e+03
762 -3.126737337216e+03
763 -3.126724798787e+03
764 -3.126712202511e+03
765 -3.126699531030e+03
766 -3.126686767362e+03
767 -3.126673895201e+03
768 -3.126660899202e+03
769 -3.126647765238e+03
770 -3.126634480660e+03
771 -3.126621407068e+03
772 -3.126607790292e+03
773 -3.126593996077e+03
774 -3.126580020210e+03
775 -3.126565861260e+03
776 -3.126551520885e+03
777 -3.126537004150e+03
778 -3.126522319839e+03
779 -3.126507480751e+03
780 -3.126492503959e+03
781 -3.126477789105e+03
782 -3.126462605422e+03
783 -3.126447362480e+03
784 -3.126432095937e+03
785 -3.126416846064e+03
786 -3.126401657552e+03
787 -3.126386579201e+03
788 -3.126371663477e+03
789 -3.126356965925e+03
790 -3.126342544432e+03
791 -3.126328792560e+03
792 -3.126315099427e+03
793 -3.126301860276e+03
794 -3.126289132307e+03
795 -3.126276969620e+03
796 -3.126265422033e+03
797 -3.126254533986e+03
798 -3.126244343568e+03
799 -3.126234881717e+03
800 -3.126226171627e+03
801 -3.126218560787e+03
802 -3.126211388608e+03
803 -3.126204988531e+03
804 -3.126199351442e+03
805 -3.126194460905e+03
806 -3.126190293773e+03
807 -3.126186820886e+03
808 -3.126184007794e+03
809 -3.126181815502e+03
810 -3.126180201188e+03
811 -3.126179496673e+03
812 -3.126178896686e+03
813 -3.126178729913e+03
814 -3.126178945000e+03
815 -3.126179490024e+03
816 -3.126180313077e+03
817 -3.126181362854e+03
818 -3.126182589254e+03
819 -3.126183943981e+03
820 -3.126185381139e+03
821 -3.126187236892e+03
822 -3.126188713957e+03
823 -3.126190155624e+03
824 -3.126191531006e+03
825 -3.126192813987e+03
826 -3.126193983417e+03
827 -3.126195023175e+03
828 -3.126195922083e+03
829 -3.126196673685e+03
830 -3.126197275900e+03
831 -3.126197962041e+03
832 -3.126198275542e+03
833 -3.126198454812e+03
834 -3.126198510282e+03
835 -3.126198454085e+03
836 -3.126198299518e+03
837 -3.126198060560e+03
838 -3.126197751435e+03
839 -3.126197386250e+03
840 -3.126196978671e+03
841 -3.126196531344e+03
842 -3.126196077872e+03
843 -3.126195618103e+03
844 -3.126195161994e+03
845 -3.126194718321e+03
846 -3.126194294684e+03
847 -3.126193897562e+03
848 -3.126193532405e+03
849 -3.126193203780e+03
850 -3.126192915546e+03
851 -3.126192531180e+03
852 -3.126192334018e+03
853 -3.126192186760e+03
854 -3.126192092637e+03
855 -3.126192055255e+03
856 -3.126192078763e+03
857 -3.126192167963e+03
858 -3.126192328363e+03
859 -3.126192566148e+03
860 -3.126192888080e+03
861 -3.126193277285e+03
862 -3.126193789758e+03
863 -3.126194408003e+03
864 -3.126195138653e+03
865 -3.126195987480e+03
866 -3.126196959048e+03
867 -3.126198056411e+03
868 -3.126199280870e+03
869 -3.126200631800e+03
870 -3.126202106565e+03
871 -3.126203930027e+03
872 -3.126205636728e+03
873 -3.126207447781e+03
874 -3.126209353476e+03
875 -3.126211342994e+03
876 -3.126213404840e+03
877 -3.126215527344e+03
878 -3.126217699214e+03
879 -3.126219910132e+03
880 -3.126222151350e+03
881 -3.126224756401e+03
882 -3.126227040804e+03
883 -3.126229344449e+03
884 -3.126231670210e+03
885 -3.126234024743e+03
886 -3.126236418639e+03
887 -3.126238866439e+03
888 -3.126241386542e+03
889 -3.126244000968e+03
890 -3.126246735004e+03
891 -3.126249845678e+03
892 -3.126252905685e+03
893 -3.126256175506e+03
894 -3.126259687391e+03
895 -3.126263473207e+03
896 -3.126267563447e+03
897 -3.126271986195e+03
898 -3.126276766093e+03
899 -3.126281923313e+03
900 -3.126287472607e+03
901 -3.126293477302e+03
902 -3.126299830733e+03
903 -3.126306580645e+03
904 -3.126313713398e+03
905 -3.126321207556e+03
906 -3.126329034081e+03
907 -3.126337156793e+03
908 -3.126345533076e+03
909 -3.126354114816e+03
910 -3.126362849537e+03
911 -3.126371727110e+03
912 -3.126380601586e+03
913 -3.126389459010e+03
914 -3.126398243076e+03
915 -3.126406900073e+03
916 -3.126415380169e+03
917 -3.126423638559e+03
918 -3.126431636410e+03
919 -3.126439341613e+03
920 -3.126446729325e+03
921 -3.126454025766e+03
922 -3.126460736710e+03
923 -3.126467101977e+03
924 -3.126473127481e+03
925 -3.126478826353e+03
926 -3.126484218418e+03
927 -3.126489329513e+03
928 -3.126494190660e+03
929 -3.126498837127e+03
930 -3.126503307362e+03
931 -3.126508092036e+03
932 -3.126512333285e+03
933 -3.126516521164e+03
934 -3.126520694506e+03
935 -3.126524888942e+03
936 -3.126529135761e+03
937 -3.126533460938e+03
938 -3.126537884380e+03
939 -3.126542419421e+03
940 -3.126547072603e+03
941 -3.126552307787e+03
942 -3.126557192254e+03
943 -3.126562176017e+03
944 -3.126567241092e+03
945 -3.126572365047e+03
946 -3.126577521967e+03
947 -3.126582683477e+03
948 -3.126587819773e+03
949 -3.126592900645e+03
950 -3.126597896442e+03
951 -3.126603074652e+03
952 -3.126607820588e+03
953 -3.126612404375e+03
954 -3.126616806285e+03
955 -3.126621010424e+03
956 -3.126625004950e+03
957 -3.126628782110e+03
958 -3.126632338111e+03
959 -3.126635672837e+03
960 -3.126638789442e+03
961 -3.126641841378e+03
962 -3.126644543313e+03
963 -3.126647050831e+03
964 -3.126649374646e+03
965 -3.126651525976e+03
966 -3.126653516089e+03
967 -3.126655355924e+03
968 -3.126657055821e+03
969 -3.126658625326e+03
970 -3.126660073101e+03
971 -3.126661544752e+03
972 -3.126662773327e+03
973 -3.126663900939e+03
974 -3.126664932810e+03
975 -3.126665873509e+03
976 -3.126666727063e+03
977 -3.126667497072e+03
978 -3.126668186821e+03
979 -3.126668799399e+03
980 -3.126669337794e+03
981 -3.126670065090e+03
982 -3.126670465952e+03
983 -3.126670802043e+03
984 -3.126671076857e+03
985 -3.126671294205e+03
986 -3.126671458262e+03
987 -3.126671573587e+03
988 -3.126671645135e+03
989 -3.126671678227e+03
990 -3.126671678522e+03
991 -3.126671973958e+03
992 -3.126671927463e+03
993 -3.126671866655e+03
994 -3.126671798045e+03
995 -3.126671728292e+03
996 -3.126671664211e+03
997 -3.126671612821e+03
998 -3.126671581411e+03
999 -3.126671577630e+03
1000 -3.126671609599e+03
1001 -3.126671890923e+03
1002 -3.126672022017e+03
1003 -3.126672217295e+03
1004 -3.126672487867e+03
1005 -3.126672845704e+03
1006 -3.126673303562e+03
1007 -3.126673874850e+03
1008 -3.126674573424e+03
1009 -3.126675413333e+03
1010 -3.126676408508e+03
1011 -3.126677611405e+03
1012 -3.126678958078e+03
1013 -3.126680497864e+03
1014 -3.126682240952e+03
1015 -3.126684195822e+03
1016 -3.126686369032e+03
1017 -3.126688765062e+03
1018 -3.126691386241e+03
1019 -3.126694232745e+03
1020 -3.126697302665e+03
1021 -3.126700564668e+03
1022 -3.126704069731e+03
1023 -3.126707781812e+03
1024 -3.126711692810e+03
1025 -3.126715793871e+03
1026 -3.126720075802e+03
1027 -3.126724529486e+03
1028 -3.126729146304e+03
1029 -3.126733918532e+03
1030 -3.126738839721e+03
1031 -3.126743964338e+03
1032 -3.126749172652e+03
1033 -3.126754521440e+03
1034 -3.126760012379e+03
1035 -3.126765649619e+03
1036 -3.126771439770e+03
1037 -3.126777391741e+03
1038 -3.126783516411e+03
1039 -3.126789826120e+03
1040 -3.126796333995e+03
1041 -3.126803301605e+03
1042 -3.126810245742e+03
1043 -3.126817423565e+03
1044 -3.126824842740e+03
1045 -3.126832507431e+03
1046 -3.126840417682e+03
1047 -3.126848569020e+03
1048 -3.126856952290e+03
1049 -3.126865553719e+03
1050 -3.126874355187e+03
1051 -3.126883712194e+03
1052 -3.126892845356e+03
1053 -3.126902103230e+03
1054 -3.126911456159e+03
1055 -3.126920873376e+03
1056 -3.126930323696e+03
1057 -3.126939776139e+03
1058 -3.126949200441e+03
1059 -3.126958567444e+03
1060 -3.126967849344e+03
1061 -3.126977410968e+03
1062 -3.126986446085e+03
1063 -3.126995321474e+03
1064 -3.127004015342e+03
1065 -3.127012507362e+03
1066 -3.127020778752e+03
1067 -3.127028812436e+03
1068 -3.127036593291e+03
1069 -3.127044108460e+03
1070 -3.127051347690e+03
1071 -3.127058702826e+03
1072 -3.127065372601e+03
1073 -3.127071754037e+03
1074 -3.127077850007e+03
1075 -3.127083667041e+03
1076 -3.127089215350e+03
1077 -3.127094508769e+03
1078 -3.127099564657e+03
1079 -3.127104403729e+03
1080 -3.127109049839e+03
1081 -3.127114021294e+03
1082 -3.127118365550e+03
1083 -3.127122603542e+03
1084 -3.127126767769e+03
1085 -3.127130891380e+03
1086 -3.127135007356e+03
1087 -3.127139147629e+03
1088 -3.127143342160e+03
1089 -3.127147618006e+03
1090 -3.127151998417e+03
1091 -3.127157129251e+03
1092 -3.127161770136e+03
1093 -3.127166554390e+03
1094 -3.127171482958e+03
1095 -3.127176550250e+03
1096 -3.127181744191e+03
1097 -3.127187046521e+03
1098 -3.127192433329e+03
1099 -3.127197875774e+03
1100 -3.127203340952e+03
1101 -3.127209354059e+03
1102 -3.127214754675e+03
1103 -3.127220064246e+03
1104 -3.127225243086e+03
1105 -3.127230252058e+03
1106 -3.127235053420e+03
1107 -3.127239611656e+03
1108 -3.127243894319e+03
1109 -3.127247872838e+03
1110 -3.127251523283e+03
1111 -3.127255110327e+03
1112 -3.127258054785e+03
1113 -3.127260632851e+03
1114 -3.127262844020e+03
1115 -3.127264693917e+03
1116 -3.127266193968e+03
1117 -3.127267360900e+03
1118 -3.127268216067e+03
1119 -3.127268784684e+03
1120 -3.127269094963e+03
1121 -3.127269301647e+03
1122 -3.127269188097e+03
1123 -3.127268910019e+03
1124 -3.127268498954e+03
1125 -3.127267985352e+03
1126 -3.127267397959e+03
1127 -3.127266763337e+03
1128 -3.127266105487e+03
1129 -3.127265445579e+03
1130 -3.127264801785e+03
1131 -3.127264468291e+03
1132 -3.127263899737e+03
1133 -3.127263383631e+03
1134 -3.127262926393e+03
1135 -3.127262531974e+03
1136 -3.127262202191e+03
1137 -3.127261937126e+03
1138 -3.127261735574e+03
1139 -3.127261595514e+03
1140 -3.127261514589e+03
1141 -3.127262038781e+03
1142 -3.127262070047e+03
1143 -3.127262155619e+03
1144 -3.127262295668e+03
1145 -3.127262491492e+03
1146 -3.127262745503e+03
1147 -3.127263061110e+03
1148 -3.127263442503e+03
1149 -3.127263894394e+03
1150 -3.127264421709e+03
1151 -3.127265643348e+03
1152 -3.127266335705e+03
1153 -3.127267116630e+03
1154 -3.127267989104e+03
1155 -3.127268955128e+03
1156 -3.127270015674e+03
1157 -3.127271170726e+03
1158 -3.127272419391e+03
1159 -3.127273760095e+03
1160 -3.127275190840e+03
1161 -3.127277104848e+03
1162 -3.127278710865e+03
1163 -3.127280401532e+03
1164 -3.127282176333e+03
1165 -3.127284035895e+03
1166 -3.127285982220e+03
1167 -3.127288018837e+03
1168 -3.127290150873e+03
1169 -3.127292385034e+03
1170 -3.127294729506e+03
1171 -3.127297311845e+03
1172 -3.127299908387e+03
1173 -3.127302646363e+03
1174 -3.127305537308e+03
1175 -3.127308592687e+03
1176 -3.127311823437e+03
1177 -3.127315239467e+03
1178 -3.127318849137e+03
1179 -3.127322658708e+03
1180 -3.127326671788e+03
1181 -3.127330963593e+03
1182 -3.127335383472e+03
1183 -3.127339996627e+03
1184 -3.127344791032e+03
1185 -3.127349749846e+03
1186 -3.127354851281e+03
1187 -3.127360068644e+03
1188 -3.127365370568e+03
1189 -3.127370721464e+03
1190 -3.127376082176e+03
1191 -3.127381710150e+03
1192 -3.127386966346e+03
1193 -3.127392103334e+03
1194 -3.127397077743e+03
1195 -3.127401848126e+03
1196 -3.127406376122e+03
1197 -3.127410627518e+03
1198 -3.127414573143e+03
1199 -3.127418189582e+03
1200 -3.127421459676e+03
1201 -3.127424970259e+03
1202 -3.127427525083e+03
1203 -3.127429721914e+03
1204 -3.127431569570e+03
1205 -3.127433082697e+03
1206 -3.127434281215e+03
1207 -3.127435189671e+03
1208 -3.127435836531e+03
1209 -3.127436253432e+03
1210 -3.127436474411e+03
1211 -3.127437230097e+03
1212 -3.127437167875e+03
1213 -3.127437018455e+03
1214 -3.127436817420e+03
1215 -3.127436598590e+03
1216 -3.127436393143e+03
1217 -3.127436228746e+03
1218 -3.127436128765e+03
1219 -3.127436111560e+03
1220 -3.127436189958e+03
1221 -3.127436884054e+03
1222 -3.127437169704e+03
1223 -3.127437554265e+03
1224 -3.127438027403e+03
1225 -3.127438573837e+03
1226 -3.127439174112e+03
1227 -3.127439805529e+03
1228 -3.127440443157e+03
1229 -3.127441060880e+03
1230 -3.127441632400e+03
1231 -3.127442420246e+03
1232 -3.127442826295e+03
1233 -3.127443114848e+03
1234 -3.127443266630e+03
1235 -3.127443265170e+03
1236 -3.127443096847e+03
1237 -3.127442750740e+03
1238 -3.127442218297e+03
1239 -3.127441492921e+03
1240 -3.127440569525e+03
1241 -3.127439713595e+03
1242 -3.127438384643e+03
1243 -3.127436848541e+03
1244 -3.127435103865e+03
1245 -3.127433150269e+03
1246 -3.127430988889e+03
1247 -3.127428622803e+03
1248 -3.127426057498e+03
1249 -3.127423301274e+03
1250 -3.127420365542e+03
1251 -3.127417723651e+03
1252 -3.127414477408e+03
1253 -3.127411105460e+03
1254 -3.127407631386e+03
1255 -3.127404080914e+03
1256 -3.127400481345e+03
1257 -3.127396860911e+03
1258 -3.127393248130e+03
1259 -3.127389671164e+03
1260 -3.127386157251e+03
1261 -3.127383412227e+03
1262 -3.127380100519e+03
1263 -3.127376923532e+03
1264 -3.127373900561e+03
1265 -3.127371048261e+03
1266 -3.127368380482e+03
1267 -3.127365908106e+03
1268 -3.127363638903e+03
1269 -3.127361577415e+03
1270 -3.127359724912e+03
1271 -3.127358746380e+03
1272 -3.127357302961e+03
1273 -3.127356053890e+03
1274 -3.127354988886e+03
1275 -3.127354095643e+03
1276 -3.127353360331e+03
1277 -3.127352768129e+03
1278 -3.127352303758e+03
1279 -3.127351951989e+03
1280 -3.127351698115e+03
1281 -3.127352024000e+03
1282 -3.127351926158e+03
1283 -3.127351888954e+03
1284 -3.127351902963e+03
1285 -3.127351960413e+03
1286 -3.127352055124e+03
1287 -3.127352182370e+03
1288 -3.127352338649e+03
1289 -3.127352521383e+03
1290 -3.127352728568e+03
1291 -3.127353379324e+03
1292 -3.127353630366e+03
1293 -3.127353899563e+03
1294 -3.127354183499e+03
1295 -3.127354477589e+03
1296 -3.127354775908e+03
1297 -3.127355071133e+03
1298 -3.127355354598e+03
1299 -3.127355616455e+03
1300 -3.127355845941e+03
1301 -3.127356525818e+03
1302 -3.127356656899e+03
1303 -3.127356722003e+03
1304 -3.127356711245e+03
1305 -3.127356616306e+03
1306 -3.127356431033e+03
1307 -3.127356151996e+03
1308 -3.127355778988e+03
1309 -3.127355315400e+03
1310 -3.127354768458e+03
1311 -3.127354703806e+03
1312 -3.127354026612e+03
1313 -3.127353310061e+03
1314 -3.127352575104e+03
1315 -3.127351844563e+03
1316 -3.127351142138e+03
1317 -3.127350491296e+03
1318 -3.127349914076e+03
1319 -3.127349429885e+03
1320 -3.127349054313e+03
1321 -3.127349305387e+03
1322 -3.127349172010e+03
1323 -3.127349161154e+03
1324 -3.127349264493e+03
1325 -3.127349466718e+03
1326 -3.127349745798e+03
1327 -3.127350073593e+03
1328 -3.127350416816e+03
1329 -3.127350738305e+03
1330 -3.127350998567e+03
1331 -3.127351594445e+03
1332 -3.127351613320e+03
1333 -3.127351456159e+03
1334 -3.127351092394e+03
1335 -3.127350498153e+03
1336 -3.127349657729e+03
1337 -3.127348564730e+03
1338 -3.127347222846e+03
1339 -3.127345646165e+03
1340 -3.127343859008e+03
1341 -3.127342378105e+03
1342 -3.127340282052e+03
1343 -3.127338100640e+03
1344 -3.127335888280e+03
1345 -3.127333702372e+03
1346 -3.127331601075e+03
1347 -3.127329641057e+03
1348 -3.127327875354e+03
1349 -3.127326351444e+03
1350 -3.127325109588e+03
1351 -3.127324756464e+03
1352 -3.127324164518e+03
1353 -3.127323919847e+03
1354 -3.127324023777e+03
1355 -3.127324467156e+03
1356 -3.127325230765e+03
1357 -3.127326286050e+03
1358 -3.127327596124e+03
1359 -3.127329117007e+03
1360 -3.127330799053e+03
1361 -3.127333186181e+03
1362 -3.127335024699e+03
1363 -3.127336857518e+03
1364 -3.127338628976e+03
1365 -3.127340286051e+03
1366 -3.127341779802e+03
1367 -3.127343066603e+03
1368 -3.127344109160e+03
1369 -3.127344877270e+03
1370 -3.127345348317e+03
1371 -3.127346093149e+03
1372 -3.127345931609e+03
1373 -3.127345451431e+03
1374 -3.127344660098e+03
1375 -3.127343571398e+03
1376 -3.127342204628e+03
1377 -3.127340583721e+03
1378 -3.127338736356e+03
1379 -3.127336693089e+03
1380 -3.127334486556e+03
1381 -3.127332670774e+03
1382 -3.127330240448e+03
1383 -3.127327750506e+03
1384 -3.127325235749e+03
1385 -3.127322730331e+03
1386 -3.127320267320e+03
1387 -3.127317878239e+03
1388 -3.127315592614e+03
1389 -3.127313437509e+03
1390 -3.127311437066e+03
1391 -3.127310036774e+03
1392 -3.127308404830e+03
1393 -3.127306978651e+03
1394 -3.127305767220e+03
1395 -3.127304775226e+03
1396 -3.127304003034e+03
1397 -3.127303446761e+03
1398 -3.127303098476e+03
1399 -3.127302946530e+03
1400 -3.127302976037e+03
1401 -3.127303532806e+03
1402 -3.127303871114e+03
1403 -3.127304333418e+03
1404 -3.127304898744e+03
1405 -3.127305546448e+03
1406 -3.127306256829e+03
1407 -3.127307011615e+03
1408 -3.127307794293e+03
1409 -3.127308590288e+03
1410 -3.127309386989e+03
1411 -3.127310512305e+03
1412 -3.127311280521e+03
1413 -3.127312022192e+03
1414 -3.127312730904e+03
1415 -3.127313401109e+03
1416 -3.127314027873e+03
1417 -3.127314606661e+03
1418 -3.127315133186e+03
1419 -3.127315603315e+03
1420 -3.127316013032e+03
1421 -3.127316625363e+03
1422 -3.127316903463e+03
1423 -3.127317110165e+03
1424 -3.127317242329e+03
1425 -3.127317297206e+03
1426 -3.127317272525e+03
1427 -3.127317166617e+03
1428 -3.127316978549e+03
1429 -3.127316708295e+03
1430 -3.127316356944e+03
1431 -3.127316131402e+03
1432 -3.127315627461e+03
1433 -3.127315054761e+03
1434 -3.127314421155e+03
1435 -3.127313736661e+03
1436 -3.127313013530e+03
1437 -3.127312266217e+03
1438 -3.127311511210e+03
1439 -3.127310766711e+03
1440 -3.127310052177e+03
1441 -3.127309571819e+03
1442 -3.127308978711e+03
1443 -3.127308475095e+03
1444 -3.127308078534e+03
1445 -3.127307804162e+03
1446 -3.127307663984e+03
1447 -3.127307666325e+03
1448 -3.127307815449e+03
1449 -3.127308111375e+03
1450 -3.127308549896e+03
1451 -3.127309381212e+03
1452 -3.127310078375e+03
1453 -3.127310883466e+03
1454 -3.127311779057e+03
1455 -3.127312745872e+03
1456 -3.127313763445e+03
1457 -3.127314810771e+03
1458 -3.127315866891e+03
1459 -3.127316911409e+03
1460 -3.127317924935e+03
1461 -3.127319297436e+03
1462 -3.127320198468e+03
1463 -3.127321019792e+03
1464 -3.127321748657e+03
1465 -3.127322374164e+03
1466 -3.127322887174e+03
1467 -3.127323280168e+03
1468 -3.127323547071e+03
1469 -3.127323683089e+03
1470 -3.127323684595e+03
1471 -3.127324086772e+03
1472 -3.127323815241e+03
1473 -3.127323405331e+03
1474 -3.127322857977e+03
1475 -3.127322175466e+03
1476 -3.127321361533e+03
1477 -3.127320421419e+03
1478 -3.127319361857e+03
1479 -3.127318190975e+03
1480 -3.127316918095e+03
1481 -3.127316113826e+03
1482 -3.127314669910e+03
1483 -3.127313156141e+03
1484 -3.127311582944e+03
1485 -3.127309959895e+03
1486 -3.127308295406e+03
1487 -3.127306596622e+03
1488 -3.127304869589e+03
1489 -3.127303119636e+03
1490 -3.127301351897e+03
1491 -3.127300131075e+03
1492 -3.127298345500e+03
1493 -3.127296562207e+03
1494 -3.127294789948e+03
1495 -3.127293038216e+03
1496 -3.127291316560e+03
1497 -3.127289633751e+03
1498 -3.127287996907e+03
1499 -3.127286410694e+03
1500 -3.127284876683e+03
1501 -3.127283862652e+03
1502 -3.127282424293e+03
1503 -3.127281021715e+03
1504 -3.127279642422e+03
1505 -3.127278271385e+03
1506 -3.127276891959e+03
1507 -3.127275486937e+03
1508 -3.127274039650e+03
1509 -3.127272535017e+03
1510 -3.127270960471e+03
1511 -3.127269631515e+03
1512 -3.127267893708e+03
1513 -3.127266069337e+03
1514 -3.127264160510e+03
1515 -3.127262172964e+03
1516 -3.127260115703e+03
1517 -3.127258000522e+03
1518 -3.127255841473e+03
1519 -3.127253654308e+03
1520 -3.127251455924e+03
1521 -3.127249545751e+03
1522 -3.127247378521e+03
1523 -3.127245253130e+03
1524 -3.127243186426e+03
1525 -3.127241194220e+03
1526 -3.127239290886e+03
1527 -3.127237488937e+03
1528 -3.127235798569e+03
1529 -3.127234227204e+03
1530 -3.127232779063e+03
1531 -3.127231813786e+03
1532 -3.127230612408e+03
1533 -3.127229525507e+03
1534 -3.127228542717e+03
1535 -3.127227650490e+03
1536 -3.127226832676e+03
1537 -3.127226071261e+03
1538 -3.127225347185e+03
1539 -3.127224641200e+03
1540 -3.127223934714e+03
1541 -3.127223670474e+03
1542 -3.127222916403e+03
1543 -3.127222117078e+03
1544 -3.127221262956e+03
1545 -3.127220347788e+03
1546 -3.127219368770e+03
1547 -3.127218326590e+03
1548 -3.127217225334e+03
1549 -3.127216072269e+03
1550 -3.127214877484e+03
1551 -3.127214208218e+03
1552 -3.127212971014e+03
1553 -3.127211733892e+03
1554 -3.127210512522e+03
1555 -3.127209322358e+03
1556 -3.127208178053e+03
1557 -3.127207092969e+03
1558 -3.127206078806e+03
1559 -3.127205145360e+03
1560 -3.127204300403e+03
1561 -3.127204128318e+03
1562 -3.127203476482e+03
1563 -3.127202924794e+03
1564 -3.127202473812e+03
1565 -3.127202122849e+03
1566 -3.127201870264e+03
1567 -3.127201713771e+03
1568 -3.127201650743e+03
1569 -3.127201678506e+03
1570 -3.127201794602e+03
1571 -3.127202484377e+03
1572 -3.127202772123e+03
1573 -3.127203144054e+03
1574 -3.127203600145e+03
1575 -3.127204140963e+03
1576 -3.127204767499e+03
1577 -3.127205480915e+03
1578 -3.127206282247e+03
1579 -3.127207172069e+03
1580 -3.127208150157e+03
1581 -3.127209607395e+03
1582 -3.127210757399e+03
1583 -3.127211987560e+03
1584 -3.127213292111e+03
1585 -3.127214663651e+03
1586 -3.127216093235e+03
1587 -3.127217570533e+03
1588 -3.127219084079e+03
1589 -3.127220621554e+03
1590 -3.127222170128e+03
1591 -3.127224048840e+03
1592 -3.127225582121e+03
1593 -3.127227088368e+03
1594 -3.127228556049e+03
1595 -3.127229974640e+03
1596 -3.127231334820e+03
1597 -3.127232628605e+03
1598 -3.127233849441e+03
1599 -3.127234992251e+03
1600 -3.127236053437e+03
1601 -3.127237320059e+03
1602 -3.127238214850e+03
1603 -3.127239025624e+03
1604 -3.127239754115e+03
1605 -3.127240403073e+03
1606 -3.127240976069e+03
1607 -3.127241477262e+03
1608 -3.127241911134e+03
1609 -3.127242282205e+03
1610 -3.127242594738e+03
1611 -3.127243130469e+03
1612 -3.127243337726e+03
1613 -3.127243494642e+03
1614 -3.127243601431e+03
1615 -3.127243656501e+03
1616 -3.127243656152e+03
1617 -3.127243594302e+03
1618 -3.127243462279e+03
1619 -3.127243248673e+03
1620 -3.127242939278e+03
1621 -3.127242842936e+03
1622 -3.127242288909e+03
1623 -3.127241580437e+03
1624 -3.127240693534e+03
1625 -3.127239602622e+03
1626 -3.127238281150e+03
1627 -3.127236702379e+03
1628 -3.127234840329e+03
1629 -3.127232670881e+03
1630 -3.127230172993e+03
1631 -3.127227639522e+03
1632 -3.127224440081e+03
1633 -3.127220879908e+03
1634 -3.127216962486e+03
1635 -3.127212699681e+03
1636 -3.127208112099e+03
1637 -3.127203229083e+03
1638 -3.127198088322e+03
1639 -3.127192735109e+03
1640 -3.127187221255e+03
1641 -3.127181828143e+03
1642 -3.127176167046e+03
1643 -3.127170525364e+03
1644 -3.127164966100e+03
1645 -3.127159550863e+03
1646 -3.127154338285e+03
1647 -3.127149382601e+03
1648 -3.127144732396e+03
1649 -3.127140429586e+03
1650 -3.127136508608e+03
1651 -3.127133140774e+03
1652 -3.127130052269e+03
1653 -3.127127399377e+03
1654 -3.127125183178e+03
1655 -3.127123396389e+03
1656 -3.127122023669e+03
1657 -3.127121042079e+03
1658 -3.127120421669e+03
1659 -3.127120126231e+03
1660 -3.127120114205e+03
1661 -3.127120523503e+03
1662 -3.127120935393e+03
1663 -3.127121485411e+03
1664 -3.127122123054e+03
1665 -3.127122799241e+03
1666 -3.127123467855e+03
1667 -3.127124087184e+03
1668 -3.127124621139e+03
1669 -3.127125040210e+03
1670 -3.127125322109e+03
1671 -3.127125798925e+03
1672 -3.127125768636e+03
1673 -3.127125578884e+03
1674 -3.127125236383e+03
1675 -3.127124753804e+03
1676 -3.127124148932e+03
1677 -3.127123443709e+03
1678 -3.127122663232e+03
1679 -3.127121834712e+03
1680 -3.127120986424e+03
1681 -3.127120633038e+03
1682 -3.127119828610e+03
1683 -3.127119085192e+03
1684 -3.127118425609e+03
1685 -3.127117869365e+03
1686 -3.127117432100e+03
1687 -3.127117125206e+03
1688 -3.127116955594e+03
1689 -3.127116925614e+03
1690 -3.127117033128e+03
1691 -3.127117721178e+03
1692 -3.127118080295e+03
1693 -3.127118546308e+03
1694 -3.127119102805e+03
1695 -3.127119731346e+03
1696 -3.127120412226e+03
1697 -3.127121125249e+03
1698 -3.127121850481e+03
1699 -3.127122568944e+03
1700 -3.127123263226e+03
1701 -3.127124219871e+03
1702 -3.127124822592e+03
1703 -3.127125362668e+03
1704 -3.127125832753e+03
1705 -3.127126228279e+03
1706 -3.127126547307e+03
1707 -3.127126790284e+03
1708 -3.127126959723e+03
1709 -3.127127059820e+03
1710 -3.127127096037e+03
1711 -3.127127286849e+03
1712 -3.127127215056e+03
1713 -3.127127099244e+03
1714 -3.127126945881e+03
1715 -3.127126760784e+03
1716 -3.127126548876e+03
1717 -3.127126314033e+03
1718 -3.127126059008e+03
1719 -3.127125785446e+03
1720 -3.127125493978e+03
1721 -3.127125398842e+03
1722 -3.127125070301e+03
1723 -3.127124721780e+03
1724 -3.127124352208e+03
1725 -3.127123960919e+03
1726 -3.127123548068e+03
1727 -3.127123115083e+03
1728 -3.127122665097e+03
1729 -3.127122203349e+03
1730 -3.127121737522e+03
1731 -3.127121495477e+03
1732 -3.127121055834e+03
1733 -3.127120651698e+03
1734 -3.127120301513e+03
1735 -3.127120025844e+03
1736 -3.127119846840e+03
1737 -3.127119787579e+03
1738 -3.127119871310e+03
1739 -3.127120120656e+03
1740 -3.127120556820e+03
1741 -3.127121291542e+03
1742 -3.127122157617e+03
1743 -3.127123258892e+03
1744 -3.127124604362e+03
1745 -3.127126198859e+03
1746 -3.127128042917e+03
1747 -3.127130132803e+03
1748 -3.127132460687e+03
1749 -3.127135014965e+03
1750 -3.127137780705e+03
1751 -3.127140689332e+03
1752 -3.127143824890e+03
1753 -3.127147112574e+03
1754 -3.127150529648e+03
1755 -3.127154052805e+03
1756 -3.127157658679e+03
1757 -3.127161324318e+03
1758 -3.127165027641e+03
1759 -3.127168747846e+03
1760 -3.127172465795e+03
1761 -3.127176132369e+03
1762 -3.127179796830e+03
1763 -3.127183414328e+03
1764 -3.127186975041e+03
1765 -3.127190471795e+03
1766 -3.127193900070e+03
1767 -3.127197257961e+03
1768 -3.127200546104e+03
1769 -3.127203767576e+03
1770 -3.127206927772e+03
1771 -3.127210247125e+03
1772 -3.127213309751e+03
1773 -3.127216339933e+03
1774 -3.127219350443e+03
1775 -3.127222355107e+03
1776 -3.127225368329e+03
1777 -3.127228404521e+03
1778 -3.127231477437e+03
1779 -3.127234599450e+03
1780 -3.127237780808e+03
1781 -3.127241475953e+03
1782 -3.127244798386e+03
1783 -3.127248191984e+03
1784 -3.127251652110e+03
1785 -3.127255169488e+03
1786 -3.127258730195e+03
1787 -3.127262315870e+03
1788 -3.127265904132e+03
1789 -3.127269469189e+03
1790 -3.127272982600e+03
1791 -3.127276896467e+03
1792 -3.127280219521e+03
1793 -3.127283398456e+03
1794 -3.127286402719e+03
1795 -3.127289203230e+03
1796 -3.127291772961e+03
1797 -3.127294087406e+03
1798 -3.127296124933e+03
1799 -3.127297867048e+03
1800 -3.127299298589e+03
1801 -3.127300734484e+03
1802 -3.127301515389e+03
1803 -3.127301961027e+03
1804 -3.127302070388e+03
1805 -3.127301846026e+03
1806 -3.127301293940e+03
1807 -3.127300423381e+03
1808 -3.127299246612e+03
1809 -3.127297778631e+03
1810 -3.127296036871e+03
1811 -3.127294186648e+03
1812 -3.127291957969e+03
1813 -3.127289519651e+03
1814 -3.127286896113e+03
1815 -3.127284112994e+03
1816 -3.127281196973e+03
1817 -3.127278175582e+03
1818 -3.127275076988e+03
1819 -3.127271929734e+03
1820 -3.127268762421e+03
1821 -3.127265672133e+03
1822 -3.127262549739e+03
1823 -3.127259489854e+03
1824 -3.127256517134e+03
1825 -3.127253654151e+03
1826 -3.127250920990e+03
1827 -3.127248334881e+03
1828 -3.127245909919e+03
1829 -3.127243656859e+03
1830 -3.127241583010e+03
1831 -3.127239843968e+03
1832 -3.127238138322e+03
1833 -3.127236613658e+03
1834 -3.127235264298e+03
1835 -3.127234081997e+03
1836 -3.127233056332e+03
1837 -3.127232175143e+03
1838 -3.127231424992e+03
1839 -3.127230791656e+03
1840 -3.127230260622e+03
1841 -3.127230107853e+03
1842 -3.127229740335e+03
1843 -3.127229434593e+03
1844 -3.127229179440e+03
1845 -3.127228965375e+03
1846 -3.127228784732e+03
1847 -3.127228631735e+03
1848 -3.127228502418e+03
1849 -3.127228394437e+03
1850 -3.127228306783e+03
1851 -3.127228543793e+03
1852 -3.127228497805e+03
1853 -3.127228473252e+03
1854 -3.127228470472e+03
1855 -3.127228489155e+03
1856 -3.127228528065e+03
1857 -3.127228584859e+03
1858 -3.127228656006e+03
1859 -3.127228736803e+03
1860 -3.127228821483e+03
1861 -3.127229162594e+03
1862 -3.127229235012e+03
1863 -3.127229289648e+03
1864 -3.127229318773e+03
1865 -3.127229314982e+03
1866 -3.127229271585e+03
1867 -3.127229182966e+03
1868 -3.127229044896e+03
1869 -3.127228854754e+03
1870 -3.127228611669e+03
1871 -3.127228518217e+03
1872 -3.127228174935e+03
1873 -3.127227786516e+03
1874 -3.127227358465e+03
1875 -3.127226897199e+03
1876 -3.127226409672e+03
1877 -3.127225902958e+03
1878 -3.127225383833e+03
1879 -3.127224858370e+03
1880 -3.127224331595e+03
1881 -3.127223929627e+03
1882 -3.127223411021e+03
1883 -3.127222897129e+03
1884 -3.127222386414e+03
1885 -3.127221875539e+03
1886 -3.127221359518e+03
1887 -3.127220831937e+03
1888 -3.127220285261e+03
1889 -3.127219711175e+03
1890 -3.127219100958e+03
1891 -3.127218498095e+03
1892 -3.127217790855e+03
1893 -3.127217022814e+03
1894 -3.127216187434e+03
1895 -3.127215279586e+03
1896 -3.127214295864e+03
1897 -3.127213234842e+03
1898 -3.127212097286e+03
1899 -3.127210886285e+03
1900 -3.127209607282e+03
1901 -3.127208358425e+03
1902 -3.127206969732e+03
1903 -3.127205542477e+03
1904 -3.127204089539e+03
1905 -3.127202624515e+03
1906 -3.127201161076e+03
1907 -3.127199712305e+03
1908 -3.127198290048e+03
1909 -3.127196904343e+03
1910 -3.127195562945e+03
1911 -3.127194465352e+03
1912 -3.127193226925e+03
1913 -3.127192040227e+03
1914 -3.127190902053e+03
1915 -3.127189806536e+03
1916 -3.127188745351e+03
1917 -3.127187707964e+03
1918 -3.127186681934e+03
1919 -3.127185653263e+03
1920 -3.127184606780e+03
1921 -3.127183822716e+03
1922 -3.127182694822e+03
1923 -3.127181500734e+03
1924 -3.127180224844e+03
1925 -3.127178852413e+03
1926 -3.127177369918e+03
1927 -3.127175765367e+03
1928 -3.127174028586e+03
1929 -3.127172151488e+03
1930 -3.127170128294e+03
1931 -3.127168275990e+03
1932 -3.127165954564e+03
1933 -3.127163484363e+03
1934 -3.127160869501e+03
1935 -3.127158116095e+03
1936 -3.127155231851e+03
1937 -3.127152225558e+03
1938 -3.127149106573e+03
1939 -3.127145884363e+03
1940 -3.127142568152e+03
1941 -3.127139415776e+03
1942 -3.127135937310e+03
1943 -3.127132389280e+03
1944 -3.127128779206e+03
1945 -3.127125114537e+03
1946 -3.127121402878e+03
1947 -3.127117652199e+03
1948 -3.127113870971e+03
1949 -3.127110068245e+03
1950 -3.127106253657e+03
1951 -3.127102668578e+03
1952 -3.127098861328e+03
1953 -3.127095074294e+03
1954 -3.127091319134e+03
1955 -3.127087607717e+03
1956 -3.127083951885e+03
1957 -3.127080363166e+03
1958 -3.127076852492e+03
1959 -3.127073429946e+03
1960 -3.127070104589e+03
1961 -3.127067208656e+03
1962 -3.127064101677e+03
1963 -3.127061112809e+03
1964 -3.127058247128e+03
1965 -3.127055509081e+03
1966 -3.127052902666e+03
1967 -3.127050431558e+03
1968 -3.127048099202e+03
1969 -3.127045908843e+03
1970 -3.127043863487e+03
1971 -3.127042331182e+03
1972 -3.127040584938e+03
1973 -3.127038989910e+03
1974 -3.127037546464e+03
1975 -3.127036253772e+03
1976 -3.127035109609e+03
1977 -3.127034110202e+03
1978 -3.127033250130e+03
1979 -3.127032522307e+03
1980 -3.127031918064e+03
1981 -3.127031628868e+03
1982 -3.127031241417e+03
1983 -3.127030944212e+03
1984 -3.127030724948e+03
1985 -3.127030571396e+03
1986 -3.127030471805e+03
1987 -3.127030415234e+03
1988 -3.127030391807e+03
1989 -3.127030392858e+03
1990 -3.127030410979e+03
1991 -3.127030404884e+03
1992 -3.127030440086e+03
1993 -3.127030476750e+03
1994 -3.127030511266e+03
1995 -3.127030540380e+03
1996 -3.127030560911e+03
1997 -3.127030569471e+03
1998 -3.127030562206e+03
1999 -3.127030534563e+03
2000 -3.127030481099e+03
2001 -3.127030262583e+03
2002 -3.127030137588e+03
2003 -3.127029964020e+03
2004 -3.127029731954e+03
2005 -3.127029430356e+03
2006 -3.127029047206e+03
2007 -3.127028569689e+03
2008 -3.127027984484e+03
2009 -3.127027278131e+03
2010 -3.127026437516e+03
2011 -3.127025438723e+03
2012 -3.127024294959e+03
2013 -3.127022985977e+03
2014 -3.127021506708e+03
2015 -3.127019855958e+03
2016 -3.127018037081e+03
2017 -3.127016058512e+03
2018 -3.127013934092e+03
2019 -3.127011683166e+03
2020 -3.127009330375e+03
2021 -3.127007131995e+03
2022 -3.127004668002e+03
2023 -3.127002201959e+03
2024 -3.126999772351e+03
2025 -3.126997418201e+03
2026 -3.126995177710e+03
2027 -3.126993086924e+03
2028 -3.126991178505e+03
2029 -3.126989480664e+03
2030 -3.126988016312e+03
2031 -3.126987161638e+03
2032 -3.126986210882e+03
2033 -3.126985526169e+03
2034 -3.126985105710e+03
2035 -3.126984941854e+03
2036 -3.126985021626e+03
2037 -3.126985327414e+03
2038 -3.126985837781e+03
2039 -3.126986528330e+03
2040 -3.126987372602e+03
2041 -3.126988665132e+03
2042 -3.126989737075e+03
2043 -3.126990879390e+03
2044 -3.126992065398e+03
2045 -3.126993269788e+03
2046 -3.126994468864e+03
2047 -3.126995640630e+03
2048 -3.126996764736e+03
2049 -3.126997822310e+03
2050 -3.126998795732e+03
2051 -3.126999921155e+03
2052 -3.127000680072e+03
2053 -3.127001307195e+03
2054 -3.127001788027e+03
2055 -3.127002108582e+03
2056 -3.127002255447e+03
2057 -3.127002215915e+03
2058 -3.127001978186e+03
2059 -3.127001531608e+03
2060 -3.127000866948e+03
2061 -3.127000271097e+03
2062 -3.126999151925e+03
2063 -3.126997798877e+03
2064 -3.126996211434e+03
2065 -3.126994391949e+03
2066 -3.126992345877e+03
2067 -3.126990081914e+03
2068 -3.126987611968e+03
2069 -3.126984950928e+03
2070 -3.126982116199e+03
2071 -3.126979547405e+03
2072 -3.126976426028e+03
2073 -3.126973190302e+03
2074 -3.126969858786e+03
2075 -3.126966447717e+03
2076 -3.126962970169e+03
2077 -3.126959435491e+03
2078 -3.126955849084e+03
2079 -3.126952212545e+03
2080 -3.126948524146e+03
2081 -3.126945303453e+03
2082 -3.126941498541e+03
2083 -3.126937624782e+03
2084 -3.126933676233e+03
2085 -3.126929648507e+03
2086 -3.126925539614e+03
2087 -3.126921350633e+03
2088 -3.126917086161e+03
2089 -3.126912754540e+03
2090 -3.126908367864e+03
2091 -3.126904469882e+03
2092 -3.126900024378e+03
2093 -3.126895579413e+03
2094 -3.126891158202e+03
2095 -3.126886784962e+03
2096 -3.126882484037e+03
2097 -3.126878279046e+03
2098 -3.126874192096e+03
2099 -3.126870243102e+03
2100 -3.126866449215e+03
2101 -3.126863295893e+03
2102 -3.126859851898e+03
2103 -3.126856594200e+03
2104 -3.126853525662e+03
2105 -3.126850645331e+03
2106 -3.126847948592e+03
2107 -3.126845427445e+03
2108 -3.126843070900e+03
2109 -3.126840865510e+03
2110 -3.126838795994e+03
2111 -3.126837338924e+03
2112 -3.126835492664e+03
2113 -3.126833732875e+03
2114 -3.126832044423e+03
2115 -3.126830413949e+03
2116 -3.126828830364e+03
2117 -3.126827285186e+03
2118 -3.126825772708e+03
2119 -3.126824289993e+03
2120 -3.126822836721e+03
2121 -3.126821988011e+03
2122 -3.126820601922e+03
2123 -3.126819256684e+03
2124 -3.126817958880e+03
2125 -3.126816715729e+03
2126 -3.126815534692e+03
2127 -3.126814423139e+03
2128 -3.126813388083e+03
2129 -3.126812435998e+03
2130 -3.126811572706e+03
2131 -3.126811374484e+03
2132 -3.126810703976e+03
2133 -3.126810135586e+03
2134 -3.126809672386e+03
2135 -3.126809316792e+03
2136 -3.126809070550e+03
2137 -3.126808934702e+03
2138 -3.126808909530e+03
2139 -3.126808994477e+03
2140 -3.126809188045e+03
2141 -3.126809997204e+03
2142 -3.126810399726e+03
2143 -3.126810899735e+03
2144 -3.126811491109e+03
2145 -3.126812166465e+03
2146 -3.126812917190e+03
2147 -3.126813733518e+03
2148 -3.126814604654e+03
2149 -3.126815518928e+03
2150 -3.126816463996e+03
2151 -3.126817906509e+03
2152 -3.126818874643e+03
2153 -3.126819834465e+03
2154 -3.126820772852e+03
2155 -3.126821676803e+03
2156 -3.126822533500e+03
2157 -3.126823330345e+03
2158 -3.126824054999e+03
2159 -3.126824695428e+03
2160 -3.126825239958e+03
2161 -3.126826171942e+03
2162 -3.126826492346e+03
2163 -3.126826685032e+03
2164 -3.126826740632e+03
2165 -3.126826650471e+03
2166 -3.126826406564e+03
2167 -3.126826001575e+03
2168 -3.126825428777e+03
2169 -3.126824682024e+03
2170 -3.126823755751e+03
2171 -3.126823211947e+03
2172 -3.126821912958e+03
2173 -3.126820421769e+03
2174 -3.126818735814e+03
2175 -3.126816853535e+03
2176 -3.126814774507e+03
2177 -3.126812499539e+03
2178 -3.126810030779e+03
2179 -3.126807371799e+03
2180 -3.126804527664e+03
2181 -3.126802145521e+03
2182 -3.126798951162e+03
2183 -3.126795596009e+03
2184 -3.126792091192e+03
2185 -3.126788449011e+03
2186 -3.126784682635e+03
2187 -3.126780805751e+03
2188 -3.126776832184e+03
2189 -3.126772775522e+03
2190 -3.126768648812e+03
2191 -3.126765154994e+03
2192 -3.126760922727e+03
2193 -3.126756654915e+03
2194 -3.126752361492e+03
2195 -3.126748051809e+03
2196 -3.126743734842e+03
2197 -3.126739419422e+03
2198 -3.126735114407e+03
2199 -3.126730828817e+03
2200 -3.126726571895e+03
2201 -3.126723114504e+03
2202 -3.126718943536e+03
2203 -3.126714830598e+03
2204 -3.126710785465e+03
2205 -3.126706817707e+03
2206 -3.126702936543e+03
2207 -3.126699150686e+03
2208 -3.126695468187e+03
2209 -3.126691896280e+03
2210 -3.126688441230e+03
2211 -3.126685931302e+03
2212 -3.126682724703e+03
2213 -3.126679646979e+03
2214 -3.126676699319e+03
2215 -3.126673881374e+03
2216 -3.126671191203e+03
2217 -3.126668625269e+03
2218 -3.126666178481e+03
2219 -3.126663844294e+03
2220 -3.126661614864e+03
2221 -3.126660399669e+03
2222 -3.126658352415e+03
2223 -3.126656381334e+03
2224 -3.126654476310e+03
2225 -3.126652627563e+03
2226 -3.126650826038e+03
2227 -3.126649063786e+03
2228 -3.126647334301e+03
2229 -3.126645632794e+03
2230 -3.126643956382e+03
2231 -3.126643148434e+03
2232 -3.126641520987e+03
2233 -3.126639921738e+03
2234 -3.126638355064e+03
2235 -3.126636826456e+03
2236 -3.126635342106e+03
2237 -3.126633908479e+03
2238 -3.126632531887e+03
2239 -3.126631218111e+03
2240 -3.126629972073e+03
2241 -3.126629371852e+03
2242 -3.126628270589e+03
2243 -3.126627244689e+03
2244 -3.126626293859e+03
2245 -3.126625416438e+03
2246 -3.126624609563e+03
2247 -3.126623869389e+03
2248 -3.126623191373e+03
2249 -3.126622570572e+03
2250 -3.126622001937e+03
2251 -3.126621916282e+03
2252 -3.126621437785e+03
2253 -3.126620998275e+03
2254 -3.126620594376e+03
2255 -3.126620223342e+03
2256 -3.126619883032e+03
2257 -3.126619571843e+03
2258 -3.126619288599e+03
2259 -3.126619032419e+03
2260 -3.126618802570e+03
2261 -3.126619057734e+03
2262 -3.126618879225e+03
2263 -3.126618724385e+03
2264 -3.126618591888e+03
2265 -3.126618480143e+03
2266 -3.126618387332e+03
2267 -3.126618311480e+03
2268 -3.126618250551e+03
2269 -3.126618202546e+03
2270 -3.126618165589e+03
2271 -3.126618669721e+03
2272 -3.126618650778e+03
2273 -3.126618638280e+03
2274 -3.126618631051e+03
2275 -3.126618627906e+03
2276 -3.126618627506e+03
2277 -3.126618628198e+03
2278 -3.126618627872e+03
2279 -3.126618623848e+03
2280 -3.126618612816e+03
2281 -3.126619176083e+03
2282 -3.126619139081e+03
2283 -3.126619081661e+03
2284 -3.126618998522e+03
2285 -3.126618884197e+03
2286 -3.126618733284e+03
2287 -3.126618540718e+03
2288 -3.126618302064e+03
2289 -3.126618013839e+03
2290 -3.126617673859e+03
2291 -3.126617891832e+03
2292 -3.126617449534e+03
2293 -3.126616960114e+03
2294 -3.126616429535e+03
2295 -3.126615866135e+03
2296 -3.126615280561e+03
2297 -3.126614685579e+03
2298 -3.126614095793e+03
2299 -3.126613527254e+03
2300 -3.126612997003e+03
2301 -3.126613076297e+03
2302 -3.126612676896e+03
2303 -3.126612367336e+03
2304 -3.126612162838e+03
2305 -3.126612076653e+03
2306 -3.126612119545e+03
2307 -3.126612299425e+03
2308 -3.126612621138e+03
2309 -3.126613086392e+03
2310 -3.126613693881e+03
2311 -3.126614953887e+03
2312 -3.126615833708e+03
2313 -3.126616837684e+03
2314 -3.126617956604e+03
2315 -3.126619180538e+03
2316 -3.126620499483e+03
2317 -3.126621903993e+03
2318 -3.126623385803e+03
2319 -3.126624938466e+03
2320 -3.126626557999e+03
2321 -3.126628876338e+03
2322 -3.126630631781e+03
2323 -3.126632462680e+03
2324 -3.126634379868e+03
2325 -3.126636398267e+03
2326 -3.126638536562e+03
2327 -3.126640816630e+03
2328 -3.126643262696e+03
2329 -3.126645900290e+03
2330 -3.126648755024e+03
2331 -3.126652530644e+03
2332 -3.126655890776e+03
2333 -3.126659532383e+03
2334 -3.126663468182e+03
2335 -3.126667704644e+03
2336 -3.126672241174e+03
2337 -3.126677069585e+03
2338 -3.126682173904e+03
2339 -3.126687530511e+03
2340 -3.126693108603e+03
2341 -3.126699474074e+03
2342 -3.126705378439e+03
2343 -3.126711377787e+03
2344 -3.126717422177e+03
2345 -3.126723460070e+03
2346 -3.126729439778e+03
2347 -3.126735310928e+03
2348 -3.126741025929e+03
2349 -3.126746541402e+03
2350 -3.126751819528e+03
2351 -3.126757429262e+03
2352 -3.126762145891e+03
2353 -3.126766555895e+03
2354 -3.126770653550e+03
2355 -3.126774442180e+03
2356 -3.126777933781e+03
2357 -3.126781148255e+03
2358 -3.126784112278e+03
2359 -3.126786857877e+03
2360 -3.126789420786e+03
2361 -3.126792387558e+03
2362 -3.126794695459e+03
2363 -3.126796933147e+03
2364 -3.126799134122e+03
2365 -3.126801327434e+03
2366 -3.126803536581e+03
2367 -3.126805778686e+03
2368 -3.126808063991e+03
2369 -3.126810395663e+03
2370 -3.126812769933e+03
2371 -3.126815718217e+03
2372 -3.126818144000e+03
2373 -3.126820566499e+03
2374 -3.126822961638e+03
2375 -3.126825303314e+03
2376 -3.126827564851e+03
2377 -3.126829720432e+03
2378 -3.126831746416e+03
2379 -3.126833622470e+03
2380 -3.126835332473e+03
2381 -3.126837549363e+03
2382 -3.126838903628e+03
2383 -3.126840073573e+03
2384 -3.126841063349e+03
2385 -3.126841881698e+03
2386 -3.126842541288e+03
2387 -3.126843057906e+03
2388 -3.126843449556e+03
2389 -3.126843735558e+03
2390 -3.126843935669e+03
2391 -3.126844797596e+03
2392 -3.126844886215e+03
2393 -3.126844943559e+03
2394 -3.126844984681e+03
2395 -3.126845022511e+03
2396 -3.126845067732e+03
2397 -3.126845128738e+03
2398 -3.126845211644e+03
2399 -3.126845320313e+03
2400 -3.126845456393e+03
2401 -3.126846217071e+03
2402 -3.126846406238e+03
2403 -3.126846615285e+03
2404 -3.126846838039e+03
2405 -3.126847067022e+03
2406 -3.126847293878e+03
2407 -3.126847509869e+03
2408 -3.126847706414e+03
2409 -3.126847875621e+03
2410 -3.126848010789e+03
2411 -3.126848555759e+03
2412 -3.126848610229e+03
2413 -3.126848621508e+03
2414 -3.126848590953e+03
2415 -3.126848522244e+03
2416 -3.126848421312e+03
2417 -3.126848296189e+03
2418 -3.126848156798e+03
2419 -3.126848014715e+03
2420 -3.126847882896e+03
2421 -3.126848181160e+03
2422 -3.126848113348e+03
2423 -3.126848100269e+03
2424 -3.126848157655e+03
2425 -3.126848301232e+03
2426 -3.126848546447e+03
2427 -3.126848908190e+03
2428 -3.126849400516e+03
2429 -3.126850036361e+03
2430 -3.126850827264e+03
2431 -3.126852193836e+03
2432 -3.126853324223e+03
2433 -3.126854633607e+03
2434 -3.126856125593e+03
2435 -3.126857801417e+03
2436 -3.126859659922e+03
2437 -3.126861697599e+03
2438 -3.126863908672e+03
2439 -3.126866285240e+03
2440 -3.126868817438e+03
2441 -3.126871917862e+03
2442 -3.126874726890e+03
2443 -3.126877652133e+03
2444 -3.126880677881e+03
2445 -3.126883787532e+03
2446 -3.126886963850e+03
2447 -3.126890189220e+03
2448 -3.126893445903e+03
2449 -3.126896716276e+03
2450 -3.126899983036e+03
2451 -3.126903723933e+03
2452 -3.126906934354e+03
2453 -3.126910092439e+03
2454 -3.126913183499e+03
2455 -3.126916193698e+03
2456 -3.126919110091e+03
2457 -3.126921920649e+03
2458 -3.126924614249e+03
2459 -3.126927180626e+03
2460 -3.126929610277e+03
2461 -3.126932352476e+03
2462 -3.126934482405e+03
2463 -3.126936450425e+03
2464 -3.126938248874e+03
2465 -3.126939870394e+03
2466 -3.126941308031e+03
2467 -3.126942555428e+03
2468 -3.126943607134e+03
2469 -3.126944458966e+03
2470 -3.126945108411e+03
2471 -3.126945892046e+03
2472 -3.126946137992e+03
2473 -3.126946187678e+03
2474 -3.126946048256e+03
2475 -3.126945729553e+03
2476 -3.126945243913e+03
2477 -3.126944605946e+03
2478 -3.126943832188e+03
2479 -3.126942940715e+03
2480 -3.126941950715e+03
2481 -3.126941295173e+03
2482 -3.126940168314e+03
2483 -3.126939002460e+03
2484 -3.126937816239e+03
2485 -3.126936626732e+03
2486 -3.126935448854e+03
2487 -3.126934294762e+03
2488 -3.126933173342e+03
2489 -3.126932089845e+03
2490 -3.126931045736e+03
2491 -3.126930587038e+03
2492 -3.126929612117e+03
2493 -3.126928660567e+03
2494 -3.126927722287e+03
2495 -3.126926786319e+03
2496 -3.126925841883e+03
2497 -3.126924879405e+03
2498 -3.126923891482e+03
2499 -3.126922873708e+03
2500 -3.126921825319e+03
2501 -3.126921314875e+03
2502 -3.126920220106e+03
2503 -3.126919117151e+03
2504 -3.126918021577e+03
2505 -3.126916952229e+03
2506 -3.126915930422e+03
2507 -3.126914978971e+03
2508 -3.126914121128e+03
2509 -3.126913379500e+03
2510 -3.126912774997e+03
2511 -3.126912902195e+03
2512 -3.126912624757e+03
2513 -3.126912527769e+03
2514 -3.126912616791e+03
2515 -3.126912892167e+03
2516 -3.126913348866e+03
2517 -3.126913976583e+03
2518 -3.126914760101e+03
2519 -3.126915679865e+03
2520 -3.126916712772e+03
2521 -3.126918305268e+03
2522 -3.126919487512e+03
2523 -3.126920701969e+03
2524 -3.126921921354e+03
2525 -3.126923119936e+03
2526 -3.126924274380e+03
2527 -3.126925364408e+03
2528 -3.126926373264e+03
2529 -3.126927287992e+03
2530 -3.126928099522e+03
2531 -3.126929176759e+03
2532 -3.126929770263e+03
2533 -3.126930255359e+03
2534 -3.126930636910e+03
2535 -3.126930922459e+03
2536 -3.126931121791e+03
2537 -3.126931246435e+03
2538 -3.126931309166e+03
2539 -3.126931323488e+03
2540 -3.126931303150e+03
2541 -3.126931770118e+03
2542 -3.126931720271e+03
2543 -3.126931674173e+03
2544 -3.126931642385e+03
2545 -3.126931633845e+03
2546 -3.126931655626e+03
2547 -3.126931712759e+03
2548 -3.126931808141e+03
2549 -3.126931942538e+03
2550 -3.126932114692e+03
2551 -3.126932889865e+03
2552 -3.126933126855e+03
2553 -3.126933388124e+03
2554 -3.126933666865e+03
2555 -3.126933955723e+03
2556 -3.126934247111e+03
2557 -3.126934533469e+03
2558 -3.126934807482e+03
2559 -3.126935062236e+03
2560 -3.126935291328e+03
2561 -3.126935973011e+03
2562 -3.126936134301e+03
2563 -3.126936254299e+03
2564 -3.126936328954e+03
2565 -3.126936354748e+03
2566 -3.126936328622e+03
2567 -3.126936247887e+03
2568 -3.126936110126e+03
2569 -3.126935913088e+03
2570 -3.126935654579e+03
2571 -3.126935839972e+03
2572 -3.126935452420e+03
2573 -3.126934996194e+03
2574 -3.126934468245e+03
2575 -3.126933865009e+03
2576 -3.126933182288e+03
2577 -3.126932415147e+03
2578 -3.126931557835e+03
2579 -3.126930603761e+03
2580 -3.126929545513e+03
2581 -3.126928854774e+03
2582 -3.126927564739e+03
2583 -3.126926144691e+03
2584 -3.126924585444e+03
2585 -3.126922878016e+03
2586 -3.126921013941e+03
2587 -3.126918985595e+03
2588 -3.126916786524e+03
2589 -3.126914411772e+03
2590 -3.126911858212e+03
2591 -3.126909509865e+03
2592 -3.126906599864e+03
2593 -3.126903515645e+03
2594 -3.126900264558e+03
2595 -3.126896857245e+03
2596 -3.126893307781e+03
2597 -3.126889633677e+03
2598 -3.126885855761e+03
2599 -3.126881997876e+03
2600 -3.126878086429e+03
2601 -3.126874554460e+03
2602 -3.126870621655e+03
2603 -3.126866722606e+03
2604 -3.126862886513e+03
2605 -3.126859140985e+03
2606 -3.126855511127e+03
2607 -3.126852018720e+03
2608 -3.126848681523e+03
2609 -3.126845512738e+03
2610 -3.126842520642e+03
2611 -3.126840133860e+03
2612 -3.126837499638e+03
2613 -3.126835036475e+03
2614 -3.126832732634e+03
2615 -3.126830571950e+03
2616 -3.126828534238e+03
2617 -3.126826595729e+03
2618 -3.126824729524e+03
2619 -3.126822906042e+03
2620 -3.126821093486e+03
