10	-1.441744342782e-02 2.080618381762e-01 4.340709651550e+00 3.288257007269e+00 -6.445680300260e-01 1.916957317316e+00 -4.368451778574e+00 -2.326238771959e-01 -3.306846852597e+00 -1.941628543766e+00 6.089555311969e-01 4.084968262205e+00 -4.118990892304e+00 1.024809911559e+01 1.155111940691e+01
20	-1.441744342782e-02 2.080618381762e-01 4.340709651550e+00 3.288257007269e+00 -6.445680300260e-01 1.916957317316e+00 -4.368451778574e+00 -2.326238771959e-01 -3.306846852597e+00 -1.941628543766e+00 6.089555311969e-01 4.084968262205e+00 -4.118990892304e+00 1.024809375909e+01 1.155112474326e+01
30	-1.441744342782e-02 2.080618381762e-01 4.340709651550e+00 3.288257007269e+00 -6.445680300260e-01 1.916957317316e+00 -4.368451778574e+00 -2.326238771959e-01 -3.306846852597e+00 -1.941628543766e+00 6.089555311969e-01 4.084968262205e+00 -4.118990892304e+00 1.024808569670e+01 1.155113280117e+01
40	-1.441744342782e-02 2.080618381762e-01 4.340709651550e+00 3.288257007269e+00 -6.445680300260e-01 1.916957317316e+00 -4.368451778574e+00 -2.326238771959e-01 -3.306846852597e+00 -1.941628543766e+00 6.089555311969e-01 4.084968262205e+00 -4.118990892304e+00 1.024807485786e+01 1.155114391584e+01
50	-1.441744342782e-02 2.080618381762e-01 4.340709651550e+00 3.288257007269e+00 -6.445680300260e-01 1.916957317316e+00 -4.368451778574e+00 -2.326238771959e-01 -3.306846852597e+00 -1.941628543766e+00 6.089555311969e-01 4.084968262205e+00 -4.118990892304e+00 1.024806099253e+01 1.155115890417e+01
60	-1.441744342782e-02 2.080618381762e-01 4.340709651550e+00 3.288257007269e+00 -6.445680300260e-01 1.916957317316e+00 -4.368451778574e+00 -2.326238771959e-01 -3.306846852597e+00 -1.941628543766e+00 6.089555311969e-01 4.084968262205e+00 -4.118990892304e+00 1.024804308882e+01 1.155117955695e+01
70	-1.441744342782e-02 2.080618381762e-01 4.340709651550e+00 3.288257007269e+00 -6.445680300260e-01 1.916957317316e+00 -4.368451778574e+00 -2.326238771959e-01 -3.306846852597e+00 -1.941628543766e+00 6.089555311969e-01 4.084968262205e+00 -4.118990892304e+00 1.024801884982e+01 1.155120897320e+01
80	-1.441744342782e-02 2.080618381762e-01 4.340709651550e+00 3.288257007269e+00 -6.445680300260e-01 1.916957317316e+00 -4.368451778574e+00 -2.326238771959e-01 -3.306846852597e+00 -1.941628543766e+00 6.089555311969e-01 4.084968262205e+00 -4.118990892304e+00 1.024798475281e+01 1.155125131893e+01
90	-1.441744342782e-02 2.080618381762e-01 4.340709651550e+00 3.288257007269e+00 -6.445680300260e-01 1.916957317316e+00 -4.368451778574e+00 -2.326238771959e-01 -3.306846852597e+00 -1.941628543766e+00 6.089555311969e-01 4.084968262205e+00 -4.118990892304e+00 1.024793691021e+01 1.155131094004e+01
100	-1.441744342782e-02 2.080618381762e-01 4.340709651550e+00 3.288257007269e+00 -6.445680300260e-01 1.916957317316e+00 -4.368451778574e+00 -2.326238771959e-01 -3.306846852597e+00 -1.941628543766e+00 6.089555311969e-01 4.084968262205e+00 -4.118990892304e+00 1.024787211733e+01 1.155139130522e+01
110	-1.441744342782e-02 2.080618381762e-01 4.340709651550e+00 3.288257007269e+00 -6.445680300260e-01 1.916957317316e+00 -4.368451778574e+00 -2.326238771959e-01 -3.306846852597e+00 -1.941628543766e+00 6.089555311969e-01 4.084968262205e+00 -4.118990892304e+00 1.024778843383e+01 1.155149435761e+01
120	-1.441744342782e-02 2.080618381762e-01 4.340709651550e+00 3.288257007269e+00 -6.445680300260e-01 1.916957317316e+00 -4.368451778574e+00 -2.326238771959e-01 -3.306846852597e+00 -1.941628543766e+00 6.089555311969e-01 4.084968262205e+00 -4.118990892304e+00 1.024768502231e+01 1.155162064288e+01
130	-1.441744342782e-02 2.080618381762e-01 4.340709651550e+00 3.288257007269e+00 -6.445680300260e-01 1.916957317316e+00 -4.368451778574e+00 -2.326238771959e-01 -3.306846852597e+00 -1.941628543766e+00 6.089555311969e-01 4.084968262205e+00 -4.118990892304e+00 1.024756115177e+01 1.155177016436e+01
140	-1.441744342782e-02 2.080618381762e-01 4.340709651550e+00 3.288257007269e+00 -6.445680300260e-01 1.916957317316e+00 -4.368451778574e+00 -2.326238771959e-01 -3.306846852597e+00 -1.941628543766e+00 6.089555311969e-01 4.084968262205e+00 -4.118990892304e+00 1.024741599655e+01 1.155194252256e+01
150	-1.441744342782e-02 2.080618381762e-01 4.340709651550e+00 3.288257007269e+00 -6.445680300260e-01 1.916957317316e+00 -4.368451778574e+00 -2.326238771959e-01 -3.306846852597e+00 -1.941628543766e+00 6.089555311969e-01 4.084968262205e+00 -4.118990892304e+00 1.024724987673e+01 1.155213610097e+01
160	-1.441744342782e-02 2.080618381762e-01 4.340709651550e+00 3.288257007269e+00 -6.445680300260e-01 1.916957317316e+00 -4.368451778574e+00 -2.326238771959e-01 -3.306846852597e+00 -1.941628543766e+00 6.089555311969e-01 4.084968262205e+00 -4.118990892304e+00 1.024706579674e+01 1.155234720171e+01
170	-1.441744342782e-02 2.080618381762e-01 4.340709651550e+00 3.288257007269e+00 -6.445680300260e-01 1.916957317316e+00 -4.368451778574e+00 -2.326238771959e-01 -3.306846852597e+00 -1.941628543766e+00 6.089555311969e-01 4.084968262205e+00 -4.118990892304e+00 1.024686896791e+01 1.155257071036e+01
180	-1.441744342782e-02 2.080618381762e-01 4.340709651550e+00 3.288257007269e+00 -6.445680300260e-01 1.916957317316e+00 -4.368451778574e+00 -2.326238771959e-01 -3.306846852597e+00 -1.941628543766e+00 6.089555311969e-01 4.084968262205e+00 -4.118990892304e+00 1.024666414987e+01 1.155280225558e+01
190	-1.441744342782e-02 2.080618381762e-01 4.340709651550e+00 3.288257007269e+00 -6.445680300260e-01 1.916957317316e+00 -4.368451778574e+00 -2.326238771959e-01 -3.306846852597e+00 -1.941628543766e+00 6.089555311969e-01 4.084968262205e+00 -4.118990892304e+00 1.024645215760e+01 1.155304119408e+01
200	-1.441744342782e-02 2.080618381762e-01 4.340709651550e+00 3.288257007269e+00 -6.445680300260e-01 1.916957317316e+00 -4.368451778574e+00 -2.326238771959e-01 -3.306846852597e+00 -1.941628543766e+00 6.089555311969e-01 4.084968262205e+00 -4.118990892304e+00 1.024622718493e+01 1.155329346355e+01
210	-1.441744342782e-02 2.080618381762e-01 4.340709651550e+00 3.288257007269e+00 -6.445680300260e-01 1.916957317316e+00 -4.368451778574e+00 -2.326238771959e-01 -3.306846852597e+00 -1.941628543766e+00 6.089555311969e-01 4.084968262205e+00 -4.118990892304e+00 1.024597779048e+01 1.155357149173e+01
220	-1.441744342782e-02 2.080618381762e-01 4.340709651550e+00 3.288257007269e+00 -6.445680300260e-01 1.916957317316e+00 -4.368451778574e+00 -2.326238771959e-01 -3.306846852597e+00 -1.941628543766e+00 6.089555311969e-01 4.084968262205e+00 -4.118990892304e+00 1.024569247195e+01 1.155388960866e+01
230	-1.441744342782e-02 2.080618381762e-01 4.340709651550e+00 3.288257007269e+00 -6.445680300260e-01 1.916957317316e+00 -4.368451778574e+00 -2.326238771959e-01 -3.306846852597e+00 -1.941628543766e+00 6.089555311969e-01 4.084968262205e+00 -4.118990892304e+00 1.024536605375e+01 1.155425731870e+01
240	-1.441744342782e-02 2.080618381762e-01 4.340709651550e+00 3.288257007269e+00 -6.445680300260e-01 1.916957317316e+00 -4.368451778574e+00 -2.326238771959e-01 -3.306846852597e+00 -1.941628543766e+00 6.089555311969e-01 4.084968262205e+00 -4.118990892304e+00 1.024500127008e+01 1.155467563738e+01
250	-1.441744342782e-02 2.080618381762e-01 4.340709651550e+00 3.288257007269e+00 -6.445680300260e-01 1.916957317316e+00 -4.368451778574e+00 -2.326238771959e-01 -3.306846852597e+00 -1.941628543766e+00 6.089555311969e-01 4.084968262205e+00 -4.118990892304e+00 1.024460624607e+01 1.155513785960e+01
260	-1.441744342782e-02 2.080618381762e-01 4.340709651550e+00 3.288257007269e+00 -6.445680300260e-01 1.916957317316e+00 -4.368451778574e+00 -2.326238771959e-01 -3.306846852597e+00 -1.941628543766e+00 6.089555311969e-01 4.084968262205e+00 -4.118990892304e+00 1.024419157785e+01 1.155563211748e+01
270	-1.441744342782e-02 2.080618381762e-01 4.340709651550e+00 3.288257007269e+00 -6.445680300260e-01 1.916957317316e+00 -4.368451778574e+00 -2.326238771959e-01 -3.306846852597e+00 -1.941628543766e+00 6.089555311969e-01 4.084968262205e+00 -4.118990892304e+00 1.024376847231e+01 1.155614354846e+01
280	-1.441744342782e-02 2.080618381762e-01 4.340709651550e+00 3.288257007269e+00 -6.445680300260e-01 1.916957317316e+00 -4.368451778574e+00 -2.326238771959e-01 -3.306846852597e+00 -1.941628543766e+00 6.089555311969e-01 4.084968262205e+00 -4.118990892304e+00 1.024334735700e+01 1.155665716956e+01
290	-1.441744342782e-02 2.080618381762e-01 4.340709651550e+00 3.288257007269e+00 -6.445680300260e-01 1.916957317316e+00 -4.368451778574e+00 -2.326238771959e-01 -3.306846852597e+00 -1.941628543766e+00 6.089555311969e-01 4.084968262205e+00 -4.118990892304e+00 1.024293552308e+01 1.155716300738e+01
300	-1.441744342782e-02 2.080618381762e-01 4.340709651550e+00 3.288257007269e+00 -6.445680300260e-01 1.916957317316e+00 -4.368451778574e+00 -2.326238771959e-01 -3.306846852597e+00 -1.941628543766e+00 6.089555311969e-01 4.084968262205e+00 -4.118990892304e+00 1.024253369702e+01 1.155766117064e+01
310	-1.441744342782e-02 2.080618381762e-01 4.340709651550e+00 3.288257007269e+00 -6.445680300260e-01 1.916957317316e+00 -4.368451778574e+00 -2.326238771959e-01 -3.306846852597e+00 -1.941628543766e+00 6.089555311969e-01 4.084968262205e+00 -4.118990892304e+00 1.024213586036e+01 1.155816083348e+01
320	-1.441744342782e-02 2.080618381762e-01 4.340709651550e+00 3.288257007269e+00 -6.445680300260e-01 1.916957317316e+00 -4.368451778574e+00 -2.326238771959e-01 -3.306846852597e+00 -1.941628543766e+00 6.089555311969e-01 4.084968262205e+00 -4.118990892304e+00 1.024173278584e+01 1.155867377538e+01
330	-1.441744342782e-02 2.080618381762e-01 4.340709651550e+00 3.288257007269e+00 -6.445680300260e-01 1.916957317316e+00 -4.368451778574e+00 -2.326238771959e-01 -3.306846852597e+00 -1.941628543766e+00 6.089555311969e-01 4.084968262205e+00 -4.118990892304e+00 1.024131617893e+01 1.155920782776e+01
340	-1.441744342782e-02 2.080618381762e-01 4.340709651550e+00 3.288257007269e+00 -6.445680300260e-01 1.916957317316e+00 -4.368451778574e+00 -2.326238771959e-01 -3.306846852597e+00 -1.941628543766e+00 6.089555311969e-01 4.084968262205e+00 -4.118990892304e+00 1.024088556224e+01 1.155976143023e+01
350	-1.441744342782e-02 2.080618381762e-01 4.340709651550e+00 3.288257007269e+00 -6.445680300260e-01 1.916957317316e+00 -4.368451778574e+00 -2.326238771959e-01 -3.306846852597e+00 -1.941628543766e+00 6.089555311969e-01 4.084968262205e+00 -4.118990892304e+00 1.024044765153e+01 1.156032792560e+01
360	-1.441744342782e-02 2.080618381762e-01 4.340709651550e+00 3.288257007269e+00 -6.445680300260e-01 1.916957317316e+00 -4.368451778574e+00 -2.326238771959e-01 -3.306846852597e+00 -1.941628543766e+00 6.089555311969e-01 4.084968262205e+00 -4.118990892304e+00 1.024000944763e+01 1.156090331845e+01
370	-1.441744342782e-02 2.080618381762e-01 4.340709651550e+00 3.288257007269e+00 -6.445680300260e-01 1.916957317316e+00 -4.368451778574e+00 -2.326238771959e-01 -3.306846852597e+00 -1.941628543766e+00 6.089555311969e-01 4.084968262205e+00 -4.118990892304e+00 1.023957333150e+01 1.156148951865e+01
380	-1.441744342782e-02 2.080618381762e-01 4.340709651550e+00 3.288257007269e+00 -6.445680300260e-01 1.916957317316e+00 -4.368451778574e+00 -2.326238771959e-01 -3.306846852597e+00 -1.941628543766e+00 6.089555311969e-01 4.084968262205e+00 -4.118990892304e+00 1.023913082029e+01 1.156209567281e+01
390	-1.441744342782e-02 2.080618381762e-01 4.340709651550e+00 3.288257007269e+00 -6.445680300260e-01 1.916957317316e+00 -4.368451778574e+00 -2.326238771959e-01 -3.306846852597e+00 -1.941628543766e+00 6.089555311969e-01 4.084968262205e+00 -4.118990892304e+00 1.023866696133e+01 1.156273214639e+01
400	-1.441744342782e-02 2.080618381762e-01 4.340709651550e+00 3.288257007269e+00 -6.445680300260e-01 1.916957317316e+00 -4.368451778574e+00 -2.326238771959e-01 -3.306846852597e+00 -1.941628543766e+00 6.089555311969e-01 4.084968262205e+00 -4.118990892304e+00 1.023817340862e+01 1.156340177167e+01
410	-1.441744342782e-02 2.080618381762e-01 4.340709651550e+00 3.288257007269e+00 -6.445680300260e-01 1.916957317316e+00 -4.368451778574e+00 -2.326238771959e-01 -3.306846852597e+00 -1.941628543766e+00 6.089555311969e-01 4.084968262205e+00 -4.118990892304e+00 1.023765019644e+01 1.156410089925e+01
420	-1.441744342782e-02 2.080618381762e-01 4.340709651550e+00 3.288257007269e+00 -6.445680300260e-01 1.916957317316e+00 -4.368451778574e+00 -2.326238771959e-01 -3.306846852597e+00 -1.941628543766e+00 6.089555311969e-01 4.084968262205e+00 -4.118990892304e+00 1.023709968313e+01 1.156482638994e+01
430	-1.441744342782e-02 2.080618381762e-01 4.340709651550e+00 3.288257007269e+00 -6.445680300260e-01 1.916957317316e+00 -4.368451778574e+00 -2.326238771959e-01 -3.306846852597e+00 -1.941628543766e+00 6.089555311969e-01 4.084968262205e+00 -4.118990892304e+00 1.023652154960e+01 1.156557958415e+01
440	-1.441744342782e-02 2.080618381762e-01 4.340709651550e+00 3.288257007269e+00 -6.445680300260e-01 1.916957317316e+00 -4.368451778574e+00 -2.326238771959e-01 -3.306846852597e+00 -1.941628543766e+00 6.089555311969e-01 4.084968262205e+00 -4.118990892304e+00 1.023590954397e+01 1.156636720829e+01
450	-1.441744342782e-02 2.080618381762e-01 4.340709651550e+00 3.288257007269e+00 -6.445680300260e-01 1.916957317316e+00 -4.368451778574e+00 -2.326238771959e-01 -3.306846852597e+00 -1.941628543766e+00 6.089555311969e-01 4.084968262205e+00 -4.118990892304e+00 1.023525306975e+01 1.156719994324e+01
460	-1.441744342782e-02 2.080618381762e-01 4.340709651550e+00 3.288257007269e+00 -6.445680300260e-01 1.916957317316e+00 -4.368451778574e+00 -2.326238771959e-01 -3.306846852597e+00 -1.941628543766e+00 6.089555311969e-01 4.084968262205e+00 -4.118990892304e+00 1.023454275072e+01 1.156808852355e+01
470	-1.441744342782e-02 2.080618381762e-01 4.340709651550e+00 3.288257007269e+00 -6.445680300260e-01 1.916957317316e+00 -4.368451778574e+00 -2.326238771959e-01 -3.306846852597e+00 -1.941628543766e+00 6.089555311969e-01 4.084968262205e+00 -4.118990892304e+00 1.023377711013e+01 1.156903772738e+01
480	-1.441744342782e-02 2.080618381762e-01 4.340709651550e+00 3.288257007269e+00 -6.445680300260e-01 1.916957317316e+00 -4.368451778574e+00 -2.326238771959e-01 -3.306846852597e+00 -1.941628543766e+00 6.089555311969e-01 4.084968262205e+00 -4.118990892304e+00 1.023296192828e+01 1.157004596616e+01
490	-1.441744342782e-02 2.080618381762e-01 4.340709651550e+00 3.288257007269e+00 -6.445680300260e-01 1.916957317316e+00 -4.368451778574e+00 -2.326238771959e-01 -3.306846852597e+00 -1.941628543766e+00 6.089555311969e-01 4.084968262205e+00 -4.118990892304e+00 1.023210114395e+01 1.157111182405e+01
500	-1.441744342782e-02 2.080618381762e-01 4.340709651550e+00 3.288257007269e+00 -6.445680300260e-01 1.916957317316e+00 -4.368451778574e+00 -2.326238771959e-01 -3.306846852597e+00 -1.941628543766e+00 6.089555311969e-01 4.084968262205e+00 -4.118990892304e+00 1.023119565962e+01 1.157223345737e+01
510	-1.441744342782e-02 2.080618381762e-01 4.340709651550e+00 3.288257007269e+00 -6.445680300260e-01 1.916957317316e+00 -4.368451778574e+00 -2.326238771959e-01 -3.306846852597e+00 -1.941628543766e+00 6.089555311969e-01 4.084968262205e+00 -4.118990892304e+00 1.023024996256e+01 1.157340339843e+01
520	-1.441744342782e-02 2.080618381762e-01 4.340709651550e+00 3.288257007269e+00 -6.445680300260e-01 1.916957317316e+00 -4.368451778574e+00 -2.326238771959e-01 -3.306846852597e+00 -1.941628543766e+00 6.089555311969e-01 4.084968262205e+00 -4.118990892304e+00 1.022927013679e+01 1.157461336421e+01
530	-1.441744342782e-02 2.080618381762e-01 4.340709651550e+00 3.288257007269e+00 -6.445680300260e-01 1.916957317316e+00 -4.368451778574e+00 -2.326238771959e-01 -3.306846852597e+00 -1.941628543766e+00 6.089555311969e-01 4.084968262205e+00 -4.118990892304e+00 1.022825456793e+01 1.157586444078e+01
540	-1.441744342782e-02 2.080618381762e-01 4.340709651550e+00 3.288257007269e+00 -6.445680300260e-01 1.916957317316e+00 -4.368451778574e+00 -2.326238771959e-01 -3.306846852597e+00 -1.941628543766e+00 6.089555311969e-01 4.084968262205e+00 -4.118990892304e+00 1.022719495014e+01 1.157716638028e+01
550	-1.441744342782e-02 2.080618381762e-01 4.340709651550e+00 3.288257007269e+00 -6.445680300260e-01 1.916957317316e+00 -4.368451778574e+00 -2.326238771959e-01 -3.306846852597e+00 -1.941628543766e+00 6.089555311969e-01 4.084968262205e+00 -4.118990892304e+00 1.022608745745e+01 1.157852669680e+01
560	-1.441744342782e-02 2.080618381762e-01 4.340709651550e+00 3.288257007269e+00 -6.445680300260e-01 1.916957317316e+00 -4.368451778574e+00 -2.326238771959e-01 -3.306846852597e+00 -1.941628543766e+00 6.089555311969e-01 4.084968262205e+00 -4.118990892304e+00 1.022494006997e+01 1.157994148454e+01
570	-1.441744342782e-02 2.080618381762e-01 4.340709651550e+00 3.288257007269e+00 -6.445680300260e-01 1.916957317316e+00 -4.368451778574e+00 -2.326238771959e-01 -3.306846852597e+00 -1.941628543766e+00 6.089555311969e-01 4.084968262205e+00 -4.118990892304e+00 1.022376530780e+01 1.158140002389e+01
580	-1.441744342782e-02 2.080618381762e-01 4.340709651550e+00 3.288257007269e+00 -6.445680300260e-01 1.916957317316e+00 -4.368451778574e+00 -2.326238771959e-01 -3.306846852597e+00 -1.941628543766e+00 6.089555311969e-01 4.084968262205e+00 -4.118990892304e+00 1.022256826205e+01 1.158289662277e+01
590	-1.441744342782e-02 2.080618381762e-01 4.340709651550e+00 3.288257007269e+00 -6.445680300260e-01 1.916957317316e+00 -4.368451778574e+00 -2.326238771959e-01 -3.306846852597e+00 -1.941628543766e+00 6.089555311969e-01 4.084968262205e+00 -4.118990892304e+00 1.022134635574e+01 1.158443292780e+01
600	-1.441744342782e-02 2.080618381762e-01 4.340709651550e+00 3.288257007269e+00 -6.445680300260e-01 1.916957317316e+00 -4.368451778574e+00 -2.326238771959e-01 -3.306846852597e+00 -1.941628543766e+00 6.089555311969e-01 4.084968262205e+00 -4.118990892304e+00 1.022009594293e+01 1.158601170015e+01
610	-1.441744342782e-02 2.080618381762e-01 4.340709651550e+00 3.288257007269e+00 -6.445680300260e-01 1.916957317316e+00 -4.368451778574e+00 -2.326238771959e-01 -3.306846852597e+00 -1.941628543766e+00 6.089555311969e-01 4.084968262205e+00 -4.118990892304e+00 1.021881641859e+01 1.158763171009e+01
620	-1.441744342782e-02 2.080618381762e-01 4.340709651550e+00 3.288257007269e+00 -6.445680300260e-01 1.916957317316e+00 -4.368451778574e+00 -2.326238771959e-01 -3.306846852597e+00 -1.941628543766e+00 6.089555311969e-01 4.084968262205e+00 -4.118990892304e+00 1.021751389827e+01 1.158928274900e+01
630	-1.441744342782e-02 2.080618381762e-01 4.340709651550e+00 3.288257007269e+00 -6.445680300260e-01 1.916957317316e+00 -4.368451778574e+00 -2.326238771959e-01 -3.306846852597e+00 -1.941628543766e+00 6.089555311969e-01 4.084968262205e+00 -4.118990892304e+00 1.021619453351e+01 1.159095251541e+01
640	-1.441744342782e-02 2.080618381762e-01 4.340709651550e+00 3.288257007269e+00 -6.445680300260e-01 1.916957317316e+00 -4.368451778574e+00 -2.326238771959e-01 -3.306846852597e+00 -1.941628543766e+00 6.089555311969e-01 4.084968262205e+00 -4.118990892304e+00 1.021485252089e+01 1.159264524823e+01
650	-1.441744342782e-02 2.080618381762e-01 4.340709651550e+00 3.288257007269e+00 -6.445680300260e-01 1.916957317316e+00 -4.368451778574e+00 -2.326238771959e-01 -3.306846852597e+00 -1.941628543766e+00 6.089555311969e-01 4.084968262205e+00 -4.118990892304e+00 1.021347744172e+01 1.159437557267e+01
660	-1.441744342782e-02 2.080618381762e-01 4.340709651550e+00 3.288257007269e+00 -6.445680300260e-01 1.916957317316e+00 -4.368451778574e+00 -2.326238771959e-01 -3.306846852597e+00 -1.941628543766e+00 6.089555311969e-01 4.084968262205e+00 -4.118990892304e+00 1.021206396078e+01 1.159615489742e+01
670	-1.441744342782e-02 2.080618381762e-01 4.340709651550e+00 3.288257007269e+00 -6.445680300260e-01 1.916957317316e+00 -4.368451778574e+00 -2.326238771959e-01 -3.306846852597e+00 -1.941628543766e+00 6.089555311969e-01 4.084968262205e+00 -4.118990892304e+00 1.021061279829e+01 1.159798624121e+01
680	-1.441744342782e-02 2.080618381762e-01 4.340709651550e+00 3.288257007269e+00 -6.445680300260e-01 1.916957317316e+00 -4.368451778574e+00 -2.326238771959e-01 -3.306846852597e+00 -1.941628543766e+00 6.089555311969e-01 4.084968262205e+00 -4.118990892304e+00 1.020912937048e+01 1.159986347536e+01
690	-1.441744342782e-02 2.080618381762e-01 4.340709651550e+00 3.288257007269e+00 -6.445680300260e-01 1.916957317316e+00 -4.368451778574e+00 -2.326238771959e-01 -3.306846852597e+00 -1.941628543766e+00 6.089555311969e-01 4.084968262205e+00 -4.118990892304e+00 1.020762420477e+01 1.160177575521e+01
700	-1.441744342782e-02 2.080618381762e-01 4.340709651550e+00 3.288257007269e+00 -6.445680300260e-01 1.916957317316e+00 -4.368451778574e+00 -2.326238771959e-01 -3.306846852597e+00 -1.941628543766e+00 6.089555311969e-01 4.084968262205e+00 -4.118990892304e+00 1.020609726874e+01 1.160372387915e+01
710	-1.441744342782e-02 2.080618381762e-01 4.340709651550e+00 3.288257007269e+00 -6.445680300260e-01 1.916957317316e+00 -4.368451778574e+00 -2.326238771959e-01 -3.306846852597e+00 -1.941628543766e+00 6.089555311969e-01 4.084968262205e+00 -4.118990892304e+00 1.020453453676e+01 1.160572109657e+01
720	-1.441744342782e-02 2.080618381762e-01 4.340709651550e+00 3.288257007269e+00 -6.445680300260e-01 1.916957317316e+00 -4.368451778574e+00 -2.326238771959e-01 -3.306846852597e+00 -1.941628543766e+00 6.089555311969e-01 4.084968262205e+00 -4.118990892304e+00 1.020292356873e+01 1.160777786342e+01
730	-1.441744342782e-02 2.080618381762e-01 4.340709651550e+00 3.288257007269e+00 -6.445680300260e-01 1.916957317316e+00 -4.368451778574e+00 -2.326238771959e-01 -3.306846852597e+00 -1.941628543766e+00 6.089555311969e-01 4.084968262205e+00 -4.118990892304e+00 1.020126552686e+01 1.160989094750e+01
740	-1.441744342782e-02 2.080618381762e-01 4.340709651550e+00 3.288257007269e+00 -6.445680300260e-01 1.916957317316e+00 -4.368451778574e+00 -2.326238771959e-01 -3.306846852597e+00 -1.941628543766e+00 6.089555311969e-01 4.084968262205e+00 -4.118990892304e+00 1.019957099696e+01 1.161204852404e+01
750	-1.441744342782e-02 2.080618381762e-01 4.340709651550e+00 3.288257007269e+00 -6.445680300260e-01 1.916957317316e+00 -4.368451778574e+00 -2.326238771959e-01 -3.306846852597e+00 -1.941628543766e+00 6.089555311969e-01 4.084968262205e+00 -4.118990892304e+00 1.019784839297e+01 1.161424200816e+01
760	-1.441744342782e-02 2.080618381762e-01 4.340709651550e+00 3.288257007269e+00 -6.445680300260e-01 1.916957317316e+00 -4.368451778574e+00 -2.326238771959e-01 -3.306846852597e+00 -1.941628543766e+00 6.089555311969e-01 4.084968262205e+00 -4.118990892304e+00 1.019609827711e+01 1.161647106245e+01
770	-1.441744342782e-02 2.080618381762e-01 4.340709651550e+00 3.288257007269e+00 -6.445680300260e-01 1.916957317316e+00 -4.368451778574e+00 -2.326238771959e-01 -3.306846852597e+00 -1.941628543766e+00 6.089555311969e-01 4.084968262205e+00 -4.118990892304e+00 1.019431469177e+01 1.161874176761e+01
780	-1.441744342782e-02 2.080618381762e-01 4.340709651550e+00 3.288257007269e+00 -6.445680300260e-01 1.916957317316e+00 -4.368451778574e+00 -2.326238771959e-01 -3.306846852597e+00 -1.941628543766e+00 6.089555311969e-01 4.084968262205e+00 -4.118990892304e+00 1.019249332730e+01 1.162105870537e+01
790	-1.441744342782e-02 2.080618381762e-01 4.340709651550e+00 3.288257007269e+00 -6.445680300260e-01 1.916957317316e+00 -4.368451778574e+00 -2.326238771959e-01 -3.306846852597e+00 -1.941628543766e+00 6.089555311969e-01 4.084968262205e+00 -4.118990892304e+00 1.019063567204e+01 1.162342159072e+01
800	-1.441744342782e-02 2.080618381762e-01 4.340709651550e+00 3.288257007269e+00 -6.445680300260e-01 1.916957317316e+00 -4.368451778574e+00 -2.326238771959e-01 -3.306846852597e+00 -1.941628543766e+00 6.089555311969e-01 4.084968262205e+00 -4.118990892304e+00 1.018874786399e+01 1.162582644197e+01
810	-1.441744342782e-02 2.080618381762e-01 4.340709651550e+00 3.288257007269e+00 -6.445680300260e-01 1.916957317316e+00 -4.368451778574e+00 -2.326238771959e-01 -3.306846852597e+00 -1.941628543766e+00 6.089555311969e-01 4.084968262205e+00 -4.118990892304e+00 1.018683169273e+01 1.162827457180e+01
820	-1.441744342782e-02 2.080618381762e-01 4.340709651550e+00 3.288257007269e+00 -6.445680300260e-01 1.916957317316e+00 -4.368451778574e+00 -2.326238771959e-01 -3.306846852597e+00 -1.941628543766e+00 6.089555311969e-01 4.084968262205e+00 -4.118990892304e+00 1.018488549522e+01 1.163077144733e+01
830	-1.441744342782e-02 2.080618381762e-01 4.340709651550e+00 3.288257007269e+00 -6.445680300260e-01 1.916957317316e+00 -4.368451778574e+00 -2.326238771959e-01 -3.306846852597e+00 -1.941628543766e+00 6.089555311969e-01 4.084968262205e+00 -4.118990892304e+00 1.018291265634e+01 1.163331585390e+01
840	-1.441744342782e-02 2.080618381762e-01 4.340709651550e+00 3.288257007269e+00 -6.445680300260e-01 1.916957317316e+00 -4.368451778574e+00 -2.326238771959e-01 -3.306846852597e+00 -1.941628543766e+00 6.089555311969e-01 4.084968262205e+00 -4.118990892304e+00 1.018092848004e+01 1.163589084343e+01
850	-1.441744342782e-02 2.080618381762e-01 4.340709651550e+00 3.288257007269e+00 -6.445680300260e-01 1.916957317316e+00 -4.368451778574e+00 -2.326238771959e-01 -3.306846852597e+00 -1.941628543766e+00 6.089555311969e-01 4.084968262205e+00 -4.118990892304e+00 1.017895432319e+01 1.163847024007e+01
860	-1.441744342782e-02 2.080618381762e-01 4.340709651550e+00 3.288257007269e+00 -6.445680300260e-01 1.916957317316e+00 -4.368451778574e+00 -2.326238771959e-01 -3.306846852597e+00 -1.941628543766e+00 6.089555311969e-01 4.084968262205e+00 -4.118990892304e+00 1.017700122767e+01 1.164103987983e+01
870	-1.441744342782e-02 2.080618381762e-01 4.340709651550e+00 3.288257007269e+00 -6.445680300260e-01 1.916957317316e+00 -4.368451778574e+00 -2.326238771959e-01 -3.306846852597e+00 -1.941628543766e+00 6.089555311969e-01 4.084968262205e+00 -4.118990892304e+00 1.017505895635e+01 1.164361166380e+01
880	-1.441744342782e-02 2.080618381762e-01 4.340709651550e+00 3.288257007269e+00 -6.445680300260e-01 1.916957317316e+00 -4.368451778574e+00 -2.326238771959e-01 -3.306846852597e+00 -1.941628543766e+00 6.089555311969e-01 4.084968262205e+00 -4.118990892304e+00 1.017310214292e+01 1.164621192788e+01
890	-1.441744342782e-02 2.080618381762e-01 4.340709651550e+00 3.288257007269e+00 -6.445680300260e-01 1.916957317316e+00 -4.368451778574e+00 -2.326238771959e-01 -3.306846852597e+00 -1.941628543766e+00 6.089555311969e-01 4.084968262205e+00 -4.118990892304e+00 1.017111725030e+01 1.164885139369e+01
900	-1.441744342782e-02 2.080618381762e-01 4.340709651550e+00 3.288257007269e+00 -6.445680300260e-01 1.916957317316e+00 -4.368451778574e+00 -2.326238771959e-01 -3.306846852597e+00 -1.941628543766e+00 6.089555311969e-01 4.084968262205e+00 -4.118990892304e+00 1.016911364781e+01 1.165151901466e+01
910	-1.441744342782e-02 2.080618381762e-01 4.340709651550e+00 3.288257007269e+00 -6.445680300260e-01 1.916957317316e+00 -4.368451778574e+00 -2.326238771959e-01 -3.306846852597e+00 -1.941628543766e+00 6.089555311969e-01 4.084968262205e+00 -4.118990892304e+00 1.016710833427e+01 1.165419705345e+01
920	-1.441744342782e-02 2.080618381762e-01 4.340709651550e+00 3.288257007269e+00 -6.445680300260e-01 1.916957317316e+00 -4.368451778574e+00 -2.326238771959e-01 -3.306846852597e+00 -1.941628543766e+00 6.089555311969e-01 4.084968262205e+00 -4.118990892304e+00 1.016510348705e+01 1.165688226293e+01
930	-1.441744342782e-02 2.080618381762e-01 4.340709651550e+00 3.288257007269e+00 -6.445680300260e-01 1.916957317316e+00 -4.368451778574e+00 -2.326238771959e-01 -3.306846852597e+00 -1.941628543766e+00 6.089555311969e-01 4.084968262205e+00 -4.118990892304e+00 1.016308054852e+01 1.165959409670e+01
940	-1.441744342782e-02 2.080618381762e-01 4.340709651550e+00 3.288257007269e+00 -6.445680300260e-01 1.916957317316e+00 -4.368451778574e+00 -2.326238771959e-01 -3.306846852597e+00 -1.941628543766e+00 6.089555311969e-01 4.084968262205e+00 -4.118990892304e+00 1.016102096127e+01 1.166235550649e+01
950	-1.441744342782e-02 2.080618381762e-01 4.340709651550e+00 3.288257007269e+00 -6.445680300260e-01 1.916957317316e+00 -4.368451778574e+00 -2.326238771959e-01 -3.306846852597e+00 -1.941628543766e+00 6.089555311969e-01 4.084968262205e+00 -4.118990892304e+00 1.015892550291e+01 1.166516933493e+01
960	-1.441744342782e-02 2.080618381762e-01 4.340709651550e+00 3.288257007269e+00 -6.445680300260e-01 1.916957317316e+00 -4.368451778574e+00 -2.326238771959e-01 -3.306846852597e+00 -1.941628543766e+00 6.089555311969e-01 4.084968262205e+00 -4.118990892304e+00 1.015681151480e+01 1.166801873676e+01
970	-1.441744342782e-02 2.080618381762e-01 4.340709651550e+00 3.288257007269e+00 -6.445680300260e-01 1.916957317316e+00 -4.368451778574e+00 -2.326238771959e-01 -3.306846852597e+00 -1.941628543766e+00 6.089555311969e-01 4.084968262205e+00 -4.118990892304e+00 1.015469440506e+01 1.167088732520e+01
980	-1.441744342782e-02 2.080618381762e-01 4.340709651550e+00 3.288257007269e+00 -6.445680300260e-01 1.916957317316e+00 -4.368451778574e+00 -2.326238771959e-01 -3.306846852597e+00 -1.941628543766e+00 6.089555311969e-01 4.084968262205e+00 -4.118990892304e+00 1.015257337751e+01 1.167377251504e+01
990	-1.441744342782e-02 2.080618381762e-01 4.340709651550e+00 3.288257007269e+00 -6.445680300260e-01 1.916957317316e+00 -4.368451778574e+00 -2.326238771959e-01 -3.306846852597e+00 -1.941628543766e+00 6.089555311969e-01 4.084968262205e+00 -4.118990892304e+00 1.015043570554e+01 1.167668582734e+01
1000	-1.441744342782e-02 2.080618381762e-01 4.340709651550e+00 3.288257007269e+00 -6.445680300260e-01 1.916957317316e+00 -4.368451778574e+00 -2.326238771959e-01 -3.306846852597e+00 -1.941628543766e+00 6.089555311969e-01 4.084968262205e+00 -4.118990892304e+00 1.014827617186e+01 1.167963262898e+01
1010	-1.441744342782e-02 2.080618381762e-01 4.340709651550e+00 3.288257007269e+00 -6.445680300260e-01 1.916957317316e+00 -4.368451778574e+00 -2.326238771959e-01 -3.306846852597e+00 -1.941628543766e+00 6.089555311969e-01 4.084968262205e+00 -4.118990892304e+00 1.014610689470e+01 1.168260074587e+01
1020	-1.441744342782e-02 2.080618381762e-01 4.340709651550e+00 3.288257007269e+00 -6.445680300260e-01 1.916957317316e+00 -4.368451778574e+00 -2.326238771959e-01 -3.306846852597e+00 -1.941628543766e+00 6.089555311969e-01 4.084968262205e+00 -4.118990892304e+00 1.014394488250e+01 1.168557377107e+01
1030	-1.441744342782e-02 2.080618381762e-01 4.340709651550e+00 3.288257007269e+00 -6.445680300260e-01 1.916957317316e+00 -4.368451778574e+00 -2.326238771959e-01 -3.306846852597e+00 -1.941628543766e+00 6.089555311969e-01 4.084968262205e+00 -4.118990892304e+00 1.014179779187e+01 1.168854530164e+01
1040	-1.441744342782e-02 2.080618381762e-01 4.340709651550e+00 3.288257007269e+00 -6.445680300260e-01 1.916957317316e+00 -4.368451778574e+00 -2.326238771959e-01 -3.306846852597e+00 -1.941628543766e+00 6.089555311969e-01 4.084968262205e+00 -4.118990892304e+00 1.013965785554e+01 1.169152388597e+01
1050	-1.441744342782e-02 2.080618381762e-01 4.340709651550e+00 3.288257007269e+00 -6.445680300260e-01 1.916957317316e+00 -4.368451778574e+00 -2.326238771959e-01 -3.306846852597e+00 -1.941628543766e+00 6.089555311969e-01 4.084968262205e+00 -4.118990892304e+00 1.013750706091e+01 1.169452846083e+01
1060	-1.441744342782e-02 2.080618381762e-01 4.340709651550e+00 3.288257007269e+00 -6.445680300260e-01 1.916957317316e+00 -4.368451778574e+00 -2.326238771959e-01 -3.306846852597e+00 -1.941628543766e+00 6.089555311969e-01 4.084968262205e+00 -4.118990892304e+00 1.013533258852e+01 1.169757295651e+01
1070	-1.441744342782e-02 2.080618381762e-01 4.340709651550e+00 3.288257007269e+00 -6.445680300260e-01 1.916957317316e+00 -4.368451778574e+00 -2.326238771959e-01 -3.306846852597e+00 -1.941628543766e+00 6.089555311969e-01 4.084968262205e+00 -4.118990892304e+00 1.013313038667e+01 1.170065947972e+01
1080	-1.441744342782e-02 2.080618381762e-01 4.340709651550e+00 3.288257007269e+00 -6.445680300260e-01 1.916957317316e+00 -4.368451778574e+00 -2.326238771959e-01 -3.306846852597e+00 -1.941628543766e+00 6.089555311969e-01 4.084968262205e+00 -4.118990892304e+00 1.013089701469e+01 1.170378675575e+01
1090	-1.441744342782e-02 2.080618381762e-01 4.340709651550e+00 3.288257007269e+00 -6.445680300260e-01 1.916957317316e+00 -4.368451778574e+00 -2.326238771959e-01 -3.306846852597e+00 -1.941628543766e+00 6.089555311969e-01 4.084968262205e+00 -4.118990892304e+00 1.012862509198e+01 1.170695952959e+01
1100	-1.441744342782e-02 2.080618381762e-01 4.340709651550e+00 3.288257007269e+00 -6.445680300260e-01 1.916957317316e+00 -4.368451778574e+00 -2.326238771959e-01 -3.306846852597e+00 -1.941628543766e+00 6.089555311969e-01 4.084968262205e+00 -4.118990892304e+00 1.012630559710e+01 1.171018797609e+01
1110	-1.441744342782e-02 2.080618381762e-01 4.340709651550e+00 3.288257007269e+00 -6.445680300260e-01 1.916957317316e+00 -4.368451778574e+00 -2.326238771959e-01 -3.306846852597e+00 -1.941628543766e+00 6.089555311969e-01 4.084968262205e+00 -4.118990892304e+00 1.012394504257e+01 1.171346813849e+01
1120	-1.441744342782e-02 2.080618381762e-01 4.340709651550e+00 3.288257007269e+00 -6.445680300260e-01 1.916957317316e+00 -4.368451778574e+00 -2.326238771959e-01 -3.306846852597e+00 -1.941628543766e+00 6.089555311969e-01 4.084968262205e+00 -4.118990892304e+00 1.012156609720e+01 1.171677864890e+01
1130	-1.441744342782e-02 2.080618381762e-01 4.340709651550e+00 3.288257007269e+00 -6.445680300260e-01 1.916957317316e+00 -4.368451778574e+00 -2.326238771959e-01 -3.306846852597e+00 -1.941628543766e+00 6.089555311969e-01 4.084968262205e+00 -4.118990892304e+00 1.011918283076e+01 1.172010478264e+01
1140	-1.441744342782e-02 2.080618381762e-01 4.340709651550e+00 3.288257007269e+00 -6.445680300260e-01 1.916957317316e+00 -4.368451778574e+00 -2.326238771959e-01 -3.306846852597e+00 -1.941628543766e+00 6.089555311969e-01 4.084968262205e+00 -4.118990892304e+00 1.011678474382e+01 1.172345620361e+01
1150	-1.441744342782e-02 2.080618381762e-01 4.340709651550e+00 3.288257007269e+00 -6.445680300260e-01 1.916957317316e+00 -4.368451778574e+00 -2.326238771959e-01 -3.306846852597e+00 -1.941628543766e+00 6.089555311969e-01 4.084968262205e+00 -4.118990892304e+00 1.011435071755e+01 1.172685490848e+01
1160	-1.441744342782e-02 2.080618381762e-01 4.340709651550e+00 3.288257007269e+00 -6.445680300260e-01 1.916957317316e+00 -4.368451778574e+00 -2.326238771959e-01 -3.306846852597e+00 -1.941628543766e+00 6.089555311969e-01 4.084968262205e+00 -4.118990892304e+00 1.011187515468e+01 1.173030879757e+01
1170	-1.441744342782e-02 2.080618381762e-01 4.340709651550e+00 3.288257007269e+00 -6.445680300260e-01 1.916957317316e+00 -4.368451778574e+00 -2.326238771959e-01 -3.306846852597e+00 -1.941628543766e+00 6.089555311969e-01 4.084968262205e+00 -4.118990892304e+00 1.010937771900e+01 1.173380080106e+01
1180	-1.441744342782e-02 2.080618381762e-01 4.340709651550e+00 3.288257007269e+00 -6.445680300260e-01 1.916957317316e+00 -4.368451778574e+00 -2.326238771959e-01 -3.306846852597e+00 -1.941628543766e+00 6.089555311969e-01 4.084968262205e+00 -4.118990892304e+00 1.010688425282e+01 1.173730709635e+01
1190	-1.441744342782e-02 2.080618381762e-01 4.340709651550e+00 3.288257007269e+00 -6.445680300260e-01 1.916957317316e+00 -4.368451778574e+00 -2.326238771959e-01 -3.306846852597e+00 -1.941628543766e+00 6.089555311969e-01 4.084968262205e+00 -4.118990892304e+00 1.010439667425e+01 1.174082318331e+01
1200	-1.441744342782e-02 2.080618381762e-01 4.340709651550e+00 3.288257007269e+00 -6.445680300260e-01 1.916957317316e+00 -4.368451778574e+00 -2.326238771959e-01 -3.306846852597e+00 -1.941628543766e+00 6.089555311969e-01 4.084968262205e+00 -4.118990892304e+00 1.010189188838e+01 1.174436680462e+01
1210	-1.441744342782e-02 2.080618381762e-01 4.340709651550e+00 3.288257007269e+00 -6.445680300260e-01 1.916957317316e+00 -4.368451778574e+00 -2.326238771959e-01 -3.306846852597e+00 -1.941628543766e+00 6.089555311969e-01 4.084968262205e+00 -4.118990892304e+00 1.009934835647e+01 1.174796103795e+01
1220	-1.441744342782e-02 2.080618381762e-01 4.340709651550e+00 3.288257007269e+00 -6.445680300260e-01 1.916957317316e+00 -4.368451778574e+00 -2.326238771959e-01 -3.306846852597e+00 -1.941628543766e+00 6.089555311969e-01 4.084968262205e+00 -4.118990892304e+00 1.009676658563e+01 1.175161226274e+01
1230	-1.441744342782e-02 2.080618381762e-01 4.340709651550e+00 3.288257007269e+00 -6.445680300260e-01 1.916957317316e+00 -4.368451778574e+00 -2.326238771959e-01 -3.306846852597e+00 -1.941628543766e+00 6.089555311969e-01 4.084968262205e+00 -4.118990892304e+00 1.009416145371e+01 1.175530775848e+01
1240	-1.441744342782e-02 2.080618381762e-01 4.340709651550e+00 3.288257007269e+00 -6.445680300260e-01 1.916957317316e+00 -4.368451778574e+00 -2.326238771959e-01 -3.306846852597e+00 -1.941628543766e+00 6.089555311969e-01 4.084968262205e+00 -4.118990892304e+00 1.009154145224e+01 1.175903306908e+01
1250	-1.441744342782e-02 2.080618381762e-01 4.340709651550e+00 3.288257007269e+00 -6.445680300260e-01 1.916957317316e+00 -4.368451778574e+00 -2.326238771959e-01 -3.306846852597e+00 -1.941628543766e+00 6.089555311969e-01 4.084968262205e+00 -4.118990892304e+00 1.008890426211e+01 1.176278595215e+01
1260	-1.441744342782e-02 2.080618381762e-01 4.340709651550e+00 3.288257007269e+00 -6.445680300260e-01 1.916957317316e+00 -4.368451778574e+00 -2.326238771959e-01 -3.306846852597e+00 -1.941628543766e+00 6.089555311969e-01 4.084968262205e+00 -4.118990892304e+00 1.008624090898e+01 1.176657664155e+01
1270	-1.441744342782e-02 2.080618381762e-01 4.340709651550e+00 3.288257007269e+00 -6.445680300260e-01 1.916957317316e+00 -4.368451778574e+00 -2.326238771959e-01 -3.306846852597e+00 -1.941628543766e+00 6.089555311969e-01 4.084968262205e+00 -4.118990892304e+00 1.008354129126e+01 1.177041836653e+01
1280	-1.441744342782e-02 2.080618381762e-01 4.340709651550e+00 3.288257007269e+00 -6.445680300260e-01 1.916957317316e+00 -4.368451778574e+00 -2.326238771959e-01 -3.306846852597e+00 -1.941628543766e+00 6.089555311969e-01 4.084968262205e+00 -4.118990892304e+00 1.008080744365e+01 1.177430897128e+01
1290	-1.441744342782e-02 2.080618381762e-01 4.340709651550e+00 3.288257007269e+00 -6.445680300260e-01 1.916957317316e+00 -4.368451778574e+00 -2.326238771959e-01 -3.306846852597e+00 -1.941628543766e+00 6.089555311969e-01 4.084968262205e+00 -4.118990892304e+00 1.007804893056e+01 1.177823546554e+01
1300	-1.441744342782e-02 2.080618381762e-01 4.340709651550e+00 3.288257007269e+00 -6.445680300260e-01 1.916957317316e+00 -4.368451778574e+00 -2.326238771959e-01 -3.306846852597e+00 -1.941628543766e+00 6.089555311969e-01 4.084968262205e+00 -4.118990892304e+00 1.007526993184e+01 1.178219171537e+01
1310	-1.441744342782e-02 2.080618381762e-01 4.340709651550e+00 3.288257007269e+00 -6.445680300260e-01 1.916957317316e+00 -4.368451778574e+00 -2.326238771959e-01 -3.306846852597e+00 -1.941628543766e+00 6.089555311969e-01 4.084968262205e+00 -4.118990892304e+00 1.007246544335e+01 1.178618407092e+01
1320	-1.441744342782e-02 2.080618381762e-01 4.340709651550e+00 3.288257007269e+00 -6.445680300260e-01 1.916957317316e+00 -4.368451778574e+00 -2.326238771959e-01 -3.306846852597e+00 -1.941628543766e+00 6.089555311969e-01 4.084968262205e+00 -4.118990892304e+00 1.006962998609e+01 1.179021946518e+01
1330	-1.441744342782e-02 2.080618381762e-01 4.340709651550e+00 3.288257007269e+00 -6.445680300260e-01 1.916957317316e+00 -4.368451778574e+00 -2.326238771959e-01 -3.306846852597e+00 -1.941628543766e+00 6.089555311969e-01 4.084968262205e+00 -4.118990892304e+00 1.006676613291e+01 1.179429515965e+01
1340	-1.441744342782e-02 2.080618381762e-01 4.340709651550e+00 3.288257007269e+00 -6.445680300260e-01 1.916957317316e+00 -4.368451778574e+00 -2.326238771959e-01 -3.306846852597e+00 -1.941628543766e+00 6.089555311969e-01 4.084968262205e+00 -4.118990892304e+00 1.006387988840e+01 1.179840469561e+01
1350	-1.441744342782e-02 2.080618381762e-01 4.340709651550e+00 3.288257007269e+00 -6.445680300260e-01 1.916957317316e+00 -4.368451778574e+00 -2.326238771959e-01 -3.306846852597e+00 -1.941628543766e+00 6.089555311969e-01 4.084968262205e+00 -4.118990892304e+00 1.006096897002e+01 1.180255124797e+01
1360	-1.441744342782e-02 2.080618381762e-01 4.340709651550e+00 3.288257007269e+00 -6.445680300260e-01 1.916957317316e+00 -4.368451778574e+00 -2.326238771959e-01 -3.306846852597e+00 -1.941628543766e+00 6.089555311969e-01 4.084968262205e+00 -4.118990892304e+00 1.005802665146e+01 1.180674518252e+01
1370	-1.441744342782e-02 2.080618381762e-01 4.340709651550e+00 3.288257007269e+00 -6.445680300260e-01 1.916957317316e+00 -4.368451778574e+00 -2.326238771959e-01 -3.306846852597e+00 -1.941628543766e+00 6.089555311969e-01 4.084968262205e+00 -4.118990892304e+00 1.005505348084e+01 1.181099093196e+01
1380	-1.441744342782e-02 2.080618381762e-01 4.340709651550e+00 3.288257007269e+00 -6.445680300260e-01 1.916957317316e+00 -4.368451778574e+00 -2.326238771959e-01 -3.306846852597e+00 -1.941628543766e+00 6.089555311969e-01 4.084968262205e+00 -4.118990892304e+00 1.005205435832e+01 1.181528566036e+01
1390	-1.441744342782e-02 2.080618381762e-01 4.340709651550e+00 3.288257007269e+00 -6.445680300260e-01 1.916957317316e+00 -4.368451778574e+00 -2.326238771959e-01 -3.306846852597e+00 -1.941628543766e+00 6.089555311969e-01 4.084968262205e+00 -4.118990892304e+00 1.004903363934e+01 1.181962124483e+01
1400	-1.441744342782e-02 2.080618381762e-01 4.340709651550e+00 3.288257007269e+00 -6.445680300260e-01 1.916957317316e+00 -4.368451778574e+00 -2.326238771959e-01 -3.306846852597e+00 -1.941628543766e+00 6.089555311969e-01 4.084968262205e+00 -4.118990892304e+00 1.004599601035e+01 1.182398778540e+01
1410	-1.441744342782e-02 2.080618381762e-01 4.340709651550e+00 3.288257007269e+00 -6.445680300260e-01 1.916957317316e+00 -4.368451778574e+00 -2.326238771959e-01 -3.306846852597e+00 -1.941628543766e+00 6.089555311969e-01 4.084968262205e+00 -4.118990892304e+00 1.004294604250e+01 1.182837805399e+01
1420	-1.441744342782e-02 2.080618381762e-01 4.340709651550e+00 3.288257007269e+00 -6.445680300260e-01 1.916957317316e+00 -4.368451778574e+00 -2.326238771959e-01 -3.306846852597e+00 -1.941628543766e+00 6.089555311969e-01 4.084968262205e+00 -4.118990892304e+00 1.003988585974e+01 1.183279005224e+01
1430	-1.441744342782e-02 2.080618381762e-01 4.340709651550e+00 3.288257007269e+00 -6.445680300260e-01 1.916957317316e+00 -4.368451778574e+00 -2.326238771959e-01 -3.306846852597e+00 -1.941628543766e+00 6.089555311969e-01 4.084968262205e+00 -4.118990892304e+00 1.003681899990e+01 1.183722263636e+01
1440	-1.441744342782e-02 2.080618381762e-01 4.340709651550e+00 3.288257007269e+00 -6.445680300260e-01 1.916957317316e+00 -4.368451778574e+00 -2.326238771959e-01 -3.306846852597e+00 -1.941628543766e+00 6.089555311969e-01 4.084968262205e+00 -4.118990892304e+00 1.003374984077e+01 1.184167420939e+01
1450	-1.441744342782e-02 2.080618381762e-01 4.340709651550e+00 3.288257007269e+00 -6.445680300260e-01 1.916957317316e+00 -4.368451778574e+00 -2.326238771959e-01 -3.306846852597e+00 -1.941628543766e+00 6.089555311969e-01 4.084968262205e+00 -4.118990892304e+00 1.003068180400e+01 1.184614147989e+01
1460	-1.441744342782e-02 2.080618381762e-01 4.340709651550e+00 3.288257007269e+00 -6.445680300260e-01 1.916957317316e+00 -4.368451778574e+00 -2.326238771959e-01 -3.306846852597e+00 -1.941628543766e+00 6.089555311969e-01 4.084968262205e+00 -4.118990892304e+00 1.002760958206e+01 1.185062626654e+01
1470	-1.441744342782e-02 2.080618381762e-01 4.340709651550e+00 3.288257007269e+00 -6.445680300260e-01 1.916957317316e+00 -4.368451778574e+00 -2.326238771959e-01 -3.306846852597e+00 -1.941628543766e+00 6.089555311969e-01 4.084968262205e+00 -4.118990892304e+00 1.002451979208e+01 1.185513872279e+01
1480	-1.441744342782e-02 2.080618381762e-01 4.340709651550e+00 3.288257007269e+00 -6.445680300260e-01 1.916957317316e+00 -4.368451778574e+00 -2.326238771959e-01 -3.306846852597e+00 -1.941628543766e+00 6.089555311969e-01 4.084968262205e+00 -4.118990892304e+00 1.002140313866e+01 1.185969015466e+01
1490	-1.441744342782e-02 2.080618381762e-01 4.340709651550e+00 3.288257007269e+00 -6.445680300260e-01 1.916957317316e+00 -4.368451778574e+00 -2.326238771959e-01 -3.306846852597e+00 -1.941628543766e+00 6.089555311969e-01 4.084968262205e+00 -4.118990892304e+00 1.001826282910e+01 1.186428297117e+01
1500	-1.441744342782e-02 2.080618381762e-01 4.340709651550e+00 3.288257007269e+00 -6.445680300260e-01 1.916957317316e+00 -4.368451778574e+00 -2.326238771959e-01 -3.306846852597e+00 -1.941628543766e+00 6.089555311969e-01 4.084968262205e+00 -4.118990892304e+00 1.001510276157e+01 1.186891741296e+01
1510	-1.441744342782e-02 2.080618381762e-01 4.340709651550e+00 3.288257007269e+00 -6.445680300260e-01 1.916957317316e+00 -4.368451778574e+00 -2.326238771959e-01 -3.306846852597e+00 -1.941628543766e+00 6.089555311969e-01 4.084968262205e+00 -4.118990892304e+00 1.001192739519e+01 1.187358913360e+01
1520	-1.441744342782e-02 2.080618381762e-01 4.340709651550e+00 3.288257007269e+00 -6.445680300260e-01 1.916957317316e+00 -4.368451778574e+00 -2.326238771959e-01 -3.306846852597e+00 -1.941628543766e+00 6.089555311969e-01 4.084968262205e+00 -4.118990892304e+00 1.000874395131e+01 1.187828793675e+01
1530	-1.441744342782e-02 2.080618381762e-01 4.340709651550e+00 3.288257007269e+00 -6.445680300260e-01 1.916957317316e+00 -4.368451778574e+00 -2.326238771959e-01 -3.306846852597e+00 -1.941628543766e+00 6.089555311969e-01 4.084968262205e+00 -4.118990892304e+00 1.000555493921e+01 1.188300755592e+01
1540	-1.441744342782e-02 2.080618381762e-01 4.340709651550e+00 3.288257007269e+00 -6.445680300260e-01 1.916957317316e+00 -4.368451778574e+00 -2.326238771959e-01 -3.306846852597e+00 -1.941628543766e+00 6.089555311969e-01 4.084968262205e+00 -4.118990892304e+00 1.000235573835e+01 1.188775308579e+01
1550	-1.441744342782e-02 2.080618381762e-01 4.340709651550e+00 3.288257007269e+00 -6.445680300260e-01 1.916957317316e+00 -4.368451778574e+00 -2.326238771959e-01 -3.306846852597e+00 -1.941628543766e+00 6.089555311969e-01 4.084968262205e+00 -4.118990892304e+00 9.999139531728e+00 1.189253394121e+01
1560	-1.441744342782e-02 2.080618381762e-01 4.340709651550e+00 3.288257007269e+00 -6.445680300260e-01 1.916957317316e+00 -4.368451778574e+00 -2.326238771959e-01 -3.306846852597e+00 -1.941628543766e+00 6.089555311969e-01 4.084968262205e+00 -4.118990892304e+00 9.995901762367e+00 1.189735354339e+01
1570	-1.441744342782e-02 2.080618381762e-01 4.340709651550e+00 3.288257007269e+00 -6.445680300260e-01 1.916957317316e+00 -4.368451778574e+00 -2.326238771959e-01 -3.306846852597e+00 -1.941628543766e+00 6.089555311969e-01 4.084968262205e+00 -4.118990892304e+00 9.992642205564e+00 1.190220862570e+01
1580	-1.441744342782e-02 2.080618381762e-01 4.340709651550e+00 3.288257007269e+00 -6.445680300260e-01 1.916957317316e+00 -4.368451778574e+00 -2.326238771959e-01 -3.306846852597e+00 -1.941628543766e+00 6.089555311969e-01 4.084968262205e+00 -4.118990892304e+00 9.989362989177e+00 1.190709251026e+01
1590	-1.441744342782e-02 2.080618381762e-01 4.340709651550e+00 3.288257007269e+00 -6.445680300260e-01 1.916957317316e+00 -4.368451778574e+00 -2.326238771959e-01 -3.306846852597e+00 -1.941628543766e+00 6.089555311969e-01 4.084968262205e+00 -4.118990892304e+00 9.986066678602e+00 1.191199869223e+01
1600	-1.441744342782e-02 2.080618381762e-01 4.340709651550e+00 3.288257007269e+00 -6.445680300260e-01 1.916957317316e+00 -4.368451778574e+00 -2.326238771959e-01 -3.306846852597e+00 -1.941628543766e+00 6.089555311969e-01 4.084968262205e+00 -4.118990892304e+00 9.982758982880e+00 1.191692130204e+01
1610	-1.441744342782e-02 2.080618381762e-01 4.340709651550e+00 3.288257007269e+00 -6.445680300260e-01 1.916957317316e+00 -4.368451778574e+00 -2.326238771959e-01 -3.306846852597e+00 -1.941628543766e+00 6.089555311969e-01 4.084968262205e+00 -4.118990892304e+00 9.979444942848e+00 1.192185857673e+01
1620	-1.441744342782e-02 2.080618381762e-01 4.340709651550e+00 3.288257007269e+00 -6.445680300260e-01 1.916957317316e+00 -4.368451778574e+00 -2.326238771959e-01 -3.306846852597e+00 -1.941628543766e+00 6.089555311969e-01 4.084968262205e+00 -4.118990892304e+00 9.976123856152e+00 1.192681405282e+01
1630	-1.441744342782e-02 2.080618381762e-01 4.340709651550e+00 3.288257007269e+00 -6.445680300260e-01 1.916957317316e+00 -4.368451778574e+00 -2.326238771959e-01 -3.306846852597e+00 -1.941628543766e+00 6.089555311969e-01 4.084968262205e+00 -4.118990892304e+00 9.972791979410e+00 1.193179226134e+01
1640	-1.441744342782e-02 2.080618381762e-01 4.340709651550e+00 3.288257007269e+00 -6.445680300260e-01 1.916957317316e+00 -4.368451778574e+00 -2.326238771959e-01 -3.306846852597e+00 -1.941628543766e+00 6.089555311969e-01 4.084968262205e+00 -4.118990892304e+00 9.969451215413e+00 1.193679192452e+01
1650	-1.441744342782e-02 2.080618381762e-01 4.340709651550e+00 3.288257007269e+00 -6.445680300260e-01 1.916957317316e+00 -4.368451778574e+00 -2.326238771959e-01 -3.306846852597e+00 -1.941628543766e+00 6.089555311969e-01 4.084968262205e+00 -4.118990892304e+00 9.966104487131e+00 1.194180940657e+01
1660	-1.441744342782e-02 2.080618381762e-01 4.340709651550e+00 3.288257007269e+00 -6.445680300260e-01 1.916957317316e+00 -4.368451778574e+00 -2.326238771959e-01 -3.306846852597e+00 -1.941628543766e+00 6.089555311969e-01 4.084968262205e+00 -4.118990892304e+00 9.962753110328e+00 1.194683951698e+01
1670	-1.441744342782e-02 2.080618381762e-01 4.340709651550e+00 3.288257007269e+00 -6.445680300260e-01 1.916957317316e+00 -4.368451778574e+00 -2.326238771959e-01 -3.306846852597e+00 -1.941628543766e+00 6.089555311969e-01 4.084968262205e+00 -4.118990892304e+00 9.959396177223e+00 1.195188104750e+01
1680	-1.441744342782e-02 2.080618381762e-01 4.340709651550e+00 3.288257007269e+00 -6.445680300260e-01 1.916957317316e+00 -4.368451778574e+00 -2.326238771959e-01 -3.306846852597e+00 -1.941628543766e+00 6.089555311969e-01 4.084968262205e+00 -4.118990892304e+00 9.956026089006e+00 1.195694225956e+01
1690	-1.441744342782e-02 2.080618381762e-01 4.340709651550e+00 3.288257007269e+00 -6.445680300260e-01 1.916957317316e+00 -4.368451778574e+00 -2.326238771959e-01 -3.306846852597e+00 -1.941628543766e+00 6.089555311969e-01 4.084968262205e+00 -4.118990892304e+00 9.952634475330e+00 1.196203329424e+01
1700	-1.441744342782e-02 2.080618381762e-01 4.340709651550e+00 3.288257007269e+00 -6.445680300260e-01 1.916957317316e+00 -4.368451778574e+00 -2.326238771959e-01 -3.306846852597e+00 -1.941628543766e+00 6.089555311969e-01 4.084968262205e+00 -4.118990892304e+00 9.949225548823e+00 1.196715212603e+01
1710	-1.441744342782e-02 2.080618381762e-01 4.340709651550e+00 3.288257007269e+00 -6.445680300260e-01 1.916957317316e+00 -4.368451778574e+00 -2.326238771959e-01 -3.306846852597e+00 -1.941628543766e+00 6.089555311969e-01 4.084968262205e+00 -4.118990892304e+00 9.945812349868e+00 1.197228883510e+01
1720	-1.441744342782e-02 2.080618381762e-01 4.340709651550e+00 3.288257007269e+00 -6.445680300260e-01 1.916957317316e+00 -4.368451778574e+00 -2.326238771959e-01 -3.306846852597e+00 -1.941628543766e+00 6.089555311969e-01 4.084968262205e+00 -4.118990892304e+00 9.942402354798e+00 1.197744166693e+01
1730	-1.441744342782e-02 2.080618381762e-01 4.340709651550e+00 3.288257007269e+00 -6.445680300260e-01 1.916957317316e+00 -4.368451778574e+00 -2.326238771959e-01 -3.306846852597e+00 -1.941628543766e+00 6.089555311969e-01 4.084968262205e+00 -4.118990892304e+00 9.938995747086e+00 1.198261592224e+01
1740	-1.441744342782e-02 2.080618381762e-01 4.340709651550e+00 3.288257007269e+00 -6.445680300260e-01 1.916957317316e+00 -4.368451778574e+00 -2.326238771959e-01 -3.306846852597e+00 -1.941628543766e+00 6.089555311969e-01 4.084968262205e+00 -4.118990892304e+00 9.935592598839e+00 1.198781215047e+01
1750	-1.441744342782e-02 2.080618381762e-01 4.340709651550e+00 3.288257007269e+00 -6.445680300260e-01 1.916957317316e+00 -4.368451778574e+00 -2.326238771959e-01 -3.306846852597e+00 -1.941628543766e+00 6.089555311969e-01 4.084968262205e+00 -4.118990892304e+00 9.932196736654e+00 1.199302161802e+01
1760	-1.441744342782e-02 2.080618381762e-01 4.340709651550e+00 3.288257007269e+00 -6.445680300260e-01 1.916957317316e+00 -4.368451778574e+00 -2.326238771959e-01 -3.306846852597e+00 -1.941628543766e+00 6.089555311969e-01 4.084968262205e+00 -4.118990892304e+00 9.928812059934e+00 1.199823779915e+01
1770	-1.441744342782e-02 2.080618381762e-01 4.340709651550e+00 3.288257007269e+00 -6.445680300260e-01 1.916957317316e+00 -4.368451778574e+00 -2.326238771959e-01 -3.306846852597e+00 -1.941628543766e+00 6.089555311969e-01 4.084968262205e+00 -4.118990892304e+00 9.925439049464e+00 1.200346443593e+01
1780	-1.441744342782e-02 2.080618381762e-01 4.340709651550e+00 3.288257007269e+00 -6.445680300260e-01 1.916957317316e+00 -4.368451778574e+00 -2.326238771959e-01 -3.306846852597e+00 -1.941628543766e+00 6.089555311969e-01 4.084968262205e+00 -4.118990892304e+00 9.922068547333e+00 1.200871523745e+01
1790	-1.441744342782e-02 2.080618381762e-01 4.340709651550e+00 3.288257007269e+00 -6.445680300260e-01 1.916957317316e+00 -4.368451778574e+00 -2.326238771959e-01 -3.306846852597e+00 -1.941628543766e+00 6.089555311969e-01 4.084968262205e+00 -4.118990892304e+00 9.918689995404e+00 1.201400314016e+01
1800	-1.441744342782e-02 2.080618381762e-01 4.340709651550e+00 3.288257007269e+00 -6.445680300260e-01 1.916957317316e+00 -4.368451778574e+00 -2.326238771959e-01 -3.306846852597e+00 -1.941628543766e+00 6.089555311969e-01 4.084968262205e+00 -4.118990892304e+00 9.915299906935e+00 1.201933086469e+01
1810	-1.441744342782e-02 2.080618381762e-01 4.340709651550e+00 3.288257007269e+00 -6.445680300260e-01 1.916957317316e+00 -4.368451778574e+00 -2.326238771959e-01 -3.306846852597e+00 -1.941628543766e+00 6.089555311969e-01 4.084968262205e+00 -4.118990892304e+00 9.911902969219e+00 1.202468820102e+01
1820	-1.441744342782e-02 2.080618381762e-01 4.340709651550e+00 3.288257007269e+00 -6.445680300260e-01 1.916957317316e+00 -4.368451778574e+00 -2.326238771959e-01 -3.306846852597e+00 -1.941628543766e+00 6.089555311969e-01 4.084968262205e+00 -4.118990892304e+00 9.908507308846e+00 1.203006240555e+01
1830	-1.441744342782e-02 2.080618381762e-01 4.340709651550e+00 3.288257007269e+00 -6.445680300260e-01 1.916957317316e+00 -4.368451778574e+00 -2.326238771959e-01 -3.306846852597e+00 -1.941628543766e+00 6.089555311969e-01 4.084968262205e+00 -4.118990892304e+00 9.905118647209e+00 1.203544861991e+01
1840	-1.441744342782e-02 2.080618381762e-01 4.340709651550e+00 3.288257007269e+00 -6.445680300260e-01 1.916957317316e+00 -4.368451778574e+00 -2.326238771959e-01 -3.306846852597e+00 -1.941628543766e+00 6.089555311969e-01 4.084968262205e+00 -4.118990892304e+00 9.901736189280e+00 1.204085057500e+01
1850	-1.441744342782e-02 2.080618381762e-01 4.340709651550e+00 3.288257007269e+00 -6.445680300260e-01 1.916957317316e+00 -4.368451778574e+00 -2.326238771959e-01 -3.306846852597e+00 -1.941628543766e+00 6.089555311969e-01 4.084968262205e+00 -4.118990892304e+00 9.898354904260e+00 1.204627268427e+01
1860	-1.441744342782e-02 2.080618381762e-01 4.340709651550e+00 3.288257007269e+00 -6.445680300260e-01 1.916957317316e+00 -4.368451778574e+00 -2.326238771959e-01 -3.306846852597e+00 -1.941628543766e+00 6.089555311969e-01 4.084968262205e+00 -4.118990892304e+00 9.894971113873e+00 1.205171301244e+01
1870	-1.441744342782e-02 2.080618381762e-01 4.340709651550e+00 3.288257007269e+00 -6.445680300260e-01 1.916957317316e+00 -4.368451778574e+00 -2.326238771959e-01 -3.306846852597e+00 -1.941628543766e+00 6.089555311969e-01 4.084968262205e+00 -4.118990892304e+00 9.891581694151e+00 1.205716815323e+01
1880	-1.441744342782e-02 2.080618381762e-01 4.340709651550e+00 3.288257007269e+00 -6.445680300260e-01 1.916957317316e+00 -4.368451778574e+00 -2.326238771959e-01 -3.306846852597e+00 -1.941628543766e+00 6.089555311969e-01 4.084968262205e+00 -4.118990892304e+00 9.888187504519e+00 1.206263481538e+01
1890	-1.441744342782e-02 2.080618381762e-01 4.340709651550e+00 3.288257007269e+00 -6.445680300260e-01 1.916957317316e+00 -4.368451778574e+00 -2.326238771959e-01 -3.306846852597e+00 -1.941628543766e+00 6.089555311969e-01 4.084968262205e+00 -4.118990892304e+00 9.884794317471e+00 1.206810860177e+01
1900	-1.441744342782e-02 2.080618381762e-01 4.340709651550e+00 3.288257007269e+00 -6.445680300260e-01 1.916957317316e+00 -4.368451778574e+00 -2.326238771959e-01 -3.306846852597e+00 -1.941628543766e+00 6.089555311969e-01 4.084968262205e+00 -4.118990892304e+00 9.881407194436e+00 1.207358517190e+01
1910	-1.441744342782e-02 2.080618381762e-01 4.340709651550e+00 3.288257007269e+00 -6.445680300260e-01 1.916957317316e+00 -4.368451778574e+00 -2.326238771959e-01 -3.306846852597e+00 -1.941628543766e+00 6.089555311969e-01 4.084968262205e+00 -4.118990892304e+00 9.878022060794e+00 1.207906593846e+01
1920	-1.441744342782e-02 2.080618381762e-01 4.340709651550e+00 3.288257007269e+00 -6.445680300260e-01 1.916957317316e+00 -4.368451778574e+00 -2.326238771959e-01 -3.306846852597e+00 -1.941628543766e+00 6.089555311969e-01 4.084968262205e+00 -4.118990892304e+00 9.874631374055e+00 1.208455558746e+01
1930	-1.441744342782e-02 2.080618381762e-01 4.340709651550e+00 3.288257007269e+00 -6.445680300260e-01 1.916957317316e+00 -4.368451778574e+00 -2.326238771959e-01 -3.306846852597e+00 -1.941628543766e+00 6.089555311969e-01 4.084968262205e+00 -4.118990892304e+00 9.871230811654e+00 1.209005872562e+01
1940	-1.441744342782e-02 2.080618381762e-01 4.340709651550e+00 3.288257007269e+00 -6.445680300260e-01 1.916957317316e+00 -4.368451778574e+00 -2.326238771959e-01 -3.306846852597e+00 -1.941628543766e+00 6.089555311969e-01 4.084968262205e+00 -4.118990892304e+00 9.867819067026e+00 1.209558036566e+01
1950	-1.441744342782e-02 2.080618381762e-01 4.340709651550e+00 3.288257007269e+00 -6.445680300260e-01 1.916957317316e+00 -4.368451778574e+00 -2.326238771959e-01 -3.306846852597e+00 -1.941628543766e+00 6.089555311969e-01 4.084968262205e+00 -4.118990892304e+00 9.864399599567e+00 1.210112034932e+01
1960	-1.441744342782e-02 2.080618381762e-01 4.340709651550e+00 3.288257007269e+00 -6.445680300260e-01 1.916957317316e+00 -4.368451778574e+00 -2.326238771959e-01 -3.306846852597e+00 -1.941628543766e+00 6.089555311969e-01 4.084968262205e+00 -4.118990892304e+00 9.860974941907e+00 1.210667670917e+01
1970	-1.441744342782e-02 2.080618381762e-01 4.340709651550e+00 3.288257007269e+00 -6.445680300260e-01 1.916957317316e+00 -4.368451778574e+00 -2.326238771959e-01 -3.306846852597e+00 -1.941628543766e+00 6.089555311969e-01 4.084968262205e+00 -4.118990892304e+00 9.857541674360e+00 1.211225426267e+01
1980	-1.441744342782e-02 2.080618381762e-01 4.340709651550e+00 3.288257007269e+00 -6.445680300260e-01 1.916957317316e+00 -4.368451778574e+00 -2.326238771959e-01 -3.306846852597e+00 -1.941628543766e+00 6.089555311969e-01 4.084968262205e+00 -4.118990892304e+00 9.854099678013e+00 1.211785580750e+01
1990	-1.441744342782e-02 2.080618381762e-01 4.340709651550e+00 3.288257007269e+00 -6.445680300260e-01 1.916957317316e+00 -4.368451778574e+00 -2.326238771959e-01 -3.306846852597e+00 -1.941628543766e+00 6.089555311969e-01 4.084968262205e+00 -4.118990892304e+00 9.850659165003e+00 1.212347279754e+01
2000	-1.441744342782e-02 2.080618381762e-01 4.340709651550e+00 3.288257007269e+00 -6.445680300260e-01 1.916957317316e+00 -4.368451778574e+00 -2.326238771959e-01 -3.306846852597e+00 -1.941628543766e+00 6.089555311969e-01 4.084968262205e+00 -4.118990892304e+00 9.847231739192e+00 1.212909341354e+01
2010	-1.441744342782e-02 2.080618381762e-01 4.340709651550e+00 3.288257007269e+00 -6.445680300260e-01 1.916957317316e+00 -4.368451778574e+00 -2.326238771959e-01 -3.306846852597e+00 -1.941628543766e+00 6.089555311969e-01 4.084968262205e+00 -4.118990892304e+00 9.843822939698e+00 1.213471311108e+01
2020	-1.441744342782e-02 2.080618381762e-01 4.340709651550e+00 3.288257007269e+00 -6.445680300260e-01 1.916957317316e+00 -4.368451778574e+00 -2.326238771959e-01 -3.306846852597e+00 -1.941628543766e+00 6.089555311969e-01 4.084968262205e+00 -4.118990892304e+00 9.840428961383e+00 1.214033944070e+01
2030	-1.441744342782e-02 2.080618381762e-01 4.340709651550e+00 3.288257007269e+00 -6.445680300260e-01 1.916957317316e+00 -4.368451778574e+00 -2.326238771959e-01 -3.306846852597e+00 -1.941628543766e+00 6.089555311969e-01 4.084968262205e+00 -4.118990892304e+00 9.837040303894e+00 1.214598492212e+01
2040	-1.441744342782e-02 2.080618381762e-01 4.340709651550e+00 3.288257007269e+00 -6.445680300260e-01 1.916957317316e+00 -4.368451778574e+00 -2.326238771959e-01 -3.306846852597e+00 -1.941628543766e+00 6.089555311969e-01 4.084968262205e+00 -4.118990892304e+00 9.833650991098e+00 1.215165527086e+01
2050	-1.441744342782e-02 2.080618381762e-01 4.340709651550e+00 3.288257007269e+00 -6.445680300260e-01 1.916957317316e+00 -4.368451778574e+00 -2.326238771959e-01 -3.306846852597e+00 -1.941628543766e+00 6.089555311969e-01 4.084968262205e+00 -4.118990892304e+00 9.830260652957e+00 1.215734977848e+01
2060	-1.441744342782e-02 2.080618381762e-01 4.340709651550e+00 3.288257007269e+00 -6.445680300260e-01 1.916957317316e+00 -4.368451778574e+00 -2.326238771959e-01 -3.306846852597e+00 -1.941628543766e+00 6.089555311969e-01 4.084968262205e+00 -4.118990892304e+00 9.826873128807e+00 1.216306546692e+01
2070	-1.441744342782e-02 2.080618381762e-01 4.340709651550e+00 3.288257007269e+00 -6.445680300260e-01 1.916957317316e+00 -4.368451778574e+00 -2.326238771959e-01 -3.306846852597e+00 -1.941628543766e+00 6.089555311969e-01 4.084968262205e+00 -4.118990892304e+00 9.823488835719e+00 1.216880538630e+01
2080	-1.441744342782e-02 2.080618381762e-01 4.340709651550e+00 3.288257007269e+00 -6.445680300260e-01 1.916957317316e+00 -4.368451778574e+00 -2.326238771959e-01 -3.306846852597e+00 -1.941628543766e+00 6.089555311969e-01 4.084968262205e+00 -4.118990892304e+00 9.820102023771e+00 1.217458004639e+01
2090	-1.441744342782e-02 2.080618381762e-01 4.340709651550e+00 3.288257007269e+00 -6.445680300260e-01 1.916957317316e+00 -4.368451778574e+00 -2.326238771959e-01 -3.306846852597e+00 -1.941628543766e+00 6.089555311969e-01 4.084968262205e+00 -4.118990892304e+00 9.816707318386e+00 1.218039557739e+01
2100	-1.441744342782e-02 2.080618381762e-01 4.340709651550e+00 3.288257007269e+00 -6.445680300260e-01 1.916957317316e+00 -4.368451778574e+00 -2.326238771959e-01 -3.306846852597e+00 -1.941628543766e+00 6.089555311969e-01 4.084968262205e+00 -4.118990892304e+00 9.813300315543e+00 1.218624985923e+01
2110	-1.441744342782e-02 2.080618381762e-01 4.340709651550e+00 3.288257007269e+00 -6.445680300260e-01 1.916957317316e+00 -4.368451778574e+00 -2.326238771959e-01 -3.306846852597e+00 -1.941628543766e+00 6.089555311969e-01 4.084968262205e+00 -4.118990892304e+00 9.809879053633e+00 1.219213709347e+01
2120	-1.441744342782e-02 2.080618381762e-01 4.340709651550e+00 3.288257007269e+00 -6.445680300260e-01 1.916957317316e+00 -4.368451778574e+00 -2.326238771959e-01 -3.306846852597e+00 -1.941628543766e+00 6.089555311969e-01 4.084968262205e+00 -4.118990892304e+00 9.806442275404e+00 1.219805246721e+01
2130	-1.441744342782e-02 2.080618381762e-01 4.340709651550e+00 3.288257007269e+00 -6.445680300260e-01 1.916957317316e+00 -4.368451778574e+00 -2.326238771959e-01 -3.306846852597e+00 -1.941628543766e+00 6.089555311969e-01 4.084968262205e+00 -4.118990892304e+00 9.802987158768e+00 1.220399655863e+01
2140	-1.441744342782e-02 2.080618381762e-01 4.340709651550e+00 3.288257007269e+00 -6.445680300260e-01 1.916957317316e+00 -4.368451778574e+00 -2.326238771959e-01 -3.306846852597e+00 -1.941628543766e+00 6.089555311969e-01 4.084968262205e+00 -4.118990892304e+00 9.799514885316e+00 1.220997052859e+01
2150	-1.441744342782e-02 2.080618381762e-01 4.340709651550e+00 3.288257007269e+00 -6.445680300260e-01 1.916957317316e+00 -4.368451778574e+00 -2.326238771959e-01 -3.306846852597e+00 -1.941628543766e+00 6.089555311969e-01 4.084968262205e+00 -4.118990892304e+00 9.796028318246e+00 1.221597172463e+01
2160	-1.441744342782e-02 2.080618381762e-01 4.340709651550e+00 3.288257007269e+00 -6.445680300260e-01 1.916957317316e+00 -4.368451778574e+00 -2.326238771959e-01 -3.306846852597e+00 -1.941628543766e+00 6.089555311969e-01 4.084968262205e+00 -4.118990892304e+00 9.792525645891e+00 1.222199659898e+01
2170	-1.441744342782e-02 2.080618381762e-01 4.340709651550e+00 3.288257007269e+00 -6.445680300260e-01 1.916957317316e+00 -4.368451778574e+00 -2.326238771959e-01 -3.306846852597e+00 -1.941628543766e+00 6.089555311969e-01 4.084968262205e+00 -4.118990892304e+00 9.789003305853e+00 1.222804302697e+01
2180	-1.441744342782e-02 2.080618381762e-01 4.340709651550e+00 3.288257007269e+00 -6.445680300260e-01 1.916957317316e+00 -4.368451778574e+00 -2.326238771959e-01 -3.306846852597e+00 -1.941628543766e+00 6.089555311969e-01 4.084968262205e+00 -4.118990892304e+00 9.785457140439e+00 1.223411352517e+01
2190	-1.441744342782e-02 2.080618381762e-01 4.340709651550e+00 3.288257007269e+00 -6.445680300260e-01 1.916957317316e+00 -4.368451778574e+00 -2.326238771959e-01 -3.306846852597e+00 -1.941628543766e+00 6.089555311969e-01 4.084968262205e+00 -4.118990892304e+00 9.781883206271e+00 1.224021239971e+01
2200	-1.441744342782e-02 2.080618381762e-01 4.340709651550e+00 3.288257007269e+00 -6.445680300260e-01 1.916957317316e+00 -4.368451778574e+00 -2.326238771959e-01 -3.306846852597e+00 -1.941628543766e+00 6.089555311969e-01 4.084968262205e+00 -4.118990892304e+00 9.778279457163e+00 1.224634103365e+01
2210	-1.441744342782e-02 2.080618381762e-01 4.340709651550e+00 3.288257007269e+00 -6.445680300260e-01 1.916957317316e+00 -4.368451778574e+00 -2.326238771959e-01 -3.306846852597e+00 -1.941628543766e+00 6.089555311969e-01 4.084968262205e+00 -4.118990892304e+00 9.774643637313e+00 1.225250190812e+01
2220	-1.441744342782e-02 2.080618381762e-01 4.340709651550e+00 3.288257007269e+00 -6.445680300260e-01 1.916957317316e+00 -4.368451778574e+00 -2.326238771959e-01 -3.306846852597e+00 -1.941628543766e+00 6.089555311969e-01 4.084968262205e+00 -4.118990892304e+00 9.770973966600e+00 1.225869827713e+01
2230	-1.441744342782e-02 2.080618381762e-01 4.340709651550e+00 3.288257007269e+00 -6.445680300260e-01 1.916957317316e+00 -4.368451778574e+00 -2.326238771959e-01 -3.306846852597e+00 -1.941628543766e+00 6.089555311969e-01 4.084968262205e+00 -4.118990892304e+00 9.767268855800e+00 1.226493474832e+01
2240	-1.441744342782e-02 2.080618381762e-01 4.340709651550e+00 3.288257007269e+00 -6.445680300260e-01 1.916957317316e+00 -4.368451778574e+00 -2.326238771959e-01 -3.306846852597e+00 -1.941628543766e+00 6.089555311969e-01 4.084968262205e+00 -4.118990892304e+00 9.763533063731e+00 1.227120886564e+01
2250	-1.441744342782e-02 2.080618381762e-01 4.340709651550e+00 3.288257007269e+00 -6.445680300260e-01 1.916957317316e+00 -4.368451778574e+00 -2.326238771959e-01 -3.306846852597e+00 -1.941628543766e+00 6.089555311969e-01 4.084968262205e+00 -4.118990892304e+00 9.759778845073e+00 1.227750847506e+01
2260	-1.441744342782e-02 2.080618381762e-01 4.340709651550e+00 3.288257007269e+00 -6.445680300260e-01 1.916957317316e+00 -4.368451778574e+00 -2.326238771959e-01 -3.306846852597e+00 -1.941628543766e+00 6.089555311969e-01 4.084968262205e+00 -4.118990892304e+00 9.756015470405e+00 1.228382734577e+01
2270	-1.441744342782e-02 2.080618381762e-01 4.340709651550e+00 3.288257007269e+00 -6.445680300260e-01 1.916957317316e+00 -4.368451778574e+00 -2.326238771959e-01 -3.306846852597e+00 -1.941628543766e+00 6.089555311969e-01 4.084968262205e+00 -4.118990892304e+00 9.752244488345e+00 1.229017076126e+01
2280	-1.441744342782e-02 2.080618381762e-01 4.340709651550e+00 3.288257007269e+00 -6.445680300260e-01 1.916957317316e+00 -4.368451778574e+00 -2.326238771959e-01 -3.306846852597e+00 -1.941628543766e+00 6.089555311969e-01 4.084968262205e+00 -4.118990892304e+00 9.748465079886e+00 1.229654605270e+01
2290	-1.441744342782e-02 2.080618381762e-01 4.340709651550e+00 3.288257007269e+00 -6.445680300260e-01 1.916957317316e+00 -4.368451778574e+00 -2.326238771959e-01 -3.306846852597e+00 -1.941628543766e+00 6.089555311969e-01 4.084968262205e+00 -4.118990892304e+00 9.744679054231e+00 1.230295572894e+01
2300	-1.441744342782e-02 2.080618381762e-01 4.340709651550e+00 3.288257007269e+00 -6.445680300260e-01 1.916957317316e+00 -4.368451778574e+00 -2.326238771959e-01 -3.306846852597e+00 -1.941628543766e+00 6.089555311969e-01 4.084968262205e+00 -4.118990892304e+00 9.740885838435e+00 1.230940073798e+01
2310	-1.441744342782e-02 2.080618381762e-01 4.340709651550e+00 3.288257007269e+00 -6.445680300260e-01 1.916957317316e+00 -4.368451778574e+00 -2.326238771959e-01 -3.306846852597e+00 -1.941628543766e+00 6.089555311969e-01 4.084968262205e+00 -4.118990892304e+00 9.737085706184e+00 1.231587847634e+01
2320	-1.441744342782e-02 2.080618381762e-01 4.340709651550e+00 3.288257007269e+00 -6.445680300260e-01 1.916957317316e+00 -4.368451778574e+00 -2.326238771959e-01 -3.306846852597e+00 -1.941628543766e+00 6.089555311969e-01 4.084968262205e+00 -4.118990892304e+00 9.733281961876e+00 1.232238680035e+01
2330	-1.441744342782e-02 2.080618381762e-01 4.340709651550e+00 3.288257007269e+00 -6.445680300260e-01 1.916957317316e+00 -4.368451778574e+00 -2.326238771959e-01 -3.306846852597e+00 -1.941628543766e+00 6.089555311969e-01 4.084968262205e+00 -4.118990892304e+00 9.729474444903e+00 1.232893190786e+01
2340	-1.441744342782e-02 2.080618381762e-01 4.340709651550e+00 3.288257007269e+00 -6.445680300260e-01 1.916957317316e+00 -4.368451778574e+00 -2.326238771959e-01 -3.306846852597e+00 -1.941628543766e+00 6.089555311969e-01 4.084968262205e+00 -4.118990892304e+00 9.725663630892e+00 1.233551679867e+01
2350	-1.441744342782e-02 2.080618381762e-01 4.340709651550e+00 3.288257007269e+00 -6.445680300260e-01 1.916957317316e+00 -4.368451778574e+00 -2.326238771959e-01 -3.306846852597e+00 -1.941628543766e+00 6.089555311969e-01 4.084968262205e+00 -4.118990892304e+00 9.721851038887e+00 1.234213704482e+01
2360	-1.441744342782e-02 2.080618381762e-01 4.340709651550e+00 3.288257007269e+00 -6.445680300260e-01 1.916957317316e+00 -4.368451778574e+00 -2.326238771959e-01 -3.306846852597e+00 -1.941628543766e+00 6.089555311969e-01 4.084968262205e+00 -4.118990892304e+00 9.718035558469e+00 1.234879030065e+01
2370	-1.441744342782e-02 2.080618381762e-01 4.340709651550e+00 3.288257007269e+00 -6.445680300260e-01 1.916957317316e+00 -4.368451778574e+00 -2.326238771959e-01 -3.306846852597e+00 -1.941628543766e+00 6.089555311969e-01 4.084968262205e+00 -4.118990892304e+00 9.714218818174e+00 1.235547538317e+01
2380	-1.441744342782e-02 2.080618381762e-01 4.340709651550e+00 3.288257007269e+00 -6.445680300260e-01 1.916957317316e+00 -4.368451778574e+00 -2.326238771959e-01 -3.306846852597e+00 -1.941628543766e+00 6.089555311969e-01 4.084968262205e+00 -4.118990892304e+00 9.710399713318e+00 1.236219485783e+01
2390	-1.441744342782e-02 2.080618381762e-01 4.340709651550e+00 3.288257007269e+00 -6.445680300260e-01 1.916957317316e+00 -4.368451778574e+00 -2.326238771959e-01 -3.306846852597e+00 -1.941628543766e+00 6.089555311969e-01 4.084968262205e+00 -4.118990892304e+00 9.706573132815e+00 1.236895502941e+01
2400	-1.441744342782e-02 2.080618381762e-01 4.340709651550e+00 3.288257007269e+00 -6.445680300260e-01 1.916957317316e+00 -4.368451778574e+00 -2.326238771959e-01 -3.306846852597e+00 -1.941628543766e+00 6.089555311969e-01 4.084968262205e+00 -4.118990892304e+00 9.702739715184e+00 1.237575677368e+01
2410	-1.441744342782e-02 2.080618381762e-01 4.340709651550e+00 3.288257007269e+00 -6.445680300260e-01 1.916957317316e+00 -4.368451778574e+00 -2.326238771959e-01 -3.306846852597e+00 -1.941628543766e+00 6.089555311969e-01 4.084968262205e+00 -4.118990892304e+00 9.698903833373e+00 1.238259323153e+01
2420	-1.441744342782e-02 2.080618381762e-01 4.340709651550e+00 3.288257007269e+00 -6.445680300260e-01 1.916957317316e+00 -4.368451778574e+00 -2.326238771959e-01 -3.306846852597e+00 -1.941628543766e+00 6.089555311969e-01 4.084968262205e+00 -4.118990892304e+00 9.695069250094e+00 1.238945459253e+01
2430	-1.441744342782e-02 2.080618381762e-01 4.340709651550e+00 3.288257007269e+00 -6.445680300260e-01 1.916957317316e+00 -4.368451778574e+00 -2.326238771959e-01 -3.306846852597e+00 -1.941628543766e+00 6.089555311969e-01 4.084968262205e+00 -4.118990892304e+00 9.691235461547e+00 1.239633715904e+01
2440	-1.441744342782e-02 2.080618381762e-01 4.340709651550e+00 3.288257007269e+00 -6.445680300260e-01 1.916957317316e+00 -4.368451778574e+00 -2.326238771959e-01 -3.306846852597e+00 -1.941628543766e+00 6.089555311969e-01 4.084968262205e+00 -4.118990892304e+00 9.687400251846e+00 1.240324138188e+01
2450	-1.441744342782e-02 2.080618381762e-01 4.340709651550e+00 3.288257007269e+00 -6.445680300260e-01 1.916957317316e+00 -4.368451778574e+00 -2.326238771959e-01 -3.306846852597e+00 -1.941628543766e+00 6.089555311969e-01 4.084968262205e+00 -4.118990892304e+00 9.683562384788e+00 1.241016506063e+01
2460	-1.441744342782e-02 2.080618381762e-01 4.340709651550e+00 3.288257007269e+00 -6.445680300260e-01 1.916957317316e+00 -4.368451778574e+00 -2.326238771959e-01 -3.306846852597e+00 -1.941628543766e+00 6.089555311969e-01 4.084968262205e+00 -4.118990892304e+00 9.679715299326e+00 1.241710763271e+01
2470	-1.441744342782e-02 2.080618381762e-01 4.340709651550e+00 3.288257007269e+00 -6.445680300260e-01 1.916957317316e+00 -4.368451778574e+00 -2.326238771959e-01 -3.306846852597e+00 -1.941628543766e+00 6.089555311969e-01 4.084968262205e+00 -4.118990892304e+00 9.675854440715e+00 1.242406651536e+01
2480	-1.441744342782e-02 2.080618381762e-01 4.340709651550e+00 3.288257007269e+00 -6.445680300260e-01 1.916957317316e+00 -4.368451778574e+00 -2.326238771959e-01 -3.306846852597e+00 -1.941628543766e+00 6.089555311969e-01 4.084968262205e+00 -4.118990892304e+00 9.671983129001e+00 1.243103614463e+01
2490	-1.441744342782e-02 2.080618381762e-01 4.340709651550e+00 3.288257007269e+00 -6.445680300260e-01 1.916957317316e+00 -4.368451778574e+00 -2.326238771959e-01 -3.306846852597e+00 -1.941628543766e+00 6.089555311969e-01 4.084968262205e+00 -4.118990892304e+00 9.668098960244e+00 1.243802001434e+01
2500	-1.441744342782e-02 2.080618381762e-01 4.340709651550e+00 3.288257007269e+00 -6.445680300260e-01 1.916957317316e+00 -4.368451778574e+00 -2.326238771959e-01 -3.306846852597e+00 -1.941628543766e+00 6.089555311969e-01 4.084968262205e+00 -4.118990892304e+00 9.664193237261e+00 1.244502497421e+01
2510	-1.441744342782e-02 2.080618381762e-01 4.340709651550e+00 3.288257007269e+00 -6.445680300260e-01 1.916957317316e+00 -4.368451778574e+00 -2.326238771959e-01 -3.306846852597e+00 -1.941628543766e+00 6.089555311969e-01 4.084968262205e+00 -4.118990892304e+00 9.660261310655e+00 1.245205065026e+01
2520	-1.441744342782e-02 2.080618381762e-01 4.340709651550e+00 3.288257007269e+00 -6.445680300260e-01 1.916957317316e+00 -4.368451778574e+00 -2.326238771959e-01 -3.306846852597e+00 -1.941628543766e+00 6.089555311969e-01 4.084968262205e+00 -4.118990892304e+00 9.656304973415e+00 1.245909646670e+01
2530	-1.441744342782e-02 2.080618381762e-01 4.340709651550e+00 3.288257007269e+00 -6.445680300260e-01 1.916957317316e+00 -4.368451778574e+00 -2.326238771959e-01 -3.306846852597e+00 -1.941628543766e+00 6.089555311969e-01 4.084968262205e+00 -4.118990892304e+00 9.652334116268e+00 1.246616048898e+01
2540	-1.441744342782e-02 2.080618381762e-01 4.340709651550e+00 3.288257007269e+00 -6.445680300260e-01 1.916957317316e+00 -4.368451778574e+00 -2.326238771959e-01 -3.306846852597e+00 -1.941628543766e+00 6.089555311969e-01 4.084968262205e+00 -4.118990892304e+00 9.648357068770e+00 1.247324051216e+01
2550	-1.441744342782e-02 2.080618381762e-01 4.340709651550e+00 3.288257007269e+00 -6.445680300260e-01 1.916957317316e+00 -4.368451778574e+00 -2.326238771959e-01 -3.306846852597e+00 -1.941628543766e+00 6.089555311969e-01 4.084968262205e+00 -4.118990892304e+00 9.644370635265e+00 1.248034124163e+01
2560	-1.441744342782e-02 2.080618381762e-01 4.340709651550e+00 3.288257007269e+00 -6.445680300260e-01 1.916957317316e+00 -4.368451778574e+00 -2.326238771959e-01 -3.306846852597e+00 -1.941628543766e+00 6.089555311969e-01 4.084968262205e+00 -4.118990892304e+00 9.640371763811e+00 1.248746549437e+01
2570	-1.441744342782e-02 2.080618381762e-01 4.340709651550e+00 3.288257007269e+00 -6.445680300260e-01 1.916957317316e+00 -4.368451778574e+00 -2.326238771959e-01 -3.306846852597e+00 -1.941628543766e+00 6.089555311969e-01 4.084968262205e+00 -4.118990892304e+00 9.636364883490e+00 1.249461254055e+01
2580	-1.441744342782e-02 2.080618381762e-01 4.340709651550e+00 3.288257007269e+00 -6.445680300260e-01 1.916957317316e+00 -4.368451778574e+00 -2.326238771959e-01 -3.306846852597e+00 -1.941628543766e+00 6.089555311969e-01 4.084968262205e+00 -4.118990892304e+00 9.632353402638e+00 1.250178676005e+01
2590	-1.441744342782e-02 2.080618381762e-01 4.340709651550e+00 3.288257007269e+00 -6.445680300260e-01 1.916957317316e+00 -4.368451778574e+00 -2.326238771959e-01 -3.306846852597e+00 -1.941628543766e+00 6.089555311969e-01 4.084968262205e+00 -4.118990892304e+00 9.628338186633e+00 1.250898921021e+01
2600	-1.441744342782e-02 2.080618381762e-01 4.340709651550e+00 3.288257007269e+00 -6.445680300260e-01 1.916957317316e+00 -4.368451778574e+00 -2.326238771959e-01 -3.306846852597e+00 -1.941628543766e+00 6.089555311969e-01 4.084968262205e+00 -4.118990892304e+00 9.624321366756e+00 1.251621666876e+01
2610	-1.441744342782e-02 2.080618381762e-01 4.340709651550e+00 3.288257007269e+00 -6.445680300260e-01 1.916957317316e+00 -4.368451778574e+00 -2.326238771959e-01 -3.306846852597e+00 -1.941628543766e+00 6.089555311969e-01 4.084968262205e+00 -4.118990892304e+00 9.620308819767e+00 1.252347280511e+01
2620	-1.441744342782e-02 2.080618381762e-01 4.340709651550e+00 3.288257007269e+00 -6.445680300260e-01 1.916957317316e+00 -4.368451778574e+00 -2.326238771959e-01 -3.306846852597e+00 -1.941628543766e+00 6.089555311969e-01 4.084968262205e+00 -4.118990892304e+00 9.616306989251e+00 1.253076218660e+01
