10	-1.123135709305e-01 7.386269514689e-02 4.815465431982e-01 3.133101225379e+00 -4.473774988384e+00 -4.223644948960e+00 -7.035151017505e-01 -2.962056084445e-01 -3.368810573503e+00 3.999830845323e+00 4.251527075020e+00 -2.112698684076e+00 1.870329759295e+00 1.042597988632e+00 1.118657716524e+00
20	-1.123135709305e-01 7.386269514689e-02 4.815465431982e-01 3.133101225379e+00 -4.473774988384e+00 -4.223644948960e+00 -7.035151017505e-01 -2.962056084445e-01 -3.368810573503e+00 3.999830845323e+00 4.251527075020e+00 -2.112698684076e+00 1.870329759295e+00 1.042597834563e+00 1.118657942452e+00
30	-1.123135709305e-01 7.386269514689e-02 4.815465431982e-01 3.133101225379e+00 -4.473774988384e+00 -4.223644948960e+00 -7.035151017505e-01 -2.962056084445e-01 -3.368810573503e+00 3.999830845323e+00 4.251527075020e+00 -2.112698684076e+00 1.870329759295e+00 1.042597738877e+00 1.118658255662e+00
40	-1.123135709305e-01 7.386269514689e-02 4.815465431982e-01 3.133101225379e+00 -4.473774988384e+00 -4.223644948960e+00 -7.035151017505e-01 -2.962056084445e-01 -3.368810573503e+00 3.999830845323e+00 4.251527075020e+00 -2.112698684076e+00 1.870329759295e+00 1.042597157316e+00 1.118659249346e+00
50	-1.123135709305e-01 7.386269514689e-02 4.815465431982e-01 3.133101225379e+00 -4.473774988384e+00 -4.223644948960e+00 -7.035151017505e-01 -2.962056084445e-01 -3.368810573503e+00 3.999830845323e+00 4.251527075020e+00 -2.112698684076e+00 1.870329759295e+00 1.042594327071e+00 1.118662779768e+00
60	-1.123135709305e-01 7.386269514689e-02 4.815465431982e-01 3.133101225379e+00 -4.473774988384e+00 -4.223644948960e+00 -7.035151017505e-01 -2.962056084445e-01 -3.368810573503e+00 3.999830845323e+00 4.251527075020e+00 -2.112698684076e+00 1.870329759295e+00 1.042586688819e+00 1.118671644991e+00
70	-1.123135709305e-01 7.386269514689e-02 4.815465431982e-01 3.133101225379e+00 -4.473774988384e+00 -4.223644948960e+00 -7.035151017505e-01 -2.962056084445e-01 -3.368810573503e+00 3.999830845323e+00 4.251527075020e+00 -2.112698684076e+00 1.870329759295e+00 1.042571756390e+00 1.118688755801e+00
80	-1.123135709305e-01 7.386269514689e-02 4.815465431982e-01 3.133101225379e+00 -4.473774988384e+00 -4.223644948960e+00 -7.035151017505e-01 -2.962056084445e-01 -3.368810573503e+00 3.999830845323e+00 4.251527075020e+00 -2.112698684076e+00 1.870329759295e+00 1.042547860037e+00 1.118716403291e+00
90	-1.123135709305e-01 7.386269514689e-02 4.815465431982e-01 3.133101225379e+00 -4.473774988384e+00 -4.223644948960e+00 -7.035151017505e-01 -2.962056084445e-01 -3.368810573503e+00 3.999830845323e+00 4.251527075020e+00 -2.112698684076e+00 1.870329759295e+00 1.042514535521e+00 1.118755791006e+00
100	-1.123135709305e-01 7.386269514689e-02 4.815465431982e-01 3.133101225379e+00 -4.473774988384e+00 -4.223644948960e+00 -7.035151017505e-01 -2.962056084445e-01 -3.368810573503e+00 3.999830845323e+00 4.251527075020e+00 -2.112698684076e+00 1.870329759295e+00 1.042473146624e+00 1.118806120533e+00
110	-1.123135709305e-01 7.386269514689e-02 4.815465431982e-01 3.133101225379e+00 -4.473774988384e+00 -4.223644948960e+00 -7.035151017505e-01 -2.962056084445e-01 -3.368810573503e+00 3.999830845323e+00 4.251527075020e+00 -2.112698684076e+00 1.870329759295e+00 1.042426377292e+00 1.118864818812e+00
120	-1.123135709305e-01 7.386269514689e-02 4.815465431982e-01 3.133101225379e+00 -4.473774988384e+00 -4.223644948960e+00 -7.035151017505e-01 -2.962056084445e-01 -3.368810573503e+00 3.999830845323e+00 4.251527075020e+00 -2.112698684076e+00 1.870329759295e+00 1.042376432870e+00 1.118929202943e+00
130	-1.123135709305e-01 7.386269514689e-02 4.815465431982e-01 3.133101225379e+00 -4.473774988384e+00 -4.223644948960e+00 -7.035151017505e-01 -2.962056084445e-01 -3.368810573503e+00 3.999830845323e+00 4.251527075020e+00 -2.112698684076e+00 1.870329759295e+00 1.042324736889e+00 1.118996778214e+00
140	-1.123135709305e-01 7.386269514689e-02 4.815465431982e-01 3.133101225379e+00 -4.473774988384e+00 -4.223644948960e+00 -7.035151017505e-01 -2.962056084445e-01 -3.368810573503e+00 3.999830845323e+00 4.251527075020e+00 -2.112698684076e+00 1.870329759295e+00 1.042271853615e+00 1.119065613528e+00
150	-1.123135709305e-01 7.386269514689e-02 4.815465431982e-01 3.133101225379e+00 -4.473774988384e+00 -4.223644948960e+00 -7.035151017505e-01 -2.962056084445e-01 -3.368810573503e+00 3.999830845323e+00 4.251527075020e+00 -2.112698684076e+00 1.870329759295e+00 1.042217963090e+00 1.119134416554e+00
160	-1.123135709305e-01 7.386269514689e-02 4.815465431982e-01 3.133101225379e+00 -4.473774988384e+00 -4.223644948960e+00 -7.035151017505e-01 -2.962056084445e-01 -3.368810573503e+00 3.999830845323e+00 4.251527075020e+00 -2.112698684076e+00 1.870329759295e+00 1.042163230158e+00 1.119202466004e+00
170	-1.123135709305e-01 7.386269514689e-02 4.815465431982e-01 3.133101225379e+00 -4.473774988384e+00 -4.223644948960e+00 -7.035151017505e-01 -2.962056084445e-01 -3.368810573503e+00 3.999830845323e+00 4.251527075020e+00 -2.112698684076e+00 1.870329759295e+00 1.042108245865e+00 1.119269079641e+00
180	-1.123135709305e-01 7.386269514689e-02 4.815465431982e-01 3.133101225379e+00 -4.473774988384e+00 -4.223644948960e+00 -7.035151017505e-01 -2.962056084445e-01 -3.368810573503e+00 3.999830845323e+00 4.251527075020e+00 -2.112698684076e+00 1.870329759295e+00 1.042053163440e+00 1.119334171780e+00
190	-1.123135709305e-01 7.386269514689e-02 4.815465431982e-01 3.133101225379e+00 -4.473774988384e+00 -4.223644948960e+00 -7.035151017505e-01 -2.962056084445e-01 -3.368810573503e+00 3.999830845323e+00 4.251527075020e+00 -2.112698684076e+00 1.870329759295e+00 1.041996465922e+00 1.119399214049e+00
200	-1.123135709305e-01 7.386269514689e-02 4.815465431982e-01 3.133101225379e+00 -4.473774988384e+00 -4.223644948960e+00 -7.035151017505e-01 -2.962056084445e-01 -3.368810573503e+00 3.999830845323e+00 4.251527075020e+00 -2.112698684076e+00 1.870329759295e+00 1.041935402743e+00 1.119466803993e+00
210	-1.123135709305e-01 7.386269514689e-02 4.815465431982e-01 3.133101225379e+00 -4.473774988384e+00 -4.223644948960e+00 -7.035151017505e-01 -2.962056084445e-01 -3.368810573503e+00 3.999830845323e+00 4.251527075020e+00 -2.112698684076e+00 1.870329759295e+00 1.041867270186e+00 1.119539723307e+00
220	-1.123135709305e-01 7.386269514689e-02 4.815465431982e-01 3.133101225379e+00 -4.473774988384e+00 -4.223644948960e+00 -7.035151017505e-01 -2.962056084445e-01 -3.368810573503e+00 3.999830845323e+00 4.251527075020e+00 -2.112698684076e+00 1.870329759295e+00 1.041790251429e+00 1.119620610981e+00
230	-1.123135709305e-01 7.386269514689e-02 4.815465431982e-01 3.133101225379e+00 -4.473774988384e+00 -4.223644948960e+00 -7.035151017505e-01 -2.962056084445e-01 -3.368810573503e+00 3.999830845323e+00 4.251527075020e+00 -2.112698684076e+00 1.870329759295e+00 1.041703193577e+00 1.119712161010e+00
240	-1.123135709305e-01 7.386269514689e-02 4.815465431982e-01 3.133101225379e+00 -4.473774988384e+00 -4.223644948960e+00 -7.035151017505e-01 -2.962056084445e-01 -3.368810573503e+00 3.999830845323e+00 4.251527075020e+00 -2.112698684076e+00 1.870329759295e+00 1.041607000974e+00 1.119814934584e+00
250	-1.123135709305e-01 7.386269514689e-02 4.815465431982e-01 3.133101225379e+00 -4.473774988384e+00 -4.223644948960e+00 -7.035151017505e-01 -2.962056084445e-01 -3.368810573503e+00 3.999830845323e+00 4.251527075020e+00 -2.112698684076e+00 1.870329759295e+00 1.041504468307e+00 1.119926998393e+00
260	-1.123135709305e-01 7.386269514689e-02 4.815465431982e-01 3.133101225379e+00 -4.473774988384e+00 -4.223644948960e+00 -7.035151017505e-01 -2.962056084445e-01 -3.368810573503e+00 3.999830845323e+00 4.251527075020e+00 -2.112698684076e+00 1.870329759295e+00 1.041398629011e+00 1.120045563284e+00
270	-1.123135709305e-01 7.386269514689e-02 4.815465431982e-01 3.133101225379e+00 -4.473774988384e+00 -4.223644948960e+00 -7.035151017505e-01 -2.962056084445e-01 -3.368810573503e+00 3.999830845323e+00 4.251527075020e+00 -2.112698684076e+00 1.870329759295e+00 1.041291593735e+00 1.120168108978e+00
280	-1.123135709305e-01 7.386269514689e-02 4.815465431982e-01 3.133101225379e+00 -4.473774988384e+00 -4.223644948960e+00 -7.035151017505e-01 -2.962056084445e-01 -3.368810573503e+00 3.999830845323e+00 4.251527075020e+00 -2.112698684076e+00 1.870329759295e+00 1.041184156851e+00 1.120292969194e+00
290	-1.123135709305e-01 7.386269514689e-02 4.815465431982e-01 3.133101225379e+00 -4.473774988384e+00 -4.223644948960e+00 -7.035151017505e-01 -2.962056084445e-01 -3.368810573503e+00 3.999830845323e+00 4.251527075020e+00 -2.112698684076e+00 1.870329759295e+00 1.041075640223e+00 1.120420327398e+00
300	-1.123135709305e-01 7.386269514689e-02 4.815465431982e-01 3.133101225379e+00 -4.473774988384e+00 -4.223644948960e+00 -7.035151017505e-01 -2.962056084445e-01 -3.368810573503e+00 3.999830845323e+00 4.251527075020e+00 -2.112698684076e+00 1.870329759295e+00 1.040964606976e+00 1.120552100037e+00
310	-1.123135709305e-01 7.386269514689e-02 4.815465431982e-01 3.133101225379e+00 -4.473774988384e+00 -4.223644948960e+00 -7.035151017505e-01 -2.962056084445e-01 -3.368810573503e+00 3.999830845323e+00 4.251527075020e+00 -2.112698684076e+00 1.870329759295e+00 1.040850571850e+00 1.120689177296e+00
320	-1.123135709305e-01 7.386269514689e-02 4.815465431982e-01 3.133101225379e+00 -4.473774988384e+00 -4.223644948960e+00 -7.035151017505e-01 -2.962056084445e-01 -3.368810573503e+00 3.999830845323e+00 4.251527075020e+00 -2.112698684076e+00 1.870329759295e+00 1.040732475285e+00 1.120830832344e+00
330	-1.123135709305e-01 7.386269514689e-02 4.815465431982e-01 3.133101225379e+00 -4.473774988384e+00 -4.223644948960e+00 -7.035151017505e-01 -2.962056084445e-01 -3.368810573503e+00 3.999830845323e+00 4.251527075020e+00 -2.112698684076e+00 1.870329759295e+00 1.040605397578e+00 1.120977134864e+00
340	-1.123135709305e-01 7.386269514689e-02 4.815465431982e-01 3.133101225379e+00 -4.473774988384e+00 -4.223644948960e+00 -7.035151017505e-01 -2.962056084445e-01 -3.368810573503e+00 3.999830845323e+00 4.251527075020e+00 -2.112698684076e+00 1.870329759295e+00 1.040460955700e+00 1.121131220067e+00
350	-1.123135709305e-01 7.386269514689e-02 4.815465431982e-01 3.133101225379e+00 -4.473774988384e+00 -4.223644948960e+00 -7.035151017505e-01 -2.962056084445e-01 -3.368810573503e+00 3.999830845323e+00 4.251527075020e+00 -2.112698684076e+00 1.870329759295e+00 1.040295662499e+00 1.121296777408e+00
360	-1.123135709305e-01 7.386269514689e-02 4.815465431982e-01 3.133101225379e+00 -4.473774988384e+00 -4.223644948960e+00 -7.035151017505e-01 -2.962056084445e-01 -3.368810573503e+00 3.999830845323e+00 4.251527075020e+00 -2.112698684076e+00 1.870329759295e+00 1.040117540254e+00 1.121473756685e+00
370	-1.123135709305e-01 7.386269514689e-02 4.815465431982e-01 3.133101225379e+00 -4.473774988384e+00 -4.223644948960e+00 -7.035151017505e-01 -2.962056084445e-01 -3.368810573503e+00 3.999830845323e+00 4.251527075020e+00 -2.112698684076e+00 1.870329759295e+00 1.039937691119e+00 1.121659331177e+00
380	-1.123135709305e-01 7.386269514689e-02 4.815465431982e-01 3.133101225379e+00 -4.473774988384e+00 -4.223644948960e+00 -7.035151017505e-01 -2.962056084445e-01 -3.368810573503e+00 3.999830845323e+00 4.251527075020e+00 -2.112698684076e+00 1.870329759295e+00 1.039757837669e+00 1.121852984059e+00
390	-1.123135709305e-01 7.386269514689e-02 4.815465431982e-01 3.133101225379e+00 -4.473774988384e+00 -4.223644948960e+00 -7.035151017505e-01 -2.962056084445e-01 -3.368810573503e+00 3.999830845323e+00 4.251527075020e+00 -2.112698684076e+00 1.870329759295e+00 1.039573531937e+00 1.122055577891e+00
400	-1.123135709305e-01 7.386269514689e-02 4.815465431982e-01 3.133101225379e+00 -4.473774988384e+00 -4.223644948960e+00 -7.035151017505e-01 -2.962056084445e-01 -3.368810573503e+00 3.999830845323e+00 4.251527075020e+00 -2.112698684076e+00 1.870329759295e+00 1.039383091269e+00 1.122265671708e+00
410	-1.123135709305e-01 7.386269514689e-02 4.815465431982e-01 3.133101225379e+00 -4.473774988384e+00 -4.223644948960e+00 -7.035151017505e-01 -2.962056084445e-01 -3.368810573503e+00 3.999830845323e+00 4.251527075020e+00 -2.112698684076e+00 1.870329759295e+00 1.039187512799e+00 1.122480646303e+00
420	-1.123135709305e-01 7.386269514689e-02 4.815465431982e-01 3.133101225379e+00 -4.473774988384e+00 -4.223644948960e+00 -7.035151017505e-01 -2.962056084445e-01 -3.368810573503e+00 3.999830845323e+00 4.251527075020e+00 -2.112698684076e+00 1.870329759295e+00 1.038987973372e+00 1.122698324827e+00
430	-1.123135709305e-01 7.386269514689e-02 4.815465431982e-01 3.133101225379e+00 -4.473774988384e+00 -4.223644948960e+00 -7.035151017505e-01 -2.962056084445e-01 -3.368810573503e+00 3.999830845323e+00 4.251527075020e+00 -2.112698684076e+00 1.870329759295e+00 1.038783843826e+00 1.122918367383e+00
440	-1.123135709305e-01 7.386269514689e-02 4.815465431982e-01 3.133101225379e+00 -4.473774988384e+00 -4.223644948960e+00 -7.035151017505e-01 -2.962056084445e-01 -3.368810573503e+00 3.999830845323e+00 4.251527075020e+00 -2.112698684076e+00 1.870329759295e+00 1.038574597922e+00 1.123140511753e+00
450	-1.123135709305e-01 7.386269514689e-02 4.815465431982e-01 3.133101225379e+00 -4.473774988384e+00 -4.223644948960e+00 -7.035151017505e-01 -2.962056084445e-01 -3.368810573503e+00 3.999830845323e+00 4.251527075020e+00 -2.112698684076e+00 1.870329759295e+00 1.038360916087e+00 1.123364142377e+00
460	-1.123135709305e-01 7.386269514689e-02 4.815465431982e-01 3.133101225379e+00 -4.473774988384e+00 -4.223644948960e+00 -7.035151017505e-01 -2.962056084445e-01 -3.368810573503e+00 3.999830845323e+00 4.251527075020e+00 -2.112698684076e+00 1.870329759295e+00 1.038144152719e+00 1.123589028340e+00
470	-1.123135709305e-01 7.386269514689e-02 4.815465431982e-01 3.133101225379e+00 -4.473774988384e+00 -4.223644948960e+00 -7.035151017505e-01 -2.962056084445e-01 -3.368810573503e+00 3.999830845323e+00 4.251527075020e+00 -2.112698684076e+00 1.870329759295e+00 1.037924828621e+00 1.123816687557e+00
480	-1.123135709305e-01 7.386269514689e-02 4.815465431982e-01 3.133101225379e+00 -4.473774988384e+00 -4.223644948960e+00 -7.035151017505e-01 -2.962056084445e-01 -3.368810573503e+00 3.999830845323e+00 4.251527075020e+00 -2.112698684076e+00 1.870329759295e+00 1.037701926248e+00 1.124050561054e+00
490	-1.123135709305e-01 7.386269514689e-02 4.815465431982e-01 3.133101225379e+00 -4.473774988384e+00 -4.223644948960e+00 -7.035151017505e-01 -2.962056084445e-01 -3.368810573503e+00 3.999830845323e+00 4.251527075020e+00 -2.112698684076e+00 1.870329759295e+00 1.037474190642e+00 1.124293776054e+00
500	-1.123135709305e-01 7.386269514689e-02 4.815465431982e-01 3.133101225379e+00 -4.473774988384e+00 -4.223644948960e+00 -7.035151017505e-01 -2.962056084445e-01 -3.368810573503e+00 3.999830845323e+00 4.251527075020e+00 -2.112698684076e+00 1.870329759295e+00 1.037240763750e+00 1.124547867541e+00
510	-1.123135709305e-01 7.386269514689e-02 4.815465431982e-01 3.133101225379e+00 -4.473774988384e+00 -4.223644948960e+00 -7.035151017505e-01 -2.962056084445e-01 -3.368810573503e+00 3.999830845323e+00 4.251527075020e+00 -2.112698684076e+00 1.870329759295e+00 1.037002455379e+00 1.124811470364e+00
520	-1.123135709305e-01 7.386269514689e-02 4.815465431982e-01 3.133101225379e+00 -4.473774988384e+00 -4.223644948960e+00 -7.035151017505e-01 -2.962056084445e-01 -3.368810573503e+00 3.999830845323e+00 4.251527075020e+00 -2.112698684076e+00 1.870329759295e+00 1.036761054724e+00 1.125082059079e+00
530	-1.123135709305e-01 7.386269514689e-02 4.815465431982e-01 3.133101225379e+00 -4.473774988384e+00 -4.223644948960e+00 -7.035151017505e-01 -2.962056084445e-01 -3.368810573503e+00 3.999830845323e+00 4.251527075020e+00 -2.112698684076e+00 1.870329759295e+00 1.036517818107e+00 1.125358461814e+00
540	-1.123135709305e-01 7.386269514689e-02 4.815465431982e-01 3.133101225379e+00 -4.473774988384e+00 -4.223644948960e+00 -7.035151017505e-01 -2.962056084445e-01 -3.368810573503e+00 3.999830845323e+00 4.251527075020e+00 -2.112698684076e+00 1.870329759295e+00 1.036271409979e+00 1.125642108366e+00
550	-1.123135709305e-01 7.386269514689e-02 4.815465431982e-01 3.133101225379e+00 -4.473774988384e+00 -4.223644948960e+00 -7.035151017505e-01 -2.962056084445e-01 -3.368810573503e+00 3.999830845323e+00 4.251527075020e+00 -2.112698684076e+00 1.870329759295e+00 1.036019807063e+00 1.125933924240e+00
560	-1.123135709305e-01 7.386269514689e-02 4.815465431982e-01 3.133101225379e+00 -4.473774988384e+00 -4.223644948960e+00 -7.035151017505e-01 -2.962056084445e-01 -3.368810573503e+00 3.999830845323e+00 4.251527075020e+00 -2.112698684076e+00 1.870329759295e+00 1.035762491370e+00 1.126232958184e+00
570	-1.123135709305e-01 7.386269514689e-02 4.815465431982e-01 3.133101225379e+00 -4.473774988384e+00 -4.223644948960e+00 -7.035151017505e-01 -2.962056084445e-01 -3.368810573503e+00 3.999830845323e+00 4.251527075020e+00 -2.112698684076e+00 1.870329759295e+00 1.035501429689e+00 1.126537068593e+00
580	-1.123135709305e-01 7.386269514689e-02 4.815465431982e-01 3.133101225379e+00 -4.473774988384e+00 -4.223644948960e+00 -7.035151017505e-01 -2.962056084445e-01 -3.368810573503e+00 3.999830845323e+00 4.251527075020e+00 -2.112698684076e+00 1.870329759295e+00 1.035240374267e+00 1.126843321570e+00
590	-1.123135709305e-01 7.386269514689e-02 4.815465431982e-01 3.133101225379e+00 -4.473774988384e+00 -4.223644948960e+00 -7.035151017505e-01 -2.962056084445e-01 -3.368810573503e+00 3.999830845323e+00 4.251527075020e+00 -2.112698684076e+00 1.870329759295e+00 1.034979552951e+00 1.127151320375e+00
600	-1.123135709305e-01 7.386269514689e-02 4.815465431982e-01 3.133101225379e+00 -4.473774988384e+00 -4.223644948960e+00 -7.035151017505e-01 -2.962056084445e-01 -3.368810573503e+00 3.999830845323e+00 4.251527075020e+00 -2.112698684076e+00 1.870329759295e+00 1.034713561581e+00 1.127464503233e+00
610	-1.123135709305e-01 7.386269514689e-02 4.815465431982e-01 3.133101225379e+00 -4.473774988384e+00 -4.223644948960e+00 -7.035151017505e-01 -2.962056084445e-01 -3.368810573503e+00 3.999830845323e+00 4.251527075020e+00 -2.112698684076e+00 1.870329759295e+00 1.034436359542e+00 1.127786958036e+00
620	-1.123135709305e-01 7.386269514689e-02 4.815465431982e-01 3.133101225379e+00 -4.473774988384e+00 -4.223644948960e+00 -7.035151017505e-01 -2.962056084445e-01 -3.368810573503e+00 3.999830845323e+00 4.251527075020e+00 -2.112698684076e+00 1.870329759295e+00 1.034151116296e+00 1.128115373861e+00
630	-1.123135709305e-01 7.386269514689e-02 4.815465431982e-01 3.133101225379e+00 -4.473774988384e+00 -4.223644948960e+00 -7.035151017505e-01 -2.962056084445e-01 -3.368810573503e+00 3.999830845323e+00 4.251527075020e+00 -2.112698684076e+00 1.870329759295e+00 1.033866660874e+00 1.128441047689e+00
640	-1.123135709305e-01 7.386269514689e-02 4.815465431982e-01 3.133101225379e+00 -4.473774988384e+00 -4.223644948960e+00 -7.035151017505e-01 -2.962056084445e-01 -3.368810573503e+00 3.999830845323e+00 4.251527075020e+00 -2.112698684076e+00 1.870329759295e+00 1.033583530232e+00 1.128763626675e+00
650	-1.123135709305e-01 7.386269514689e-02 4.815465431982e-01 3.133101225379e+00 -4.473774988384e+00 -4.223644948960e+00 -7.035151017505e-01 -2.962056084445e-01 -3.368810573503e+00 3.999830845323e+00 4.251527075020e+00 -2.112698684076e+00 1.870329759295e+00 1.033294014898e+00 1.129092735841e+00
660	-1.123135709305e-01 7.386269514689e-02 4.815465431982e-01 3.133101225379e+00 -4.473774988384e+00 -4.223644948960e+00 -7.035151017505e-01 -2.962056084445e-01 -3.368810573503e+00 3.999830845323e+00 4.251527075020e+00 -2.112698684076e+00 1.870329759295e+00 1.032993905279e+00 1.129435172371e+00
670	-1.123135709305e-01 7.386269514689e-02 4.815465431982e-01 3.133101225379e+00 -4.473774988384e+00 -4.223644948960e+00 -7.035151017505e-01 -2.962056084445e-01 -3.368810573503e+00 3.999830845323e+00 4.251527075020e+00 -2.112698684076e+00 1.870329759295e+00 1.032686787507e+00 1.129789485515e+00
680	-1.123135709305e-01 7.386269514689e-02 4.815465431982e-01 3.133101225379e+00 -4.473774988384e+00 -4.223644948960e+00 -7.035151017505e-01 -2.962056084445e-01 -3.368810573503e+00 3.999830845323e+00 4.251527075020e+00 -2.112698684076e+00 1.870329759295e+00 1.032377730478e+00 1.130151523336e+00
690	-1.123135709305e-01 7.386269514689e-02 4.815465431982e-01 3.133101225379e+00 -4.473774988384e+00 -4.223644948960e+00 -7.035151017505e-01 -2.962056084445e-01 -3.368810573503e+00 3.999830845323e+00 4.251527075020e+00 -2.112698684076e+00 1.870329759295e+00 1.032070103863e+00 1.130518170060e+00
700	-1.123135709305e-01 7.386269514689e-02 4.815465431982e-01 3.133101225379e+00 -4.473774988384e+00 -4.223644948960e+00 -7.035151017505e-01 -2.962056084445e-01 -3.368810573503e+00 3.999830845323e+00 4.251527075020e+00 -2.112698684076e+00 1.870329759295e+00 1.031764378127e+00 1.130888681186e+00
710	-1.123135709305e-01 7.386269514689e-02 4.815465431982e-01 3.133101225379e+00 -4.473774988384e+00 -4.223644948960e+00 -7.035151017505e-01 -2.962056084445e-01 -3.368810573503e+00 3.999830845323e+00 4.251527075020e+00 -2.112698684076e+00 1.870329759295e+00 1.031459596535e+00 1.131262532489e+00
720	-1.123135709305e-01 7.386269514689e-02 4.815465431982e-01 3.133101225379e+00 -4.473774988384e+00 -4.223644948960e+00 -7.035151017505e-01 -2.962056084445e-01 -3.368810573503e+00 3.999830845323e+00 4.251527075020e+00 -2.112698684076e+00 1.870329759295e+00 1.031155560020e+00 1.131638297912e+00
730	-1.123135709305e-01 7.386269514689e-02 4.815465431982e-01 3.133101225379e+00 -4.473774988384e+00 -4.223644948960e+00 -7.035151017505e-01 -2.962056084445e-01 -3.368810573503e+00 3.999830845323e+00 4.251527075020e+00 -2.112698684076e+00 1.870329759295e+00 1.030852599265e+00 1.132014525746e+00
740	-1.123135709305e-01 7.386269514689e-02 4.815465431982e-01 3.133101225379e+00 -4.473774988384e+00 -4.223644948960e+00 -7.035151017505e-01 -2.962056084445e-01 -3.368810573503e+00 3.999830845323e+00 4.251527075020e+00 -2.112698684076e+00 1.870329759295e+00 1.030551418790e+00 1.132389882183e+00
750	-1.123135709305e-01 7.386269514689e-02 4.815465431982e-01 3.133101225379e+00 -4.473774988384e+00 -4.223644948960e+00 -7.035151017505e-01 -2.962056084445e-01 -3.368810573503e+00 3.999830845323e+00 4.251527075020e+00 -2.112698684076e+00 1.870329759295e+00 1.030253042701e+00 1.132763603690e+00
760	-1.123135709305e-01 7.386269514689e-02 4.815465431982e-01 3.133101225379e+00 -4.473774988384e+00 -4.223644948960e+00 -7.035151017505e-01 -2.962056084445e-01 -3.368810573503e+00 3.999830845323e+00 4.251527075020e+00 -2.112698684076e+00 1.870329759295e+00 1.029959097086e+00 1.133135404674e+00
770	-1.123135709305e-01 7.386269514689e-02 4.815465431982e-01 3.133101225379e+00 -4.473774988384e+00 -4.223644948960e+00 -7.035151017505e-01 -2.962056084445e-01 -3.368810573503e+00 3.999830845323e+00 4.251527075020e+00 -2.112698684076e+00 1.870329759295e+00 1.029669663649e+00 1.133506818300e+00
780	-1.123135709305e-01 7.386269514689e-02 4.815465431982e-01 3.133101225379e+00 -4.473774988384e+00 -4.223644948960e+00 -7.035151017505e-01 -2.962056084445e-01 -3.368810573503e+00 3.999830845323e+00 4.251527075020e+00 -2.112698684076e+00 1.870329759295e+00 1.029382089345e+00 1.133880771814e+00
790	-1.123135709305e-01 7.386269514689e-02 4.815465431982e-01 3.133101225379e+00 -4.473774988384e+00 -4.223644948960e+00 -7.035151017505e-01 -2.962056084445e-01 -3.368810573503e+00 3.999830845323e+00 4.251527075020e+00 -2.112698684076e+00 1.870329759295e+00 1.029093408241e+00 1.134258972571e+00
800	-1.123135709305e-01 7.386269514689e-02 4.815465431982e-01 3.133101225379e+00 -4.473774988384e+00 -4.223644948960e+00 -7.035151017505e-01 -2.962056084445e-01 -3.368810573503e+00 3.999830845323e+00 4.251527075020e+00 -2.112698684076e+00 1.870329759295e+00 1.028804997118e+00 1.134639688524e+00
810	-1.123135709305e-01 7.386269514689e-02 4.815465431982e-01 3.133101225379e+00 -4.473774988384e+00 -4.223644948960e+00 -7.035151017505e-01 -2.962056084445e-01 -3.368810573503e+00 3.999830845323e+00 4.251527075020e+00 -2.112698684076e+00 1.870329759295e+00 1.028520132057e+00 1.135020936546e+00
820	-1.123135709305e-01 7.386269514689e-02 4.815465431982e-01 3.133101225379e+00 -4.473774988384e+00 -4.223644948960e+00 -7.035151017505e-01 -2.962056084445e-01 -3.368810573503e+00 3.999830845323e+00 4.251527075020e+00 -2.112698684076e+00 1.870329759295e+00 1.028238649847e+00 1.135404034166e+00
830	-1.123135709305e-01 7.386269514689e-02 4.815465431982e-01 3.133101225379e+00 -4.473774988384e+00 -4.223644948960e+00 -7.035151017505e-01 -2.962056084445e-01 -3.368810573503e+00 3.999830845323e+00 4.251527075020e+00 -2.112698684076e+00 1.870329759295e+00 1.027958165328e+00 1.135791699929e+00
840	-1.123135709305e-01 7.386269514689e-02 4.815465431982e-01 3.133101225379e+00 -4.473774988384e+00 -4.223644948960e+00 -7.035151017505e-01 -2.962056084445e-01 -3.368810573503e+00 3.999830845323e+00 4.251527075020e+00 -2.112698684076e+00 1.870329759295e+00 1.027678739777e+00 1.136183791463e+00
850	-1.123135709305e-01 7.386269514689e-02 4.815465431982e-01 3.133101225379e+00 -4.473774988384e+00 -4.223644948960e+00 -7.035151017505e-01 -2.962056084445e-01 -3.368810573503e+00 3.999830845323e+00 4.251527075020e+00 -2.112698684076e+00 1.870329759295e+00 1.027404399125e+00 1.136576575992e+00
860	-1.123135709305e-01 7.386269514689e-02 4.815465431982e-01 3.133101225379e+00 -4.473774988384e+00 -4.223644948960e+00 -7.035151017505e-01 -2.962056084445e-01 -3.368810573503e+00 3.999830845323e+00 4.251527075020e+00 -2.112698684076e+00 1.870329759295e+00 1.027140393314e+00 1.136966604036e+00
870	-1.123135709305e-01 7.386269514689e-02 4.815465431982e-01 3.133101225379e+00 -4.473774988384e+00 -4.223644948960e+00 -7.035151017505e-01 -2.962056084445e-01 -3.368810573503e+00 3.999830845323e+00 4.251527075020e+00 -2.112698684076e+00 1.870329759295e+00 1.026889281144e+00 1.137353292361e+00
880	-1.123135709305e-01 7.386269514689e-02 4.815465431982e-01 3.133101225379e+00 -4.473774988384e+00 -4.223644948960e+00 -7.035151017505e-01 -2.962056084445e-01 -3.368810573503e+00 3.999830845323e+00 4.251527075020e+00 -2.112698684076e+00 1.870329759295e+00 1.026649845743e+00 1.137736154252e+00
890	-1.123135709305e-01 7.386269514689e-02 4.815465431982e-01 3.133101225379e+00 -4.473774988384e+00 -4.223644948960e+00 -7.035151017505e-01 -2.962056084445e-01 -3.368810573503e+00 3.999830845323e+00 4.251527075020e+00 -2.112698684076e+00 1.870329759295e+00 1.026416422617e+00 1.138115625291e+00
900	-1.123135709305e-01 7.386269514689e-02 4.815465431982e-01 3.133101225379e+00 -4.473774988384e+00 -4.223644948960e+00 -7.035151017505e-01 -2.962056084445e-01 -3.368810573503e+00 3.999830845323e+00 4.251527075020e+00 -2.112698684076e+00 1.870329759295e+00 1.026178637729e+00 1.138497497277e+00
910	-1.123135709305e-01 7.386269514689e-02 4.815465431982e-01 3.133101225379e+00 -4.473774988384e+00 -4.223644948960e+00 -7.035151017505e-01 -2.962056084445e-01 -3.368810573503e+00 3.999830845323e+00 4.251527075020e+00 -2.112698684076e+00 1.870329759295e+00 1.025929696691e+00 1.138887293054e+00
920	-1.123135709305e-01 7.386269514689e-02 4.815465431982e-01 3.133101225379e+00 -4.473774988384e+00 -4.223644948960e+00 -7.035151017505e-01 -2.962056084445e-01 -3.368810573503e+00 3.999830845323e+00 4.251527075020e+00 -2.112698684076e+00 1.870329759295e+00 1.025676996345e+00 1.139281251903e+00
930	-1.123135709305e-01 7.386269514689e-02 4.815465431982e-01 3.133101225379e+00 -4.473774988384e+00 -4.223644948960e+00 -7.035151017505e-01 -2.962056084445e-01 -3.368810573503e+00 3.999830845323e+00 4.251527075020e+00 -2.112698684076e+00 1.870329759295e+00 1.025426410446e+00 1.139678046845e+00
940	-1.123135709305e-01 7.386269514689e-02 4.815465431982e-01 3.133101225379e+00 -4.473774988384e+00 -4.223644948960e+00 -7.035151017505e-01 -2.962056084445e-01 -3.368810573503e+00 3.999830845323e+00 4.251527075020e+00 -2.112698684076e+00 1.870329759295e+00 1.025175006270e+00 1.140082631987e+00
950	-1.123135709305e-01 7.386269514689e-02 4.815465431982e-01 3.133101225379e+00 -4.473774988384e+00 -4.223644948960e+00 -7.035151017505e-01 -2.962056084445e-01 -3.368810573503e+00 3.999830845323e+00 4.251527075020e+00 -2.112698684076e+00 1.870329759295e+00 1.024916245956e+00 1.140499592287e+00
960	-1.123135709305e-01 7.386269514689e-02 4.815465431982e-01 3.133101225379e+00 -4.473774988384e+00 -4.223644948960e+00 -7.035151017505e-01 -2.962056084445e-01 -3.368810573503e+00 3.999830845323e+00 4.251527075020e+00 -2.112698684076e+00 1.870329759295e+00 1.024647009020e+00 1.140928170821e+00
970	-1.123135709305e-01 7.386269514689e-02 4.815465431982e-01 3.133101225379e+00 -4.473774988384e+00 -4.223644948960e+00 -7.035151017505e-01 -2.962056084445e-01 -3.368810573503e+00 3.999830845323e+00 4.251527075020e+00 -2.112698684076e+00 1.870329759295e+00 1.024372267819e+00 1.141362255309e+00
980	-1.123135709305e-01 7.386269514689e-02 4.815465431982e-01 3.133101225379e+00 -4.473774988384e+00 -4.223644948960e+00 -7.035151017505e-01 -2.962056084445e-01 -3.368810573503e+00 3.999830845323e+00 4.251527075020e+00 -2.112698684076e+00 1.870329759295e+00 1.024096959759e+00 1.141798098046e+00
990	-1.123135709305e-01 7.386269514689e-02 4.815465431982e-01 3.133101225379e+00 -4.473774988384e+00 -4.223644948960e+00 -7.035151017505e-01 -2.962056084445e-01 -3.368810573503e+00 3.999830845323e+00 4.251527075020e+00 -2.112698684076e+00 1.870329759295e+00 1.023823818582e+00 1.142236155103e+00
1000	-1.123135709305e-01 7.386269514689e-02 4.815465431982e-01 3.133101225379e+00 -4.473774988384e+00 -4.223644948960e+00 -7.035151017505e-01 -2.962056084445e-01 -3.368810573503e+00 3.999830845323e+00 4.251527075020e+00 -2.112698684076e+00 1.870329759295e+00 1.023555325507e+00 1.142676241102e+00
1010	-1.123135709305e-01 7.386269514689e-02 4.815465431982e-01 3.133101225379e+00 -4.473774988384e+00 -4.223644948960e+00 -7.035151017505e-01 -2.962056084445e-01 -3.368810573503e+00 3.999830845323e+00 4.251527075020e+00 -2.112698684076e+00 1.870329759295e+00 1.023291912941e+00 1.143117144599e+00
1020	-1.123135709305e-01 7.386269514689e-02 4.815465431982e-01 3.133101225379e+00 -4.473774988384e+00 -4.223644948960e+00 -7.035151017505e-01 -2.962056084445e-01 -3.368810573503e+00 3.999830845323e+00 4.251527075020e+00 -2.112698684076e+00 1.870329759295e+00 1.023027745480e+00 1.143561538873e+00
1030	-1.123135709305e-01 7.386269514689e-02 4.815465431982e-01 3.133101225379e+00 -4.473774988384e+00 -4.223644948960e+00 -7.035151017505e-01 -2.962056084445e-01 -3.368810573503e+00 3.999830845323e+00 4.251527075020e+00 -2.112698684076e+00 1.870329759295e+00 1.022753887241e+00 1.144014490717e+00
1040	-1.123135709305e-01 7.386269514689e-02 4.815465431982e-01 3.133101225379e+00 -4.473774988384e+00 -4.223644948960e+00 -7.035151017505e-01 -2.962056084445e-01 -3.368810573503e+00 3.999830845323e+00 4.251527075020e+00 -2.112698684076e+00 1.870329759295e+00 1.022468570231e+00 1.144475740322e+00
1050	-1.123135709305e-01 7.386269514689e-02 4.815465431982e-01 3.133101225379e+00 -4.473774988384e+00 -4.223644948960e+00 -7.035151017505e-01 -2.962056084445e-01 -3.368810573503e+00 3.999830845323e+00 4.251527075020e+00 -2.112698684076e+00 1.870329759295e+00 1.022177141174e+00 1.144941327817e+00
1060	-1.123135709305e-01 7.386269514689e-02 4.815465431982e-01 3.133101225379e+00 -4.473774988384e+00 -4.223644948960e+00 -7.035151017505e-01 -2.962056084445e-01 -3.368810573503e+00 3.999830845323e+00 4.251527075020e+00 -2.112698684076e+00 1.870329759295e+00 1.021885532420e+00 1.145408506120e+00
1070	-1.123135709305e-01 7.386269514689e-02 4.815465431982e-01 3.133101225379e+00 -4.473774988384e+00 -4.223644948960e+00 -7.035151017505e-01 -2.962056084445e-01 -3.368810573503e+00 3.999830845323e+00 4.251527075020e+00 -2.112698684076e+00 1.870329759295e+00 1.021596492805e+00 1.145876858652e+00
1080	-1.123135709305e-01 7.386269514689e-02 4.815465431982e-01 3.133101225379e+00 -4.473774988384e+00 -4.223644948960e+00 -7.035151017505e-01 -2.962056084445e-01 -3.368810573503e+00 3.999830845323e+00 4.251527075020e+00 -2.112698684076e+00 1.870329759295e+00 1.021308991334e+00 1.146346956423e+00
1090	-1.123135709305e-01 7.386269514689e-02 4.815465431982e-01 3.133101225379e+00 -4.473774988384e+00 -4.223644948960e+00 -7.035151017505e-01 -2.962056084445e-01 -3.368810573503e+00 3.999830845323e+00 4.251527075020e+00 -2.112698684076e+00 1.870329759295e+00 1.021018788837e+00 1.146820298522e+00
1100	-1.123135709305e-01 7.386269514689e-02 4.815465431982e-01 3.133101225379e+00 -4.473774988384e+00 -4.223644948960e+00 -7.035151017505e-01 -2.962056084445e-01 -3.368810573503e+00 3.999830845323e+00 4.251527075020e+00 -2.112698684076e+00 1.870329759295e+00 1.020720860335e+00 1.147299323306e+00
1110	-1.123135709305e-01 7.386269514689e-02 4.815465431982e-01 3.133101225379e+00 -4.473774988384e+00 -4.223644948960e+00 -7.035151017505e-01 -2.962056084445e-01 -3.368810573503e+00 3.999830845323e+00 4.251527075020e+00 -2.112698684076e+00 1.870329759295e+00 1.020411454693e+00 1.147786441693e+00
1120	-1.123135709305e-01 7.386269514689e-02 4.815465431982e-01 3.133101225379e+00 -4.473774988384e+00 -4.223644948960e+00 -7.035151017505e-01 -2.962056084445e-01 -3.368810573503e+00 3.999830845323e+00 4.251527075020e+00 -2.112698684076e+00 1.870329759295e+00 1.020091627015e+00 1.148281305944e+00
1130	-1.123135709305e-01 7.386269514689e-02 4.815465431982e-01 3.133101225379e+00 -4.473774988384e+00 -4.223644948960e+00 -7.035151017505e-01 -2.962056084445e-01 -3.368810573503e+00 3.999830845323e+00 4.251527075020e+00 -2.112698684076e+00 1.870329759295e+00 1.019767421952e+00 1.148780525240e+00
1140	-1.123135709305e-01 7.386269514689e-02 4.815465431982e-01 3.133101225379e+00 -4.473774988384e+00 -4.223644948960e+00 -7.035151017505e-01 -2.962056084445e-01 -3.368810573503e+00 3.999830845323e+00 4.251527075020e+00 -2.112698684076e+00 1.870329759295e+00 1.019443133962e+00 1.149282577033e+00
1150	-1.123135709305e-01 7.386269514689e-02 4.815465431982e-01 3.133101225379e+00 -4.473774988384e+00 -4.223644948960e+00 -7.035151017505e-01 -2.962056084445e-01 -3.368810573503e+00 3.999830845323e+00 4.251527075020e+00 -2.112698684076e+00 1.870329759295e+00 1.019118156314e+00 1.149789279629e+00
1160	-1.123135709305e-01 7.386269514689e-02 4.815465431982e-01 3.133101225379e+00 -4.473774988384e+00 -4.223644948960e+00 -7.035151017505e-01 -2.962056084445e-01 -3.368810573503e+00 3.999830845323e+00 4.251527075020e+00 -2.112698684076e+00 1.870329759295e+00 1.018790247541e+00 1.150302419220e+00
1170	-1.123135709305e-01 7.386269514689e-02 4.815465431982e-01 3.133101225379e+00 -4.473774988384e+00 -4.223644948960e+00 -7.035151017505e-01 -2.962056084445e-01 -3.368810573503e+00 3.999830845323e+00 4.251527075020e+00 -2.112698684076e+00 1.870329759295e+00 1.018460550474e+00 1.150820209453e+00
1180	-1.123135709305e-01 7.386269514689e-02 4.815465431982e-01 3.133101225379e+00 -4.473774988384e+00 -4.223644948960e+00 -7.035151017505e-01 -2.962056084445e-01 -3.368810573503e+00 3.999830845323e+00 4.251527075020e+00 -2.112698684076e+00 1.870329759295e+00 1.018131731010e+00 1.151340270955e+00
1190	-1.123135709305e-01 7.386269514689e-02 4.815465431982e-01 3.133101225379e+00 -4.473774988384e+00 -4.223644948960e+00 -7.035151017505e-01 -2.962056084445e-01 -3.368810573503e+00 3.999830845323e+00 4.251527075020e+00 -2.112698684076e+00 1.870329759295e+00 1.017800530011e+00 1.151866300902e+00
1200	-1.123135709305e-01 7.386269514689e-02 4.815465431982e-01 3.133101225379e+00 -4.473774988384e+00 -4.223644948960e+00 -7.035151017505e-01 -2.962056084445e-01 -3.368810573503e+00 3.999830845323e+00 4.251527075020e+00 -2.112698684076e+00 1.870329759295e+00 1.017463521917e+00 1.152403519119e+00
1210	-1.123135709305e-01 7.386269514689e-02 4.815465431982e-01 3.133101225379e+00 -4.473774988384e+00 -4.223644948960e+00 -7.035151017505e-01 -2.962056084445e-01 -3.368810573503e+00 3.999830845323e+00 4.251527075020e+00 -2.112698684076e+00 1.870329759295e+00 1.017120971411e+00 1.152954119026e+00
1220	-1.123135709305e-01 7.386269514689e-02 4.815465431982e-01 3.133101225379e+00 -4.473774988384e+00 -4.223644948960e+00 -7.035151017505e-01 -2.962056084445e-01 -3.368810573503e+00 3.999830845323e+00 4.251527075020e+00 -2.112698684076e+00 1.870329759295e+00 1.016775256280e+00 1.153516303819e+00
1230	-1.123135709305e-01 7.386269514689e-02 4.815465431982e-01 3.133101225379e+00 -4.473774988384e+00 -4.223644948960e+00 -7.035151017505e-01 -2.962056084445e-01 -3.368810573503e+00 3.999830845323e+00 4.251527075020e+00 -2.112698684076e+00 1.870329759295e+00 1.016430103358e+00 1.154086802006e+00
1240	-1.123135709305e-01 7.386269514689e-02 4.815465431982e-01 3.133101225379e+00 -4.473774988384e+00 -4.223644948960e+00 -7.035151017505e-01 -2.962056084445e-01 -3.368810573503e+00 3.999830845323e+00 4.251527075020e+00 -2.112698684076e+00 1.870329759295e+00 1.016087099407e+00 1.154663474877e+00
1250	-1.123135709305e-01 7.386269514689e-02 4.815465431982e-01 3.133101225379e+00 -4.473774988384e+00 -4.223644948960e+00 -7.035151017505e-01 -2.962056084445e-01 -3.368810573503e+00 3.999830845323e+00 4.251527075020e+00 -2.112698684076e+00 1.870329759295e+00 1.015747585930e+00 1.155244520129e+00
1260	-1.123135709305e-01 7.386269514689e-02 4.815465431982e-01 3.133101225379e+00 -4.473774988384e+00 -4.223644948960e+00 -7.035151017505e-01 -2.962056084445e-01 -3.368810573503e+00 3.999830845323e+00 4.251527075020e+00 -2.112698684076e+00 1.870329759295e+00 1.015407085249e+00 1.155832460214e+00
1270	-1.123135709305e-01 7.386269514689e-02 4.815465431982e-01 3.133101225379e+00 -4.473774988384e+00 -4.223644948960e+00 -7.035151017505e-01 -2.962056084445e-01 -3.368810573503e+00 3.999830845323e+00 4.251527075020e+00 -2.112698684076e+00 1.870329759295e+00 1.015059088608e+00 1.156430895493e+00
1280	-1.123135709305e-01 7.386269514689e-02 4.815465431982e-01 3.133101225379e+00 -4.473774988384e+00 -4.223644948960e+00 -7.035151017505e-01 -2.962056084445e-01 -3.368810573503e+00 3.999830845323e+00 4.251527075020e+00 -2.112698684076e+00 1.870329759295e+00 1.014703717302e+00 1.157039215633e+00
1290	-1.123135709305e-01 7.386269514689e-02 4.815465431982e-01 3.133101225379e+00 -4.473774988384e+00 -4.223644948960e+00 -7.035151017505e-01 -2.962056084445e-01 -3.368810573503e+00 3.999830845323e+00 4.251527075020e+00 -2.112698684076e+00 1.870329759295e+00 1.014346379687e+00 1.157652539659e+00
1300	-1.123135709305e-01 7.386269514689e-02 4.815465431982e-01 3.133101225379e+00 -4.473774988384e+00 -4.223644948960e+00 -7.035151017505e-01 -2.962056084445e-01 -3.368810573503e+00 3.999830845323e+00 4.251527075020e+00 -2.112698684076e+00 1.870329759295e+00 1.013992468097e+00 1.158265224576e+00
1310	-1.123135709305e-01 7.386269514689e-02 4.815465431982e-01 3.133101225379e+00 -4.473774988384e+00 -4.223644948960e+00 -7.035151017505e-01 -2.962056084445e-01 -3.368810573503e+00 3.999830845323e+00 4.251527075020e+00 -2.112698684076e+00 1.870329759295e+00 1.013641323056e+00 1.158877377610e+00
1320	-1.123135709305e-01 7.386269514689e-02 4.815465431982e-01 3.133101225379e+00 -4.473774988384e+00 -4.223644948960e+00 -7.035151017505e-01 -2.962056084445e-01 -3.368810573503e+00 3.999830845323e+00 4.251527075020e+00 -2.112698684076e+00 1.870329759295e+00 1.013287677872e+00 1.159493280220e+00
1330	-1.123135709305e-01 7.386269514689e-02 4.815465431982e-01 3.133101225379e+00 -4.473774988384e+00 -4.223644948960e+00 -7.035151017505e-01 -2.962056084445e-01 -3.368810573503e+00 3.999830845323e+00 4.251527075020e+00 -2.112698684076e+00 1.870329759295e+00 1.012923939122e+00 1.160118008981e+00
1340	-1.123135709305e-01 7.386269514689e-02 4.815465431982e-01 3.133101225379e+00 -4.473774988384e+00 -4.223644948960e+00 -7.035151017505e-01 -2.962056084445e-01 -3.368810573503e+00 3.999830845323e+00 4.251527075020e+00 -2.112698684076e+00 1.870329759295e+00 1.012544253241e+00 1.160754930055e+00
1350	-1.123135709305e-01 7.386269514689e-02 4.815465431982e-01 3.133101225379e+00 -4.473774988384e+00 -4.223644948960e+00 -7.035151017505e-01 -2.962056084445e-01 -3.368810573503e+00 3.999830845323e+00 4.251527075020e+00 -2.112698684076e+00 1.870329759295e+00 1.012147820654e+00 1.161405845939e+00
1360	-1.123135709305e-01 7.386269514689e-02 4.815465431982e-01 3.133101225379e+00 -4.473774988384e+00 -4.223644948960e+00 -7.035151017505e-01 -2.962056084445e-01 -3.368810573503e+00 3.999830845323e+00 4.251527075020e+00 -2.112698684076e+00 1.870329759295e+00 1.011737321763e+00 1.162071962679e+00
1370	-1.123135709305e-01 7.386269514689e-02 4.815465431982e-01 3.133101225379e+00 -4.473774988384e+00 -4.223644948960e+00 -7.035151017505e-01 -2.962056084445e-01 -3.368810573503e+00 3.999830845323e+00 4.251527075020e+00 -2.112698684076e+00 1.870329759295e+00 1.011318365046e+00 1.162750816625e+00
1380	-1.123135709305e-01 7.386269514689e-02 4.815465431982e-01 3.133101225379e+00 -4.473774988384e+00 -4.223644948960e+00 -7.035151017505e-01 -2.962056084445e-01 -3.368810573503e+00 3.999830845323e+00 4.251527075020e+00 -2.112698684076e+00 1.870329759295e+00 1.010895482113e+00 1.163438228485e+00
1390	-1.123135709305e-01 7.386269514689e-02 4.815465431982e-01 3.133101225379e+00 -4.473774988384e+00 -4.223644948960e+00 -7.035151017505e-01 -2.962056084445e-01 -3.368810573503e+00 3.999830845323e+00 4.251527075020e+00 -2.112698684076e+00 1.870329759295e+00 1.010471884097e+00 1.164130540618e+00
1400	-1.123135709305e-01 7.386269514689e-02 4.815465431982e-01 3.133101225379e+00 -4.473774988384e+00 -4.223644948960e+00 -7.035151017505e-01 -2.962056084445e-01 -3.368810573503e+00 3.999830845323e+00 4.251527075020e+00 -2.112698684076e+00 1.870329759295e+00 1.010049807297e+00 1.164825859551e+00
1410	-1.123135709305e-01 7.386269514689e-02 4.815465431982e-01 3.133101225379e+00 -4.473774988384e+00 -4.223644948960e+00 -7.035151017505e-01 -2.962056084445e-01 -3.368810573503e+00 3.999830845323e+00 4.251527075020e+00 -2.112698684076e+00 1.870329759295e+00 1.009630557883e+00 1.165522564310e+00
1420	-1.123135709305e-01 7.386269514689e-02 4.815465431982e-01 3.133101225379e+00 -4.473774988384e+00 -4.223644948960e+00 -7.035151017505e-01 -2.962056084445e-01 -3.368810573503e+00 3.999830845323e+00 4.251527075020e+00 -2.112698684076e+00 1.870329759295e+00 1.009214248584e+00 1.166219260132e+00
1430	-1.123135709305e-01 7.386269514689e-02 4.815465431982e-01 3.133101225379e+00 -4.473774988384e+00 -4.223644948960e+00 -7.035151017505e-01 -2.962056084445e-01 -3.368810573503e+00 3.999830845323e+00 4.251527075020e+00 -2.112698684076e+00 1.870329759295e+00 1.008798769295e+00 1.166917197825e+00
1440	-1.123135709305e-01 7.386269514689e-02 4.815465431982e-01 3.133101225379e+00 -4.473774988384e+00 -4.223644948960e+00 -7.035151017505e-01 -2.962056084445e-01 -3.368810573503e+00 3.999830845323e+00 4.251527075020e+00 -2.112698684076e+00 1.870329759295e+00 1.008383734002e+00 1.167617101194e+00
1450	-1.123135709305e-01 7.386269514689e-02 4.815465431982e-01 3.133101225379e+00 -4.473774988384e+00 -4.223644948960e+00 -7.035151017505e-01 -2.962056084445e-01 -3.368810573503e+00 3.999830845323e+00 4.251527075020e+00 -2.112698684076e+00 1.870329759295e+00 1.007970319879e+00 1.168318369003e+00
1460	-1.123135709305e-01 7.386269514689e-02 4.815465431982e-01 3.133101225379e+00 -4.473774988384e+00 -4.223644948960e+00 -7.035151017505e-01 -2.962056084445e-01 -3.368810573503e+00 3.999830845323e+00 4.251527075020e+00 -2.112698684076e+00 1.870329759295e+00 1.007557972247e+00 1.169021506571e+00
1470	-1.123135709305e-01 7.386269514689e-02 4.815465431982e-01 3.133101225379e+00 -4.473774988384e+00 -4.223644948960e+00 -7.035151017505e-01 -2.962056084445e-01 -3.368810573503e+00 3.999830845323e+00 4.251527075020e+00 -2.112698684076e+00 1.870329759295e+00 1.007142530505e+00 1.169730327576e+00
1480	-1.123135709305e-01 7.386269514689e-02 4.815465431982e-01 3.133101225379e+00 -4.473774988384e+00 -4.223644948960e+00 -7.035151017505e-01 -2.962056084445e-01 -3.368810573503e+00 3.999830845323e+00 4.251527075020e+00 -2.112698684076e+00 1.870329759295e+00 1.006719971848e+00 1.170449733561e+00
1490	-1.123135709305e-01 7.386269514689e-02 4.815465431982e-01 3.133101225379e+00 -4.473774988384e+00 -4.223644948960e+00 -7.035151017505e-01 -2.962056084445e-01 -3.368810573503e+00 3.999830845323e+00 4.251527075020e+00 -2.112698684076e+00 1.870329759295e+00 1.006292700130e+00 1.171179982937e+00
1500	-1.123135709305e-01 7.386269514689e-02 4.815465431982e-01 3.133101225379e+00 -4.473774988384e+00 -4.223644948960e+00 -7.035151017505e-01 -2.962056084445e-01 -3.368810573503e+00 3.999830845323e+00 4.251527075020e+00 -2.112698684076e+00 1.870329759295e+00 1.005865381858e+00 1.171919247302e+00
1510	-1.123135709305e-01 7.386269514689e-02 4.815465431982e-01 3.133101225379e+00 -4.473774988384e+00 -4.223644948960e+00 -7.035151017505e-01 -2.962056084445e-01 -3.368810573503e+00 3.999830845323e+00 4.251527075020e+00 -2.112698684076e+00 1.870329759295e+00 1.005441648679e+00 1.172665097853e+00
1520	-1.123135709305e-01 7.386269514689e-02 4.815465431982e-01 3.133101225379e+00 -4.473774988384e+00 -4.223644948960e+00 -7.035151017505e-01 -2.962056084445e-01 -3.368810573503e+00 3.999830845323e+00 4.251527075020e+00 -2.112698684076e+00 1.870329759295e+00 1.005018773149e+00 1.173417322340e+00
1530	-1.123135709305e-01 7.386269514689e-02 4.815465431982e-01 3.133101225379e+00 -4.473774988384e+00 -4.223644948960e+00 -7.035151017505e-01 -2.962056084445e-01 -3.368810573503e+00 3.999830845323e+00 4.251527075020e+00 -2.112698684076e+00 1.870329759295e+00 1.004590108821e+00 1.174177744578e+00
1540	-1.123135709305e-01 7.386269514689e-02 4.815465431982e-01 3.133101225379e+00 -4.473774988384e+00 -4.223644948960e+00 -7.035151017505e-01 -2.962056084445e-01 -3.368810573503e+00 3.999830845323e+00 4.251527075020e+00 -2.112698684076e+00 1.870329759295e+00 1.004151416984e+00 1.174948679313e+00
1550	-1.123135709305e-01 7.386269514689e-02 4.815465431982e-01 3.133101225379e+00 -4.473774988384e+00 -4.223644948960e+00 -7.035151017505e-01 -2.962056084445e-01 -3.368810573503e+00 3.999830845323e+00 4.251527075020e+00 -2.112698684076e+00 1.870329759295e+00 1.003702940602e+00 1.175730323820e+00
1560	-1.123135709305e-01 7.386269514689e-02 4.815465431982e-01 3.133101225379e+00 -4.473774988384e+00 -4.223644948960e+00 -7.035151017505e-01 -2.962056084445e-01 -3.368810573503e+00 3.999830845323e+00 4.251527075020e+00 -2.112698684076e+00 1.870329759295e+00 1.003252921681e+00 1.176516603663e+00
1570	-1.123135709305e-01 7.386269514689e-02 4.815465431982e-01 3.133101225379e+00 -4.473774988384e+00 -4.223644948960e+00 -7.035151017505e-01 -2.962056084445e-01 -3.368810573503e+00 3.999830845323e+00 4.251527075020e+00 -2.112698684076e+00 1.870329759295e+00 1.002809342039e+00 1.177301712424e+00
1580	-1.123135709305e-01 7.386269514689e-02 4.815465431982e-01 3.133101225379e+00 -4.473774988384e+00 -4.223644948960e+00 -7.035151017505e-01 -2.962056084445e-01 -3.368810573503e+00 3.999830845323e+00 4.251527075020e+00 -2.112698684076e+00 1.870329759295e+00 1.002372203648e+00 1.178084249323e+00
1590	-1.123135709305e-01 7.386269514689e-02 4.815465431982e-01 3.133101225379e+00 -4.473774988384e+00 -4.223644948960e+00 -7.035151017505e-01 -2.962056084445e-01 -3.368810573503e+00 3.999830845323e+00 4.251527075020e+00 -2.112698684076e+00 1.870329759295e+00 1.001935920948e+00 1.178864564125e+00
1600	-1.123135709305e-01 7.386269514689e-02 4.815465431982e-01 3.133101225379e+00 -4.473774988384e+00 -4.223644948960e+00 -7.035151017505e-01 -2.962056084445e-01 -3.368810573503e+00 3.999830845323e+00 4.251527075020e+00 -2.112698684076e+00 1.870329759295e+00 1.001492918041e+00 1.179644506137e+00
1610	-1.123135709305e-01 7.386269514689e-02 4.815465431982e-01 3.133101225379e+00 -4.473774988384e+00 -4.223644948960e+00 -7.035151017505e-01 -2.962056084445e-01 -3.368810573503e+00 3.999830845323e+00 4.251527075020e+00 -2.112698684076e+00 1.870329759295e+00 1.001039158251e+00 1.180425547471e+00
1620	-1.123135709305e-01 7.386269514689e-02 4.815465431982e-01 3.133101225379e+00 -4.473774988384e+00 -4.223644948960e+00 -7.035151017505e-01 -2.962056084445e-01 -3.368810573503e+00 3.999830845323e+00 4.251527075020e+00 -2.112698684076e+00 1.870329759295e+00 1.000574636468e+00 1.181209191397e+00
1630	-1.123135709305e-01 7.386269514689e-02 4.815465431982e-01 3.133101225379e+00 -4.473774988384e+00 -4.223644948960e+00 -7.035151017505e-01 -2.962056084445e-01 -3.368810573503e+00 3.999830845323e+00 4.251527075020e+00 -2.112698684076e+00 1.870329759295e+00 1.000104175302e+00 1.181994953401e+00
1640	-1.123135709305e-01 7.386269514689e-02 4.815465431982e-01 3.133101225379e+00 -4.473774988384e+00 -4.223644948960e+00 -7.035151017505e-01 -2.962056084445e-01 -3.368810573503e+00 3.999830845323e+00 4.251527075020e+00 -2.112698684076e+00 1.870329759295e+00 9.996351248718e-01 1.182779628361e+00
1650	-1.123135709305e-01 7.386269514689e-02 4.815465431982e-01 3.133101225379e+00 -4.473774988384e+00 -4.223644948960e+00 -7.035151017505e-01 -2.962056084445e-01 -3.368810573503e+00 3.999830845323e+00 4.251527075020e+00 -2.112698684076e+00 1.870329759295e+00 9.991678116683e-01 1.183563703479e+00
1660	-1.123135709305e-01 7.386269514689e-02 4.815465431982e-01 3.133101225379e+00 -4.473774988384e+00 -4.223644948960e+00 -7.035151017505e-01 -2.962056084445e-01 -3.368810573503e+00 3.999830845323e+00 4.251527075020e+00 -2.112698684076e+00 1.870329759295e+00 9.986978906834e-01 1.184349135536e+00
1670	-1.123135709305e-01 7.386269514689e-02 4.815465431982e-01 3.133101225379e+00 -4.473774988384e+00 -4.223644948960e+00 -7.035151017505e-01 -2.962056084445e-01 -3.368810573503e+00 3.999830845323e+00 4.251527075020e+00 -2.112698684076e+00 1.870329759295e+00 9.982233959433e-01 1.185135928587e+00
1680	-1.123135709305e-01 7.386269514689e-02 4.815465431982e-01 3.133101225379e+00 -4.473774988384e+00 -4.223644948960e+00 -7.035151017505e-01 -2.962056084445e-01 -3.368810573503e+00 3.999830845323e+00 4.251527075020e+00 -2.112698684076e+00 1.870329759295e+00 9.977445975100e-01 1.185924943367e+00
1690	-1.123135709305e-01 7.386269514689e-02 4.815465431982e-01 3.133101225379e+00 -4.473774988384e+00 -4.223644948960e+00 -7.035151017505e-01 -2.962056084445e-01 -3.368810573503e+00 3.999830845323e+00 4.251527075020e+00 -2.112698684076e+00 1.870329759295e+00 9.972623988498e-01 1.186716479528e+00
1700	-1.123135709305e-01 7.386269514689e-02 4.815465431982e-01 3.133101225379e+00 -4.473774988384e+00 -4.223644948960e+00 -7.035151017505e-01 -2.962056084445e-01 -3.368810573503e+00 3.999830845323e+00 4.251527075020e+00 -2.112698684076e+00 1.870329759295e+00 9.967778515902e-01 1.187509662803e+00
1710	-1.123135709305e-01 7.386269514689e-02 4.815465431982e-01 3.133101225379e+00 -4.473774988384e+00 -4.223644948960e+00 -7.035151017505e-01 -2.962056084445e-01 -3.368810573503e+00 3.999830845323e+00 4.251527075020e+00 -2.112698684076e+00 1.870329759295e+00 9.962918761079e-01 1.188304838631e+00
1720	-1.123135709305e-01 7.386269514689e-02 4.815465431982e-01 3.133101225379e+00 -4.473774988384e+00 -4.223644948960e+00 -7.035151017505e-01 -2.962056084445e-01 -3.368810573503e+00 3.999830845323e+00 4.251527075020e+00 -2.112698684076e+00 1.870329759295e+00 9.958058456370e-01 1.189103611599e+00
1730	-1.123135709305e-01 7.386269514689e-02 4.815465431982e-01 3.133101225379e+00 -4.473774988384e+00 -4.223644948960e+00 -7.035151017505e-01 -2.962056084445e-01 -3.368810573503e+00 3.999830845323e+00 4.251527075020e+00 -2.112698684076e+00 1.870329759295e+00 9.953209555595e-01 1.189907589465e+00
1740	-1.123135709305e-01 7.386269514689e-02 4.815465431982e-01 3.133101225379e+00 -4.473774988384e+00 -4.223644948960e+00 -7.035151017505e-01 -2.962056084445e-01 -3.368810573503e+00 3.999830845323e+00 4.251527075020e+00 -2.112698684076e+00 1.870329759295e+00 9.948402912258e-01 1.190716034795e+00
1750	-1.123135709305e-01 7.386269514689e-02 4.815465431982e-01 3.133101225379e+00 -4.473774988384e+00 -4.223644948960e+00 -7.035151017505e-01 -2.962056084445e-01 -3.368810573503e+00 3.999830845323e+00 4.251527075020e+00 -2.112698684076e+00 1.870329759295e+00 9.943666885548e-01 1.191528983799e+00
1760	-1.123135709305e-01 7.386269514689e-02 4.815465431982e-01 3.133101225379e+00 -4.473774988384e+00 -4.223644948960e+00 -7.035151017505e-01 -2.962056084445e-01 -3.368810573503e+00 3.999830845323e+00 4.251527075020e+00 -2.112698684076e+00 1.870329759295e+00 9.938961749268e-01 1.192350599952e+00
1770	-1.123135709305e-01 7.386269514689e-02 4.815465431982e-01 3.133101225379e+00 -4.473774988384e+00 -4.223644948960e+00 -7.035151017505e-01 -2.962056084445e-01 -3.368810573503e+00 3.999830845323e+00 4.251527075020e+00 -2.112698684076e+00 1.870329759295e+00 9.934239598493e-01 1.193182913446e+00
1780	-1.123135709305e-01 7.386269514689e-02 4.815465431982e-01 3.133101225379e+00 -4.473774988384e+00 -4.223644948960e+00 -7.035151017505e-01 -2.962056084445e-01 -3.368810573503e+00 3.999830845323e+00 4.251527075020e+00 -2.112698684076e+00 1.870329759295e+00 9.929505884919e-01 1.194026265715e+00
1790	-1.123135709305e-01 7.386269514689e-02 4.815465431982e-01 3.133101225379e+00 -4.473774988384e+00 -4.223644948960e+00 -7.035151017505e-01 -2.962056084445e-01 -3.368810573503e+00 3.999830845323e+00 4.251527075020e+00 -2.112698684076e+00 1.870329759295e+00 9.924779091277e-01 1.194882920207e+00
1800	-1.123135709305e-01 7.386269514689e-02 4.815465431982e-01 3.133101225379e+00 -4.473774988384e+00 -4.223644948960e+00 -7.035151017505e-01 -2.962056084445e-01 -3.368810573503e+00 3.999830845323e+00 4.251527075020e+00 -2.112698684076e+00 1.870329759295e+00 9.920068094234e-01 1.195753957216e+00
1810	-1.123135709305e-01 7.386269514689e-02 4.815465431982e-01 3.133101225379e+00 -4.473774988384e+00 -4.223644948960e+00 -7.035151017505e-01 -2.962056084445e-01 -3.368810573503e+00 3.999830845323e+00 4.251527075020e+00 -2.112698684076e+00 1.870329759295e+00 9.915390795602e-01 1.196636413272e+00
1820	-1.123135709305e-01 7.386269514689e-02 4.815465431982e-01 3.133101225379e+00 -4.473774988384e+00 -4.223644948960e+00 -7.035151017505e-01 -2.962056084445e-01 -3.368810573503e+00 3.999830845323e+00 4.251527075020e+00 -2.112698684076e+00 1.870329759295e+00 9.910762543052e-01 1.197526228809e+00
1830	-1.123135709305e-01 7.386269514689e-02 4.815465431982e-01 3.133101225379e+00 -4.473774988384e+00 -4.223644948960e+00 -7.035151017505e-01 -2.962056084445e-01 -3.368810573503e+00 3.999830845323e+00 4.251527075020e+00 -2.112698684076e+00 1.870329759295e+00 9.906185081087e-01 1.198421658851e+00
1840	-1.123135709305e-01 7.386269514689e-02 4.815465431982e-01 3.133101225379e+00 -4.473774988384e+00 -4.223644948960e+00 -7.035151017505e-01 -2.962056084445e-01 -3.368810573503e+00 3.999830845323e+00 4.251527075020e+00 -2.112698684076e+00 1.870329759295e+00 9.901662002977e-01 1.199321255407e+00
1850	-1.123135709305e-01 7.386269514689e-02 4.815465431982e-01 3.133101225379e+00 -4.473774988384e+00 -4.223644948960e+00 -7.035151017505e-01 -2.962056084445e-01 -3.368810573503e+00 3.999830845323e+00 4.251527075020e+00 -2.112698684076e+00 1.870329759295e+00 9.897183819151e-01 1.200222438117e+00
1860	-1.123135709305e-01 7.386269514689e-02 4.815465431982e-01 3.133101225379e+00 -4.473774988384e+00 -4.223644948960e+00 -7.035151017505e-01 -2.962056084445e-01 -3.368810573503e+00 3.999830845323e+00 4.251527075020e+00 -2.112698684076e+00 1.870329759295e+00 9.892704523725e-01 1.201125111498e+00
1870	-1.123135709305e-01 7.386269514689e-02 4.815465431982e-01 3.133101225379e+00 -4.473774988384e+00 -4.223644948960e+00 -7.035151017505e-01 -2.962056084445e-01 -3.368810573503e+00 3.999830845323e+00 4.251527075020e+00 -2.112698684076e+00 1.870329759295e+00 9.888195973870e-01 1.202029746756e+00
1880	-1.123135709305e-01 7.386269514689e-02 4.815465431982e-01 3.133101225379e+00 -4.473774988384e+00 -4.223644948960e+00 -7.035151017505e-01 -2.962056084445e-01 -3.368810573503e+00 3.999830845323e+00 4.251527075020e+00 -2.112698684076e+00 1.870329759295e+00 9.883689333027e-01 1.202932987071e+00
1890	-1.123135709305e-01 7.386269514689e-02 4.815465431982e-01 3.133101225379e+00 -4.473774988384e+00 -4.223644948960e+00 -7.035151017505e-01 -2.962056084445e-01 -3.368810573503e+00 3.999830845323e+00 4.251527075020e+00 -2.112698684076e+00 1.870329759295e+00 9.879217251955e-01 1.203831487182e+00
1900	-1.123135709305e-01 7.386269514689e-02 4.815465431982e-01 3.133101225379e+00 -4.473774988384e+00 -4.223644948960e+00 -7.035151017505e-01 -2.962056084445e-01 -3.368810573503e+00 3.999830845323e+00 4.251527075020e+00 -2.112698684076e+00 1.870329759295e+00 9.874764353532e-01 1.204725583770e+00
1910	-1.123135709305e-01 7.386269514689e-02 4.815465431982e-01 3.133101225379e+00 -4.473774988384e+00 -4.223644948960e+00 -7.035151017505e-01 -2.962056084445e-01 -3.368810573503e+00 3.999830845323e+00 4.251527075020e+00 -2.112698684076e+00 1.870329759295e+00 9.870282396743e-01 1.205616998933e+00
1920	-1.123135709305e-01 7.386269514689e-02 4.815465431982e-01 3.133101225379e+00 -4.473774988384e+00 -4.223644948960e+00 -7.035151017505e-01 -2.962056084445e-01 -3.368810573503e+00 3.999830845323e+00 4.251527075020e+00 -2.112698684076e+00 1.870329759295e+00 9.865761419832e-01 1.206504766646e+00
1930	-1.123135709305e-01 7.386269514689e-02 4.815465431982e-01 3.133101225379e+00 -4.473774988384e+00 -4.223644948960e+00 -7.035151017505e-01 -2.962056084445e-01 -3.368810573503e+00 3.999830845323e+00 4.251527075020e+00 -2.112698684076e+00 1.870329759295e+00 9.861245689492e-01 1.207387000485e+00
1940	-1.123135709305e-01 7.386269514689e-02 4.815465431982e-01 3.133101225379e+00 -4.473774988384e+00 -4.223644948960e+00 -7.035151017505e-01 -2.962056084445e-01 -3.368810573503e+00 3.999830845323e+00 4.251527075020e+00 -2.112698684076e+00 1.870329759295e+00 9.856738835696e-01 1.208265358165e+00
1950	-1.123135709305e-01 7.386269514689e-02 4.815465431982e-01 3.133101225379e+00 -4.473774988384e+00 -4.223644948960e+00 -7.035151017505e-01 -2.962056084445e-01 -3.368810573503e+00 3.999830845323e+00 4.251527075020e+00 -2.112698684076e+00 1.870329759295e+00 9.852194940756e-01 1.209142528366e+00
1960	-1.123135709305e-01 7.386269514689e-02 4.815465431982e-01 3.133101225379e+00 -4.473774988384e+00 -4.223644948960e+00 -7.035151017505e-01 -2.962056084445e-01 -3.368810573503e+00 3.999830845323e+00 4.251527075020e+00 -2.112698684076e+00 1.870329759295e+00 9.847578110827e-01 1.210020613801e+00
1970	-1.123135709305e-01 7.386269514689e-02 4.815465431982e-01 3.133101225379e+00 -4.473774988384e+00 -4.223644948960e+00 -7.035151017505e-01 -2.962056084445e-01 -3.368810573503e+00 3.999830845323e+00 4.251527075020e+00 -2.112698684076e+00 1.870329759295e+00 9.842880321647e-01 1.210902459494e+00
1980	-1.123135709305e-01 7.386269514689e-02 4.815465431982e-01 3.133101225379e+00 -4.473774988384e+00 -4.223644948960e+00 -7.035151017505e-01 -2.962056084445e-01 -3.368810573503e+00 3.999830845323e+00 4.251527075020e+00 -2.112698684076e+00 1.870329759295e+00 9.838131193730e-01 1.211788678296e+00
1990	-1.123135709305e-01 7.386269514689e-02 4.815465431982e-01 3.133101225379e+00 -4.473774988384e+00 -4.223644948960e+00 -7.035151017505e-01 -2.962056084445e-01 -3.368810573503e+00 3.999830845323e+00 4.251527075020e+00 -2.112698684076e+00 1.870329759295e+00 9.833353439272e-01 1.212677758415e+00
2000	-1.123135709305e-01 7.386269514689e-02 4.815465431982e-01 3.133101225379e+00 -4.473774988384e+00 -4.223644948960e+00 -7.035151017505e-01 -2.962056084445e-01 -3.368810573503e+00 3.999830845323e+00 4.251527075020e+00 -2.112698684076e+00 1.870329759295e+00 9.828540766563e-01 1.213568957374e+00
2010	-1.123135709305e-01 7.386269514689e-02 4.815465431982e-01 3.133101225379e+00 -4.473774988384e+00 -4.223644948960e+00 -7.035151017505e-01 -2.962056084445e-01 -3.368810573503e+00 3.999830845323e+00 4.251527075020e+00 -2.112698684076e+00 1.870329759295e+00 9.823702865759e-01 1.214462410832e+00
2020	-1.123135709305e-01 7.386269514689e-02 4.815465431982e-01 3.133101225379e+00 -4.473774988384e+00 -4.223644948960e+00 -7.035151017505e-01 -2.962056084445e-01 -3.368810573503e+00 3.999830845323e+00 4.251527075020e+00 -2.112698684076e+00 1.870329759295e+00 9.818879351386e-01 1.215359342413e+00
2030	-1.123135709305e-01 7.386269514689e-02 4.815465431982e-01 3.133101225379e+00 -4.473774988384e+00 -4.223644948960e+00 -7.035151017505e-01 -2.962056084445e-01 -3.368810573503e+00 3.999830845323e+00 4.251527075020e+00 -2.112698684076e+00 1.870329759295e+00 9.814119032265e-01 1.216261257472e+00
2040	-1.123135709305e-01 7.386269514689e-02 4.815465431982e-01 3.133101225379e+00 -4.473774988384e+00 -4.223644948960e+00 -7.035151017505e-01 -2.962056084445e-01 -3.368810573503e+00 3.999830845323e+00 4.251527075020e+00 -2.112698684076e+00 1.870329759295e+00 9.809441715924e-01 1.217169704241e+00
2050	-1.123135709305e-01 7.386269514689e-02 4.815465431982e-01 3.133101225379e+00 -4.473774988384e+00 -4.223644948960e+00 -7.035151017505e-01 -2.962056084445e-01 -3.368810573503e+00 3.999830845323e+00 4.251527075020e+00 -2.112698684076e+00 1.870329759295e+00 9.804809457732e-01 1.218086758316e+00
2060	-1.123135709305e-01 7.386269514689e-02 4.815465431982e-01 3.133101225379e+00 -4.473774988384e+00 -4.223644948960e+00 -7.035151017505e-01 -2.962056084445e-01 -3.368810573503e+00 3.999830845323e+00 4.251527075020e+00 -2.112698684076e+00 1.870329759295e+00 9.800176689652e-01 1.219013401305e+00
2070	-1.123135709305e-01 7.386269514689e-02 4.815465431982e-01 3.133101225379e+00 -4.473774988384e+00 -4.223644948960e+00 -7.035151017505e-01 -2.962056084445e-01 -3.368810573503e+00 3.999830845323e+00 4.251527075020e+00 -2.112698684076e+00 1.870329759295e+00 9.795525237839e-01 1.219952480997e+00
2080	-1.123135709305e-01 7.386269514689e-02 4.815465431982e-01 3.133101225379e+00 -4.473774988384e+00 -4.223644948960e+00 -7.035151017505e-01 -2.962056084445e-01 -3.368810573503e+00 3.999830845323e+00 4.251527075020e+00 -2.112698684076e+00 1.870329759295e+00 9.790872418826e-01 1.220907668361e+00
2090	-1.123135709305e-01 7.386269514689e-02 4.815465431982e-01 3.133101225379e+00 -4.473774988384e+00 -4.223644948960e+00 -7.035151017505e-01 -2.962056084445e-01 -3.368810573503e+00 3.999830845323e+00 4.251527075020e+00 -2.112698684076e+00 1.870329759295e+00 9.786257194237e-01 1.221878332622e+00
2100	-1.123135709305e-01 7.386269514689e-02 4.815465431982e-01 3.133101225379e+00 -4.473774988384e+00 -4.223644948960e+00 -7.035151017505e-01 -2.962056084445e-01 -3.368810573503e+00 3.999830845323e+00 4.251527075020e+00 -2.112698684076e+00 1.870329759295e+00 9.781683768042e-01 1.222863107249e+00
2110	-1.123135709305e-01 7.386269514689e-02 4.815465431982e-01 3.133101225379e+00 -4.473774988384e+00 -4.223644948960e+00 -7.035151017505e-01 -2.962056084445e-01 -3.368810573503e+00 3.999830845323e+00 4.251527075020e+00 -2.112698684076e+00 1.870329759295e+00 9.777129241629e-01 1.223860794119e+00
2120	-1.123135709305e-01 7.386269514689e-02 4.815465431982e-01 3.133101225379e+00 -4.473774988384e+00 -4.223644948960e+00 -7.035151017505e-01 -2.962056084445e-01 -3.368810573503e+00 3.999830845323e+00 4.251527075020e+00 -2.112698684076e+00 1.870329759295e+00 9.772604274902e-01 1.224867322455e+00
2130	-1.123135709305e-01 7.386269514689e-02 4.815465431982e-01 3.133101225379e+00 -4.473774988384e+00 -4.223644948960e+00 -7.035151017505e-01 -2.962056084445e-01 -3.368810573503e+00 3.999830845323e+00 4.251527075020e+00 -2.112698684076e+00 1.870329759295e+00 9.768110690378e-01 1.225879635665e+00
2140	-1.123135709305e-01 7.386269514689e-02 4.815465431982e-01 3.133101225379e+00 -4.473774988384e+00 -4.223644948960e+00 -7.035151017505e-01 -2.962056084445e-01 -3.368810573503e+00 3.999830845323e+00 4.251527075020e+00 -2.112698684076e+00 1.870329759295e+00 9.763623368957e-01 1.226895722472e+00
2150	-1.123135709305e-01 7.386269514689e-02 4.815465431982e-01 3.133101225379e+00 -4.473774988384e+00 -4.223644948960e+00 -7.035151017505e-01 -2.962056084445e-01 -3.368810573503e+00 3.999830845323e+00 4.251527075020e+00 -2.112698684076e+00 1.870329759295e+00 9.759107307826e-01 1.227913552598e+00
2160	-1.123135709305e-01 7.386269514689e-02 4.815465431982e-01 3.133101225379e+00 -4.473774988384e+00 -4.223644948960e+00 -7.035151017505e-01 -2.962056084445e-01 -3.368810573503e+00 3.999830845323e+00 4.251527075020e+00 -2.112698684076e+00 1.870329759295e+00 9.754524516224e-01 1.228932035430e+00
2170	-1.123135709305e-01 7.386269514689e-02 4.815465431982e-01 3.133101225379e+00 -4.473774988384e+00 -4.223644948960e+00 -7.035151017505e-01 -2.962056084445e-01 -3.368810573503e+00 3.999830845323e+00 4.251527075020e+00 -2.112698684076e+00 1.870329759295e+00 9.749865956726e-01 1.229949452036e+00
2180	-1.123135709305e-01 7.386269514689e-02 4.815465431982e-01 3.133101225379e+00 -4.473774988384e+00 -4.223644948960e+00 -7.035151017505e-01 -2.962056084445e-01 -3.368810573503e+00 3.999830845323e+00 4.251527075020e+00 -2.112698684076e+00 1.870329759295e+00 9.745131324310e-01 1.230965388206e+00
2190	-1.123135709305e-01 7.386269514689e-02 4.815465431982e-01 3.133101225379e+00 -4.473774988384e+00 -4.223644948960e+00 -7.035151017505e-01 -2.962056084445e-01 -3.368810573503e+00 3.999830845323e+00 4.251527075020e+00 -2.112698684076e+00 1.870329759295e+00 9.740316732237e-01 1.231980386653e+00
2200	-1.123135709305e-01 7.386269514689e-02 4.815465431982e-01 3.133101225379e+00 -4.473774988384e+00 -4.223644948960e+00 -7.035151017505e-01 -2.962056084445e-01 -3.368810573503e+00 3.999830845323e+00 4.251527075020e+00 -2.112698684076e+00 1.870329759295e+00 9.735428910257e-01 1.232992901462e+00
2210	-1.123135709305e-01 7.386269514689e-02 4.815465431982e-01 3.133101225379e+00 -4.473774988384e+00 -4.223644948960e+00 -7.035151017505e-01 -2.962056084445e-01 -3.368810573503e+00 3.999830845323e+00 4.251527075020e+00 -2.112698684076e+00 1.870329759295e+00 9.730434008937e-01 1.234004413842e+00
2220	-1.123135709305e-01 7.386269514689e-02 4.815465431982e-01 3.133101225379e+00 -4.473774988384e+00 -4.223644948960e+00 -7.035151017505e-01 -2.962056084445e-01 -3.368810573503e+00 3.999830845323e+00 4.251527075020e+00 -2.112698684076e+00 1.870329759295e+00 9.725295706195e-01 1.235017601830e+00
2230	-1.123135709305e-01 7.386269514689e-02 4.815465431982e-01 3.133101225379e+00 -4.473774988384e+00 -4.223644948960e+00 -7.035151017505e-01 -2.962056084445e-01 -3.368810573503e+00 3.999830845323e+00 4.251527075020e+00 -2.112698684076e+00 1.870329759295e+00 9.720016123194e-01 1.236032634905e+00
2240	-1.123135709305e-01 7.386269514689e-02 4.815465431982e-01 3.133101225379e+00 -4.473774988384e+00 -4.223644948960e+00 -7.035151017505e-01 -2.962056084445e-01 -3.368810573503e+00 3.999830845323e+00 4.251527075020e+00 -2.112698684076e+00 1.870329759295e+00 9.714581232763e-01 1.237050409642e+00
2250	-1.123135709305e-01 7.386269514689e-02 4.815465431982e-01 3.133101225379e+00 -4.473774988384e+00 -4.223644948960e+00 -7.035151017505e-01 -2.962056084445e-01 -3.368810573503e+00 3.999830845323e+00 4.251527075020e+00 -2.112698684076e+00 1.870329759295e+00 9.708996431370e-01 1.238070475540e+00
2260	-1.123135709305e-01 7.386269514689e-02 4.815465431982e-01 3.133101225379e+00 -4.473774988384e+00 -4.223644948960e+00 -7.035151017505e-01 -2.962056084445e-01 -3.368810573503e+00 3.999830845323e+00 4.251527075020e+00 -2.112698684076e+00 1.870329759295e+00 9.703317680968e-01 1.239091633077e+00
2270	-1.123135709305e-01 7.386269514689e-02 4.815465431982e-01 3.133101225379e+00 -4.473774988384e+00 -4.223644948960e+00 -7.035151017505e-01 -2.962056084445e-01 -3.368810573503e+00 3.999830845323e+00 4.251527075020e+00 -2.112698684076e+00 1.870329759295e+00 9.697608222689e-01 1.240115031774e+00
2280	-1.123135709305e-01 7.386269514689e-02 4.815465431982e-01 3.133101225379e+00 -4.473774988384e+00 -4.223644948960e+00 -7.035151017505e-01 -2.962056084445e-01 -3.368810573503e+00 3.999830845323e+00 4.251527075020e+00 -2.112698684076e+00 1.870329759295e+00 9.691921463183e-01 1.241141125989e+00
2290	-1.123135709305e-01 7.386269514689e-02 4.815465431982e-01 3.133101225379e+00 -4.473774988384e+00 -4.223644948960e+00 -7.035151017505e-01 -2.962056084445e-01 -3.368810573503e+00 3.999830845323e+00 4.251527075020e+00 -2.112698684076e+00 1.870329759295e+00 9.686286003247e-01 1.242170159189e+00
2300	-1.123135709305e-01 7.386269514689e-02 4.815465431982e-01 3.133101225379e+00 -4.473774988384e+00 -4.223644948960e+00 -7.035151017505e-01 -2.962056084445e-01 -3.368810573503e+00 3.999830845323e+00 4.251527075020e+00 -2.112698684076e+00 1.870329759295e+00 9.680699247743e-01 1.243203818601e+00
2310	-1.123135709305e-01 7.386269514689e-02 4.815465431982e-01 3.133101225379e+00 -4.473774988384e+00 -4.223644948960e+00 -7.035151017505e-01 -2.962056084445e-01 -3.368810573503e+00 3.999830845323e+00 4.251527075020e+00 -2.112698684076e+00 1.870329759295e+00 9.675161136413e-01 1.244242297210e+00
2320	-1.123135709305e-01 7.386269514689e-02 4.815465431982e-01 3.133101225379e+00 -4.473774988384e+00 -4.223644948960e+00 -7.035151017505e-01 -2.962056084445e-01 -3.368810573503e+00 3.999830845323e+00 4.251527075020e+00 -2.112698684076e+00 1.870329759295e+00 9.669674534239e-01 1.245286202187e+00
2330	-1.123135709305e-01 7.386269514689e-02 4.815465431982e-01 3.133101225379e+00 -4.473774988384e+00 -4.223644948960e+00 -7.035151017505e-01 -2.962056084445e-01 -3.368810573503e+00 3.999830845323e+00 4.251527075020e+00 -2.112698684076e+00 1.870329759295e+00 9.664246409370e-01 1.246338476475e+00
2340	-1.123135709305e-01 7.386269514689e-02 4.815465431982e-01 3.133101225379e+00 -4.473774988384e+00 -4.223644948960e+00 -7.035151017505e-01 -2.962056084445e-01 -3.368810573503e+00 3.999830845323e+00 4.251527075020e+00 -2.112698684076e+00 1.870329759295e+00 9.658890095038e-01 1.247401549282e+00
2350	-1.123135709305e-01 7.386269514689e-02 4.815465431982e-01 3.133101225379e+00 -4.473774988384e+00 -4.223644948960e+00 -7.035151017505e-01 -2.962056084445e-01 -3.368810573503e+00 3.999830845323e+00 4.251527075020e+00 -2.112698684076e+00 1.870329759295e+00 9.653608096925e-01 1.248476133454e+00
2360	-1.123135709305e-01 7.386269514689e-02 4.815465431982e-01 3.133101225379e+00 -4.473774988384e+00 -4.223644948960e+00 -7.035151017505e-01 -2.962056084445e-01 -3.368810573503e+00 3.999830845323e+00 4.251527075020e+00 -2.112698684076e+00 1.870329759295e+00 9.648394001905e-01 1.249561483012e+00
2370	-1.123135709305e-01 7.386269514689e-02 4.815465431982e-01 3.133101225379e+00 -4.473774988384e+00 -4.223644948960e+00 -7.035151017505e-01 -2.962056084445e-01 -3.368810573503e+00 3.999830845323e+00 4.251527075020e+00 -2.112698684076e+00 1.870329759295e+00 9.643268792272e-01 1.250655790910e+00
2380	-1.123135709305e-01 7.386269514689e-02 4.815465431982e-01 3.133101225379e+00 -4.473774988384e+00 -4.223644948960e+00 -7.035151017505e-01 -2.962056084445e-01 -3.368810573503e+00 3.999830845323e+00 4.251527075020e+00 -2.112698684076e+00 1.870329759295e+00 9.638240253826e-01 1.251759110919e+00
2390	-1.123135709305e-01 7.386269514689e-02 4.815465431982e-01 3.133101225379e+00 -4.473774988384e+00 -4.223644948960e+00 -7.035151017505e-01 -2.962056084445e-01 -3.368810573503e+00 3.999830845323e+00 4.251527075020e+00 -2.112698684076e+00 1.870329759295e+00 9.633274793003e-01 1.252873009028e+00
2400	-1.123135709305e-01 7.386269514689e-02 4.815465431982e-01 3.133101225379e+00 -4.473774988384e+00 -4.223644948960e+00 -7.035151017505e-01 -2.962056084445e-01 -3.368810573503e+00 3.999830845323e+00 4.251527075020e+00 -2.112698684076e+00 1.870329759295e+00 9.628358015549e-01 1.253996918937e+00
2410	-1.123135709305e-01 7.386269514689e-02 4.815465431982e-01 3.133101225379e+00 -4.473774988384e+00 -4.223644948960e+00 -7.035151017505e-01 -2.962056084445e-01 -3.368810573503e+00 3.999830845323e+00 4.251527075020e+00 -2.112698684076e+00 1.870329759295e+00 9.623483537635e-01 1.255128402920e+00
2420	-1.123135709305e-01 7.386269514689e-02 4.815465431982e-01 3.133101225379e+00 -4.473774988384e+00 -4.223644948960e+00 -7.035151017505e-01 -2.962056084445e-01 -3.368810573503e+00 3.999830845323e+00 4.251527075020e+00 -2.112698684076e+00 1.870329759295e+00 9.618642741030e-01 1.256264191937e+00
2430	-1.123135709305e-01 7.386269514689e-02 4.815465431982e-01 3.133101225379e+00 -4.473774988384e+00 -4.223644948960e+00 -7.035151017505e-01 -2.962056084445e-01 -3.368810573503e+00 3.999830845323e+00 4.251527075020e+00 -2.112698684076e+00 1.870329759295e+00 9.613827917033e-01 1.257401571874e+00
2440	-1.123135709305e-01 7.386269514689e-02 4.815465431982e-01 3.133101225379e+00 -4.473774988384e+00 -4.223644948960e+00 -7.035151017505e-01 -2.962056084445e-01 -3.368810573503e+00 3.999830845323e+00 4.251527075020e+00 -2.112698684076e+00 1.870329759295e+00 9.609014836485e-01 1.258539138848e+00
2450	-1.123135709305e-01 7.386269514689e-02 4.815465431982e-01 3.133101225379e+00 -4.473774988384e+00 -4.223644948960e+00 -7.035151017505e-01 -2.962056084445e-01 -3.368810573503e+00 3.999830845323e+00 4.251527075020e+00 -2.112698684076e+00 1.870329759295e+00 9.604163858844e-01 1.259675967462e+00
2460	-1.123135709305e-01 7.386269514689e-02 4.815465431982e-01 3.133101225379e+00 -4.473774988384e+00 -4.223644948960e+00 -7.035151017505e-01 -2.962056084445e-01 -3.368810573503e+00 3.999830845323e+00 4.251527075020e+00 -2.112698684076e+00 1.870329759295e+00 9.599250499884e-01 1.260811882387e+00
2470	-1.123135709305e-01 7.386269514689e-02 4.815465431982e-01 3.133101225379e+00 -4.473774988384e+00 -4.223644948960e+00 -7.035151017505e-01 -2.962056084445e-01 -3.368810573503e+00 3.999830845323e+00 4.251527075020e+00 -2.112698684076e+00 1.870329759295e+00 9.594284946423e-01 1.261946051501e+00
2480	-1.123135709305e-01 7.386269514689e-02 4.815465431982e-01 3.133101225379e+00 -4.473774988384e+00 -4.223644948960e+00 -7.035151017505e-01 -2.962056084445e-01 -3.368810573503e+00 3.999830845323e+00 4.251527075020e+00 -2.112698684076e+00 1.870329759295e+00 9.589276978382e-01 1.263076064969e+00
2490	-1.123135709305e-01 7.386269514689e-02 4.815465431982e-01 3.133101225379e+00 -4.473774988384e+00 -4.223644948960e+00 -7.035151017505e-01 -2.962056084445e-01 -3.368810573503e+00 3.999830845323e+00 4.251527075020e+00 -2.112698684076e+00 1.870329759295e+00 9.584185803115e-01 1.264202222466e+00
2500	-1.123135709305e-01 7.386269514689e-02 4.815465431982e-01 3.133101225379e+00 -4.473774988384e+00 -4.223644948960e+00 -7.035151017505e-01 -2.962056084445e-01 -3.368810573503e+00 3.999830845323e+00 4.251527075020e+00 -2.112698684076e+00 1.870329759295e+00 9.578964550295e-01 1.265326856497e+00
2510	-1.123135709305e-01 7.386269514689e-02 4.815465431982e-01 3.133101225379e+00 -4.473774988384e+00 -4.223644948960e+00 -7.035151017505e-01 -2.962056084445e-01 -3.368810573503e+00 3.999830845323e+00 4.251527075020e+00 -2.112698684076e+00 1.870329759295e+00 9.573620038549e-01 1.266449113806e+00
2520	-1.123135709305e-01 7.386269514689e-02 4.815465431982e-01 3.133101225379e+00 -4.473774988384e+00 -4.223644948960e+00 -7.035151017505e-01 -2.962056084445e-01 -3.368810573503e+00 3.999830845323e+00 4.251527075020e+00 -2.112698684076e+00 1.870329759295e+00 9.568171074684e-01 1.267568279046e+00
2530	-1.123135709305e-01 7.386269514689e-02 4.815465431982e-01 3.133101225379e+00 -4.473774988384e+00 -4.223644948960e+00 -7.035151017505e-01 -2.962056084445e-01 -3.368810573503e+00 3.999830845323e+00 4.251527075020e+00 -2.112698684076e+00 1.870329759295e+00 9.562645267891e-01 1.268684902411e+00
2540	-1.123135709305e-01 7.386269514689e-02 4.815465431982e-01 3.133101225379e+00 -4.473774988384e+00 -4.223644948960e+00 -7.035151017505e-01 -2.962056084445e-01 -3.368810573503e+00 3.999830845323e+00 4.251527075020e+00 -2.112698684076e+00 1.870329759295e+00 9.557096402929e-01 1.269798267599e+00
2550	-1.123135709305e-01 7.386269514689e-02 4.815465431982e-01 3.133101225379e+00 -4.473774988384e+00 -4.223644948960e+00 -7.035151017505e-01 -2.962056084445e-01 -3.368810573503e+00 3.999830845323e+00 4.251527075020e+00 -2.112698684076e+00 1.870329759295e+00 9.551540377555e-01 1.270910044596e+00
2560	-1.123135709305e-01 7.386269514689e-02 4.815465431982e-01 3.133101225379e+00 -4.473774988384e+00 -4.223644948960e+00 -7.035151017505e-01 -2.962056084445e-01 -3.368810573503e+00 3.999830845323e+00 4.251527075020e+00 -2.112698684076e+00 1.870329759295e+00 9.545970945902e-01 1.272022993663e+00
2570	-1.123135709305e-01 7.386269514689e-02 4.815465431982e-01 3.133101225379e+00 -4.473774988384e+00 -4.223644948960e+00 -7.035151017505e-01 -2.962056084445e-01 -3.368810573503e+00 3.999830845323e+00 4.251527075020e+00 -2.112698684076e+00 1.870329759295e+00 9.540413917256e-01 1.273137757130e+00
2580	-1.123135709305e-01 7.386269514689e-02 4.815465431982e-01 3.133101225379e+00 -4.473774988384e+00 -4.223644948960e+00 -7.035151017505e-01 -2.962056084445e-01 -3.368810573503e+00 3.999830845323e+00 4.251527075020e+00 -2.112698684076e+00 1.870329759295e+00 9.534890310344e-01 1.274256993550e+00
2590	-1.123135709305e-01 7.386269514689e-02 4.815465431982e-01 3.133101225379e+00 -4.473774988384e+00 -4.223644948960e+00 -7.035151017505e-01 -2.962056084445e-01 -3.368810573503e+00 3.999830845323e+00 4.251527075020e+00 -2.112698684076e+00 1.870329759295e+00 9.529386355651e-01 1.275384248482e+00
2600	-1.123135709305e-01 7.386269514689e-02 4.815465431982e-01 3.133101225379e+00 -4.473774988384e+00 -4.223644948960e+00 -7.035151017505e-01 -2.962056084445e-01 -3.368810573503e+00 3.999830845323e+00 4.251527075020e+00 -2.112698684076e+00 1.870329759295e+00 9.523888615346e-01 1.276520461129e+00
2610	-1.123135709305e-01 7.386269514689e-02 4.815465431982e-01 3.133101225379e+00 -4.473774988384e+00 -4.223644948960e+00 -7.035151017505e-01 -2.962056084445e-01 -3.368810573503e+00 3.999830845323e+00 4.251527075020e+00 -2.112698684076e+00 1.870329759295e+00 9.518429918085e-01 1.277667634513e+00
2620	-1.123135709305e-01 7.386269514689e-02 4.815465431982e-01 3.133101225379e+00 -4.473774988384e+00 -4.223644948960e+00 -7.035151017505e-01 -2.962056084445e-01 -3.368810573503e+00 3.999830845323e+00 4.251527075020e+00 -2.112698684076e+00 1.870329759295e+00 9.513060922904e-01 1.278828353874e+00
