10	-1.157441950446e-01 4.916438130181e+00 -2.586380799224e+00 1.874412247649e+00 2.336464614247e+00 -2.305007670788e+00 2.355643581128e+00 -5.148177204724e+00 -2.104508212696e+00 2.070846999332e+00 -2.563013999317e+00 2.031924367027e+00 -2.267465187675e+00 3.081464247049e+00 3.514781154508e+00
20	-1.157441950446e-01 4.916438130181e+00 -2.586380799224e+00 1.874412247649e+00 2.336464614247e+00 -2.305007670788e+00 2.355643581128e+00 -5.148177204724e+00 -2.104508212696e+00 2.070846999332e+00 -2.563013999317e+00 2.031924367027e+00 -2.267465187675e+00 3.081462639645e+00 3.514782777817e+00
30	-1.157441950446e-01 4.916438130181e+00 -2.586380799224e+00 1.874412247649e+00 2.336464614247e+00 -2.305007670788e+00 2.355643581128e+00 -5.148177204724e+00 -2.104508212696e+00 2.070846999332e+00 -2.563013999317e+00 2.031924367027e+00 -2.267465187675e+00 3.081460286132e+00 3.514785187479e+00
40	-1.157441950446e-01 4.916438130181e+00 -2.586380799224e+00 1.874412247649e+00 2.336464614247e+00 -2.305007670788e+00 2.355643581128e+00 -5.148177204724e+00 -2.104508212696e+00 2.070846999332e+00 -2.563013999317e+00 2.031924367027e+00 -2.267465187675e+00 3.081456727335e+00 3.514788915160e+00
50	-1.157441950446e-01 4.916438130181e+00 -2.586380799224e+00 1.874412247649e+00 2.336464614247e+00 -2.305007670788e+00 2.355643581128e+00 -5.148177204724e+00 -2.104508212696e+00 2.070846999332e+00 -2.563013999317e+00 2.031924367027e+00 -2.267465187675e+00 3.081450568873e+00 3.514795536208e+00
60	-1.157441950446e-01 4.916438130181e+00 -2.586380799224e+00 1.874412247649e+00 2.336464614247e+00 -2.305007670788e+00 2.355643581128e+00 -5.148177204724e+00 -2.104508212696e+00 2.070846999332e+00 -2.563013999317e+00 2.031924367027e+00 -2.267465187675e+00 3.081439629807e+00 3.514807579528e+00
70	-1.157441950446e-01 4.916438130181e+00 -2.586380799224e+00 1.874412247649e+00 2.336464614247e+00 -2.305007670788e+00 2.355643581128e+00 -5.148177204724e+00 -2.104508212696e+00 2.070846999332e+00 -2.563013999317e+00 2.031924367027e+00 -2.267465187675e+00 3.081421480002e+00 3.514828012602e+00
80	-1.157441950446e-01 4.916438130181e+00 -2.586380799224e+00 1.874412247649e+00 2.336464614247e+00 -2.305007670788e+00 2.355643581128e+00 -5.148177204724e+00 -2.104508212696e+00 2.070846999332e+00 -2.563013999317e+00 2.031924367027e+00 -2.267465187675e+00 3.081393991179e+00 3.514859666242e+00
90	-1.157441950446e-01 4.916438130181e+00 -2.586380799224e+00 1.874412247649e+00 2.336464614247e+00 -2.305007670788e+00 2.355643581128e+00 -5.148177204724e+00 -2.104508212696e+00 2.070846999332e+00 -2.563013999317e+00 2.031924367027e+00 -2.267465187675e+00 3.081355797299e+00 3.514904676650e+00
100	-1.157441950446e-01 4.916438130181e+00 -2.586380799224e+00 1.874412247649e+00 2.336464614247e+00 -2.305007670788e+00 2.355643581128e+00 -5.148177204724e+00 -2.104508212696e+00 2.070846999332e+00 -2.563013999317e+00 2.031924367027e+00 -2.267465187675e+00 3.081306935094e+00 3.514963596624e+00
110	-1.157441950446e-01 4.916438130181e+00 -2.586380799224e+00 1.874412247649e+00 2.336464614247e+00 -2.305007670788e+00 2.355643581128e+00 -5.148177204724e+00 -2.104508212696e+00 2.070846999332e+00 -2.563013999317e+00 2.031924367027e+00 -2.267465187675e+00 3.081248675033e+00 3.515035327859e+00
120	-1.157441950446e-01 4.916438130181e+00 -2.586380799224e+00 1.874412247649e+00 2.336464614247e+00 -2.305007670788e+00 2.355643581128e+00 -5.148177204724e+00 -2.104508212696e+00 2.070846999332e+00 -2.563013999317e+00 2.031924367027e+00 -2.267465187675e+00 3.081182237687e+00 3.515118278227e+00
130	-1.157441950446e-01 4.916438130181e+00 -2.586380799224e+00 1.874412247649e+00 2.336464614247e+00 -2.305007670788e+00 2.355643581128e+00 -5.148177204724e+00 -2.104508212696e+00 2.070846999332e+00 -2.563013999317e+00 2.031924367027e+00 -2.267465187675e+00 3.081108363856e+00 3.515210730636e+00
140	-1.157441950446e-01 4.916438130181e+00 -2.586380799224e+00 1.874412247649e+00 2.336464614247e+00 -2.305007670788e+00 2.355643581128e+00 -5.148177204724e+00 -2.104508212696e+00 2.070846999332e+00 -2.563013999317e+00 2.031924367027e+00 -2.267465187675e+00 3.081027292255e+00 3.515311059268e+00
150	-1.157441950446e-01 4.916438130181e+00 -2.586380799224e+00 1.874412247649e+00 2.336464614247e+00 -2.305007670788e+00 2.355643581128e+00 -5.148177204724e+00 -2.104508212696e+00 2.070846999332e+00 -2.563013999317e+00 2.031924367027e+00 -2.267465187675e+00 3.080939435254e+00 3.515417574792e+00
160	-1.157441950446e-01 4.916438130181e+00 -2.586380799224e+00 1.874412247649e+00 2.336464614247e+00 -2.305007670788e+00 2.355643581128e+00 -5.148177204724e+00 -2.104508212696e+00 2.070846999332e+00 -2.563013999317e+00 2.031924367027e+00 -2.267465187675e+00 3.080845934689e+00 3.515528366288e+00
170	-1.157441950446e-01 4.916438130181e+00 -2.586380799224e+00 1.874412247649e+00 2.336464614247e+00 -2.305007670788e+00 2.355643581128e+00 -5.148177204724e+00 -2.104508212696e+00 2.070846999332e+00 -2.563013999317e+00 2.031924367027e+00 -2.267465187675e+00 3.080748558850e+00 3.515641317708e+00
180	-1.157441950446e-01 4.916438130181e+00 -2.586380799224e+00 1.874412247649e+00 2.336464614247e+00 -2.305007670788e+00 2.355643581128e+00 -5.148177204724e+00 -2.104508212696e+00 2.070846999332e+00 -2.563013999317e+00 2.031924367027e+00 -2.267465187675e+00 3.080648231827e+00 3.515755192053e+00
190	-1.157441950446e-01 4.916438130181e+00 -2.586380799224e+00 1.874412247649e+00 2.336464614247e+00 -2.305007670788e+00 2.355643581128e+00 -5.148177204724e+00 -2.104508212696e+00 2.070846999332e+00 -2.563013999317e+00 2.031924367027e+00 -2.267465187675e+00 3.080543343883e+00 3.515871167235e+00
200	-1.157441950446e-01 4.916438130181e+00 -2.586380799224e+00 1.874412247649e+00 2.336464614247e+00 -2.305007670788e+00 2.355643581128e+00 -5.148177204724e+00 -2.104508212696e+00 2.070846999332e+00 -2.563013999317e+00 2.031924367027e+00 -2.267465187675e+00 3.080429635804e+00 3.515993204330e+00
210	-1.157441950446e-01 4.916438130181e+00 -2.586380799224e+00 1.874412247649e+00 2.336464614247e+00 -2.305007670788e+00 2.355643581128e+00 -5.148177204724e+00 -2.104508212696e+00 2.070846999332e+00 -2.563013999317e+00 2.031924367027e+00 -2.267465187675e+00 3.080301539483e+00 3.516127178154e+00
220	-1.157441950446e-01 4.916438130181e+00 -2.586380799224e+00 1.874412247649e+00 2.336464614247e+00 -2.305007670788e+00 2.355643581128e+00 -5.148177204724e+00 -2.104508212696e+00 2.070846999332e+00 -2.563013999317e+00 2.031924367027e+00 -2.267465187675e+00 3.080154459209e+00 3.516278960983e+00
230	-1.157441950446e-01 4.916438130181e+00 -2.586380799224e+00 1.874412247649e+00 2.336464614247e+00 -2.305007670788e+00 2.355643581128e+00 -5.148177204724e+00 -2.104508212696e+00 2.070846999332e+00 -2.563013999317e+00 2.031924367027e+00 -2.267465187675e+00 3.079986624670e+00 3.516452383780e+00
240	-1.157441950446e-01 4.916438130181e+00 -2.586380799224e+00 1.874412247649e+00 2.336464614247e+00 -2.305007670788e+00 2.355643581128e+00 -5.148177204724e+00 -2.104508212696e+00 2.070846999332e+00 -2.563013999317e+00 2.031924367027e+00 -2.267465187675e+00 3.079800331767e+00 3.516647247426e+00
250	-1.157441950446e-01 4.916438130181e+00 -2.586380799224e+00 1.874412247649e+00 2.336464614247e+00 -2.305007670788e+00 2.355643581128e+00 -5.148177204724e+00 -2.104508212696e+00 2.070846999332e+00 -2.563013999317e+00 2.031924367027e+00 -2.267465187675e+00 3.079600563786e+00 3.516860002375e+00
260	-1.157441950446e-01 4.916438130181e+00 -2.586380799224e+00 1.874412247649e+00 2.336464614247e+00 -2.305007670788e+00 2.355643581128e+00 -5.148177204724e+00 -2.104508212696e+00 2.070846999332e+00 -2.563013999317e+00 2.031924367027e+00 -2.267465187675e+00 3.079392541825e+00 3.517085552328e+00
270	-1.157441950446e-01 4.916438130181e+00 -2.586380799224e+00 1.874412247649e+00 2.336464614247e+00 -2.305007670788e+00 2.355643581128e+00 -5.148177204724e+00 -2.104508212696e+00 2.070846999332e+00 -2.563013999317e+00 2.031924367027e+00 -2.267465187675e+00 3.079180722133e+00 3.517317888521e+00
280	-1.157441950446e-01 4.916438130181e+00 -2.586380799224e+00 1.874412247649e+00 2.336464614247e+00 -2.305007670788e+00 2.355643581128e+00 -5.148177204724e+00 -2.104508212696e+00 2.070846999332e+00 -2.563013999317e+00 2.031924367027e+00 -2.267465187675e+00 3.078969696600e+00 3.517550465102e+00
290	-1.157441950446e-01 4.916438130181e+00 -2.586380799224e+00 1.874412247649e+00 2.336464614247e+00 -2.305007670788e+00 2.355643581128e+00 -5.148177204724e+00 -2.104508212696e+00 2.070846999332e+00 -2.563013999317e+00 2.031924367027e+00 -2.267465187675e+00 3.078763327899e+00 3.517778812198e+00
300	-1.157441950446e-01 4.916438130181e+00 -2.586380799224e+00 1.874412247649e+00 2.336464614247e+00 -2.305007670788e+00 2.355643581128e+00 -5.148177204724e+00 -2.104508212696e+00 2.070846999332e+00 -2.563013999317e+00 2.031924367027e+00 -2.267465187675e+00 3.078561461649e+00 3.518003506974e+00
310	-1.157441950446e-01 4.916438130181e+00 -2.586380799224e+00 1.874412247649e+00 2.336464614247e+00 -2.305007670788e+00 2.355643581128e+00 -5.148177204724e+00 -2.104508212696e+00 2.070846999332e+00 -2.563013999317e+00 2.031924367027e+00 -2.267465187675e+00 3.078360120080e+00 3.518228865145e+00
320	-1.157441950446e-01 4.916438130181e+00 -2.586380799224e+00 1.874412247649e+00 2.336464614247e+00 -2.305007670788e+00 2.355643581128e+00 -5.148177204724e+00 -2.104508212696e+00 2.070846999332e+00 -2.563013999317e+00 2.031924367027e+00 -2.267465187675e+00 3.078152943258e+00 3.518460547369e+00
330	-1.157441950446e-01 4.916438130181e+00 -2.586380799224e+00 1.874412247649e+00 2.336464614247e+00 -2.305007670788e+00 2.355643581128e+00 -5.148177204724e+00 -2.104508212696e+00 2.070846999332e+00 -2.563013999317e+00 2.031924367027e+00 -2.267465187675e+00 3.077933109643e+00 3.518703498878e+00
340	-1.157441950446e-01 4.916438130181e+00 -2.586380799224e+00 1.874412247649e+00 2.336464614247e+00 -2.305007670788e+00 2.355643581128e+00 -5.148177204724e+00 -2.104508212696e+00 2.070846999332e+00 -2.563013999317e+00 2.031924367027e+00 -2.267465187675e+00 3.077697826223e+00 3.518959792641e+00
350	-1.157441950446e-01 4.916438130181e+00 -2.586380799224e+00 1.874412247649e+00 2.336464614247e+00 -2.305007670788e+00 2.355643581128e+00 -5.148177204724e+00 -2.104508212696e+00 2.070846999332e+00 -2.563013999317e+00 2.031924367027e+00 -2.267465187675e+00 3.077449740021e+00 3.519228406583e+00
360	-1.157441950446e-01 4.916438130181e+00 -2.586380799224e+00 1.874412247649e+00 2.336464614247e+00 -2.305007670788e+00 2.355643581128e+00 -5.148177204724e+00 -2.104508212696e+00 2.070846999332e+00 -2.563013999317e+00 2.031924367027e+00 -2.267465187675e+00 3.077192364614e+00 3.519508060091e+00
370	-1.157441950446e-01 4.916438130181e+00 -2.586380799224e+00 1.874412247649e+00 2.336464614247e+00 -2.305007670788e+00 2.355643581128e+00 -5.148177204724e+00 -2.104508212696e+00 2.070846999332e+00 -2.563013999317e+00 2.031924367027e+00 -2.267465187675e+00 3.076927864512e+00 3.519798604910e+00
380	-1.157441950446e-01 4.916438130181e+00 -2.586380799224e+00 1.874412247649e+00 2.336464614247e+00 -2.305007670788e+00 2.355643581128e+00 -5.148177204724e+00 -2.104508212696e+00 2.070846999332e+00 -2.563013999317e+00 2.031924367027e+00 -2.267465187675e+00 3.076654142312e+00 3.520102319834e+00
390	-1.157441950446e-01 4.916438130181e+00 -2.586380799224e+00 1.874412247649e+00 2.336464614247e+00 -2.305007670788e+00 2.355643581128e+00 -5.148177204724e+00 -2.104508212696e+00 2.070846999332e+00 -2.563013999317e+00 2.031924367027e+00 -2.267465187675e+00 3.076367226650e+00 3.520421761349e+00
400	-1.157441950446e-01 4.916438130181e+00 -2.586380799224e+00 1.874412247649e+00 2.336464614247e+00 -2.305007670788e+00 2.355643581128e+00 -5.148177204724e+00 -2.104508212696e+00 2.070846999332e+00 -2.563013999317e+00 2.031924367027e+00 -2.267465187675e+00 3.076067360127e+00 3.520755891085e+00
410	-1.157441950446e-01 4.916438130181e+00 -2.586380799224e+00 1.874412247649e+00 2.336464614247e+00 -2.305007670788e+00 2.355643581128e+00 -5.148177204724e+00 -2.104508212696e+00 2.070846999332e+00 -2.563013999317e+00 2.031924367027e+00 -2.267465187675e+00 3.075756483848e+00 3.521102021665e+00
420	-1.157441950446e-01 4.916438130181e+00 -2.586380799224e+00 1.874412247649e+00 2.336464614247e+00 -2.305007670788e+00 2.355643581128e+00 -5.148177204724e+00 -2.104508212696e+00 2.070846999332e+00 -2.563013999317e+00 2.031924367027e+00 -2.267465187675e+00 3.075434831748e+00 3.521458530976e+00
430	-1.157441950446e-01 4.916438130181e+00 -2.586380799224e+00 1.874412247649e+00 2.336464614247e+00 -2.305007670788e+00 2.355643581128e+00 -5.148177204724e+00 -2.104508212696e+00 2.070846999332e+00 -2.563013999317e+00 2.031924367027e+00 -2.267465187675e+00 3.075099409968e+00 3.521826382455e+00
440	-1.157441950446e-01 4.916438130181e+00 -2.586380799224e+00 1.874412247649e+00 2.336464614247e+00 -2.305007670788e+00 2.355643581128e+00 -5.148177204724e+00 -2.104508212696e+00 2.070846999332e+00 -2.563013999317e+00 2.031924367027e+00 -2.267465187675e+00 3.074745028858e+00 3.522208462432e+00
450	-1.157441950446e-01 4.916438130181e+00 -2.586380799224e+00 1.874412247649e+00 2.336464614247e+00 -2.305007670788e+00 2.355643581128e+00 -5.148177204724e+00 -2.104508212696e+00 2.070846999332e+00 -2.563013999317e+00 2.031924367027e+00 -2.267465187675e+00 3.074366919081e+00 3.522608489639e+00
460	-1.157441950446e-01 4.916438130181e+00 -2.586380799224e+00 1.874412247649e+00 2.336464614247e+00 -2.305007670788e+00 2.355643581128e+00 -5.148177204724e+00 -2.104508212696e+00 2.070846999332e+00 -2.563013999317e+00 2.031924367027e+00 -2.267465187675e+00 3.073963933023e+00 3.523028695976e+00
470	-1.157441950446e-01 4.916438130181e+00 -2.586380799224e+00 1.874412247649e+00 2.336464614247e+00 -2.305007670788e+00 2.355643581128e+00 -5.148177204724e+00 -2.104508212696e+00 2.070846999332e+00 -2.563013999317e+00 2.031924367027e+00 -2.267465187675e+00 3.073539492651e+00 3.523468308002e+00
480	-1.157441950446e-01 4.916438130181e+00 -2.586380799224e+00 1.874412247649e+00 2.336464614247e+00 -2.305007670788e+00 2.355643581128e+00 -5.148177204724e+00 -2.104508212696e+00 2.070846999332e+00 -2.563013999317e+00 2.031924367027e+00 -2.267465187675e+00 3.073098537822e+00 3.523925451854e+00
490	-1.157441950446e-01 4.916438130181e+00 -2.586380799224e+00 1.874412247649e+00 2.336464614247e+00 -2.305007670788e+00 2.355643581128e+00 -5.148177204724e+00 -2.104508212696e+00 2.070846999332e+00 -2.563013999317e+00 2.031924367027e+00 -2.267465187675e+00 3.072642633903e+00 3.524400761043e+00
500	-1.157441950446e-01 4.916438130181e+00 -2.586380799224e+00 1.874412247649e+00 2.336464614247e+00 -2.305007670788e+00 2.355643581128e+00 -5.148177204724e+00 -2.104508212696e+00 2.070846999332e+00 -2.563013999317e+00 2.031924367027e+00 -2.267465187675e+00 3.072169340104e+00 3.524897334520e+00
510	-1.157441950446e-01 4.916438130181e+00 -2.586380799224e+00 1.874412247649e+00 2.336464614247e+00 -2.305007670788e+00 2.355643581128e+00 -5.148177204724e+00 -2.104508212696e+00 2.070846999332e+00 -2.563013999317e+00 2.031924367027e+00 -2.267465187675e+00 3.071676723002e+00 3.525416599753e+00
520	-1.157441950446e-01 4.916438130181e+00 -2.586380799224e+00 1.874412247649e+00 2.336464614247e+00 -2.305007670788e+00 2.355643581128e+00 -5.148177204724e+00 -2.104508212696e+00 2.070846999332e+00 -2.563013999317e+00 2.031924367027e+00 -2.267465187675e+00 3.071164904610e+00 3.525957443761e+00
530	-1.157441950446e-01 4.916438130181e+00 -2.586380799224e+00 1.874412247649e+00 2.336464614247e+00 -2.305007670788e+00 2.355643581128e+00 -5.148177204724e+00 -2.104508212696e+00 2.070846999332e+00 -2.563013999317e+00 2.031924367027e+00 -2.267465187675e+00 3.070634218759e+00 3.526518453244e+00
540	-1.157441950446e-01 4.916438130181e+00 -2.586380799224e+00 1.874412247649e+00 2.336464614247e+00 -2.305007670788e+00 2.355643581128e+00 -5.148177204724e+00 -2.104508212696e+00 2.070846999332e+00 -2.563013999317e+00 2.031924367027e+00 -2.267465187675e+00 3.070082468112e+00 3.527101283031e+00
550	-1.157441950446e-01 4.916438130181e+00 -2.586380799224e+00 1.874412247649e+00 2.336464614247e+00 -2.305007670788e+00 2.355643581128e+00 -5.148177204724e+00 -2.104508212696e+00 2.070846999332e+00 -2.563013999317e+00 2.031924367027e+00 -2.267465187675e+00 3.069507472948e+00 3.527708581917e+00
560	-1.157441950446e-01 4.916438130181e+00 -2.586380799224e+00 1.874412247649e+00 2.336464614247e+00 -2.305007670788e+00 2.355643581128e+00 -5.148177204724e+00 -2.104508212696e+00 2.070846999332e+00 -2.563013999317e+00 2.031924367027e+00 -2.267465187675e+00 3.068911099005e+00 3.528339486957e+00
570	-1.157441950446e-01 4.916438130181e+00 -2.586380799224e+00 1.874412247649e+00 2.336464614247e+00 -2.305007670788e+00 2.355643581128e+00 -5.148177204724e+00 -2.104508212696e+00 2.070846999332e+00 -2.563013999317e+00 2.031924367027e+00 -2.267465187675e+00 3.068298736902e+00 3.528989049286e+00
580	-1.157441950446e-01 4.916438130181e+00 -2.586380799224e+00 1.874412247649e+00 2.336464614247e+00 -2.305007670788e+00 2.355643581128e+00 -5.148177204724e+00 -2.104508212696e+00 2.070846999332e+00 -2.563013999317e+00 2.031924367027e+00 -2.267465187675e+00 3.067674203872e+00 3.529652982799e+00
590	-1.157441950446e-01 4.916438130181e+00 -2.586380799224e+00 1.874412247649e+00 2.336464614247e+00 -2.305007670788e+00 2.355643581128e+00 -5.148177204724e+00 -2.104508212696e+00 2.070846999332e+00 -2.563013999317e+00 2.031924367027e+00 -2.267465187675e+00 3.067037239369e+00 3.530331029785e+00
600	-1.157441950446e-01 4.916438130181e+00 -2.586380799224e+00 1.874412247649e+00 2.336464614247e+00 -2.305007670788e+00 2.355643581128e+00 -5.148177204724e+00 -2.104508212696e+00 2.070846999332e+00 -2.563013999317e+00 2.031924367027e+00 -2.267465187675e+00 3.066386525397e+00 3.531024539723e+00
610	-1.157441950446e-01 4.916438130181e+00 -2.586380799224e+00 1.874412247649e+00 2.336464614247e+00 -2.305007670788e+00 2.355643581128e+00 -5.148177204724e+00 -2.104508212696e+00 2.070846999332e+00 -2.563013999317e+00 2.031924367027e+00 -2.267465187675e+00 3.065723453334e+00 3.531732239911e+00
620	-1.157441950446e-01 4.916438130181e+00 -2.586380799224e+00 1.874412247649e+00 2.336464614247e+00 -2.305007670788e+00 2.355643581128e+00 -5.148177204724e+00 -2.104508212696e+00 2.070846999332e+00 -2.563013999317e+00 2.031924367027e+00 -2.267465187675e+00 3.065053645673e+00 3.532448366655e+00
630	-1.157441950446e-01 4.916438130181e+00 -2.586380799224e+00 1.874412247649e+00 2.336464614247e+00 -2.305007670788e+00 2.355643581128e+00 -5.148177204724e+00 -2.104508212696e+00 2.070846999332e+00 -2.563013999317e+00 2.031924367027e+00 -2.267465187675e+00 3.064378886596e+00 3.533170091497e+00
640	-1.157441950446e-01 4.916438130181e+00 -2.586380799224e+00 1.874412247649e+00 2.336464614247e+00 -2.305007670788e+00 2.355643581128e+00 -5.148177204724e+00 -2.104508212696e+00 2.070846999332e+00 -2.563013999317e+00 2.031924367027e+00 -2.267465187675e+00 3.063692635579e+00 3.533902971406e+00
650	-1.157441950446e-01 4.916438130181e+00 -2.586380799224e+00 1.874412247649e+00 2.336464614247e+00 -2.305007670788e+00 2.355643581128e+00 -5.148177204724e+00 -2.104508212696e+00 2.070846999332e+00 -2.563013999317e+00 2.031924367027e+00 -2.267465187675e+00 3.062989774529e+00 3.534653750175e+00
660	-1.157441950446e-01 4.916438130181e+00 -2.586380799224e+00 1.874412247649e+00 2.336464614247e+00 -2.305007670788e+00 2.355643581128e+00 -5.148177204724e+00 -2.104508212696e+00 2.070846999332e+00 -2.563013999317e+00 2.031924367027e+00 -2.267465187675e+00 3.062268284309e+00 3.535427342862e+00
670	-1.157441950446e-01 4.916438130181e+00 -2.586380799224e+00 1.874412247649e+00 2.336464614247e+00 -2.305007670788e+00 2.355643581128e+00 -5.148177204724e+00 -2.104508212696e+00 2.070846999332e+00 -2.563013999317e+00 2.031924367027e+00 -2.267465187675e+00 3.061526676893e+00 3.536226436719e+00
680	-1.157441950446e-01 4.916438130181e+00 -2.586380799224e+00 1.874412247649e+00 2.336464614247e+00 -2.305007670788e+00 2.355643581128e+00 -5.148177204724e+00 -2.104508212696e+00 2.070846999332e+00 -2.563013999317e+00 2.031924367027e+00 -2.267465187675e+00 3.060762157234e+00 3.537051174376e+00
690	-1.157441950446e-01 4.916438130181e+00 -2.586380799224e+00 1.874412247649e+00 2.336464614247e+00 -2.305007670788e+00 2.355643581128e+00 -5.148177204724e+00 -2.104508212696e+00 2.070846999332e+00 -2.563013999317e+00 2.031924367027e+00 -2.267465187675e+00 3.059972513913e+00 3.537899654844e+00
700	-1.157441950446e-01 4.916438130181e+00 -2.586380799224e+00 1.874412247649e+00 2.336464614247e+00 -2.305007670788e+00 2.355643581128e+00 -5.148177204724e+00 -2.104508212696e+00 2.070846999332e+00 -2.563013999317e+00 2.031924367027e+00 -2.267465187675e+00 3.059156036517e+00 3.538770740803e+00
710	-1.157441950446e-01 4.916438130181e+00 -2.586380799224e+00 1.874412247649e+00 2.336464614247e+00 -2.305007670788e+00 2.355643581128e+00 -5.148177204724e+00 -2.104508212696e+00 2.070846999332e+00 -2.563013999317e+00 2.031924367027e+00 -2.267465187675e+00 3.058309982652e+00 3.539665745996e+00
720	-1.157441950446e-01 4.916438130181e+00 -2.586380799224e+00 1.874412247649e+00 2.336464614247e+00 -2.305007670788e+00 2.355643581128e+00 -5.148177204724e+00 -2.104508212696e+00 2.070846999332e+00 -2.563013999317e+00 2.031924367027e+00 -2.267465187675e+00 3.057433371409e+00 3.540585377291e+00
730	-1.157441950446e-01 4.916438130181e+00 -2.586380799224e+00 1.874412247649e+00 2.336464614247e+00 -2.305007670788e+00 2.355643581128e+00 -5.148177204724e+00 -2.104508212696e+00 2.070846999332e+00 -2.563013999317e+00 2.031924367027e+00 -2.267465187675e+00 3.056530282038e+00 3.541526055754e+00
740	-1.157441950446e-01 4.916438130181e+00 -2.586380799224e+00 1.874412247649e+00 2.336464614247e+00 -2.305007670788e+00 2.355643581128e+00 -5.148177204724e+00 -2.104508212696e+00 2.070846999332e+00 -2.563013999317e+00 2.031924367027e+00 -2.267465187675e+00 3.055607519817e+00 3.542482021473e+00
750	-1.157441950446e-01 4.916438130181e+00 -2.586380799224e+00 1.874412247649e+00 2.336464614247e+00 -2.305007670788e+00 2.355643581128e+00 -5.148177204724e+00 -2.104508212696e+00 2.070846999332e+00 -2.563013999317e+00 2.031924367027e+00 -2.267465187675e+00 3.054670756918e+00 3.543449375917e+00
760	-1.157441950446e-01 4.916438130181e+00 -2.586380799224e+00 1.874412247649e+00 2.336464614247e+00 -2.305007670788e+00 2.355643581128e+00 -5.148177204724e+00 -2.104508212696e+00 2.070846999332e+00 -2.563013999317e+00 2.031924367027e+00 -2.267465187675e+00 3.053720842378e+00 3.544429207213e+00
770	-1.157441950446e-01 4.916438130181e+00 -2.586380799224e+00 1.874412247649e+00 2.336464614247e+00 -2.305007670788e+00 2.355643581128e+00 -5.148177204724e+00 -2.104508212696e+00 2.070846999332e+00 -2.563013999317e+00 2.031924367027e+00 -2.267465187675e+00 3.052753854445e+00 3.545426118990e+00
780	-1.157441950446e-01 4.916438130181e+00 -2.586380799224e+00 1.874412247649e+00 2.336464614247e+00 -2.305007670788e+00 2.355643581128e+00 -5.148177204724e+00 -2.104508212696e+00 2.070846999332e+00 -2.563013999317e+00 2.031924367027e+00 -2.267465187675e+00 3.051764097088e+00 3.546444791331e+00
790	-1.157441950446e-01 4.916438130181e+00 -2.586380799224e+00 1.874412247649e+00 2.336464614247e+00 -2.305007670788e+00 2.355643581128e+00 -5.148177204724e+00 -2.104508212696e+00 2.070846999332e+00 -2.563013999317e+00 2.031924367027e+00 -2.267465187675e+00 3.050748571690e+00 3.547487236304e+00
800	-1.157441950446e-01 4.916438130181e+00 -2.586380799224e+00 1.874412247649e+00 2.336464614247e+00 -2.305007670788e+00 2.355643581128e+00 -5.148177204724e+00 -2.104508212696e+00 2.070846999332e+00 -2.563013999317e+00 2.031924367027e+00 -2.267465187675e+00 3.049709934700e+00 3.548551537155e+00
810	-1.157441950446e-01 4.916438130181e+00 -2.586380799224e+00 1.874412247649e+00 2.336464614247e+00 -2.305007670788e+00 2.355643581128e+00 -5.148177204724e+00 -2.104508212696e+00 2.070846999332e+00 -2.563013999317e+00 2.031924367027e+00 -2.267465187675e+00 3.048652763618e+00 3.549634955246e+00
820	-1.157441950446e-01 4.916438130181e+00 -2.586380799224e+00 1.874412247649e+00 2.336464614247e+00 -2.305007670788e+00 2.355643581128e+00 -5.148177204724e+00 -2.104508212696e+00 2.070846999332e+00 -2.563013999317e+00 2.031924367027e+00 -2.267465187675e+00 3.047579585527e+00 3.550736267658e+00
830	-1.157441950446e-01 4.916438130181e+00 -2.586380799224e+00 1.874412247649e+00 2.336464614247e+00 -2.305007670788e+00 2.355643581128e+00 -5.148177204724e+00 -2.104508212696e+00 2.070846999332e+00 -2.563013999317e+00 2.031924367027e+00 -2.267465187675e+00 3.046490729989e+00 3.551855128292e+00
840	-1.157441950446e-01 4.916438130181e+00 -2.586380799224e+00 1.874412247649e+00 2.336464614247e+00 -2.305007670788e+00 2.355643581128e+00 -5.148177204724e+00 -2.104508212696e+00 2.070846999332e+00 -2.563013999317e+00 2.031924367027e+00 -2.267465187675e+00 3.045391135256e+00 3.552985895341e+00
850	-1.157441950446e-01 4.916438130181e+00 -2.586380799224e+00 1.874412247649e+00 2.336464614247e+00 -2.305007670788e+00 2.355643581128e+00 -5.148177204724e+00 -2.104508212696e+00 2.070846999332e+00 -2.563013999317e+00 2.031924367027e+00 -2.267465187675e+00 3.044289897542e+00 3.554119109942e+00
860	-1.157441950446e-01 4.916438130181e+00 -2.586380799224e+00 1.874412247649e+00 2.336464614247e+00 -2.305007670788e+00 2.355643581128e+00 -5.148177204724e+00 -2.104508212696e+00 2.070846999332e+00 -2.563013999317e+00 2.031924367027e+00 -2.267465187675e+00 3.043191770817e+00 3.555250210411e+00
870	-1.157441950446e-01 4.916438130181e+00 -2.586380799224e+00 1.874412247649e+00 2.336464614247e+00 -2.305007670788e+00 2.355643581128e+00 -5.148177204724e+00 -2.104508212696e+00 2.070846999332e+00 -2.563013999317e+00 2.031924367027e+00 -2.267465187675e+00 3.042091204388e+00 3.556384967665e+00
880	-1.157441950446e-01 4.916438130181e+00 -2.586380799224e+00 1.874412247649e+00 2.336464614247e+00 -2.305007670788e+00 2.355643581128e+00 -5.148177204724e+00 -2.104508212696e+00 2.070846999332e+00 -2.563013999317e+00 2.031924367027e+00 -2.267465187675e+00 3.040978427797e+00 3.557533392506e+00
890	-1.157441950446e-01 4.916438130181e+00 -2.586380799224e+00 1.874412247649e+00 2.336464614247e+00 -2.305007670788e+00 2.355643581128e+00 -5.148177204724e+00 -2.104508212696e+00 2.070846999332e+00 -2.563013999317e+00 2.031924367027e+00 -2.267465187675e+00 3.039851581291e+00 3.558698055618e+00
900	-1.157441950446e-01 4.916438130181e+00 -2.586380799224e+00 1.874412247649e+00 2.336464614247e+00 -2.305007670788e+00 2.355643581128e+00 -5.148177204724e+00 -2.104508212696e+00 2.070846999332e+00 -2.563013999317e+00 2.031924367027e+00 -2.267465187675e+00 3.038717468891e+00 3.559872908694e+00
910	-1.157441950446e-01 4.916438130181e+00 -2.586380799224e+00 1.874412247649e+00 2.336464614247e+00 -2.305007670788e+00 2.355643581128e+00 -5.148177204724e+00 -2.104508212696e+00 2.070846999332e+00 -2.563013999317e+00 2.031924367027e+00 -2.267465187675e+00 3.037582201512e+00 3.561051633872e+00
920	-1.157441950446e-01 4.916438130181e+00 -2.586380799224e+00 1.874412247649e+00 2.336464614247e+00 -2.305007670788e+00 2.355643581128e+00 -5.148177204724e+00 -2.104508212696e+00 2.070846999332e+00 -2.563013999317e+00 2.031924367027e+00 -2.267465187675e+00 3.036440848430e+00 3.562237402970e+00
930	-1.157441950446e-01 4.916438130181e+00 -2.586380799224e+00 1.874412247649e+00 2.336464614247e+00 -2.305007670788e+00 2.355643581128e+00 -5.148177204724e+00 -2.104508212696e+00 2.070846999332e+00 -2.563013999317e+00 2.031924367027e+00 -2.267465187675e+00 3.035284248740e+00 3.563440857801e+00
940	-1.157441950446e-01 4.916438130181e+00 -2.586380799224e+00 1.874412247649e+00 2.336464614247e+00 -2.305007670788e+00 2.355643581128e+00 -5.148177204724e+00 -2.104508212696e+00 2.070846999332e+00 -2.563013999317e+00 2.031924367027e+00 -2.267465187675e+00 3.034109086770e+00 3.564670077868e+00
950	-1.157441950446e-01 4.916438130181e+00 -2.586380799224e+00 1.874412247649e+00 2.336464614247e+00 -2.305007670788e+00 2.355643581128e+00 -5.148177204724e+00 -2.104508212696e+00 2.070846999332e+00 -2.563013999317e+00 2.031924367027e+00 -2.267465187675e+00 3.032917556807e+00 3.565923177646e+00
960	-1.157441950446e-01 4.916438130181e+00 -2.586380799224e+00 1.874412247649e+00 2.336464614247e+00 -2.305007670788e+00 2.355643581128e+00 -5.148177204724e+00 -2.104508212696e+00 2.070846999332e+00 -2.563013999317e+00 2.031924367027e+00 -2.267465187675e+00 3.031714620825e+00 3.567193092276e+00
970	-1.157441950446e-01 4.916438130181e+00 -2.586380799224e+00 1.874412247649e+00 2.336464614247e+00 -2.305007670788e+00 2.355643581128e+00 -5.148177204724e+00 -2.104508212696e+00 2.070846999332e+00 -2.563013999317e+00 2.031924367027e+00 -2.267465187675e+00 3.030503155947e+00 3.568476460996e+00
980	-1.157441950446e-01 4.916438130181e+00 -2.586380799224e+00 1.874412247649e+00 2.336464614247e+00 -2.305007670788e+00 2.355643581128e+00 -5.148177204724e+00 -2.104508212696e+00 2.070846999332e+00 -2.563013999317e+00 2.031924367027e+00 -2.267465187675e+00 3.029285575673e+00 3.569771960360e+00
990	-1.157441950446e-01 4.916438130181e+00 -2.586380799224e+00 1.874412247649e+00 2.336464614247e+00 -2.305007670788e+00 2.355643581128e+00 -5.148177204724e+00 -2.104508212696e+00 2.070846999332e+00 -2.563013999317e+00 2.031924367027e+00 -2.267465187675e+00 3.028059849820e+00 3.571080699704e+00
1000	-1.157441950446e-01 4.916438130181e+00 -2.586380799224e+00 1.874412247649e+00 2.336464614247e+00 -2.305007670788e+00 2.355643581128e+00 -5.148177204724e+00 -2.104508212696e+00 2.070846999332e+00 -2.563013999317e+00 2.031924367027e+00 -2.267465187675e+00 3.026821971096e+00 3.572402484994e+00
1010	-1.157441950446e-01 4.916438130181e+00 -2.586380799224e+00 1.874412247649e+00 2.336464614247e+00 -2.305007670788e+00 2.355643581128e+00 -5.148177204724e+00 -2.104508212696e+00 2.070846999332e+00 -2.563013999317e+00 2.031924367027e+00 -2.267465187675e+00 3.025571649177e+00 3.573733328710e+00
1020	-1.157441950446e-01 4.916438130181e+00 -2.586380799224e+00 1.874412247649e+00 2.336464614247e+00 -2.305007670788e+00 2.355643581128e+00 -5.148177204724e+00 -2.104508212696e+00 2.070846999332e+00 -2.563013999317e+00 2.031924367027e+00 -2.267465187675e+00 3.024311062623e+00 3.575068862381e+00
1030	-1.157441950446e-01 4.916438130181e+00 -2.586380799224e+00 1.874412247649e+00 2.336464614247e+00 -2.305007670788e+00 2.355643581128e+00 -5.148177204724e+00 -2.104508212696e+00 2.070846999332e+00 -2.563013999317e+00 2.031924367027e+00 -2.267465187675e+00 3.023042020333e+00 3.576407157849e+00
1040	-1.157441950446e-01 4.916438130181e+00 -2.586380799224e+00 1.874412247649e+00 2.336464614247e+00 -2.305007670788e+00 2.355643581128e+00 -5.148177204724e+00 -2.104508212696e+00 2.070846999332e+00 -2.563013999317e+00 2.031924367027e+00 -2.267465187675e+00 3.021763683096e+00 3.577750151500e+00
1050	-1.157441950446e-01 4.916438130181e+00 -2.586380799224e+00 1.874412247649e+00 2.336464614247e+00 -2.305007670788e+00 2.355643581128e+00 -5.148177204724e+00 -2.104508212696e+00 2.070846999332e+00 -2.563013999317e+00 2.031924367027e+00 -2.267465187675e+00 3.020472055629e+00 3.579103444996e+00
1060	-1.157441950446e-01 4.916438130181e+00 -2.586380799224e+00 1.874412247649e+00 2.336464614247e+00 -2.305007670788e+00 2.355643581128e+00 -5.148177204724e+00 -2.104508212696e+00 2.070846999332e+00 -2.563013999317e+00 2.031924367027e+00 -2.267465187675e+00 3.019163467019e+00 3.580471454364e+00
1070	-1.157441950446e-01 4.916438130181e+00 -2.586380799224e+00 1.874412247649e+00 2.336464614247e+00 -2.305007670788e+00 2.355643581128e+00 -5.148177204724e+00 -2.104508212696e+00 2.070846999332e+00 -2.563013999317e+00 2.031924367027e+00 -2.267465187675e+00 3.017837826959e+00 3.581853432416e+00
1080	-1.157441950446e-01 4.916438130181e+00 -2.586380799224e+00 1.874412247649e+00 2.336464614247e+00 -2.305007670788e+00 2.355643581128e+00 -5.148177204724e+00 -2.104508212696e+00 2.070846999332e+00 -2.563013999317e+00 2.031924367027e+00 -2.267465187675e+00 3.016496039316e+00 3.583248364218e+00
1090	-1.157441950446e-01 4.916438130181e+00 -2.586380799224e+00 1.874412247649e+00 2.336464614247e+00 -2.305007670788e+00 2.355643581128e+00 -5.148177204724e+00 -2.104508212696e+00 2.070846999332e+00 -2.563013999317e+00 2.031924367027e+00 -2.267465187675e+00 3.015136188263e+00 3.584659644043e+00
1100	-1.157441950446e-01 4.916438130181e+00 -2.586380799224e+00 1.874412247649e+00 2.336464614247e+00 -2.305007670788e+00 2.355643581128e+00 -5.148177204724e+00 -2.104508212696e+00 2.070846999332e+00 -2.563013999317e+00 2.031924367027e+00 -2.267465187675e+00 3.013754844729e+00 3.586092395740e+00
1110	-1.157441950446e-01 4.916438130181e+00 -2.586380799224e+00 1.874412247649e+00 2.336464614247e+00 -2.305007670788e+00 2.355643581128e+00 -5.148177204724e+00 -2.104508212696e+00 2.070846999332e+00 -2.563013999317e+00 2.031924367027e+00 -2.267465187675e+00 3.012357101996e+00 3.587542592725e+00
1120	-1.157441950446e-01 4.916438130181e+00 -2.586380799224e+00 1.874412247649e+00 2.336464614247e+00 -2.305007670788e+00 2.355643581128e+00 -5.148177204724e+00 -2.104508212696e+00 2.070846999332e+00 -2.563013999317e+00 2.031924367027e+00 -2.267465187675e+00 3.010954791451e+00 3.588998523169e+00
1130	-1.157441950446e-01 4.916438130181e+00 -2.586380799224e+00 1.874412247649e+00 2.336464614247e+00 -2.305007670788e+00 2.355643581128e+00 -5.148177204724e+00 -2.104508212696e+00 2.070846999332e+00 -2.563013999317e+00 2.031924367027e+00 -2.267465187675e+00 3.009551230288e+00 3.590456510966e+00
1140	-1.157441950446e-01 4.916438130181e+00 -2.586380799224e+00 1.874412247649e+00 2.336464614247e+00 -2.305007670788e+00 2.355643581128e+00 -5.148177204724e+00 -2.104508212696e+00 2.070846999332e+00 -2.563013999317e+00 2.031924367027e+00 -2.267465187675e+00 3.008138330748e+00 3.591925003393e+00
1150	-1.157441950446e-01 4.916438130181e+00 -2.586380799224e+00 1.874412247649e+00 2.336464614247e+00 -2.305007670788e+00 2.355643581128e+00 -5.148177204724e+00 -2.104508212696e+00 2.070846999332e+00 -2.563013999317e+00 2.031924367027e+00 -2.267465187675e+00 3.006709604374e+00 3.593411848614e+00
1160	-1.157441950446e-01 4.916438130181e+00 -2.586380799224e+00 1.874412247649e+00 2.336464614247e+00 -2.305007670788e+00 2.355643581128e+00 -5.148177204724e+00 -2.104508212696e+00 2.070846999332e+00 -2.563013999317e+00 2.031924367027e+00 -2.267465187675e+00 3.005267149284e+00 3.594915626543e+00
1170	-1.157441950446e-01 4.916438130181e+00 -2.586380799224e+00 1.874412247649e+00 2.336464614247e+00 -2.305007670788e+00 2.355643581128e+00 -5.148177204724e+00 -2.104508212696e+00 2.070846999332e+00 -2.563013999317e+00 2.031924367027e+00 -2.267465187675e+00 3.003813816929e+00 3.596433074244e+00
1180	-1.157441950446e-01 4.916438130181e+00 -2.586380799224e+00 1.874412247649e+00 2.336464614247e+00 -2.305007670788e+00 2.355643581128e+00 -5.148177204724e+00 -2.104508212696e+00 2.070846999332e+00 -2.563013999317e+00 2.031924367027e+00 -2.267465187675e+00 3.002351296032e+00 3.597964196176e+00
1190	-1.157441950446e-01 4.916438130181e+00 -2.586380799224e+00 1.874412247649e+00 2.336464614247e+00 -2.305007670788e+00 2.355643581128e+00 -5.148177204724e+00 -2.104508212696e+00 2.070846999332e+00 -2.563013999317e+00 2.031924367027e+00 -2.267465187675e+00 3.000884552014e+00 3.599508073225e+00
1200	-1.157441950446e-01 4.916438130181e+00 -2.586380799224e+00 1.874412247649e+00 2.336464614247e+00 -2.305007670788e+00 2.355643581128e+00 -5.148177204724e+00 -2.104508212696e+00 2.070846999332e+00 -2.563013999317e+00 2.031924367027e+00 -2.267465187675e+00 2.999414967314e+00 3.601064974609e+00
1210	-1.157441950446e-01 4.916438130181e+00 -2.586380799224e+00 1.874412247649e+00 2.336464614247e+00 -2.305007670788e+00 2.355643581128e+00 -5.148177204724e+00 -2.104508212696e+00 2.070846999332e+00 -2.563013999317e+00 2.031924367027e+00 -2.267465187675e+00 2.997932122105e+00 3.602641995101e+00
1220	-1.157441950446e-01 4.916438130181e+00 -2.586380799224e+00 1.874412247649e+00 2.336464614247e+00 -2.305007670788e+00 2.355643581128e+00 -5.148177204724e+00 -2.104508212696e+00 2.070846999332e+00 -2.563013999317e+00 2.031924367027e+00 -2.267465187675e+00 2.996422450083e+00 3.604247639730e+00
1230	-1.157441950446e-01 4.916438130181e+00 -2.586380799224e+00 1.874412247649e+00 2.336464614247e+00 -2.305007670788e+00 2.355643581128e+00 -5.148177204724e+00 -2.104508212696e+00 2.070846999332e+00 -2.563013999317e+00 2.031924367027e+00 -2.267465187675e+00 2.994889984174e+00 3.605878977453e+00
1240	-1.157441950446e-01 4.916438130181e+00 -2.586380799224e+00 1.874412247649e+00 2.336464614247e+00 -2.305007670788e+00 2.355643581128e+00 -5.148177204724e+00 -2.104508212696e+00 2.070846999332e+00 -2.563013999317e+00 2.031924367027e+00 -2.267465187675e+00 2.993350861513e+00 3.607524703989e+00
1250	-1.157441950446e-01 4.916438130181e+00 -2.586380799224e+00 1.874412247649e+00 2.336464614247e+00 -2.305007670788e+00 2.355643581128e+00 -5.148177204724e+00 -2.104508212696e+00 2.070846999332e+00 -2.563013999317e+00 2.031924367027e+00 -2.267465187675e+00 2.991806953614e+00 3.609183373492e+00
1260	-1.157441950446e-01 4.916438130181e+00 -2.586380799224e+00 1.874412247649e+00 2.336464614247e+00 -2.305007670788e+00 2.355643581128e+00 -5.148177204724e+00 -2.104508212696e+00 2.070846999332e+00 -2.563013999317e+00 2.031924367027e+00 -2.267465187675e+00 2.990245738860e+00 3.610864139042e+00
1270	-1.157441950446e-01 4.916438130181e+00 -2.586380799224e+00 1.874412247649e+00 2.336464614247e+00 -2.305007670788e+00 2.355643581128e+00 -5.148177204724e+00 -2.104508212696e+00 2.070846999332e+00 -2.563013999317e+00 2.031924367027e+00 -2.267465187675e+00 2.988656150421e+00 3.612573723151e+00
1280	-1.157441950446e-01 4.916438130181e+00 -2.586380799224e+00 1.874412247649e+00 2.336464614247e+00 -2.305007670788e+00 2.355643581128e+00 -5.148177204724e+00 -2.104508212696e+00 2.070846999332e+00 -2.563013999317e+00 2.031924367027e+00 -2.267465187675e+00 2.987039320757e+00 3.614306984646e+00
1290	-1.157441950446e-01 4.916438130181e+00 -2.586380799224e+00 1.874412247649e+00 2.336464614247e+00 -2.305007670788e+00 2.355643581128e+00 -5.148177204724e+00 -2.104508212696e+00 2.070846999332e+00 -2.563013999317e+00 2.031924367027e+00 -2.267465187675e+00 2.985402483691e+00 3.616055684901e+00
1300	-1.157441950446e-01 4.916438130181e+00 -2.586380799224e+00 1.874412247649e+00 2.336464614247e+00 -2.305007670788e+00 2.355643581128e+00 -5.148177204724e+00 -2.104508212696e+00 2.070846999332e+00 -2.563013999317e+00 2.031924367027e+00 -2.267465187675e+00 2.983748453855e+00 3.617819305480e+00
1310	-1.157441950446e-01 4.916438130181e+00 -2.586380799224e+00 1.874412247649e+00 2.336464614247e+00 -2.305007670788e+00 2.355643581128e+00 -5.148177204724e+00 -2.104508212696e+00 2.070846999332e+00 -2.563013999317e+00 2.031924367027e+00 -2.267465187675e+00 2.982078479305e+00 3.619599321594e+00
1320	-1.157441950446e-01 4.916438130181e+00 -2.586380799224e+00 1.874412247649e+00 2.336464614247e+00 -2.305007670788e+00 2.355643581128e+00 -5.148177204724e+00 -2.104508212696e+00 2.070846999332e+00 -2.563013999317e+00 2.031924367027e+00 -2.267465187675e+00 2.980395204088e+00 3.621394028819e+00
1330	-1.157441950446e-01 4.916438130181e+00 -2.586380799224e+00 1.874412247649e+00 2.336464614247e+00 -2.305007670788e+00 2.355643581128e+00 -5.148177204724e+00 -2.104508212696e+00 2.070846999332e+00 -2.563013999317e+00 2.031924367027e+00 -2.267465187675e+00 2.978699520909e+00 3.623202722372e+00
1340	-1.157441950446e-01 4.916438130181e+00 -2.586380799224e+00 1.874412247649e+00 2.336464614247e+00 -2.305007670788e+00 2.355643581128e+00 -5.148177204724e+00 -2.104508212696e+00 2.070846999332e+00 -2.563013999317e+00 2.031924367027e+00 -2.267465187675e+00 2.976991212138e+00 3.625026609544e+00
1350	-1.157441950446e-01 4.916438130181e+00 -2.586380799224e+00 1.874412247649e+00 2.336464614247e+00 -2.305007670788e+00 2.355643581128e+00 -5.148177204724e+00 -2.104508212696e+00 2.070846999332e+00 -2.563013999317e+00 2.031924367027e+00 -2.267465187675e+00 2.975271452012e+00 3.626866062679e+00
1360	-1.157441950446e-01 4.916438130181e+00 -2.586380799224e+00 1.874412247649e+00 2.336464614247e+00 -2.305007670788e+00 2.355643581128e+00 -5.148177204724e+00 -2.104508212696e+00 2.070846999332e+00 -2.563013999317e+00 2.031924367027e+00 -2.267465187675e+00 2.973544744866e+00 3.628718663635e+00
1370	-1.157441950446e-01 4.916438130181e+00 -2.586380799224e+00 1.874412247649e+00 2.336464614247e+00 -2.305007670788e+00 2.355643581128e+00 -5.148177204724e+00 -2.104508212696e+00 2.070846999332e+00 -2.563013999317e+00 2.031924367027e+00 -2.267465187675e+00 2.971812176616e+00 3.630585019520e+00
1380	-1.157441950446e-01 4.916438130181e+00 -2.586380799224e+00 1.874412247649e+00 2.336464614247e+00 -2.305007670788e+00 2.355643581128e+00 -5.148177204724e+00 -2.104508212696e+00 2.070846999332e+00 -2.563013999317e+00 2.031924367027e+00 -2.267465187675e+00 2.970068697438e+00 3.632468813573e+00
1390	-1.157441950446e-01 4.916438130181e+00 -2.586380799224e+00 1.874412247649e+00 2.336464614247e+00 -2.305007670788e+00 2.355643581128e+00 -5.148177204724e+00 -2.104508212696e+00 2.070846999332e+00 -2.563013999317e+00 2.031924367027e+00 -2.267465187675e+00 2.968312299698e+00 3.634367574119e+00
1400	-1.157441950446e-01 4.916438130181e+00 -2.586380799224e+00 1.874412247649e+00 2.336464614247e+00 -2.305007670788e+00 2.355643581128e+00 -5.148177204724e+00 -2.104508212696e+00 2.070846999332e+00 -2.563013999317e+00 2.031924367027e+00 -2.267465187675e+00 2.966544733096e+00 3.636276272069e+00
1410	-1.157441950446e-01 4.916438130181e+00 -2.586380799224e+00 1.874412247649e+00 2.336464614247e+00 -2.305007670788e+00 2.355643581128e+00 -5.148177204724e+00 -2.104508212696e+00 2.070846999332e+00 -2.563013999317e+00 2.031924367027e+00 -2.267465187675e+00 2.964765925037e+00 3.638194855186e+00
1420	-1.157441950446e-01 4.916438130181e+00 -2.586380799224e+00 1.874412247649e+00 2.336464614247e+00 -2.305007670788e+00 2.355643581128e+00 -5.148177204724e+00 -2.104508212696e+00 2.070846999332e+00 -2.563013999317e+00 2.031924367027e+00 -2.267465187675e+00 2.962975614184e+00 3.640125205733e+00
1430	-1.157441950446e-01 4.916438130181e+00 -2.586380799224e+00 1.874412247649e+00 2.336464614247e+00 -2.305007670788e+00 2.355643581128e+00 -5.148177204724e+00 -2.104508212696e+00 2.070846999332e+00 -2.563013999317e+00 2.031924367027e+00 -2.267465187675e+00 2.961179041319e+00 3.642064430384e+00
1440	-1.157441950446e-01 4.916438130181e+00 -2.586380799224e+00 1.874412247649e+00 2.336464614247e+00 -2.305007670788e+00 2.355643581128e+00 -5.148177204724e+00 -2.104508212696e+00 2.070846999332e+00 -2.563013999317e+00 2.031924367027e+00 -2.267465187675e+00 2.959378741246e+00 3.644011780049e+00
1450	-1.157441950446e-01 4.916438130181e+00 -2.586380799224e+00 1.874412247649e+00 2.336464614247e+00 -2.305007670788e+00 2.355643581128e+00 -5.148177204724e+00 -2.104508212696e+00 2.070846999332e+00 -2.563013999317e+00 2.031924367027e+00 -2.267465187675e+00 2.957568961852e+00 3.645972782934e+00
1460	-1.157441950446e-01 4.916438130181e+00 -2.586380799224e+00 1.874412247649e+00 2.336464614247e+00 -2.305007670788e+00 2.355643581128e+00 -5.148177204724e+00 -2.104508212696e+00 2.070846999332e+00 -2.563013999317e+00 2.031924367027e+00 -2.267465187675e+00 2.955744260094e+00 3.647951210588e+00
1470	-1.157441950446e-01 4.916438130181e+00 -2.586380799224e+00 1.874412247649e+00 2.336464614247e+00 -2.305007670788e+00 2.355643581128e+00 -5.148177204724e+00 -2.104508212696e+00 2.070846999332e+00 -2.563013999317e+00 2.031924367027e+00 -2.267465187675e+00 2.953907671460e+00 3.649944566095e+00
1480	-1.157441950446e-01 4.916438130181e+00 -2.586380799224e+00 1.874412247649e+00 2.336464614247e+00 -2.305007670788e+00 2.355643581128e+00 -5.148177204724e+00 -2.104508212696e+00 2.070846999332e+00 -2.563013999317e+00 2.031924367027e+00 -2.267465187675e+00 2.952063698126e+00 3.651953431499e+00
1490	-1.157441950446e-01 4.916438130181e+00 -2.586380799224e+00 1.874412247649e+00 2.336464614247e+00 -2.305007670788e+00 2.355643581128e+00 -5.148177204724e+00 -2.104508212696e+00 2.070846999332e+00 -2.563013999317e+00 2.031924367027e+00 -2.267465187675e+00 2.950208461510e+00 3.653985146162e+00
1500	-1.157441950446e-01 4.916438130181e+00 -2.586380799224e+00 1.874412247649e+00 2.336464614247e+00 -2.305007670788e+00 2.355643581128e+00 -5.148177204724e+00 -2.104508212696e+00 2.070846999332e+00 -2.563013999317e+00 2.031924367027e+00 -2.267465187675e+00 2.948338423091e+00 3.656041518567e+00
1510	-1.157441950446e-01 4.916438130181e+00 -2.586380799224e+00 1.874412247649e+00 2.336464614247e+00 -2.305007670788e+00 2.355643581128e+00 -5.148177204724e+00 -2.104508212696e+00 2.070846999332e+00 -2.563013999317e+00 2.031924367027e+00 -2.267465187675e+00 2.946456983978e+00 3.658116537317e+00
1520	-1.157441950446e-01 4.916438130181e+00 -2.586380799224e+00 1.874412247649e+00 2.336464614247e+00 -2.305007670788e+00 2.355643581128e+00 -5.148177204724e+00 -2.104508212696e+00 2.070846999332e+00 -2.563013999317e+00 2.031924367027e+00 -2.267465187675e+00 2.944564036370e+00 3.660208873137e+00
1530	-1.157441950446e-01 4.916438130181e+00 -2.586380799224e+00 1.874412247649e+00 2.336464614247e+00 -2.305007670788e+00 2.355643581128e+00 -5.148177204724e+00 -2.104508212696e+00 2.070846999332e+00 -2.563013999317e+00 2.031924367027e+00 -2.267465187675e+00 2.942655685788e+00 3.662321678392e+00
1540	-1.157441950446e-01 4.916438130181e+00 -2.586380799224e+00 1.874412247649e+00 2.336464614247e+00 -2.305007670788e+00 2.355643581128e+00 -5.148177204724e+00 -2.104508212696e+00 2.070846999332e+00 -2.563013999317e+00 2.031924367027e+00 -2.267465187675e+00 2.940735844923e+00 3.664452107940e+00
1550	-1.157441950446e-01 4.916438130181e+00 -2.586380799224e+00 1.874412247649e+00 2.336464614247e+00 -2.305007670788e+00 2.355643581128e+00 -5.148177204724e+00 -2.104508212696e+00 2.070846999332e+00 -2.563013999317e+00 2.031924367027e+00 -2.267465187675e+00 2.938810779300e+00 3.666595503635e+00
1560	-1.157441950446e-01 4.916438130181e+00 -2.586380799224e+00 1.874412247649e+00 2.336464614247e+00 -2.305007670788e+00 2.355643581128e+00 -5.148177204724e+00 -2.104508212696e+00 2.070846999332e+00 -2.563013999317e+00 2.031924367027e+00 -2.267465187675e+00 2.936874420538e+00 3.668756710651e+00
1570	-1.157441950446e-01 4.916438130181e+00 -2.586380799224e+00 1.874412247649e+00 2.336464614247e+00 -2.305007670788e+00 2.355643581128e+00 -5.148177204724e+00 -2.104508212696e+00 2.070846999332e+00 -2.563013999317e+00 2.031924367027e+00 -2.267465187675e+00 2.934919273379e+00 3.670939689833e+00
1580	-1.157441950446e-01 4.916438130181e+00 -2.586380799224e+00 1.874412247649e+00 2.336464614247e+00 -2.305007670788e+00 2.355643581128e+00 -5.148177204724e+00 -2.104508212696e+00 2.070846999332e+00 -2.563013999317e+00 2.031924367027e+00 -2.267465187675e+00 2.932948219219e+00 3.673137399082e+00
1590	-1.157441950446e-01 4.916438130181e+00 -2.586380799224e+00 1.874412247649e+00 2.336464614247e+00 -2.305007670788e+00 2.355643581128e+00 -5.148177204724e+00 -2.104508212696e+00 2.070846999332e+00 -2.563013999317e+00 2.031924367027e+00 -2.267465187675e+00 2.930964509846e+00 3.675343713036e+00
1600	-1.157441950446e-01 4.916438130181e+00 -2.586380799224e+00 1.874412247649e+00 2.336464614247e+00 -2.305007670788e+00 2.355643581128e+00 -5.148177204724e+00 -2.104508212696e+00 2.070846999332e+00 -2.563013999317e+00 2.031924367027e+00 -2.267465187675e+00 2.928966110586e+00 3.677559853197e+00
1610	-1.157441950446e-01 4.916438130181e+00 -2.586380799224e+00 1.874412247649e+00 2.336464614247e+00 -2.305007670788e+00 2.355643581128e+00 -5.148177204724e+00 -2.104508212696e+00 2.070846999332e+00 -2.563013999317e+00 2.031924367027e+00 -2.267465187675e+00 2.926953061062e+00 3.679785776224e+00
1620	-1.157441950446e-01 4.916438130181e+00 -2.586380799224e+00 1.874412247649e+00 2.336464614247e+00 -2.305007670788e+00 2.355643581128e+00 -5.148177204724e+00 -2.104508212696e+00 2.070846999332e+00 -2.563013999317e+00 2.031924367027e+00 -2.267465187675e+00 2.924929396003e+00 3.682017242937e+00
1630	-1.157441950446e-01 4.916438130181e+00 -2.586380799224e+00 1.874412247649e+00 2.336464614247e+00 -2.305007670788e+00 2.355643581128e+00 -5.148177204724e+00 -2.104508212696e+00 2.070846999332e+00 -2.563013999317e+00 2.031924367027e+00 -2.267465187675e+00 2.922894432962e+00 3.684255299551e+00
1640	-1.157441950446e-01 4.916438130181e+00 -2.586380799224e+00 1.874412247649e+00 2.336464614247e+00 -2.305007670788e+00 2.355643581128e+00 -5.148177204724e+00 -2.104508212696e+00 2.070846999332e+00 -2.563013999317e+00 2.031924367027e+00 -2.267465187675e+00 2.920845402263e+00 3.686503873256e+00
1650	-1.157441950446e-01 4.916438130181e+00 -2.586380799224e+00 1.874412247649e+00 2.336464614247e+00 -2.305007670788e+00 2.355643581128e+00 -5.148177204724e+00 -2.104508212696e+00 2.070846999332e+00 -2.563013999317e+00 2.031924367027e+00 -2.267465187675e+00 2.918784600455e+00 3.688760416432e+00
1660	-1.157441950446e-01 4.916438130181e+00 -2.586380799224e+00 1.874412247649e+00 2.336464614247e+00 -2.305007670788e+00 2.355643581128e+00 -5.148177204724e+00 -2.104508212696e+00 2.070846999332e+00 -2.563013999317e+00 2.031924367027e+00 -2.267465187675e+00 2.916712083279e+00 3.691022470738e+00
1670	-1.157441950446e-01 4.916438130181e+00 -2.586380799224e+00 1.874412247649e+00 2.336464614247e+00 -2.305007670788e+00 2.355643581128e+00 -5.148177204724e+00 -2.104508212696e+00 2.070846999332e+00 -2.563013999317e+00 2.031924367027e+00 -2.267465187675e+00 2.914622368237e+00 3.693295433683e+00
1680	-1.157441950446e-01 4.916438130181e+00 -2.586380799224e+00 1.874412247649e+00 2.336464614247e+00 -2.305007670788e+00 2.355643581128e+00 -5.148177204724e+00 -2.104508212696e+00 2.070846999332e+00 -2.563013999317e+00 2.031924367027e+00 -2.267465187675e+00 2.912514108742e+00 3.695583764929e+00
1690	-1.157441950446e-01 4.916438130181e+00 -2.586380799224e+00 1.874412247649e+00 2.336464614247e+00 -2.305007670788e+00 2.355643581128e+00 -5.148177204724e+00 -2.104508212696e+00 2.070846999332e+00 -2.563013999317e+00 2.031924367027e+00 -2.267465187675e+00 2.910391934581e+00 3.697885779915e+00
1700	-1.157441950446e-01 4.916438130181e+00 -2.586380799224e+00 1.874412247649e+00 2.336464614247e+00 -2.305007670788e+00 2.355643581128e+00 -5.148177204724e+00 -2.104508212696e+00 2.070846999332e+00 -2.563013999317e+00 2.031924367027e+00 -2.267465187675e+00 2.908258463255e+00 3.700200095026e+00
1710	-1.157441950446e-01 4.916438130181e+00 -2.586380799224e+00 1.874412247649e+00 2.336464614247e+00 -2.305007670788e+00 2.355643581128e+00 -5.148177204724e+00 -2.104508212696e+00 2.070846999332e+00 -2.563013999317e+00 2.031924367027e+00 -2.267465187675e+00 2.906113284256e+00 3.702527667077e+00
1720	-1.157441950446e-01 4.916438130181e+00 -2.586380799224e+00 1.874412247649e+00 2.336464614247e+00 -2.305007670788e+00 2.355643581128e+00 -5.148177204724e+00 -2.104508212696e+00 2.070846999332e+00 -2.563013999317e+00 2.031924367027e+00 -2.267465187675e+00 2.903960359960e+00 3.704865478854e+00
1730	-1.157441950446e-01 4.916438130181e+00 -2.586380799224e+00 1.874412247649e+00 2.336464614247e+00 -2.305007670788e+00 2.355643581128e+00 -5.148177204724e+00 -2.104508212696e+00 2.070846999332e+00 -2.563013999317e+00 2.031924367027e+00 -2.267465187675e+00 2.901804402221e+00 3.707210376467e+00
1740	-1.157441950446e-01 4.916438130181e+00 -2.586380799224e+00 1.874412247649e+00 2.336464614247e+00 -2.305007670788e+00 2.355643581128e+00 -5.148177204724e+00 -2.104508212696e+00 2.070846999332e+00 -2.563013999317e+00 2.031924367027e+00 -2.267465187675e+00 2.899643143443e+00 3.709566161095e+00
1750	-1.157441950446e-01 4.916438130181e+00 -2.586380799224e+00 1.874412247649e+00 2.336464614247e+00 -2.305007670788e+00 2.355643581128e+00 -5.148177204724e+00 -2.104508212696e+00 2.070846999332e+00 -2.563013999317e+00 2.031924367027e+00 -2.267465187675e+00 2.897475514839e+00 3.711934321818e+00
1760	-1.157441950446e-01 4.916438130181e+00 -2.586380799224e+00 1.874412247649e+00 2.336464614247e+00 -2.305007670788e+00 2.355643581128e+00 -5.148177204724e+00 -2.104508212696e+00 2.070846999332e+00 -2.563013999317e+00 2.031924367027e+00 -2.267465187675e+00 2.895307683707e+00 3.714310281638e+00
1770	-1.157441950446e-01 4.916438130181e+00 -2.586380799224e+00 1.874412247649e+00 2.336464614247e+00 -2.305007670788e+00 2.355643581128e+00 -5.148177204724e+00 -2.104508212696e+00 2.070846999332e+00 -2.563013999317e+00 2.031924367027e+00 -2.267465187675e+00 2.893142187946e+00 3.716695619870e+00
1780	-1.157441950446e-01 4.916438130181e+00 -2.586380799224e+00 1.874412247649e+00 2.336464614247e+00 -2.305007670788e+00 2.355643581128e+00 -5.148177204724e+00 -2.104508212696e+00 2.070846999332e+00 -2.563013999317e+00 2.031924367027e+00 -2.267465187675e+00 2.890971429014e+00 3.719100666871e+00
1790	-1.157441950446e-01 4.916438130181e+00 -2.586380799224e+00 1.874412247649e+00 2.336464614247e+00 -2.305007670788e+00 2.355643581128e+00 -5.148177204724e+00 -2.104508212696e+00 2.070846999332e+00 -2.563013999317e+00 2.031924367027e+00 -2.267465187675e+00 2.888789980300e+00 3.721531303180e+00
1800	-1.157441950446e-01 4.916438130181e+00 -2.586380799224e+00 1.874412247649e+00 2.336464614247e+00 -2.305007670788e+00 2.355643581128e+00 -5.148177204724e+00 -2.104508212696e+00 2.070846999332e+00 -2.563013999317e+00 2.031924367027e+00 -2.267465187675e+00 2.886600348945e+00 3.723984099171e+00
1810	-1.157441950446e-01 4.916438130181e+00 -2.586380799224e+00 1.874412247649e+00 2.336464614247e+00 -2.305007670788e+00 2.355643581128e+00 -5.148177204724e+00 -2.104508212696e+00 2.070846999332e+00 -2.563013999317e+00 2.031924367027e+00 -2.267465187675e+00 2.884406507315e+00 3.726453581822e+00
1820	-1.157441950446e-01 4.916438130181e+00 -2.586380799224e+00 1.874412247649e+00 2.336464614247e+00 -2.305007670788e+00 2.355643581128e+00 -5.148177204724e+00 -2.104508212696e+00 2.070846999332e+00 -2.563013999317e+00 2.031924367027e+00 -2.267465187675e+00 2.882211161228e+00 3.728936403429e+00
1830	-1.157441950446e-01 4.916438130181e+00 -2.586380799224e+00 1.874412247649e+00 2.336464614247e+00 -2.305007670788e+00 2.355643581128e+00 -5.148177204724e+00 -2.104508212696e+00 2.070846999332e+00 -2.563013999317e+00 2.031924367027e+00 -2.267465187675e+00 2.880016472594e+00 3.731428015243e+00
1840	-1.157441950446e-01 4.916438130181e+00 -2.586380799224e+00 1.874412247649e+00 2.336464614247e+00 -2.305007670788e+00 2.355643581128e+00 -5.148177204724e+00 -2.104508212696e+00 2.070846999332e+00 -2.563013999317e+00 2.031924367027e+00 -2.267465187675e+00 2.877818563443e+00 3.733927915125e+00
1850	-1.157441950446e-01 4.916438130181e+00 -2.586380799224e+00 1.874412247649e+00 2.336464614247e+00 -2.305007670788e+00 2.355643581128e+00 -5.148177204724e+00 -2.104508212696e+00 2.070846999332e+00 -2.563013999317e+00 2.031924367027e+00 -2.267465187675e+00 2.875609311210e+00 3.736440448293e+00
1860	-1.157441950446e-01 4.916438130181e+00 -2.586380799224e+00 1.874412247649e+00 2.336464614247e+00 -2.305007670788e+00 2.355643581128e+00 -5.148177204724e+00 -2.104508212696e+00 2.070846999332e+00 -2.563013999317e+00 2.031924367027e+00 -2.267465187675e+00 2.873387142632e+00 3.738964293863e+00
1870	-1.157441950446e-01 4.916438130181e+00 -2.586380799224e+00 1.874412247649e+00 2.336464614247e+00 -2.305007670788e+00 2.355643581128e+00 -5.148177204724e+00 -2.104508212696e+00 2.070846999332e+00 -2.563013999317e+00 2.031924367027e+00 -2.267465187675e+00 2.871155055081e+00 3.741494048778e+00
1880	-1.157441950446e-01 4.916438130181e+00 -2.586380799224e+00 1.874412247649e+00 2.336464614247e+00 -2.305007670788e+00 2.355643581128e+00 -5.148177204724e+00 -2.104508212696e+00 2.070846999332e+00 -2.563013999317e+00 2.031924367027e+00 -2.267465187675e+00 2.868913687530e+00 3.744027626135e+00
1890	-1.157441950446e-01 4.916438130181e+00 -2.586380799224e+00 1.874412247649e+00 2.336464614247e+00 -2.305007670788e+00 2.355643581128e+00 -5.148177204724e+00 -2.104508212696e+00 2.070846999332e+00 -2.563013999317e+00 2.031924367027e+00 -2.267465187675e+00 2.866662769448e+00 3.746564711791e+00
1900	-1.157441950446e-01 4.916438130181e+00 -2.586380799224e+00 1.874412247649e+00 2.336464614247e+00 -2.305007670788e+00 2.355643581128e+00 -5.148177204724e+00 -2.104508212696e+00 2.070846999332e+00 -2.563013999317e+00 2.031924367027e+00 -2.267465187675e+00 2.864404049884e+00 3.749102823149e+00
1910	-1.157441950446e-01 4.916438130181e+00 -2.586380799224e+00 1.874412247649e+00 2.336464614247e+00 -2.305007670788e+00 2.355643581128e+00 -5.148177204724e+00 -2.104508212696e+00 2.070846999332e+00 -2.563013999317e+00 2.031924367027e+00 -2.267465187675e+00 2.862138426029e+00 3.751639459859e+00
1920	-1.157441950446e-01 4.916438130181e+00 -2.586380799224e+00 1.874412247649e+00 2.336464614247e+00 -2.305007670788e+00 2.355643581128e+00 -5.148177204724e+00 -2.104508212696e+00 2.070846999332e+00 -2.563013999317e+00 2.031924367027e+00 -2.267465187675e+00 2.859860475086e+00 3.754176674133e+00
1930	-1.157441950446e-01 4.916438130181e+00 -2.586380799224e+00 1.874412247649e+00 2.336464614247e+00 -2.305007670788e+00 2.355643581128e+00 -5.148177204724e+00 -2.104508212696e+00 2.070846999332e+00 -2.563013999317e+00 2.031924367027e+00 -2.267465187675e+00 2.857560837113e+00 3.756719859241e+00
1940	-1.157441950446e-01 4.916438130181e+00 -2.586380799224e+00 1.874412247649e+00 2.336464614247e+00 -2.305007670788e+00 2.355643581128e+00 -5.148177204724e+00 -2.104508212696e+00 2.070846999332e+00 -2.563013999317e+00 2.031924367027e+00 -2.267465187675e+00 2.855240992324e+00 3.759267632439e+00
1950	-1.157441950446e-01 4.916438130181e+00 -2.586380799224e+00 1.874412247649e+00 2.336464614247e+00 -2.305007670788e+00 2.355643581128e+00 -5.148177204724e+00 -2.104508212696e+00 2.070846999332e+00 -2.563013999317e+00 2.031924367027e+00 -2.267465187675e+00 2.852907440473e+00 3.761817354471e+00
1960	-1.157441950446e-01 4.916438130181e+00 -2.586380799224e+00 1.874412247649e+00 2.336464614247e+00 -2.305007670788e+00 2.355643581128e+00 -5.148177204724e+00 -2.104508212696e+00 2.070846999332e+00 -2.563013999317e+00 2.031924367027e+00 -2.267465187675e+00 2.850560161826e+00 3.764371569571e+00
1970	-1.157441950446e-01 4.916438130181e+00 -2.586380799224e+00 1.874412247649e+00 2.336464614247e+00 -2.305007670788e+00 2.355643581128e+00 -5.148177204724e+00 -2.104508212696e+00 2.070846999332e+00 -2.563013999317e+00 2.031924367027e+00 -2.267465187675e+00 2.848199263796e+00 3.766931553867e+00
1980	-1.157441950446e-01 4.916438130181e+00 -2.586380799224e+00 1.874412247649e+00 2.336464614247e+00 -2.305007670788e+00 2.355643581128e+00 -5.148177204724e+00 -2.104508212696e+00 2.070846999332e+00 -2.563013999317e+00 2.031924367027e+00 -2.267465187675e+00 2.845826936702e+00 3.769498197032e+00
1990	-1.157441950446e-01 4.916438130181e+00 -2.586380799224e+00 1.874412247649e+00 2.336464614247e+00 -2.305007670788e+00 2.355643581128e+00 -5.148177204724e+00 -2.104508212696e+00 2.070846999332e+00 -2.563013999317e+00 2.031924367027e+00 -2.267465187675e+00 2.843447934266e+00 3.772071260003e+00
2000	-1.157441950446e-01 4.916438130181e+00 -2.586380799224e+00 1.874412247649e+00 2.336464614247e+00 -2.305007670788e+00 2.355643581128e+00 -5.148177204724e+00 -2.104508212696e+00 2.070846999332e+00 -2.563013999317e+00 2.031924367027e+00 -2.267465187675e+00 2.841070192385e+00 3.774647258413e+00
2010	-1.157441950446e-01 4.916438130181e+00 -2.586380799224e+00 1.874412247649e+00 2.336464614247e+00 -2.305007670788e+00 2.355643581128e+00 -5.148177204724e+00 -2.104508212696e+00 2.070846999332e+00 -2.563013999317e+00 2.031924367027e+00 -2.267465187675e+00 2.838698365753e+00 3.777224597303e+00
2020	-1.157441950446e-01 4.916438130181e+00 -2.586380799224e+00 1.874412247649e+00 2.336464614247e+00 -2.305007670788e+00 2.355643581128e+00 -5.148177204724e+00 -2.104508212696e+00 2.070846999332e+00 -2.563013999317e+00 2.031924367027e+00 -2.267465187675e+00 2.836331324235e+00 3.779805315786e+00
2030	-1.157441950446e-01 4.916438130181e+00 -2.586380799224e+00 1.874412247649e+00 2.336464614247e+00 -2.305007670788e+00 2.355643581128e+00 -5.148177204724e+00 -2.104508212696e+00 2.070846999332e+00 -2.563013999317e+00 2.031924367027e+00 -2.267465187675e+00 2.833962653884e+00 3.782396683253e+00
2040	-1.157441950446e-01 4.916438130181e+00 -2.586380799224e+00 1.874412247649e+00 2.336464614247e+00 -2.305007670788e+00 2.355643581128e+00 -5.148177204724e+00 -2.104508212696e+00 2.070846999332e+00 -2.563013999317e+00 2.031924367027e+00 -2.267465187675e+00 2.831587647392e+00 3.785005183219e+00
2050	-1.157441950446e-01 4.916438130181e+00 -2.586380799224e+00 1.874412247649e+00 2.336464614247e+00 -2.305007670788e+00 2.355643581128e+00 -5.148177204724e+00 -2.104508212696e+00 2.070846999332e+00 -2.563013999317e+00 2.031924367027e+00 -2.267465187675e+00 2.829208650473e+00 3.787628894673e+00
2060	-1.157441950446e-01 4.916438130181e+00 -2.586380799224e+00 1.874412247649e+00 2.336464614247e+00 -2.305007670788e+00 2.355643581128e+00 -5.148177204724e+00 -2.104508212696e+00 2.070846999332e+00 -2.563013999317e+00 2.031924367027e+00 -2.267465187675e+00 2.826825171909e+00 3.790268426362e+00
2070	-1.157441950446e-01 4.916438130181e+00 -2.586380799224e+00 1.874412247649e+00 2.336464614247e+00 -2.305007670788e+00 2.355643581128e+00 -5.148177204724e+00 -2.104508212696e+00 2.070846999332e+00 -2.563013999317e+00 2.031924367027e+00 -2.267465187675e+00 2.824437577639e+00 3.792927918462e+00
2080	-1.157441950446e-01 4.916438130181e+00 -2.586380799224e+00 1.874412247649e+00 2.336464614247e+00 -2.305007670788e+00 2.355643581128e+00 -5.148177204724e+00 -2.104508212696e+00 2.070846999332e+00 -2.563013999317e+00 2.031924367027e+00 -2.267465187675e+00 2.822051916047e+00 3.795607549741e+00
2090	-1.157441950446e-01 4.916438130181e+00 -2.586380799224e+00 1.874412247649e+00 2.336464614247e+00 -2.305007670788e+00 2.355643581128e+00 -5.148177204724e+00 -2.104508212696e+00 2.070846999332e+00 -2.563013999317e+00 2.031924367027e+00 -2.267465187675e+00 2.819666554950e+00 3.798309854982e+00
2100	-1.157441950446e-01 4.916438130181e+00 -2.586380799224e+00 1.874412247649e+00 2.336464614247e+00 -2.305007670788e+00 2.355643581128e+00 -5.148177204724e+00 -2.104508212696e+00 2.070846999332e+00 -2.563013999317e+00 2.031924367027e+00 -2.267465187675e+00 2.817278020566e+00 3.801035095960e+00
2110	-1.157441950446e-01 4.916438130181e+00 -2.586380799224e+00 1.874412247649e+00 2.336464614247e+00 -2.305007670788e+00 2.355643581128e+00 -5.148177204724e+00 -2.104508212696e+00 2.070846999332e+00 -2.563013999317e+00 2.031924367027e+00 -2.267465187675e+00 2.814885213372e+00 3.803778922085e+00
2120	-1.157441950446e-01 4.916438130181e+00 -2.586380799224e+00 1.874412247649e+00 2.336464614247e+00 -2.305007670788e+00 2.355643581128e+00 -5.148177204724e+00 -2.104508212696e+00 2.070846999332e+00 -2.563013999317e+00 2.031924367027e+00 -2.267465187675e+00 2.812480255259e+00 3.806541320399e+00
2130	-1.157441950446e-01 4.916438130181e+00 -2.586380799224e+00 1.874412247649e+00 2.336464614247e+00 -2.305007670788e+00 2.355643581128e+00 -5.148177204724e+00 -2.104508212696e+00 2.070846999332e+00 -2.563013999317e+00 2.031924367027e+00 -2.267465187675e+00 2.810058633269e+00 3.809322936384e+00
2140	-1.157441950446e-01 4.916438130181e+00 -2.586380799224e+00 1.874412247649e+00 2.336464614247e+00 -2.305007670788e+00 2.355643581128e+00 -5.148177204724e+00 -2.104508212696e+00 2.070846999332e+00 -2.563013999317e+00 2.031924367027e+00 -2.267465187675e+00 2.807624549501e+00 3.812121319469e+00
2150	-1.157441950446e-01 4.916438130181e+00 -2.586380799224e+00 1.874412247649e+00 2.336464614247e+00 -2.305007670788e+00 2.355643581128e+00 -5.148177204724e+00 -2.104508212696e+00 2.070846999332e+00 -2.563013999317e+00 2.031924367027e+00 -2.267465187675e+00 2.805181712407e+00 3.814932898999e+00
2160	-1.157441950446e-01 4.916438130181e+00 -2.586380799224e+00 1.874412247649e+00 2.336464614247e+00 -2.305007670788e+00 2.355643581128e+00 -5.148177204724e+00 -2.104508212696e+00 2.070846999332e+00 -2.563013999317e+00 2.031924367027e+00 -2.267465187675e+00 2.802730365149e+00 3.817753362077e+00
2170	-1.157441950446e-01 4.916438130181e+00 -2.586380799224e+00 1.874412247649e+00 2.336464614247e+00 -2.305007670788e+00 2.355643581128e+00 -5.148177204724e+00 -2.104508212696e+00 2.070846999332e+00 -2.563013999317e+00 2.031924367027e+00 -2.267465187675e+00 2.800266931318e+00 3.820580943425e+00
2180	-1.157441950446e-01 4.916438130181e+00 -2.586380799224e+00 1.874412247649e+00 2.336464614247e+00 -2.305007670788e+00 2.355643581128e+00 -5.148177204724e+00 -2.104508212696e+00 2.070846999332e+00 -2.563013999317e+00 2.031924367027e+00 -2.267465187675e+00 2.797787929711e+00 3.823415482062e+00
2190	-1.157441950446e-01 4.916438130181e+00 -2.586380799224e+00 1.874412247649e+00 2.336464614247e+00 -2.305007670788e+00 2.355643581128e+00 -5.148177204724e+00 -2.104508212696e+00 2.070846999332e+00 -2.563013999317e+00 2.031924367027e+00 -2.267465187675e+00 2.795291628908e+00 3.826256740775e+00
2200	-1.157441950446e-01 4.916438130181e+00 -2.586380799224e+00 1.874412247649e+00 2.336464614247e+00 -2.305007670788e+00 2.355643581128e+00 -5.148177204724e+00 -2.104508212696e+00 2.070846999332e+00 -2.563013999317e+00 2.031924367027e+00 -2.267465187675e+00 2.792772638599e+00 3.829107337346e+00
2210	-1.157441950446e-01 4.916438130181e+00 -2.586380799224e+00 1.874412247649e+00 2.336464614247e+00 -2.305007670788e+00 2.355643581128e+00 -5.148177204724e+00 -2.104508212696e+00 2.070846999332e+00 -2.563013999317e+00 2.031924367027e+00 -2.267465187675e+00 2.790226874783e+00 3.831968436481e+00
2220	-1.157441950446e-01 4.916438130181e+00 -2.586380799224e+00 1.874412247649e+00 2.336464614247e+00 -2.305007670788e+00 2.355643581128e+00 -5.148177204724e+00 -2.104508212696e+00 2.070846999332e+00 -2.563013999317e+00 2.031924367027e+00 -2.267465187675e+00 2.787652569421e+00 3.834841153967e+00
2230	-1.157441950446e-01 4.916438130181e+00 -2.586380799224e+00 1.874412247649e+00 2.336464614247e+00 -2.305007670788e+00 2.355643581128e+00 -5.148177204724e+00 -2.104508212696e+00 2.070846999332e+00 -2.563013999317e+00 2.031924367027e+00 -2.267465187675e+00 2.785045526930e+00 3.837731815552e+00
2240	-1.157441950446e-01 4.916438130181e+00 -2.586380799224e+00 1.874412247649e+00 2.336464614247e+00 -2.305007670788e+00 2.355643581128e+00 -5.148177204724e+00 -2.104508212696e+00 2.070846999332e+00 -2.563013999317e+00 2.031924367027e+00 -2.267465187675e+00 2.782409037052e+00 3.840639881562e+00
2250	-1.157441950446e-01 4.916438130181e+00 -2.586380799224e+00 1.874412247649e+00 2.336464614247e+00 -2.305007670788e+00 2.355643581128e+00 -5.148177204724e+00 -2.104508212696e+00 2.070846999332e+00 -2.563013999317e+00 2.031924367027e+00 -2.267465187675e+00 2.779750516277e+00 3.843559803859e+00
2260	-1.157441950446e-01 4.916438130181e+00 -2.586380799224e+00 1.874412247649e+00 2.336464614247e+00 -2.305007670788e+00 2.355643581128e+00 -5.148177204724e+00 -2.104508212696e+00 2.070846999332e+00 -2.563013999317e+00 2.031924367027e+00 -2.267465187675e+00 2.777072626382e+00 3.846491259139e+00
2270	-1.157441950446e-01 4.916438130181e+00 -2.586380799224e+00 1.874412247649e+00 2.336464614247e+00 -2.305007670788e+00 2.355643581128e+00 -5.148177204724e+00 -2.104508212696e+00 2.070846999332e+00 -2.563013999317e+00 2.031924367027e+00 -2.267465187675e+00 2.774381098951e+00 3.849432991088e+00
2280	-1.157441950446e-01 4.916438130181e+00 -2.586380799224e+00 1.874412247649e+00 2.336464614247e+00 -2.305007670788e+00 2.355643581128e+00 -5.148177204724e+00 -2.104508212696e+00 2.070846999332e+00 -2.563013999317e+00 2.031924367027e+00 -2.267465187675e+00 2.771681069151e+00 3.852386159912e+00
2290	-1.157441950446e-01 4.916438130181e+00 -2.586380799224e+00 1.874412247649e+00 2.336464614247e+00 -2.305007670788e+00 2.355643581128e+00 -5.148177204724e+00 -2.104508212696e+00 2.070846999332e+00 -2.563013999317e+00 2.031924367027e+00 -2.267465187675e+00 2.768972673417e+00 3.855356443834e+00
2300	-1.157441950446e-01 4.916438130181e+00 -2.586380799224e+00 1.874412247649e+00 2.336464614247e+00 -2.305007670788e+00 2.355643581128e+00 -5.148177204724e+00 -2.104508212696e+00 2.070846999332e+00 -2.563013999317e+00 2.031924367027e+00 -2.267465187675e+00 2.766258466470e+00 3.858344917501e+00
2310	-1.157441950446e-01 4.916438130181e+00 -2.586380799224e+00 1.874412247649e+00 2.336464614247e+00 -2.305007670788e+00 2.355643581128e+00 -5.148177204724e+00 -2.104508212696e+00 2.070846999332e+00 -2.563013999317e+00 2.031924367027e+00 -2.267465187675e+00 2.763542138759e+00 3.861349233098e+00
2320	-1.157441950446e-01 4.916438130181e+00 -2.586380799224e+00 1.874412247649e+00 2.336464614247e+00 -2.305007670788e+00 2.355643581128e+00 -5.148177204724e+00 -2.104508212696e+00 2.070846999332e+00 -2.563013999317e+00 2.031924367027e+00 -2.267465187675e+00 2.760823345466e+00 3.864370100704e+00
2330	-1.157441950446e-01 4.916438130181e+00 -2.586380799224e+00 1.874412247649e+00 2.336464614247e+00 -2.305007670788e+00 2.355643581128e+00 -5.148177204724e+00 -2.104508212696e+00 2.070846999332e+00 -2.563013999317e+00 2.031924367027e+00 -2.267465187675e+00 2.758099115760e+00 3.867411169747e+00
2340	-1.157441950446e-01 4.916438130181e+00 -2.586380799224e+00 1.874412247649e+00 2.336464614247e+00 -2.305007670788e+00 2.355643581128e+00 -5.148177204724e+00 -2.104508212696e+00 2.070846999332e+00 -2.563013999317e+00 2.031924367027e+00 -2.267465187675e+00 2.755369017472e+00 3.870474271870e+00
2350	-1.157441950446e-01 4.916438130181e+00 -2.586380799224e+00 1.874412247649e+00 2.336464614247e+00 -2.305007670788e+00 2.355643581128e+00 -5.148177204724e+00 -2.104508212696e+00 2.070846999332e+00 -2.563013999317e+00 2.031924367027e+00 -2.267465187675e+00 2.752634033893e+00 3.873559267010e+00
2360	-1.157441950446e-01 4.916438130181e+00 -2.586380799224e+00 1.874412247649e+00 2.336464614247e+00 -2.305007670788e+00 2.355643581128e+00 -5.148177204724e+00 -2.104508212696e+00 2.070846999332e+00 -2.563013999317e+00 2.031924367027e+00 -2.267465187675e+00 2.749891085322e+00 3.876667407360e+00
2370	-1.157441950446e-01 4.916438130181e+00 -2.586380799224e+00 1.874412247649e+00 2.336464614247e+00 -2.305007670788e+00 2.355643581128e+00 -5.148177204724e+00 -2.104508212696e+00 2.070846999332e+00 -2.563013999317e+00 2.031924367027e+00 -2.267465187675e+00 2.747144401161e+00 3.879796670465e+00
2380	-1.157441950446e-01 4.916438130181e+00 -2.586380799224e+00 1.874412247649e+00 2.336464614247e+00 -2.305007670788e+00 2.355643581128e+00 -5.148177204724e+00 -2.104508212696e+00 2.070846999332e+00 -2.563013999317e+00 2.031924367027e+00 -2.267465187675e+00 2.744402656315e+00 3.882943502287e+00
2390	-1.157441950446e-01 4.916438130181e+00 -2.586380799224e+00 1.874412247649e+00 2.336464614247e+00 -2.305007670788e+00 2.355643581128e+00 -5.148177204724e+00 -2.104508212696e+00 2.070846999332e+00 -2.563013999317e+00 2.031924367027e+00 -2.267465187675e+00 2.741663418450e+00 3.886110084408e+00
2400	-1.157441950446e-01 4.916438130181e+00 -2.586380799224e+00 1.874412247649e+00 2.336464614247e+00 -2.305007670788e+00 2.355643581128e+00 -5.148177204724e+00 -2.104508212696e+00 2.070846999332e+00 -2.563013999317e+00 2.031924367027e+00 -2.267465187675e+00 2.738920015110e+00 3.889297640713e+00
2410	-1.157441950446e-01 4.916438130181e+00 -2.586380799224e+00 1.874412247649e+00 2.336464614247e+00 -2.305007670788e+00 2.355643581128e+00 -5.148177204724e+00 -2.104508212696e+00 2.070846999332e+00 -2.563013999317e+00 2.031924367027e+00 -2.267465187675e+00 2.736170709472e+00 3.892501962599e+00
2420	-1.157441950446e-01 4.916438130181e+00 -2.586380799224e+00 1.874412247649e+00 2.336464614247e+00 -2.305007670788e+00 2.355643581128e+00 -5.148177204724e+00 -2.104508212696e+00 2.070846999332e+00 -2.563013999317e+00 2.031924367027e+00 -2.267465187675e+00 2.733412155159e+00 3.895720792397e+00
2430	-1.157441950446e-01 4.916438130181e+00 -2.586380799224e+00 1.874412247649e+00 2.336464614247e+00 -2.305007670788e+00 2.355643581128e+00 -5.148177204724e+00 -2.104508212696e+00 2.070846999332e+00 -2.563013999317e+00 2.031924367027e+00 -2.267465187675e+00 2.730640632184e+00 3.898952296858e+00
2440	-1.157441950446e-01 4.916438130181e+00 -2.586380799224e+00 1.874412247649e+00 2.336464614247e+00 -2.305007670788e+00 2.355643581128e+00 -5.148177204724e+00 -2.104508212696e+00 2.070846999332e+00 -2.563013999317e+00 2.031924367027e+00 -2.267465187675e+00 2.727854722425e+00 3.902193131243e+00
2450	-1.157441950446e-01 4.916438130181e+00 -2.586380799224e+00 1.874412247649e+00 2.336464614247e+00 -2.305007670788e+00 2.355643581128e+00 -5.148177204724e+00 -2.104508212696e+00 2.070846999332e+00 -2.563013999317e+00 2.031924367027e+00 -2.267465187675e+00 2.725049701678e+00 3.905444035160e+00
2460	-1.157441950446e-01 4.916438130181e+00 -2.586380799224e+00 1.874412247649e+00 2.336464614247e+00 -2.305007670788e+00 2.355643581128e+00 -5.148177204724e+00 -2.104508212696e+00 2.070846999332e+00 -2.563013999317e+00 2.031924367027e+00 -2.267465187675e+00 2.722221175009e+00 3.908705972293e+00
2470	-1.157441950446e-01 4.916438130181e+00 -2.586380799224e+00 1.874412247649e+00 2.336464614247e+00 -2.305007670788e+00 2.355643581128e+00 -5.148177204724e+00 -2.104508212696e+00 2.070846999332e+00 -2.563013999317e+00 2.031924367027e+00 -2.267465187675e+00 2.719370174329e+00 3.911975418370e+00
2480	-1.157441950446e-01 4.916438130181e+00 -2.586380799224e+00 1.874412247649e+00 2.336464614247e+00 -2.305007670788e+00 2.355643581128e+00 -5.148177204724e+00 -2.104508212696e+00 2.070846999332e+00 -2.563013999317e+00 2.031924367027e+00 -2.267465187675e+00 2.716498119594e+00 3.915251167007e+00
2490	-1.157441950446e-01 4.916438130181e+00 -2.586380799224e+00 1.874412247649e+00 2.336464614247e+00 -2.305007670788e+00 2.355643581128e+00 -5.148177204724e+00 -2.104508212696e+00 2.070846999332e+00 -2.563013999317e+00 2.031924367027e+00 -2.267465187675e+00 2.713605134300e+00 3.918535092881e+00
2500	-1.157441950446e-01 4.916438130181e+00 -2.586380799224e+00 1.874412247649e+00 2.336464614247e+00 -2.305007670788e+00 2.355643581128e+00 -5.148177204724e+00 -2.104508212696e+00 2.070846999332e+00 -2.563013999317e+00 2.031924367027e+00 -2.267465187675e+00 2.710692530428e+00 3.921825431293e+00
2510	-1.157441950446e-01 4.916438130181e+00 -2.586380799224e+00 1.874412247649e+00 2.336464614247e+00 -2.305007670788e+00 2.355643581128e+00 -5.148177204724e+00 -2.104508212696e+00 2.070846999332e+00 -2.563013999317e+00 2.031924367027e+00 -2.267465187675e+00 2.707759969562e+00 3.925120555023e+00
2520	-1.157441950446e-01 4.916438130181e+00 -2.586380799224e+00 1.874412247649e+00 2.336464614247e+00 -2.305007670788e+00 2.355643581128e+00 -5.148177204724e+00 -2.104508212696e+00 2.070846999332e+00 -2.563013999317e+00 2.031924367027e+00 -2.267465187675e+00 2.704807577722e+00 3.928421900413e+00
2530	-1.157441950446e-01 4.916438130181e+00 -2.586380799224e+00 1.874412247649e+00 2.336464614247e+00 -2.305007670788e+00 2.355643581128e+00 -5.148177204724e+00 -2.104508212696e+00 2.070846999332e+00 -2.563013999317e+00 2.031924367027e+00 -2.267465187675e+00 2.701840992735e+00 3.931728173410e+00
2540	-1.157441950446e-01 4.916438130181e+00 -2.586380799224e+00 1.874412247649e+00 2.336464614247e+00 -2.305007670788e+00 2.355643581128e+00 -5.148177204724e+00 -2.104508212696e+00 2.070846999332e+00 -2.563013999317e+00 2.031924367027e+00 -2.267465187675e+00 2.698862303154e+00 3.935039445030e+00
2550	-1.157441950446e-01 4.916438130181e+00 -2.586380799224e+00 1.874412247649e+00 2.336464614247e+00 -2.305007670788e+00 2.355643581128e+00 -5.148177204724e+00 -2.104508212696e+00 2.070846999332e+00 -2.563013999317e+00 2.031924367027e+00 -2.267465187675e+00 2.695867122353e+00 3.938360515353e+00
2560	-1.157441950446e-01 4.916438130181e+00 -2.586380799224e+00 1.874412247649e+00 2.336464614247e+00 -2.305007670788e+00 2.355643581128e+00 -5.148177204724e+00 -2.104508212696e+00 2.070846999332e+00 -2.563013999317e+00 2.031924367027e+00 -2.267465187675e+00 2.692856728276e+00 3.941692443639e+00
2570	-1.157441950446e-01 4.916438130181e+00 -2.586380799224e+00 1.874412247649e+00 2.336464614247e+00 -2.305007670788e+00 2.355643581128e+00 -5.148177204724e+00 -2.104508212696e+00 2.070846999332e+00 -2.563013999317e+00 2.031924367027e+00 -2.267465187675e+00 2.689836537257e+00 3.945034604477e+00
2580	-1.157441950446e-01 4.916438130181e+00 -2.586380799224e+00 1.874412247649e+00 2.336464614247e+00 -2.305007670788e+00 2.355643581128e+00 -5.148177204724e+00 -2.104508212696e+00 2.070846999332e+00 -2.563013999317e+00 2.031924367027e+00 -2.267465187675e+00 2.686809473650e+00 3.948390051328e+00
2590	-1.157441950446e-01 4.916438130181e+00 -2.586380799224e+00 1.874412247649e+00 2.336464614247e+00 -2.305007670788e+00 2.355643581128e+00 -5.148177204724e+00 -2.104508212696e+00 2.070846999332e+00 -2.563013999317e+00 2.031924367027e+00 -2.267465187675e+00 2.683779839112e+00 3.951758500007e+00
2600	-1.157441950446e-01 4.916438130181e+00 -2.586380799224e+00 1.874412247649e+00 2.336464614247e+00 -2.305007670788e+00 2.355643581128e+00 -5.148177204724e+00 -2.104508212696e+00 2.070846999332e+00 -2.563013999317e+00 2.031924367027e+00 -2.267465187675e+00 2.680749773434e+00 3.955138927973e+00
2610	-1.157441950446e-01 4.916438130181e+00 -2.586380799224e+00 1.874412247649e+00 2.336464614247e+00 -2.305007670788e+00 2.355643581128e+00 -5.148177204724e+00 -2.104508212696e+00 2.070846999332e+00 -2.563013999317e+00 2.031924367027e+00 -2.267465187675e+00 2.677717791408e+00 3.958535573586e+00
2620	-1.157441950446e-01 4.916438130181e+00 -2.586380799224e+00 1.874412247649e+00 2.336464614247e+00 -2.305007670788e+00 2.355643581128e+00 -5.148177204724e+00 -2.104508212696e+00 2.070846999332e+00 -2.563013999317e+00 2.031924367027e+00 -2.267465187675e+00 2.674684835624e+00 3.961951993041e+00
