1 -4.206714170158e+02
2 -4.206714194611e+02
3 -4.206714201942e+02
4 -4.206714207849e+02
5 -4.206714218143e+02
6 -4.206714230172e+02
7 -4.206714240965e+02
8 -4.206714250855e+02
9 -4.206714258476e+02
10 -4.206714266745e+02
11 -4.206714146581e+02
12 -4.206714164812e+02
13 -4.206714184306e+02
14 -4.206714199352e+02
15 -4.206714218284e+02
16 -4.206714244211e+02
17 -4.206714268164e+02
18 -4.206714288786e+02
19 -4.206714309834e+02
20 -4.206714331527e+02
21 -4.206714093153e+02
22 -4.206714125666e+02
23 -4.206714158503e+02
24 -4.206714191062e+02
25 -4.206714222119e+02
26 -4.206714252927e+02
27 -4.206714284185e+02
28 -4.206714316624e+02
29 -4.206714349814e+02
30 -4.206714383863e+02
31 -4.206714021707e+02
32 -4.206714066265e+02
33 -4.206714110238e+02
34 -4.206714152011e+02
35 -4.206714189244e+02
36 -4.206714226738e+02
37 -4.206714266418e+02
38 -4.206714307003e+02
39 -4.206714349062e+02
40 -4.206714391292e+02
41 -4.206713952236e+02
42 -4.206714005876e+02
43 -4.206714059187e+02
44 -4.206714109925e+02
45 -4.206714160779e+02
46 -4.206714213537e+02
47 -4.206714266951e+02
48 -4.206714321717e+02
49 -4.206714378391e+02
50 -4.206714436016e+02
51 -4.206713825981e+02
52 -4.206713903822e+02
53 -4.206713982275e+02
54 -4.206714058464e+02
55 -4.206714132077e+02
56 -4.206714202729e+02
57 -4.206714270027e+02
58 -4.206714335055e+02
59 -4.206714398900e+02
60 -4.206714462254e+02
61 -4.206713827903e+02
62 -4.206713906255e+02
63 -4.206713985058e+02
64 -4.206714064959e+02
65 -4.206714147081e+02
66 -4.206714231144e+02
67 -4.206714315130e+02
68 -4.206714397602e+02
69 -4.206714479932e+02
70 -4.206714560874e+02
71 -4.206713784224e+02
72 -4.206713876607e+02
73 -4.206713967547e+02
74 -4.206714059632e+02
75 -4.206714153613e+02
76 -4.206714246397e+02
77 -4.206714337299e+02
78 -4.206714424140e+02
79 -4.206714504305e+02
80 -4.206714579814e+02
81 -4.206713878692e+02
82 -4.206713961016e+02
83 -4.206714043750e+02
84 -4.206714125842e+02
85 -4.206714210134e+02
86 -4.206714301631e+02
87 -4.206714399311e+02
88 -4.206714494515e+02
89 -4.206714584442e+02
90 -4.206714669122e+02
91 -4.206713900981e+02
92 -4.206713989793e+02
93 -4.206714077311e+02
94 -4.206714164116e+02
95 -4.206714249442e+02
96 -4.206714335187e+02
97 -4.206714422891e+02
98 -4.206714512298e+02
99 -4.206714605463e+02
100 -4.206714701201e+02
101 -4.206713767697e+02
102 -4.206713881638e+02
103 -4.206714001028e+02
104 -4.206714122658e+02
105 -4.206714243481e+02
106 -4.206714363406e+02
107 -4.206714486269e+02
108 -4.206714614299e+02
109 -4.206714744980e+02
110 -4.206714874227e+02
111 -4.206713663893e+02
112 -4.206713805437e+02
113 -4.206713948105e+02
114 -4.206714089817e+02
115 -4.206714228188e+02
116 -4.206714361927e+02
117 -4.206714494845e+02
118 -4.206714628563e+02
119 -4.206714762857e+02
120 -4.206714894801e+02
121 -4.206713710831e+02
122 -4.206713844331e+02
123 -4.206713976829e+02
124 -4.206714106603e+02
125 -4.206714234476e+02
126 -4.206714364876e+02
127 -4.206714502538e+02
128 -4.206714649389e+02
129 -4.206714802680e+02
130 -4.206714961044e+02
131 -4.206713463983e+02
132 -4.206713635721e+02
133 -4.206713802346e+02
134 -4.206713963935e+02
135 -4.206714115726e+02
136 -4.206714255878e+02
137 -4.206714392438e+02
138 -4.206714532245e+02
139 -4.206714676103e+02
140 -4.206714821755e+02
141 -4.206713494013e+02
142 -4.206713639999e+02
143 -4.206713776143e+02
144 -4.206713905985e+02
145 -4.206714034748e+02
146 -4.206714164638e+02
147 -4.206714294052e+02
148 -4.206714424218e+02
149 -4.206714555696e+02
150 -4.206714690054e+02
151 -4.206713383739e+02
152 -4.206713538642e+02
153 -4.206713695442e+02
154 -4.206713851076e+02
155 -4.206714004869e+02
156 -4.206714153136e+02
157 -4.206714296536e+02
158 -4.206714441030e+02
159 -4.206714592157e+02
160 -4.206714748830e+02
161 -4.206713249600e+02
162 -4.206713424286e+02
163 -4.206713592060e+02
164 -4.206713747434e+02
165 -4.206713895234e+02
166 -4.206714043345e+02
167 -4.206714189609e+02
168 -4.206714343119e+02
169 -4.206714506073e+02
170 -4.206714677795e+02
171 -4.206713036922e+02
172 -4.206713231380e+02
173 -4.206713426829e+02
174 -4.206713616526e+02
175 -4.206713801901e+02
176 -4.206713985390e+02
177 -4.206714162065e+02
178 -4.206714335037e+02
179 -4.206714512099e+02
180 -4.206714698531e+02
181 -4.206712843287e+02
182 -4.206713066488e+02
183 -4.206713289602e+02
184 -4.206713500434e+02
185 -4.206713695595e+02
186 -4.206713873600e+02
187 -4.206714037402e+02
188 -4.206714194367e+02
189 -4.206714351027e+02
190 -4.206714510184e+02
191 -4.206713058895e+02
192 -4.206713221247e+02
193 -4.206713385347e+02
194 -4.206713556034e+02
195 -4.206713727206e+02
196 -4.206713890568e+02
197 -4.206714049558e+02
198 -4.206714205840e+02
199 -4.206714363523e+02
200 -4.206714525973e+02
201 -4.206712960383e+02
202 -4.206713145714e+02
203 -4.206713335952e+02
204 -4.206713528022e+02
205 -4.206713722567e+02
206 -4.206713915477e+02
207 -4.206714108691e+02
208 -4.206714301688e+02
209 -4.206714495358e+02
210 -4.206714692786e+02
211 -4.206712855697e+02
212 -4.206713062668e+02
213 -4.206713267310e+02
214 -4.206713470112e+02
215 -4.206713671648e+02
216 -4.206713869706e+02
217 -4.206714062180e+02
218 -4.206714252500e+02
219 -4.206714440607e+02
220 -4.206714630863e+02
221 -4.206712794607e+02
222 -4.206713018317e+02
223 -4.206713252254e+02
224 -4.206713484231e+02
225 -4.206713707607e+02
226 -4.206713916822e+02
227 -4.206714106076e+02
228 -4.206714283725e+02
229 -4.206714463673e+02
230 -4.206714650756e+02
231 -4.206712867918e+02
232 -4.206713075191e+02
233 -4.206713279509e+02
234 -4.206713477178e+02
235 -4.206713673145e+02
236 -4.206713865910e+02
237 -4.206714057378e+02
238 -4.206714254610e+02
239 -4.206714456640e+02
240 -4.206714658187e+02
241 -4.206712822028e+02
242 -4.206713022224e+02
243 -4.206713212768e+02
244 -4.206713390090e+02
245 -4.206713555936e+02
246 -4.206713721773e+02
247 -4.206713894365e+02
248 -4.206714071891e+02
249 -4.206714249560e+02
250 -4.206714424511e+02
251 -4.206712871687e+02
252 -4.206713037331e+02
253 -4.206713194776e+02
254 -4.206713351208e+02
255 -4.206713512793e+02
256 -4.206713678933e+02
257 -4.206713854573e+02
258 -4.206714038487e+02
259 -4.206714224979e+02
260 -4.206714408946e+02
261 -4.206712738069e+02
262 -4.206712927143e+02
263 -4.206713118483e+02
264 -4.206713314246e+02
265 -4.206713517949e+02
266 -4.206713726285e+02
267 -4.206713933346e+02
268 -4.206714138639e+02
269 -4.206714351281e+02
270 -4.206714577322e+02
271 -4.206712459889e+02
272 -4.206712699071e+02
273 -4.206712938948e+02
274 -4.206713181610e+02
275 -4.206713424840e+02
276 -4.206713663971e+02
277 -4.206713892937e+02
278 -4.206714107259e+02
279 -4.206714311089e+02
280 -4.206714517569e+02
281 -4.206712540465e+02
282 -4.206712771297e+02
283 -4.206712999425e+02
284 -4.206713218310e+02
285 -4.206713430808e+02
286 -4.206713638443e+02
287 -4.206713837167e+02
288 -4.206714033587e+02
289 -4.206714236312e+02
290 -4.206714442360e+02
291 -4.206712559525e+02
292 -4.206712774131e+02
293 -4.206712988842e+02
294 -4.206713196944e+02
295 -4.206713397638e+02
296 -4.206713591981e+02
297 -4.206713780979e+02
298 -4.206713968707e+02
299 -4.206714157010e+02
300 -4.206714339503e+02
301 -4.206712781035e+02
302 -4.206712950792e+02
303 -4.206713116687e+02
304 -4.206713285043e+02
305 -4.206713462878e+02
306 -4.206713655528e+02
307 -4.206713866307e+02
308 -4.206714096046e+02
309 -4.206714347438e+02
310 -4.206714612613e+02
311 -4.206712254457e+02
312 -4.206712500843e+02
313 -4.206712728931e+02
314 -4.206712946626e+02
315 -4.206713154001e+02
316 -4.206713353136e+02
317 -4.206713555884e+02
318 -4.206713761947e+02
319 -4.206713962473e+02
320 -4.206714147573e+02
321 -4.206712615484e+02
322 -4.206712781101e+02
323 -4.206712944762e+02
324 -4.206713116734e+02
325 -4.206713311511e+02
326 -4.206713526669e+02
327 -4.206713751088e+02
328 -4.206713970311e+02
329 -4.206714179263e+02
330 -4.206714381773e+02
331 -4.206712529357e+02
332 -4.206712741994e+02
333 -4.206712954785e+02
334 -4.206713161404e+02
335 -4.206713360541e+02
336 -4.206713548232e+02
337 -4.206713721995e+02
338 -4.206713883684e+02
339 -4.206714038809e+02
340 -4.206714191949e+02
341 -4.206712805150e+02
342 -4.206712961119e+02
343 -4.206713112803e+02
344 -4.206713254933e+02
345 -4.206713398100e+02
346 -4.206713547353e+02
347 -4.206713700498e+02
348 -4.206713857119e+02
349 -4.206714006862e+02
350 -4.206714150015e+02
351 -4.206712720073e+02
352 -4.206712902413e+02
353 -4.206713096110e+02
354 -4.206713277503e+02
355 -4.206713435913e+02
356 -4.206713575690e+02
357 -4.206713700855e+02
358 -4.206713825077e+02
359 -4.206713963683e+02
360 -4.206714118440e+02
361 -4.206712606085e+02
362 -4.206712777430e+02
363 -4.206712944926e+02
364 -4.206713111505e+02
365 -4.206713283775e+02
366 -4.206713463722e+02
367 -4.206713647257e+02
368 -4.206713835307e+02
369 -4.206714023185e+02
370 -4.206714205195e+02
371 -4.206712541685e+02
372 -4.206712725239e+02
373 -4.206712894799e+02
374 -4.206713052744e+02
375 -4.206713201108e+02
376 -4.206713349549e+02
377 -4.206713512264e+02
378 -4.206713696048e+02
379 -4.206713897747e+02
380 -4.206714109930e+02
381 -4.206712119129e+02
382 -4.206712347288e+02
383 -4.206712575385e+02
384 -4.206712804427e+02
385 -4.206713034795e+02
386 -4.206713264579e+02
387 -4.206713484525e+02
388 -4.206713680609e+02
389 -4.206713858516e+02
390 -4.206714031889e+02
391 -4.206712386882e+02
392 -4.206712589386e+02
393 -4.206712796940e+02
394 -4.206712996906e+02
395 -4.206713182035e+02
396 -4.206713353481e+02
397 -4.206713510480e+02
398 -4.206713654622e+02
399 -4.206713798678e+02
400 -4.206713957261e+02
401 -4.206712310305e+02
402 -4.206712512042e+02
403 -4.206712713091e+02
404 -4.206712899421e+02
405 -4.206713068941e+02
406 -4.206713223878e+02
407 -4.206713362965e+02
408 -4.206713485739e+02
409 -4.206713600503e+02
410 -4.206713731468e+02
411 -4.206712365152e+02
412 -4.206712519695e+02
413 -4.206712659885e+02
414 -4.206712785288e+02
415 -4.206712900293e+02
416 -4.206713010680e+02
417 -4.206713120657e+02
418 -4.206713242001e+02
419 -4.206713380401e+02
420 -4.206713537788e+02
421 -4.206711961657e+02
422 -4.206712149455e+02
423 -4.206712339336e+02
424 -4.206712521122e+02
425 -4.206712684802e+02
426 -4.206712831720e+02
427 -4.206712972298e+02
428 -4.206713115211e+02
429 -4.206713258578e+02
430 -4.206713398510e+02
431 -4.206712142054e+02
432 -4.206712269358e+02
433 -4.206712376965e+02
434 -4.206712483717e+02
435 -4.206712608055e+02
436 -4.206712744336e+02
437 -4.206712878756e+02
438 -4.206713004971e+02
439 -4.206713126980e+02
440 -4.206713254287e+02
441 -4.206712018994e+02
442 -4.206712159475e+02
443 -4.206712298908e+02
444 -4.206712442792e+02
445 -4.206712592225e+02
446 -4.206712736129e+02
447 -4.206712865959e+02
448 -4.206712990138e+02
449 -4.206713124724e+02
450 -4.206713272663e+02
451 -4.206711878266e+02
452 -4.206712034019e+02
453 -4.206712192576e+02
454 -4.206712350492e+02
455 -4.206712510751e+02
456 -4.206712670162e+02
457 -4.206712821897e+02
458 -4.206712956558e+02
459 -4.206713077989e+02
460 -4.206713206090e+02
461 -4.206711842566e+02
462 -4.206712022020e+02
463 -4.206712212836e+02
464 -4.206712392130e+02
465 -4.206712561696e+02
466 -4.206712733299e+02
467 -4.206712902628e+02
468 -4.206713058117e+02
469 -4.206713199976e+02
470 -4.206713338334e+02
471 -4.206712050224e+02
472 -4.206712200685e+02
473 -4.206712361093e+02
474 -4.206712527537e+02
475 -4.206712689869e+02
476 -4.206712837501e+02
477 -4.206712971915e+02
478 -4.206713109814e+02
479 -4.206713251126e+02
480 -4.206713390408e+02
481 -4.206712172036e+02
482 -4.206712302938e+02
483 -4.206712431010e+02
484 -4.206712557240e+02
485 -4.206712677828e+02
486 -4.206712796288e+02
487 -4.206712918962e+02
488 -4.206713046731e+02
489 -4.206713181425e+02
490 -4.206713323790e+02
491 -4.206712050796e+02
492 -4.206712173851e+02
493 -4.206712273526e+02
494 -4.206712372038e+02
495 -4.206712486423e+02
496 -4.206712609676e+02
497 -4.206712718261e+02
498 -4.206712806485e+02
499 -4.206712881884e+02
500 -4.206712945113e+02
501 -4.206712383262e+02
502 -4.206712460836e+02
503 -4.206712551348e+02
504 -4.206712651288e+02
505 -4.206712755902e+02
506 -4.206712844370e+02
507 -4.206712905948e+02
508 -4.206712959091e+02
509 -4.206713023735e+02
510 -4.206713094985e+02
511 -4.206712391081e+02
512 -4.206712483984e+02
513 -4.206712594961e+02
514 -4.206712720432e+02
515 -4.206712849112e+02
516 -4.206712974413e+02
517 -4.206713089727e+02
518 -4.206713190645e+02
519 -4.206713288424e+02
520 -4.206713395310e+02
521 -4.206712471643e+02
522 -4.206712556108e+02
523 -4.206712636046e+02
524 -4.206712722756e+02
525 -4.206712812575e+02
526 -4.206712900515e+02
527 -4.206712983146e+02
528 -4.206713063286e+02
529 -4.206713142592e+02
530 -4.206713219226e+02
531 -4.206712583106e+02
532 -4.206712644913e+02
533 -4.206712701566e+02
534 -4.206712763127e+02
535 -4.206712833441e+02
536 -4.206712903776e+02
537 -4.206712963217e+02
538 -4.206713021571e+02
539 -4.206713091681e+02
540 -4.206713165951e+02
541 -4.206712548931e+02
542 -4.206712594510e+02
543 -4.206712617369e+02
544 -4.206712643179e+02
545 -4.206712682667e+02
546 -4.206712736714e+02
547 -4.206712798140e+02
548 -4.206712860481e+02
549 -4.206712929490e+02
550 -4.206713012191e+02
551 -4.206712125938e+02
552 -4.206712226430e+02
553 -4.206712324112e+02
554 -4.206712430418e+02
555 -4.206712549402e+02
556 -4.206712670656e+02
557 -4.206712785357e+02
558 -4.206712898493e+02
559 -4.206713019258e+02
560 -4.206713137763e+02
561 -4.206712182263e+02
562 -4.206712277141e+02
563 -4.206712359998e+02
564 -4.206712442614e+02
565 -4.206712541901e+02
566 -4.206712648427e+02
567 -4.206712748453e+02
568 -4.206712841197e+02
569 -4.206712936280e+02
570 -4.206713037016e+02
571 -4.206712068133e+02
572 -4.206712185063e+02
573 -4.206712309124e+02
574 -4.206712440737e+02
575 -4.206712574479e+02
576 -4.206712702254e+02
577 -4.206712825880e+02
578 -4.206712945208e+02
579 -4.206713063281e+02
580 -4.206713178314e+02
581 -4.206712305651e+02
582 -4.206712372995e+02
583 -4.206712423838e+02
584 -4.206712475385e+02
585 -4.206712532348e+02
586 -4.206712591678e+02
587 -4.206712660328e+02
588 -4.206712741176e+02
589 -4.206712830734e+02
590 -4.206712919469e+02
591 -4.206712194418e+02
592 -4.206712260017e+02
593 -4.206712316947e+02
594 -4.206712379817e+02
595 -4.206712451191e+02
596 -4.206712526161e+02
597 -4.206712594908e+02
598 -4.206712649978e+02
599 -4.206712683902e+02
600 -4.206712695925e+02
601 -4.206712687537e+02
602 -4.206712691727e+02
603 -4.206712714370e+02
604 -4.206712764023e+02
605 -4.206712825445e+02
606 -4.206712883029e+02
607 -4.206712929268e+02
608 -4.206712962568e+02
609 -4.206712984304e+02
610 -4.206712992497e+02
611 -4.206713014417e+02
612 -4.206712997664e+02
613 -4.206712963668e+02
614 -4.206712928978e+02
615 -4.206712912138e+02
616 -4.206712916113e+02
617 -4.206712926165e+02
618 -4.206712931127e+02
619 -4.206712926251e+02
620 -4.206712905808e+02
621 -4.206713137462e+02
622 -4.206713128438e+02
623 -4.206713127586e+02
624 -4.206713128184e+02
625 -4.206713132933e+02
626 -4.206713145146e+02
627 -4.206713160388e+02
628 -4.206713181687e+02
629 -4.206713205926e+02
630 -4.206713219900e+02
631 -4.206713277688e+02
632 -4.206713257575e+02
633 -4.206713238587e+02
634 -4.206713221934e+02
635 -4.206713208047e+02
636 -4.206713202338e+02
637 -4.206713202571e+02
638 -4.206713201473e+02
639 -4.206713199946e+02
640 -4.206713200927e+02
641 -4.206713166836e+02
642 -4.206713173605e+02
643 -4.206713196399e+02
644 -4.206713239070e+02
645 -4.206713298663e+02
646 -4.206713366185e+02
647 -4.206713434911e+02
648 -4.206713502623e+02
649 -4.206713570935e+02
650 -4.206713646451e+02
651 -4.206712926760e+02
652 -4.206712997517e+02
653 -4.206713067138e+02
654 -4.206713151783e+02
655 -4.206713244519e+02
656 -4.206713336830e+02
657 -4.206713433260e+02
658 -4.206713535994e+02
659 -4.206713646707e+02
660 -4.206713757887e+02
661 -4.206712837953e+02
662 -4.206712922912e+02
663 -4.206712990686e+02
664 -4.206713044653e+02
665 -4.206713093605e+02
666 -4.206713151388e+02
667 -4.206713213917e+02
668 -4.206713269083e+02
669 -4.206713319185e+02
670 -4.206713364288e+02
671 -4.206713013035e+02
672 -4.206713039909e+02
673 -4.206713042033e+02
674 -4.206713025432e+02
675 -4.206713008309e+02
676 -4.206712994596e+02
677 -4.206712979121e+02
678 -4.206712959604e+02
679 -4.206712935570e+02
680 -4.206712900162e+02
681 -4.206713333894e+02
682 -4.206713283580e+02
683 -4.206713235355e+02
684 -4.206713189837e+02
685 -4.206713153311e+02
686 -4.206713129371e+02
687 -4.206713110926e+02
688 -4.206713090416e+02
689 -4.206713066595e+02
690 -4.206713037640e+02
691 -4.206713485470e+02
692 -4.206713416628e+02
693 -4.206713351397e+02
694 -4.206713294740e+02
695 -4.206713238222e+02
696 -4.206713180983e+02
697 -4.206713127997e+02
698 -4.206713076001e+02
699 -4.206713015293e+02
700 -4.206712942095e+02
701 -4.206713662099e+02
702 -4.206713581992e+02
703 -4.206713512184e+02
704 -4.206713467761e+02
705 -4.206713447055e+02
706 -4.206713437633e+02
707 -4.206713433855e+02
708 -4.206713433745e+02
709 -4.206713426327e+02
710 -4.206713411440e+02
711 -4.206713559366e+02
712 -4.206713527062e+02
713 -4.206713487482e+02
714 -4.206713466885e+02
715 -4.206713464982e+02
716 -4.206713468731e+02
717 -4.206713477980e+02
718 -4.206713490866e+02
719 -4.206713499030e+02
720 -4.206713495486e+02
721 -4.206713624896e+02
722 -4.206713613007e+02
723 -4.206713614876e+02
724 -4.206713622627e+02
725 -4.206713620336e+02
726 -4.206713611349e+02
727 -4.206713603615e+02
728 -4.206713598677e+02
729 -4.206713596279e+02
730 -4.206713587338e+02
731 -4.206713712177e+02
732 -4.206713705965e+02
733 -4.206713700086e+02
734 -4.206713689857e+02
735 -4.206713680953e+02
736 -4.206713668056e+02
737 -4.206713650136e+02
738 -4.206713634885e+02
739 -4.206713620451e+02
740 -4.206713595594e+02
741 -4.206713924571e+02
742 -4.206713880757e+02
743 -4.206713823681e+02
744 -4.206713755900e+02
745 -4.206713692098e+02
746 -4.206713642054e+02
747 -4.206713609419e+02
748 -4.206713591759e+02
749 -4.206713584575e+02
750 -4.206713574580e+02
751 -4.206713804519e+02
752 -4.206713771183e+02
753 -4.206713740323e+02
754 -4.206713708213e+02
755 -4.206713668801e+02
756 -4.206713631488e+02
757 -4.206713615633e+02
758 -4.206713623172e+02
759 -4.206713638903e+02
760 -4.206713647330e+02
761 -4.206713744346e+02
762 -4.206713712559e+02
763 -4.206713662970e+02
764 -4.206713607335e+02
765 -4.206713554254e+02
766 -4.206713508352e+02
767 -4.206713471097e+02
768 -4.206713441602e+02
769 -4.206713421772e+02
770 -4.206713410756e+02
771 -4.206713473350e+02
772 -4.206713461864e+02
773 -4.206713442077e+02
774 -4.206713417655e+02
775 -4.206713385249e+02
776 -4.206713345296e+02
777 -4.206713302592e+02
778 -4.206713257658e+02
779 -4.206713217042e+02
780 -4.206713180755e+02
781 -4.206713479267e+02
782 -4.206713451207e+02
783 -4.206713426609e+02
784 -4.206713400863e+02
785 -4.206713359432e+02
786 -4.206713301776e+02
787 -4.206713244318e+02
788 -4.206713193041e+02
789 -4.206713140354e+02
790 -4.206713083294e+02
791 -4.206713612765e+02
792 -4.206713550245e+02
793 -4.206713479111e+02
794 -4.206713401196e+02
795 -4.206713315509e+02
796 -4.206713215379e+02
797 -4.206713108457e+02
798 -4.206713008716e+02
799 -4.206712915716e+02
800 -4.206712823570e+02
801 -4.206713622770e+02
802 -4.206713536040e+02
803 -4.206713442608e+02
804 -4.206713341139e+02
805 -4.206713242160e+02
806 -4.206713153922e+02
807 -4.206713080225e+02
808 -4.206713023231e+02
809 -4.206712976613e+02
810 -4.206712927606e+02
811 -4.206713494105e+02
812 -4.206713418904e+02
813 -4.206713346230e+02
814 -4.206713281007e+02
815 -4.206713219038e+02
816 -4.206713169326e+02
817 -4.206713128712e+02
818 -4.206713094290e+02
819 -4.206713062706e+02
820 -4.206713026150e+02
821 -4.206713455283e+02
822 -4.206713396517e+02
823 -4.206713333310e+02
824 -4.206713277200e+02
825 -4.206713223638e+02
826 -4.206713166458e+02
827 -4.206713102367e+02
828 -4.206713026442e+02
829 -4.206712946690e+02
830 -4.206712870343e+02
831 -4.206713483139e+02
832 -4.206713422709e+02
833 -4.206713361758e+02
834 -4.206713292367e+02
835 -4.206713211052e+02
836 -4.206713129060e+02
837 -4.206713053755e+02
838 -4.206712979769e+02
839 -4.206712916285e+02
840 -4.206712872666e+02
841 -4.206713085565e+02
842 -4.206713079809e+02
843 -4.206713078074e+02
844 -4.206713066255e+02
845 -4.206713033529e+02
846 -4.206712977197e+02
847 -4.206712915953e+02
848 -4.206712859632e+02
849 -4.206712796953e+02
850 -4.206712729638e+02
851 -4.206713223669e+02
852 -4.206713179161e+02
853 -4.206713137426e+02
854 -4.206713100318e+02
855 -4.206713070081e+02
856 -4.206713035354e+02
857 -4.206713000251e+02
858 -4.206712968265e+02
859 -4.206712931053e+02
860 -4.206712888078e+02
861 -4.206713311570e+02
862 -4.206713253118e+02
863 -4.206713185648e+02
864 -4.206713113301e+02
865 -4.206713042497e+02
866 -4.206712975134e+02
867 -4.206712903507e+02
868 -4.206712828175e+02
869 -4.206712759073e+02
870 -4.206712692503e+02
871 -4.206713296618e+02
872 -4.206713234638e+02
873 -4.206713172210e+02
874 -4.206713087534e+02
875 -4.206712979318e+02
876 -4.206712864601e+02
877 -4.206712748371e+02
878 -4.206712635301e+02
879 -4.206712529421e+02
880 -4.206712424489e+02
881 -4.206713369960e+02
882 -4.206713265929e+02
883 -4.206713161711e+02
884 -4.206713059413e+02
885 -4.206712964511e+02
886 -4.206712886783e+02
887 -4.206712823652e+02
888 -4.206712764458e+02
889 -4.206712710537e+02
890 -4.206712659011e+02
891 -4.206713161696e+02
892 -4.206713113136e+02
893 -4.206713072002e+02
894 -4.206713021688e+02
895 -4.206712941172e+02
896 -4.206712835601e+02
897 -4.206712718768e+02
898 -4.206712598087e+02
899 -4.206712477286e+02
900 -4.206712369698e+02
901 -4.206713185996e+02
902 -4.206713104171e+02
903 -4.206713021765e+02
904 -4.206712942671e+02
905 -4.206712867841e+02
906 -4.206712803610e+02
907 -4.206712761942e+02
908 -4.206712737199e+02
909 -4.206712706487e+02
910 -4.206712675939e+02
911 -4.206712763876e+02
912 -4.206712761635e+02
913 -4.206712744464e+02
914 -4.206712717832e+02
915 -4.206712697169e+02
916 -4.206712676428e+02
917 -4.206712651930e+02
918 -4.206712622391e+02
919 -4.206712579463e+02
920 -4.206712522864e+02
921 -4.206713088353e+02
922 -4.206713020988e+02
923 -4.206712951803e+02
924 -4.206712884100e+02
925 -4.206712813326e+02
926 -4.206712745244e+02
927 -4.206712683417e+02
928 -4.206712626072e+02
929 -4.206712574090e+02
930 -4.206712525385e+02
931 -4.206712857564e+02
932 -4.206712832833e+02
933 -4.206712808604e+02
934 -4.206712769747e+02
935 -4.206712721269e+02
936 -4.206712680125e+02
937 -4.206712639955e+02
938 -4.206712581143e+02
939 -4.206712512843e+02
940 -4.206712453858e+02
941 -4.206712825179e+02
942 -4.206712790180e+02
943 -4.206712749503e+02
944 -4.206712707547e+02
945 -4.206712670677e+02
946 -4.206712635536e+02
947 -4.206712596123e+02
948 -4.206712543671e+02
949 -4.206712473925e+02
950 -4.206712402915e+02
951 -4.206712901950e+02
952 -4.206712858709e+02
953 -4.206712816004e+02
954 -4.206712767361e+02
955 -4.206712701100e+02
956 -4.206712612045e+02
957 -4.206712515789e+02
958 -4.206712422938e+02
959 -4.206712336839e+02
960 -4.206712264985e+02
961 -4.206712800776e+02
962 -4.206712745426e+02
963 -4.206712686436e+02
964 -4.206712614591e+02
965 -4.206712530932e+02
966 -4.206712445839e+02
967 -4.206712367510e+02
968 -4.206712299666e+02
969 -4.206712235743e+02
970 -4.206712183001e+02
971 -4.206712455673e+02
972 -4.206712428919e+02
973 -4.206712383799e+02
974 -4.206712326695e+02
975 -4.206712267485e+02
976 -4.206712209940e+02
977 -4.206712155751e+02
978 -4.206712114872e+02
979 -4.206712075899e+02
980 -4.206712020275e+02
981 -4.206712604905e+02
982 -4.206712541842e+02
983 -4.206712487099e+02
984 -4.206712443365e+02
985 -4.206712400718e+02
986 -4.206712363305e+02
987 -4.206712334470e+02
988 -4.206712308918e+02
989 -4.206712282149e+02
990 -4.206712247034e+02
991 -4.206712615864e+02
992 -4.206712575430e+02
993 -4.206712538017e+02
994 -4.206712506136e+02
995 -4.206712481341e+02
996 -4.206712467704e+02
997 -4.206712454174e+02
998 -4.206712419743e+02
999 -4.206712369707e+02
1000 -4.206712316337e+02
1001 -4.206712766787e+02
1002 -4.206712718808e+02
1003 -4.206712666631e+02
1004 -4.206712621203e+02
1005 -4.206712591907e+02
1006 -4.206712570778e+02
1007 -4.206712554327e+02
1008 -4.206712534787e+02
1009 -4.206712507637e+02
1010 -4.206712481649e+02
1011 -4.206712612950e+02
1012 -4.206712602806e+02
1013 -4.206712583396e+02
1014 -4.206712552184e+02
1015 -4.206712521692e+02
1016 -4.206712500750e+02
1017 -4.206712490413e+02
1018 -4.206712474982e+02
1019 -4.206712451072e+02
1020 -4.206712427529e+02
1021 -4.206712683385e+02
1022 -4.206712652638e+02
1023 -4.206712628442e+02
1024 -4.206712603579e+02
1025 -4.206712575002e+02
1026 -4.206712557644e+02
1027 -4.206712556281e+02
1028 -4.206712557088e+02
1029 -4.206712547902e+02
1030 -4.206712535246e+02
1031 -4.206712649003e+02
1032 -4.206712626740e+02
1033 -4.206712601268e+02
1034 -4.206712582392e+02
1035 -4.206712580780e+02
1036 -4.206712593862e+02
1037 -4.206712604557e+02
1038 -4.206712606101e+02
1039 -4.206712601291e+02
1040 -4.206712598026e+02
1041 -4.206712437196e+02
1042 -4.206712477413e+02
1043 -4.206712519986e+02
1044 -4.206712556509e+02
1045 -4.206712584748e+02
1046 -4.206712604394e+02
1047 -4.206712620153e+02
1048 -4.206712637837e+02
1049 -4.206712656934e+02
1050 -4.206712669899e+02
1051 -4.206712606634e+02
1052 -4.206712617280e+02
1053 -4.206712628515e+02
1054 -4.206712640757e+02
1055 -4.206712652596e+02
1056 -4.206712658902e+02
1057 -4.206712668879e+02
1058 -4.206712680895e+02
1059 -4.206712688215e+02
1060 -4.206712695541e+02
1061 -4.206712561962e+02
1062 -4.206712575389e+02
1063 -4.206712573758e+02
1064 -4.206712566769e+02
1065 -4.206712554965e+02
1066 -4.206712531753e+02
1067 -4.206712501641e+02
1068 -4.206712469968e+02
1069 -4.206712446617e+02
1070 -4.206712431899e+02
1071 -4.206712561311e+02
1072 -4.206712545190e+02
1073 -4.206712534933e+02
1074 -4.206712527351e+02
1075 -4.206712514115e+02
1076 -4.206712494994e+02
1077 -4.206712473428e+02
1078 -4.206712452561e+02
1079 -4.206712434828e+02
1080 -4.206712422721e+02
1081 -4.206712524637e+02
1082 -4.206712502321e+02
1083 -4.206712472547e+02
1084 -4.206712447151e+02
1085 -4.206712431149e+02
1086 -4.206712423878e+02
1087 -4.206712417249e+02
1088 -4.206712413041e+02
1089 -4.206712411219e+02
1090 -4.206712404191e+02
1091 -4.206712536481e+02
1092 -4.206712512109e+02
1093 -4.206712495338e+02
1094 -4.206712499383e+02
1095 -4.206712517346e+02
1096 -4.206712545669e+02
1097 -4.206712580080e+02
1098 -4.206712612424e+02
1099 -4.206712642973e+02
1100 -4.206712668243e+02
1101 -4.206712437530e+02
1102 -4.206712461820e+02
1103 -4.206712480191e+02
1104 -4.206712505268e+02
1105 -4.206712543762e+02
1106 -4.206712584783e+02
1107 -4.206712621283e+02
1108 -4.206712660565e+02
1109 -4.206712700024e+02
1110 -4.206712737281e+02
1111 -4.206712280877e+02
1112 -4.206712344534e+02
1113 -4.206712410861e+02
1114 -4.206712497041e+02
1115 -4.206712599788e+02
1116 -4.206712695713e+02
1117 -4.206712778110e+02
1118 -4.206712835273e+02
1119 -4.206712876354e+02
1120 -4.206712924835e+02
1121 -4.206712362597e+02
1122 -4.206712437336e+02
1123 -4.206712528945e+02
1124 -4.206712631548e+02
1125 -4.206712724576e+02
1126 -4.206712805048e+02
1127 -4.206712876889e+02
1128 -4.206712933194e+02
1129 -4.206712979447e+02
1130 -4.206713027852e+02
1131 -4.206712568994e+02
1132 -4.206712636638e+02
1133 -4.206712720912e+02
1134 -4.206712812133e+02
1135 -4.206712910544e+02
1136 -4.206713009471e+02
1137 -4.206713087573e+02
1138 -4.206713152124e+02
1139 -4.206713214609e+02
1140 -4.206713283449e+02
1141 -4.206712615250e+02
1142 -4.206712676435e+02
1143 -4.206712723526e+02
1144 -4.206712764411e+02
1145 -4.206712798617e+02
1146 -4.206712831829e+02
1147 -4.206712869924e+02
1148 -4.206712911586e+02
1149 -4.206712954658e+02
1150 -4.206713005243e+02
1151 -4.206712505408e+02
1152 -4.206712565016e+02
1153 -4.206712636444e+02
1154 -4.206712708589e+02
1155 -4.206712762221e+02
1156 -4.206712809354e+02
1157 -4.206712856076e+02
1158 -4.206712901978e+02
1159 -4.206712953652e+02
1160 -4.206713004541e+02
1161 -4.206712518169e+02
1162 -4.206712570935e+02
1163 -4.206712620360e+02
1164 -4.206712680789e+02
1165 -4.206712746703e+02
1166 -4.206712795832e+02
1167 -4.206712836908e+02
1168 -4.206712883045e+02
1169 -4.206712935357e+02
1170 -4.206712997033e+02
1171 -4.206712256497e+02
1172 -4.206712340899e+02
1173 -4.206712416682e+02
1174 -4.206712495785e+02
1175 -4.206712576975e+02
1176 -4.206712654812e+02
1177 -4.206712730334e+02
1178 -4.206712785171e+02
1179 -4.206712824122e+02
1180 -4.206712862044e+02
1181 -4.206712467677e+02
1182 -4.206712526898e+02
1183 -4.206712597745e+02
1184 -4.206712669373e+02
1185 -4.206712736429e+02
1186 -4.206712795326e+02
1187 -4.206712850806e+02
1188 -4.206712910211e+02
1189 -4.206712978682e+02
1190 -4.206713048905e+02
1191 -4.206712343224e+02
1192 -4.206712436239e+02
1193 -4.206712534023e+02
1194 -4.206712636703e+02
1195 -4.206712753459e+02
1196 -4.206712862191e+02
1197 -4.206712942121e+02
1198 -4.206713013293e+02
1199 -4.206713092113e+02
1200 -4.206713182776e+02
1201 -4.206712267009e+02
1202 -4.206712375308e+02
1203 -4.206712478381e+02
1204 -4.206712565488e+02
1205 -4.206712641041e+02
1206 -4.206712716442e+02
1207 -4.206712788306e+02
1208 -4.206712858120e+02
1209 -4.206712940265e+02
1210 -4.206713043290e+02
1211 -4.206711999491e+02
1212 -4.206712116031e+02
1213 -4.206712221516e+02
1214 -4.206712308630e+02
1215 -4.206712381656e+02
1216 -4.206712452786e+02
1217 -4.206712517938e+02
1218 -4.206712579281e+02
1219 -4.206712642107e+02
1220 -4.206712714331e+02
1221 -4.206711938935e+02
1222 -4.206712035729e+02
1223 -4.206712150115e+02
1224 -4.206712275290e+02
1225 -4.206712379016e+02
1226 -4.206712466742e+02
1227 -4.206712553207e+02
1228 -4.206712630252e+02
1229 -4.206712706111e+02
1230 -4.206712792392e+02
1231 -4.206711958273e+02
1232 -4.206712056941e+02
1233 -4.206712165559e+02
1234 -4.206712280356e+02
1235 -4.206712373623e+02
1236 -4.206712437879e+02
1237 -4.206712498148e+02
1238 -4.206712570972e+02
1239 -4.206712660649e+02
1240 -4.206712764960e+02
1241 -4.206711691696e+02
1242 -4.206711812912e+02
1243 -4.206711917836e+02
1244 -4.206712017074e+02
1245 -4.206712118783e+02
1246 -4.206712221024e+02
1247 -4.206712339675e+02
1248 -4.206712481840e+02
1249 -4.206712631309e+02
1250 -4.206712771525e+02
1251 -4.206711613082e+02
1252 -4.206711732813e+02
1253 -4.206711847429e+02
1254 -4.206711956549e+02
1255 -4.206712063980e+02
1256 -4.206712173808e+02
1257 -4.206712289776e+02
1258 -4.206712412165e+02
1259 -4.206712543415e+02
1260 -4.206712673449e+02
1261 -4.206711598703e+02
1262 -4.206711718897e+02
1263 -4.206711844326e+02
1264 -4.206711961287e+02
1265 -4.206712072969e+02
1266 -4.206712179520e+02
1267 -4.206712278774e+02
1268 -4.206712381353e+02
1269 -4.206712493878e+02
1270 -4.206712615760e+02
1271 -4.206711490327e+02
1272 -4.206711610122e+02
1273 -4.206711735598e+02
1274 -4.206711858516e+02
1275 -4.206711969769e+02
1276 -4.206712086379e+02
1277 -4.206712208605e+02
1278 -4.206712317685e+02
1279 -4.206712415813e+02
1280 -4.206712515147e+02
1281 -4.206711616207e+02
1282 -4.206711717980e+02
1283 -4.206711830785e+02
1284 -4.206711948693e+02
1285 -4.206712067217e+02
1286 -4.206712194002e+02
1287 -4.206712321108e+02
1288 -4.206712449449e+02
1289 -4.206712586393e+02
1290 -4.206712717412e+02
1291 -4.206711542734e+02
1292 -4.206711673868e+02
1293 -4.206711798263e+02
1294 -4.206711916561e+02
1295 -4.206712020385e+02
1296 -4.206712108830e+02
1297 -4.206712201968e+02
1298 -4.206712309058e+02
1299 -4.206712419645e+02
1300 -4.206712534624e+02
1301 -4.206711436883e+02
1302 -4.206711552354e+02
1303 -4.206711664495e+02
1304 -4.206711786874e+02
1305 -4.206711904165e+02
1306 -4.206712021828e+02
1307 -4.206712149741e+02
1308 -4.206712277686e+02
1309 -4.206712415130e+02
1310 -4.206712563570e+02
1311 -4.206711301322e+02
1312 -4.206711437656e+02
1313 -4.206711566171e+02
1314 -4.206711678744e+02
1315 -4.206711784456e+02
1316 -4.206711888639e+02
1317 -4.206711992282e+02
1318 -4.206712102883e+02
1319 -4.206712228179e+02
1320 -4.206712365883e+02
1321 -4.206711085097e+02
1322 -4.206711229516e+02
1323 -4.206711366166e+02
1324 -4.206711498043e+02
1325 -4.206711622003e+02
1326 -4.206711736343e+02
1327 -4.206711858310e+02
1328 -4.206711996089e+02
1329 -4.206712140992e+02
1330 -4.206712289390e+02
1331 -4.206711042665e+02
1332 -4.206711172030e+02
1333 -4.206711296688e+02
1334 -4.206711405061e+02
1335 -4.206711505578e+02
1336 -4.206711607696e+02
1337 -4.206711706343e+02
1338 -4.206711807994e+02
1339 -4.206711931933e+02
1340 -4.206712070291e+02
1341 -4.206710793745e+02
1342 -4.206710938208e+02
1343 -4.206711074555e+02
1344 -4.206711197530e+02
1345 -4.206711315365e+02
1346 -4.206711423718e+02
1347 -4.206711518259e+02
1348 -4.206711616574e+02
1349 -4.206711722286e+02
1350 -4.206711838494e+02
1351 -4.206710750486e+02
1352 -4.206710860855e+02
1353 -4.206710967449e+02
1354 -4.206711067954e+02
1355 -4.206711166260e+02
1356 -4.206711275489e+02
1357 -4.206711389289e+02
1358 -4.206711502256e+02
1359 -4.206711619130e+02
1360 -4.206711728192e+02
1361 -4.206710893729e+02
1362 -4.206710984234e+02
1363 -4.206711091236e+02
1364 -4.206711199289e+02
1365 -4.206711300163e+02
1366 -4.206711405162e+02
1367 -4.206711501020e+02
1368 -4.206711580832e+02
1369 -4.206711659818e+02
1370 -4.206711745689e+02
1371 -4.206710899172e+02
1372 -4.206711003754e+02
1373 -4.206711124986e+02
1374 -4.206711255839e+02
1375 -4.206711377774e+02
1376 -4.206711485338e+02
1377 -4.206711579781e+02
1378 -4.206711671789e+02
1379 -4.206711774158e+02
1380 -4.206711887032e+02
1381 -4.206710775116e+02
1382 -4.206710902563e+02
1383 -4.206711029476e+02
1384 -4.206711153661e+02
1385 -4.206711270493e+02
1386 -4.206711387936e+02
1387 -4.206711511875e+02
1388 -4.206711634055e+02
1389 -4.206711758200e+02
1390 -4.206711896371e+02
1391 -4.206710418378e+02
1392 -4.206710585791e+02
1393 -4.206710727442e+02
1394 -4.206710862301e+02
1395 -4.206710990415e+02
1396 -4.206711105568e+02
1397 -4.206711225581e+02
1398 -4.206711364108e+02
1399 -4.206711510401e+02
1400 -4.206711647460e+02
1401 -4.206710538816e+02
1402 -4.206710654104e+02
1403 -4.206710768191e+02
1404 -4.206710887191e+02
1405 -4.206711015611e+02
1406 -4.206711144300e+02
1407 -4.206711262929e+02
1408 -4.206711372322e+02
1409 -4.206711478431e+02
1410 -4.206711581732e+02
1411 -4.206710747891e+02
1412 -4.206710834253e+02
1413 -4.206710919156e+02
1414 -4.206711010696e+02
1415 -4.206711104049e+02
1416 -4.206711189572e+02
1417 -4.206711263973e+02
1418 -4.206711327765e+02
1419 -4.206711387641e+02
1420 -4.206711464888e+02
1421 -4.206710510710e+02
1422 -4.206710655994e+02
1423 -4.206710825207e+02
1424 -4.206711000336e+02
1425 -4.206711172725e+02
1426 -4.206711325278e+02
1427 -4.206711448241e+02
1428 -4.206711557788e+02
1429 -4.206711668035e+02
1430 -4.206711779806e+02
1431 -4.206710734396e+02
1432 -4.206710864227e+02
1433 -4.206711000402e+02
1434 -4.206711134325e+02
1435 -4.206711273192e+02
1436 -4.206711414476e+02
1437 -4.206711552227e+02
1438 -4.206711694869e+02
1439 -4.206711833396e+02
1440 -4.206711965932e+02
1441 -4.206710768154e+02
1442 -4.206710894720e+02
1443 -4.206711014467e+02
1444 -4.206711134279e+02
1445 -4.206711259074e+02
1446 -4.206711401709e+02
1447 -4.206711557977e+02
1448 -4.206711712248e+02
1449 -4.206711860337e+02
1450 -4.206712008368e+02
1451 -4.206710695163e+02
1452 -4.206710834342e+02
1453 -4.206710966534e+02
1454 -4.206711083278e+02
1455 -4.206711185894e+02
1456 -4.206711283695e+02
1457 -4.206711389063e+02
1458 -4.206711513068e+02
1459 -4.206711635257e+02
1460 -4.206711746378e+02
1461 -4.206710679088e+02
1462 -4.206710796456e+02
1463 -4.206710909287e+02
1464 -4.206711029369e+02
1465 -4.206711150768e+02
1466 -4.206711267442e+02
1467 -4.206711384210e+02
1468 -4.206711514120e+02
1469 -4.206711654184e+02
1470 -4.206711781836e+02
1471 -4.206710696026e+02
1472 -4.206710809443e+02
1473 -4.206710902089e+02
1474 -4.206710980777e+02
1475 -4.206711065493e+02
1476 -4.206711149568e+02
1477 -4.206711223955e+02
1478 -4.206711299002e+02
1479 -4.206711375535e+02
1480 -4.206711441163e+02
1481 -4.206710786645e+02
1482 -4.206710867182e+02
1483 -4.206710945364e+02
1484 -4.206711026996e+02
1485 -4.206711114413e+02
1486 -4.206711198187e+02
1487 -4.206711275100e+02
1488 -4.206711347112e+02
1489 -4.206711410518e+02
1490 -4.206711451152e+02
1491 -4.206711192220e+02
1492 -4.206711224727e+02
1493 -4.206711266443e+02
1494 -4.206711324914e+02
1495 -4.206711399062e+02
1496 -4.206711476790e+02
1497 -4.206711547331e+02
1498 -4.206711616552e+02
1499 -4.206711701786e+02
1500 -4.206711786148e+02
1501 -4.206711132432e+02
1502 -4.206711204480e+02
1503 -4.206711279596e+02
1504 -4.206711359579e+02
1505 -4.206711440101e+02
1506 -4.206711521020e+02
1507 -4.206711614558e+02
1508 -4.206711701805e+02
1509 -4.206711780135e+02
1510 -4.206711858646e+02
1511 -4.206711119444e+02
1512 -4.206711204033e+02
1513 -4.206711285652e+02
1514 -4.206711369170e+02
1515 -4.206711468386e+02
1516 -4.206711577330e+02
1517 -4.206711667137e+02
1518 -4.206711741308e+02
1519 -4.206711829519e+02
1520 -4.206711926752e+02
1521 -4.206711071996e+02
1522 -4.206711167730e+02
1523 -4.206711256852e+02
1524 -4.206711352213e+02
1525 -4.206711449553e+02
1526 -4.206711531416e+02
1527 -4.206711621577e+02
1528 -4.206711721161e+02
1529 -4.206711818222e+02
1530 -4.206711922670e+02
1531 -4.206710929150e+02
1532 -4.206711031720e+02
1533 -4.206711126013e+02
1534 -4.206711213525e+02
1535 -4.206711295671e+02
1536 -4.206711377804e+02
1537 -4.206711459419e+02
1538 -4.206711544306e+02
1539 -4.206711637906e+02
1540 -4.206711735164e+02
1541 -4.206710865716e+02
1542 -4.206710963070e+02
1543 -4.206711044083e+02
1544 -4.206711119709e+02
1545 -4.206711210504e+02
1546 -4.206711297233e+02
1547 -4.206711381189e+02
1548 -4.206711471206e+02
1549 -4.206711549501e+02
1550 -4.206711616234e+02
1551 -4.206711050985e+02
1552 -4.206711114741e+02
1553 -4.206711186625e+02
1554 -4.206711270447e+02
1555 -4.206711355678e+02
1556 -4.206711446707e+02
1557 -4.206711549990e+02
1558 -4.206711652030e+02
1559 -4.206711756518e+02
1560 -4.206711874510e+02
1561 -4.206710809023e+02
1562 -4.206710933293e+02
1563 -4.206711053947e+02
1564 -4.206711152744e+02
1565 -4.206711240826e+02
1566 -4.206711323286e+02
1567 -4.206711403153e+02
1568 -4.206711499425e+02
1569 -4.206711598306e+02
1570 -4.206711701336e+02
1571 -4.206710749833e+02
1572 -4.206710847169e+02
1573 -4.206710942558e+02
1574 -4.206711043637e+02
1575 -4.206711130610e+02
1576 -4.206711201023e+02
1577 -4.206711275012e+02
1578 -4.206711348633e+02
1579 -4.206711429464e+02
1580 -4.206711538936e+02
1581 -4.206710604700e+02
1582 -4.206710685180e+02
1583 -4.206710760850e+02
1584 -4.206710835256e+02
1585 -4.206710899175e+02
1586 -4.206710955794e+02
1587 -4.206711011576e+02
1588 -4.206711073042e+02
1589 -4.206711131763e+02
1590 -4.206711188279e+02
1591 -4.206710689075e+02
1592 -4.206710737955e+02
1593 -4.206710774644e+02
1594 -4.206710797309e+02
1595 -4.206710817588e+02
1596 -4.206710848342e+02
1597 -4.206710887080e+02
1598 -4.206710930267e+02
1599 -4.206710964273e+02
1600 -4.206711003955e+02
1601 -4.206710517027e+02
1602 -4.206710576756e+02
1603 -4.206710644815e+02
1604 -4.206710719520e+02
1605 -4.206710794718e+02
1606 -4.206710859992e+02
1607 -4.206710910345e+02
1608 -4.206710954910e+02
1609 -4.206710995376e+02
1610 -4.206711031253e+02
1611 -4.206710772342e+02
1612 -4.206710802592e+02
1613 -4.206710845679e+02
1614 -4.206710892593e+02
1615 -4.206710946251e+02
1616 -4.206711008543e+02
1617 -4.206711066221e+02
1618 -4.206711113928e+02
1619 -4.206711152147e+02
1620 -4.206711190984e+02
1621 -4.206710728918e+02
1622 -4.206710796734e+02
1623 -4.206710869176e+02
1624 -4.206710935552e+02
1625 -4.206711006119e+02
1626 -4.206711079585e+02
1627 -4.206711143292e+02
1628 -4.206711202167e+02
1629 -4.206711251717e+02
1630 -4.206711293168e+02
1631 -4.206710864465e+02
1632 -4.206710917155e+02
1633 -4.206710978071e+02
1634 -4.206711031033e+02
1635 -4.206711056789e+02
1636 -4.206711071384e+02
1637 -4.206711087748e+02
1638 -4.206711109716e+02
1639 -4.206711143282e+02
1640 -4.206711173261e+02
1641 -4.206711106541e+02
1642 -4.206711106206e+02
1643 -4.206711108707e+02
1644 -4.206711103674e+02
1645 -4.206711112877e+02
1646 -4.206711138180e+02
1647 -4.206711178858e+02
1648 -4.206711241056e+02
1649 -4.206711295571e+02
1650 -4.206711345741e+02
1651 -4.206710771335e+02
1652 -4.206710825835e+02
1653 -4.206710884993e+02
1654 -4.206710970409e+02
1655 -4.206711067608e+02
1656 -4.206711163616e+02
1657 -4.206711245378e+02
1658 -4.206711297373e+02
1659 -4.206711335654e+02
1660 -4.206711362222e+02
1661 -4.206711218907e+02
1662 -4.206711241296e+02
1663 -4.206711275218e+02
1664 -4.206711305435e+02
1665 -4.206711342363e+02
1666 -4.206711364307e+02
1667 -4.206711363970e+02
1668 -4.206711368789e+02
1669 -4.206711380630e+02
1670 -4.206711396073e+02
1671 -4.206711215591e+02
1672 -4.206711221740e+02
1673 -4.206711218239e+02
1674 -4.206711213586e+02
1675 -4.206711218963e+02
1676 -4.206711246676e+02
1677 -4.206711291143e+02
1678 -4.206711330768e+02
1679 -4.206711353680e+02
1680 -4.206711353682e+02
1681 -4.206711482810e+02
1682 -4.206711476471e+02
1683 -4.206711485847e+02
1684 -4.206711498303e+02
1685 -4.206711526422e+02
1686 -4.206711561359e+02
1687 -4.206711587688e+02
1688 -4.206711620466e+02
1689 -4.206711652252e+02
1690 -4.206711656393e+02
1691 -4.206711681915e+02
1692 -4.206711690795e+02
1693 -4.206711715712e+02
1694 -4.206711757036e+02
1695 -4.206711798986e+02
1696 -4.206711813755e+02
1697 -4.206711810865e+02
1698 -4.206711811453e+02
1699 -4.206711819479e+02
1700 -4.206711847157e+02
1701 -4.206711393534e+02
1702 -4.206711450844e+02
1703 -4.206711499554e+02
1704 -4.206711526296e+02
1705 -4.206711551484e+02
1706 -4.206711573455e+02
1707 -4.206711571398e+02
1708 -4.206711565565e+02
1709 -4.206711578567e+02
1710 -4.206711603573e+02
1711 -4.206711309258e+02
1712 -4.206711340417e+02
1713 -4.206711366270e+02
1714 -4.206711385631e+02
1715 -4.206711405362e+02
1716 -4.206711427803e+02
1717 -4.206711454668e+02
1718 -4.206711478303e+02
1719 -4.206711501442e+02
1720 -4.206711525735e+02
1721 -4.206711289155e+02
1722 -4.206711326056e+02
1723 -4.206711369223e+02
1724 -4.206711410122e+02
1725 -4.206711455647e+02
1726 -4.206711500194e+02
1727 -4.206711546294e+02
1728 -4.206711602615e+02
1729 -4.206711655585e+02
1730 -4.206711696336e+02
1731 -4.206711465262e+02
1732 -4.206711483178e+02
1733 -4.206711505181e+02
1734 -4.206711528611e+02
1735 -4.206711563775e+02
1736 -4.206711624744e+02
1737 -4.206711694867e+02
1738 -4.206711759006e+02
1739 -4.206711811802e+02
1740 -4.206711845607e+02
1741 -4.206711688203e+02
1742 -4.206711684443e+02
1743 -4.206711651894e+02
1744 -4.206711618876e+02
1745 -4.206711605858e+02
1746 -4.206711606711e+02
1747 -4.206711624213e+02
1748 -4.206711639400e+02
1749 -4.206711628988e+02
1750 -4.206711604069e+02
1751 -4.206712041131e+02
1752 -4.206711972941e+02
1753 -4.206711910878e+02
1754 -4.206711850638e+02
1755 -4.206711797646e+02
1756 -4.206711767093e+02
1757 -4.206711730371e+02
1758 -4.206711675082e+02
1759 -4.206711616066e+02
1760 -4.206711561789e+02
1761 -4.206711941360e+02
1762 -4.206711908002e+02
1763 -4.206711852416e+02
1764 -4.206711785038e+02
1765 -4.206711721649e+02
1766 -4.206711654084e+02
1767 -4.206711596101e+02
1768 -4.206711552967e+02
1769 -4.206711515707e+02
1770 -4.206711492088e+02
1771 -4.206711636707e+02
1772 -4.206711607243e+02
1773 -4.206711548172e+02
1774 -4.206711469781e+02
1775 -4.206711380051e+02
1776 -4.206711280642e+02
1777 -4.206711164023e+02
1778 -4.206711048598e+02
1779 -4.206710957423e+02
1780 -4.206710883555e+02
1781 -4.206711433148e+02
1782 -4.206711378329e+02
1783 -4.206711316153e+02
1784 -4.206711252657e+02
1785 -4.206711189638e+02
1786 -4.206711119295e+02
1787 -4.206711048461e+02
1788 -4.206710970468e+02
1789 -4.206710881881e+02
1790 -4.206710813763e+02
1791 -4.206711309441e+02
1792 -4.206711240931e+02
1793 -4.206711162817e+02
1794 -4.206711082503e+02
1795 -4.206710989975e+02
1796 -4.206710897877e+02
1797 -4.206710799636e+02
1798 -4.206710690206e+02
1799 -4.206710594371e+02
1800 -4.206710514195e+02
1801 -4.206711235568e+02
1802 -4.206711149978e+02
1803 -4.206711052740e+02
1804 -4.206710965046e+02
1805 -4.206710893084e+02
1806 -4.206710836450e+02
1807 -4.206710788424e+02
1808 -4.206710743342e+02
1809 -4.206710691173e+02
1810 -4.206710627140e+02
1811 -4.206711238942e+02
1812 -4.206711175230e+02
1813 -4.206711099777e+02
1814 -4.206711005841e+02
1815 -4.206710916031e+02
1816 -4.206710842341e+02
1817 -4.206710759709e+02
1818 -4.206710670875e+02
1819 -4.206710581675e+02
1820 -4.206710487058e+02
1821 -4.206711306993e+02
1822 -4.206711229513e+02
1823 -4.206711156435e+02
1824 -4.206711086286e+02
1825 -4.206711018490e+02
1826 -4.206710961082e+02
1827 -4.206710898623e+02
1828 -4.206710830576e+02
1829 -4.206710778168e+02
1830 -4.206710726821e+02
1831 -4.206711363440e+02
1832 -4.206711293044e+02
1833 -4.206711220340e+02
1834 -4.206711125208e+02
1835 -4.206711019624e+02
1836 -4.206710923822e+02
1837 -4.206710833583e+02
1838 -4.206710747081e+02
1839 -4.206710664750e+02
1840 -4.206710597185e+02
1841 -4.206711032201e+02
1842 -4.206710981586e+02
1843 -4.206710924749e+02
1844 -4.206710838827e+02
1845 -4.206710723785e+02
1846 -4.206710608491e+02
1847 -4.206710481643e+02
1848 -4.206710350432e+02
1849 -4.206710233706e+02
1850 -4.206710114553e+02
1851 -4.206711183081e+02
1852 -4.206711090420e+02
1853 -4.206710998800e+02
1854 -4.206710898552e+02
1855 -4.206710797571e+02
1856 -4.206710690503e+02
1857 -4.206710584711e+02
1858 -4.206710488057e+02
1859 -4.206710386382e+02
1860 -4.206710291315e+02
1861 -4.206711152723e+02
1862 -4.206711043304e+02
1863 -4.206710939513e+02
1864 -4.206710844791e+02
1865 -4.206710744784e+02
1866 -4.206710644362e+02
1867 -4.206710543414e+02
1868 -4.206710447783e+02
1869 -4.206710343605e+02
1870 -4.206710230104e+02
1871 -4.206711305870e+02
1872 -4.206711176016e+02
1873 -4.206711033381e+02
1874 -4.206710896899e+02
1875 -4.206710773255e+02
1876 -4.206710643821e+02
1877 -4.206710509881e+02
1878 -4.206710370696e+02
1879 -4.206710237179e+02
1880 -4.206710136420e+02
1881 -4.206710941901e+02
1882 -4.206710833487e+02
1883 -4.206710701072e+02
1884 -4.206710561473e+02
1885 -4.206710422939e+02
1886 -4.206710282640e+02
1887 -4.206710143640e+02
1888 -4.206710018858e+02
1889 -4.206709904013e+02
1890 -4.206709786171e+02
1891 -4.206710794245e+02
1892 -4.206710680497e+02
1893 -4.206710545475e+02
1894 -4.206710402886e+02
1895 -4.206710272486e+02
1896 -4.206710143983e+02
1897 -4.206710016562e+02
1898 -4.206709887787e+02
1899 -4.206709744539e+02
1900 -4.206709587306e+02
1901 -4.206711035669e+02
1902 -4.206710888766e+02
1903 -4.206710746527e+02
1904 -4.206710616269e+02
1905 -4.206710504415e+02
1906 -4.206710392910e+02
1907 -4.206710279780e+02
1908 -4.206710159945e+02
1909 -4.206710022547e+02
1910 -4.206709871011e+02
1911 -4.206711216472e+02
1912 -4.206711072421e+02
1913 -4.206710930386e+02
1914 -4.206710784866e+02
1915 -4.206710625014e+02
1916 -4.206710461151e+02
1917 -4.206710294596e+02
1918 -4.206710124085e+02
1919 -4.206709965068e+02
1920 -4.206709799566e+02
1921 -4.206711350939e+02
1922 -4.206711186782e+02
1923 -4.206711008577e+02
1924 -4.206710817177e+02
1925 -4.206710626545e+02
1926 -4.206710443534e+02
1927 -4.206710270802e+02
1928 -4.206710093155e+02
1929 -4.206709899958e+02
1930 -4.206709694036e+02
1931 -4.206711529053e+02
1932 -4.206711341604e+02
1933 -4.206711174988e+02
1934 -4.206711011209e+02
1935 -4.206710835248e+02
1936 -4.206710654734e+02
1937 -4.206710463651e+02
1938 -4.206710266491e+02
1939 -4.206710058811e+02
1940 -4.206709824600e+02
1941 -4.206711940190e+02
1942 -4.206711719695e+02
1943 -4.206711519756e+02
1944 -4.206711341441e+02
1945 -4.206711172403e+02
1946 -4.206711012705e+02
1947 -4.206710856677e+02
1948 -4.206710679586e+02
1949 -4.206710490179e+02
1950 -4.206710295984e+02
1951 -4.206712168930e+02
1952 -4.206711951479e+02
1953 -4.206711745506e+02
1954 -4.206711543367e+02
1955 -4.206711349565e+02
1956 -4.206711168754e+02
1957 -4.206710989461e+02
1958 -4.206710815410e+02
1959 -4.206710637601e+02
1960 -4.206710449820e+02
1961 -4.206712133048e+02
1962 -4.206711945066e+02
1963 -4.206711755334e+02
1964 -4.206711565900e+02
1965 -4.206711367054e+02
1966 -4.206711156052e+02
1967 -4.206710946661e+02
1968 -4.206710749254e+02
1969 -4.206710576982e+02
1970 -4.206710422849e+02
1971 -4.206711790977e+02
1972 -4.206711636689e+02
1973 -4.206711472577e+02
1974 -4.206711301212e+02
1975 -4.206711133808e+02
1976 -4.206710959553e+02
1977 -4.206710773726e+02
1978 -4.206710589275e+02
1979 -4.206710405173e+02
1980 -4.206710230770e+02
1981 -4.206711747659e+02
1982 -4.206711570807e+02
1983 -4.206711389369e+02
1984 -4.206711200254e+02
1985 -4.206711009463e+02
1986 -4.206710822112e+02
1987 -4.206710641672e+02
1988 -4.206710470892e+02
1989 -4.206710324634e+02
1990 -4.206710194439e+02
1991 -4.206711287186e+02
1992 -4.206711170727e+02
1993 -4.206711041378e+02
1994 -4.206710893203e+02
1995 -4.206710728189e+02
1996 -4.206710552315e+02
1997 -4.206710368965e+02
1998 -4.206710169418e+02
1999 -4.206709976785e+02
2000 -4.206709800686e+02
2001 -4.206711184512e+02
2002 -4.206711053644e+02
2003 -4.206710926064e+02
2004 -4.206710791307e+02
2005 -4.206710669129e+02
2006 -4.206710550438e+02
2007 -4.206710419027e+02
2008 -4.206710277153e+02
2009 -4.206710118210e+02
2010 -4.206709948844e+02
2011 -4.206711260505e+02
2012 -4.206711137088e+02
2013 -4.206711008604e+02
2014 -4.206710861364e+02
2015 -4.206710688015e+02
2016 -4.206710503279e+02
2017 -4.206710314879e+02
2018 -4.206710123165e+02
2019 -4.206709942753e+02
2020 -4.206709758566e+02
2021 -4.206711435312e+02
2022 -4.206711264128e+02
2023 -4.206711095104e+02
2024 -4.206710928106e+02
2025 -4.206710788956e+02
2026 -4.206710671025e+02
2027 -4.206710556037e+02
2028 -4.206710440659e+02
2029 -4.206710308201e+02
2030 -4.206710158927e+02
2031 -4.206711441561e+02
2032 -4.206711308139e+02
2033 -4.206711179894e+02
2034 -4.206711040003e+02
2035 -4.206710890888e+02
2036 -4.206710745489e+02
2037 -4.206710595409e+02
2038 -4.206710443025e+02
2039 -4.206710289570e+02
2040 -4.206710116737e+02
2041 -4.206711678011e+02
2042 -4.206711524360e+02
2043 -4.206711376248e+02
2044 -4.206711229539e+02
2045 -4.206711093372e+02
2046 -4.206710956056e+02
2047 -4.206710815555e+02
2048 -4.206710669503e+02
2049 -4.206710523209e+02
2050 -4.206710376334e+02
2051 -4.206711745970e+02
2052 -4.206711589356e+02
2053 -4.206711432085e+02
2054 -4.206711266070e+02
2055 -4.206711096746e+02
2056 -4.206710921698e+02
2057 -4.206710740764e+02
2058 -4.206710561757e+02
2059 -4.206710381418e+02
2060 -4.206710203073e+02
2061 -4.206711681644e+02
2062 -4.206711531189e+02
2063 -4.206711396985e+02
2064 -4.206711266398e+02
2065 -4.206711121287e+02
2066 -4.206710959178e+02
2067 -4.206710790551e+02
2068 -4.206710624688e+02
2069 -4.206710486304e+02
2070 -4.206710365204e+02
2071 -4.206711485000e+02
2072 -4.206711360561e+02
2073 -4.206711228001e+02
2074 -4.206711094584e+02
2075 -4.206710962238e+02
2076 -4.206710827298e+02
2077 -4.206710700568e+02
2078 -4.206710574258e+02
2079 -4.206710442189e+02
2080 -4.206710315040e+02
2081 -4.206711427437e+02
2082 -4.206711291655e+02
2083 -4.206711144227e+02
2084 -4.206710992934e+02
2085 -4.206710845049e+02
2086 -4.206710706250e+02
2087 -4.206710565574e+02
2088 -4.206710420690e+02
2089 -4.206710267858e+02
2090 -4.206710099943e+02
2091 -4.206711406983e+02
2092 -4.206711285859e+02
2093 -4.206711166839e+02
2094 -4.206711047179e+02
2095 -4.206710915687e+02
2096 -4.206710771915e+02
2097 -4.206710634156e+02
2098 -4.206710493852e+02
2099 -4.206710342488e+02
2100 -4.206710187726e+02
2101 -4.206711526003e+02
2102 -4.206711387387e+02
2103 -4.206711252156e+02
2104 -4.206711113396e+02
2105 -4.206710982605e+02
2106 -4.206710850231e+02
2107 -4.206710714835e+02
2108 -4.206710586193e+02
2109 -4.206710460498e+02
2110 -4.206710336546e+02
2111 -4.206711326495e+02
2112 -4.206711219172e+02
2113 -4.206711112652e+02
2114 -4.206711004465e+02
2115 -4.206710887987e+02
2116 -4.206710773620e+02
2117 -4.206710655859e+02
2118 -4.206710526082e+02
2119 -4.206710382284e+02
2120 -4.206710229667e+02
2121 -4.206711489169e+02
2122 -4.206711371311e+02
2123 -4.206711267347e+02
2124 -4.206711170791e+02
2125 -4.206711060088e+02
2126 -4.206710925431e+02
2127 -4.206710798682e+02
2128 -4.206710690987e+02
2129 -4.206710597178e+02
2130 -4.206710517835e+02
2131 -4.206711234516e+02
2132 -4.206711151444e+02
2133 -4.206711068090e+02
2134 -4.206710981734e+02
2135 -4.206710890733e+02
2136 -4.206710795111e+02
2137 -4.206710689753e+02
2138 -4.206710580547e+02
2139 -4.206710477965e+02
2140 -4.206710382009e+02
2141 -4.206711140147e+02
2142 -4.206711059341e+02
2143 -4.206710968937e+02
2144 -4.206710863284e+02
2145 -4.206710751149e+02
2146 -4.206710654411e+02
2147 -4.206710577842e+02
2148 -4.206710500793e+02
2149 -4.206710422086e+02
2150 -4.206710335428e+02
2151 -4.206711126156e+02
2152 -4.206711052572e+02
2153 -4.206710987646e+02
2154 -4.206710923926e+02
2155 -4.206710858165e+02
2156 -4.206710774711e+02
2157 -4.206710680239e+02
2158 -4.206710595155e+02
2159 -4.206710517687e+02
2160 -4.206710443988e+02
2161 -4.206711062451e+02
2162 -4.206710988740e+02
2163 -4.206710915053e+02
2164 -4.206710846114e+02
2165 -4.206710776345e+02
2166 -4.206710708768e+02
2167 -4.206710642728e+02
2168 -4.206710578693e+02
2169 -4.206710521123e+02
2170 -4.206710465832e+02
2171 -4.206710893663e+02
2172 -4.206710852659e+02
2173 -4.206710810489e+02
2174 -4.206710768783e+02
2175 -4.206710718292e+02
2176 -4.206710655825e+02
2177 -4.206710587819e+02
2178 -4.206710516350e+02
2179 -4.206710447594e+02
2180 -4.206710383799e+02
2181 -4.206710960789e+02
2182 -4.206710904507e+02
2183 -4.206710853384e+02
2184 -4.206710796214e+02
2185 -4.206710742587e+02
2186 -4.206710680107e+02
2187 -4.206710607271e+02
2188 -4.206710541376e+02
2189 -4.206710475497e+02
2190 -4.206710399397e+02
2191 -4.206711069755e+02
2192 -4.206710995042e+02
2193 -4.206710924244e+02
2194 -4.206710861899e+02
2195 -4.206710802708e+02
2196 -4.206710752231e+02
2197 -4.206710709897e+02
2198 -4.206710666774e+02
2199 -4.206710625509e+02
2200 -4.206710578322e+02
2201 -4.206711035998e+02
2202 -4.206710987447e+02
2203 -4.206710934202e+02
2204 -4.206710882731e+02
2205 -4.206710839738e+02
2206 -4.206710784240e+02
2207 -4.206710721951e+02
2208 -4.206710657512e+02
2209 -4.206710586599e+02
2210 -4.206710513108e+02
2211 -4.206711154624e+02
2212 -4.206711088094e+02
2213 -4.206711019446e+02
2214 -4.206710942017e+02
2215 -4.206710859854e+02
2216 -4.206710782916e+02
2217 -4.206710705185e+02
2218 -4.206710626379e+02
2219 -4.206710545936e+02
2220 -4.206710460086e+02
2221 -4.206711134578e+02
2222 -4.206711065584e+02
2223 -4.206710989064e+02
2224 -4.206710910410e+02
2225 -4.206710827422e+02
2226 -4.206710746255e+02
2227 -4.206710676338e+02
2228 -4.206710614519e+02
2229 -4.206710550195e+02
2230 -4.206710469872e+02
2231 -4.206711201875e+02
2232 -4.206711135318e+02
2233 -4.206711070693e+02
2234 -4.206711002328e+02
2235 -4.206710937793e+02
2236 -4.206710871215e+02
2237 -4.206710808725e+02
2238 -4.206710759681e+02
2239 -4.206710710423e+02
2240 -4.206710655543e+02
2241 -4.206711138255e+02
2242 -4.206711075873e+02
2243 -4.206711017589e+02
2244 -4.206710971877e+02
2245 -4.206710938796e+02
2246 -4.206710915549e+02
2247 -4.206710893285e+02
2248 -4.206710869148e+02
2249 -4.206710841785e+02
2250 -4.206710801774e+02
2251 -4.206711178072e+02
2252 -4.206711142184e+02
2253 -4.206711100753e+02
2254 -4.206711052965e+02
2255 -4.206710999364e+02
2256 -4.206710943197e+02
2257 -4.206710903504e+02
2258 -4.206710874096e+02
2259 -4.206710846019e+02
2260 -4.206710818344e+02
2261 -4.206711054069e+02
2262 -4.206711044189e+02
2263 -4.206711046630e+02
2264 -4.206711036433e+02
2265 -4.206711014644e+02
2266 -4.206710986959e+02
2267 -4.206710954519e+02
2268 -4.206710935193e+02
2269 -4.206710928852e+02
2270 -4.206710918194e+02
2271 -4.206711120691e+02
2272 -4.206711086345e+02
2273 -4.206711047502e+02
2274 -4.206711006601e+02
2275 -4.206710963264e+02
2276 -4.206710928676e+02
2277 -4.206710899076e+02
2278 -4.206710859719e+02
2279 -4.206710821830e+02
2280 -4.206710789737e+02
2281 -4.206710990420e+02
2282 -4.206710990447e+02
2283 -4.206711000935e+02
2284 -4.206711009356e+02
2285 -4.206711001503e+02
2286 -4.206710968784e+02
2287 -4.206710926747e+02
2288 -4.206710879382e+02
2289 -4.206710837875e+02
2290 -4.206710805534e+02
2291 -4.206711156428e+02
2292 -4.206711107633e+02
2293 -4.206711067451e+02
2294 -4.206711040162e+02
2295 -4.206711021056e+02
2296 -4.206710998223e+02
2297 -4.206710950607e+02
2298 -4.206710885460e+02
2299 -4.206710822051e+02
2300 -4.206710776701e+02
2301 -4.206710929171e+02
2302 -4.206710913752e+02
2303 -4.206710885996e+02
2304 -4.206710852809e+02
2305 -4.206710816739e+02
2306 -4.206710787280e+02
2307 -4.206710768695e+02
2308 -4.206710745527e+02
2309 -4.206710721175e+02
2310 -4.206710694106e+02
2311 -4.206710871842e+02
2312 -4.206710867558e+02
2313 -4.206710862731e+02
2314 -4.206710846466e+02
2315 -4.206710819702e+02
2316 -4.206710787220e+02
2317 -4.206710765455e+02
2318 -4.206710758356e+02
2319 -4.206710751926e+02
2320 -4.206710747919e+02
2321 -4.206710761674e+02
2322 -4.206710748664e+02
2323 -4.206710727889e+02
2324 -4.206710703274e+02
2325 -4.206710677925e+02
2326 -4.206710653235e+02
2327 -4.206710627624e+02
2328 -4.206710607892e+02
2329 -4.206710593017e+02
2330 -4.206710578705e+02
2331 -4.206710599799e+02
2332 -4.206710605212e+02
2333 -4.206710601858e+02
2334 -4.206710586850e+02
2335 -4.206710562267e+02
2336 -4.206710532117e+02
2337 -4.206710511110e+02
2338 -4.206710494221e+02
2339 -4.206710473763e+02
2340 -4.206710448956e+02
2341 -4.206710694703e+02
2342 -4.206710672056e+02
2343 -4.206710654036e+02
2344 -4.206710633877e+02
2345 -4.206710609468e+02
2346 -4.206710580765e+02
2347 -4.206710549761e+02
2348 -4.206710523311e+02
2349 -4.206710506147e+02
2350 -4.206710497516e+02
2351 -4.206710550329e+02
2352 -4.206710537006e+02
2353 -4.206710512703e+02
2354 -4.206710476676e+02
2355 -4.206710439029e+02
2356 -4.206710410732e+02
2357 -4.206710389150e+02
2358 -4.206710363503e+02
2359 -4.206710337043e+02
2360 -4.206710303504e+02
2361 -4.206710613620e+02
2362 -4.206710591461e+02
2363 -4.206710571288e+02
2364 -4.206710552315e+02
2365 -4.206710542572e+02
2366 -4.206710536296e+02
2367 -4.206710530594e+02
2368 -4.206710519543e+02
2369 -4.206710504804e+02
2370 -4.206710491727e+02
2371 -4.206710547491e+02
2372 -4.206710547250e+02
2373 -4.206710552929e+02
2374 -4.206710556389e+02
2375 -4.206710551252e+02
2376 -4.206710541569e+02
2377 -4.206710521285e+02
2378 -4.206710495962e+02
2379 -4.206710472506e+02
2380 -4.206710451198e+02
2381 -4.206710565581e+02
2382 -4.206710550847e+02
2383 -4.206710526156e+02
2384 -4.206710499899e+02
2385 -4.206710479395e+02
2386 -4.206710458821e+02
2387 -4.206710430026e+02
2388 -4.206710387555e+02
2389 -4.206710345753e+02
2390 -4.206710309167e+02
2391 -4.206710639914e+02
2392 -4.206710611979e+02
2393 -4.206710591638e+02
2394 -4.206710573431e+02
2395 -4.206710563056e+02
2396 -4.206710555301e+02
2397 -4.206710543536e+02
2398 -4.206710526371e+02
2399 -4.206710501668e+02
2400 -4.206710470561e+02
2401 -4.206710699015e+02
2402 -4.206710683112e+02
2403 -4.206710677357e+02
2404 -4.206710670878e+02
2405 -4.206710665626e+02
2406 -4.206710670000e+02
2407 -4.206710669169e+02
2408 -4.206710652720e+02
2409 -4.206710624415e+02
2410 -4.206710582546e+02
2411 -4.206710904898e+02
2412 -4.206710890474e+02
2413 -4.206710880948e+02
2414 -4.206710869676e+02
2415 -4.206710852318e+02
2416 -4.206710828754e+02
2417 -4.206710814491e+02
2418 -4.206710803624e+02
2419 -4.206710791996e+02
2420 -4.206710778019e+02
2421 -4.206710962548e+02
2422 -4.206710946034e+02
2423 -4.206710932131e+02
2424 -4.206710905498e+02
2425 -4.206710867390e+02
2426 -4.206710827348e+02
2427 -4.206710785308e+02
2428 -4.206710747540e+02
2429 -4.206710712781e+02
2430 -4.206710680532e+02
2431 -4.206710967189e+02
2432 -4.206710931468e+02
2433 -4.206710900993e+02
2434 -4.206710874682e+02
2435 -4.206710849308e+02
2436 -4.206710834103e+02
2437 -4.206710819185e+02
2438 -4.206710788676e+02
2439 -4.206710758195e+02
2440 -4.206710732058e+02
2441 -4.206710887622e+02
2442 -4.206710881936e+02
2443 -4.206710872290e+02
2444 -4.206710860728e+02
2445 -4.206710851963e+02
2446 -4.206710841597e+02
2447 -4.206710829778e+02
2448 -4.206710808452e+02
2449 -4.206710777401e+02
2450 -4.206710746243e+02
2451 -4.206711041410e+02
2452 -4.206711006967e+02
2453 -4.206710988368e+02
2454 -4.206710987697e+02
2455 -4.206711004067e+02
2456 -4.206711021976e+02
2457 -4.206711016015e+02
2458 -4.206710985201e+02
2459 -4.206710935049e+02
2460 -4.206710883386e+02
2461 -4.206711211878e+02
2462 -4.206711187542e+02
2463 -4.206711172951e+02
2464 -4.206711164758e+02
2465 -4.206711153432e+02
2466 -4.206711144936e+02
2467 -4.206711135133e+02
2468 -4.206711106896e+02
2469 -4.206711072211e+02
2470 -4.206711044545e+02
2471 -4.206711242726e+02
2472 -4.206711231350e+02
2473 -4.206711229492e+02
2474 -4.206711230544e+02
2475 -4.206711221344e+02
2476 -4.206711197310e+02
2477 -4.206711170899e+02
2478 -4.206711147555e+02
2479 -4.206711130255e+02
2480 -4.206711124977e+02
2481 -4.206711152904e+02
2482 -4.206711144255e+02
2483 -4.206711132090e+02
2484 -4.206711113937e+02
2485 -4.206711094668e+02
2486 -4.206711084643e+02
2487 -4.206711076303e+02
2488 -4.206711062817e+02
2489 -4.206711042602e+02
2490 -4.206711020273e+02
2491 -4.206711161466e+02
2492 -4.206711150058e+02
2493 -4.206711135895e+02
2494 -4.206711121653e+02
2495 -4.206711103989e+02
2496 -4.206711087320e+02
2497 -4.206711084419e+02
2498 -4.206711085927e+02
2499 -4.206711080215e+02
2500 -4.206711064603e+02
2501 -4.206711250814e+02
2502 -4.206711233076e+02
2503 -4.206711223505e+02
2504 -4.206711224385e+02
2505 -4.206711226466e+02
2506 -4.206711223127e+02
2507 -4.206711214854e+02
2508 -4.206711204500e+02
2509 -4.206711185541e+02
2510 -4.206711159952e+02
2511 -4.206711371075e+02
2512 -4.206711347592e+02
2513 -4.206711320889e+02
2514 -4.206711292733e+02
2515 -4.206711262531e+02
2516 -4.206711235132e+02
2517 -4.206711213174e+02
2518 -4.206711198031e+02
2519 -4.206711185548e+02
2520 -4.206711170872e+02
2521 -4.206711272263e+02
2522 -4.206711268329e+02
2523 -4.206711261074e+02
2524 -4.206711249742e+02
2525 -4.206711229162e+02
2526 -4.206711196653e+02
2527 -4.206711164335e+02
2528 -4.206711144814e+02
2529 -4.206711132286e+02
2530 -4.206711119052e+02
2531 -4.206711261578e+02
2532 -4.206711241689e+02
2533 -4.206711223015e+02
2534 -4.206711208905e+02
2535 -4.206711200322e+02
2536 -4.206711203263e+02
2537 -4.206711213824e+02
2538 -4.206711224139e+02
2539 -4.206711223844e+02
2540 -4.206711213910e+02
2541 -4.206711284988e+02
2542 -4.206711278251e+02
2543 -4.206711263755e+02
2544 -4.206711238585e+02
2545 -4.206711204592e+02
2546 -4.206711173026e+02
2547 -4.206711157048e+02
2548 -4.206711150898e+02
2549 -4.206711140590e+02
2550 -4.206711118990e+02
2551 -4.206711437959e+02
2552 -4.206711402546e+02
2553 -4.206711374046e+02
2554 -4.206711345529e+02
2555 -4.206711319633e+02
2556 -4.206711300528e+02
2557 -4.206711287232e+02
2558 -4.206711273176e+02
2559 -4.206711251364e+02
2560 -4.206711229855e+02
2561 -4.206711350284e+02
2562 -4.206711333121e+02
2563 -4.206711307005e+02
2564 -4.206711284413e+02
2565 -4.206711265371e+02
2566 -4.206711255608e+02
2567 -4.206711253352e+02
2568 -4.206711246198e+02
2569 -4.206711229209e+02
2570 -4.206711214235e+02
2571 -4.206711215518e+02
2572 -4.206711231109e+02
2573 -4.206711250969e+02
2574 -4.206711274631e+02
2575 -4.206711288370e+02
2576 -4.206711283920e+02
2577 -4.206711270988e+02
2578 -4.206711248576e+02
2579 -4.206711219277e+02
2580 -4.206711202097e+02
2581 -4.206711231926e+02
2582 -4.206711240675e+02
2583 -4.206711257603e+02
2584 -4.206711276174e+02
2585 -4.206711293225e+02
2586 -4.206711310349e+02
2587 -4.206711321971e+02
2588 -4.206711327248e+02
2589 -4.206711328626e+02
2590 -4.206711330373e+02
2591 -4.206711223942e+02
2592 -4.206711233740e+02
2593 -4.206711231600e+02
2594 -4.206711226907e+02
2595 -4.206711218908e+02
2596 -4.206711216907e+02
2597 -4.206711223684e+02
2598 -4.206711227967e+02
2599 -4.206711226078e+02
2600 -4.206711221057e+02
2601 -4.206711180089e+02
2602 -4.206711196314e+02
2603 -4.206711211231e+02
2604 -4.206711223281e+02
2605 -4.206711234893e+02
2606 -4.206711243296e+02
2607 -4.206711247454e+02
2608 -4.206711246147e+02
2609 -4.206711235502e+02
2610 -4.206711225446e+02
2611 -4.206711301466e+02
2612 -4.206711291526e+02
2613 -4.206711285149e+02
2614 -4.206711283788e+02
2615 -4.206711291004e+02
2616 -4.206711309178e+02
2617 -4.206711320337e+02
2618 -4.206711324530e+02
2619 -4.206711329049e+02
2620 -4.206711333250e+02
2621 -4.206711258428e+02
2622 -4.206711273162e+02
2623 -4.206711288666e+02
2624 -4.206711303689e+02
2625 -4.206711314865e+02
2626 -4.206711324346e+02
2627 -4.206711335261e+02
2628 -4.206711342264e+02
2629 -4.206711344538e+02
2630 -4.206711347987e+02
2631 -4.206711326846e+02
2632 -4.206711329696e+02
2633 -4.206711333331e+02
2634 -4.206711340488e+02
2635 -4.206711356629e+02
2636 -4.206711373593e+02
2637 -4.206711389358e+02
2638 -4.206711400501e+02
2639 -4.206711402708e+02
2640 -4.206711408924e+02
2641 -4.206711203315e+02
2642 -4.206711237420e+02
2643 -4.206711273508e+02
2644 -4.206711304130e+02
2645 -4.206711320158e+02
2646 -4.206711333681e+02
2647 -4.206711357584e+02
2648 -4.206711388321e+02
2649 -4.206711421404e+02
2650 -4.206711450660e+02
2651 -4.206711124103e+02
2652 -4.206711165672e+02
2653 -4.206711194544e+02
2654 -4.206711217024e+02
2655 -4.206711236048e+02
2656 -4.206711254821e+02
2657 -4.206711283379e+02
2658 -4.206711316017e+02
2659 -4.206711345446e+02
2660 -4.206711375176e+02
2661 -4.206711074618e+02
2662 -4.206711114157e+02
2663 -4.206711156797e+02
2664 -4.206711193293e+02
2665 -4.206711221973e+02
2666 -4.206711252685e+02
2667 -4.206711290358e+02
2668 -4.206711332073e+02
2669 -4.206711370641e+02
2670 -4.206711402544e+02
2671 -4.206711084512e+02
2672 -4.206711129053e+02
2673 -4.206711179892e+02
2674 -4.206711230781e+02
2675 -4.206711274243e+02
2676 -4.206711319042e+02
2677 -4.206711372924e+02
2678 -4.206711434387e+02
2679 -4.206711495585e+02
2680 -4.206711546750e+02
2681 -4.206711125396e+02
2682 -4.206711169998e+02
2683 -4.206711215672e+02
2684 -4.206711275074e+02
2685 -4.206711340180e+02
2686 -4.206711393095e+02
2687 -4.206711440238e+02
2688 -4.206711493621e+02
2689 -4.206711549441e+02
2690 -4.206711608768e+02
2691 -4.206710989047e+02
2692 -4.206711056940e+02
2693 -4.206711119652e+02
2694 -4.206711178325e+02
2695 -4.206711234765e+02
2696 -4.206711285164e+02
2697 -4.206711326078e+02
2698 -4.206711358464e+02
2699 -4.206711380436e+02
2700 -4.206711401710e+02
2701 -4.206711140111e+02
2702 -4.206711176542e+02
2703 -4.206711215941e+02
2704 -4.206711251739e+02
2705 -4.206711281001e+02
2706 -4.206711309833e+02
2707 -4.206711341763e+02
2708 -4.206711368086e+02
2709 -4.206711391640e+02
2710 -4.206711419198e+02
2711 -4.206711143039e+02
2712 -4.206711178888e+02
2713 -4.206711218464e+02
2714 -4.206711257221e+02
2715 -4.206711295810e+02
2716 -4.206711333730e+02
2717 -4.206711370566e+02
2718 -4.206711404692e+02
2719 -4.206711432519e+02
2720 -4.206711460880e+02
2721 -4.206711159772e+02
2722 -4.206711189849e+02
2723 -4.206711209876e+02
2724 -4.206711238393e+02
2725 -4.206711281695e+02
2726 -4.206711327307e+02
2727 -4.206711375481e+02
2728 -4.206711421951e+02
2729 -4.206711464869e+02
2730 -4.206711511233e+02
2731 -4.206710989073e+02
2732 -4.206711054558e+02
2733 -4.206711116105e+02
2734 -4.206711180576e+02
2735 -4.206711246478e+02
2736 -4.206711302894e+02
2737 -4.206711346988e+02
2738 -4.206711386388e+02
2739 -4.206711425333e+02
2740 -4.206711459250e+02
2741 -4.206711089074e+02
2742 -4.206711138509e+02
2743 -4.206711184740e+02
2744 -4.206711232347e+02
2745 -4.206711278933e+02
2746 -4.206711321185e+02
2747 -4.206711355537e+02
2748 -4.206711387885e+02
2749 -4.206711429510e+02
2750 -4.206711475861e+02
2751 -4.206710982744e+02
2752 -4.206711044990e+02
2753 -4.206711104612e+02
2754 -4.206711162812e+02
2755 -4.206711221288e+02
2756 -4.206711269841e+02
2757 -4.206711308005e+02
2758 -4.206711344869e+02
2759 -4.206711378508e+02
2760 -4.206711408972e+02
2761 -4.206711037988e+02
2762 -4.206711093733e+02
2763 -4.206711158034e+02
2764 -4.206711226111e+02
2765 -4.206711295195e+02
2766 -4.206711357162e+02
2767 -4.206711402634e+02
2768 -4.206711443615e+02
2769 -4.206711485108e+02
2770 -4.206711521946e+02
2771 -4.206711055913e+02
2772 -4.206711129975e+02
2773 -4.206711208586e+02
2774 -4.206711283522e+02
2775 -4.206711352429e+02
2776 -4.206711417975e+02
2777 -4.206711479608e+02
2778 -4.206711544950e+02
2779 -4.206711620686e+02
2780 -4.206711701059e+02
2781 -4.206710973441e+02
2782 -4.206711059973e+02
2783 -4.206711147614e+02
2784 -4.206711231472e+02
2785 -4.206711318821e+02
2786 -4.206711401057e+02
2787 -4.206711475092e+02
2788 -4.206711546078e+02
2789 -4.206711607303e+02
2790 -4.206711665467e+02
2791 -4.206711163825e+02
2792 -4.206711212761e+02
2793 -4.206711265514e+02
2794 -4.206711326189e+02
2795 -4.206711387117e+02
2796 -4.206711447801e+02
2797 -4.206711507202e+02
2798 -4.206711568170e+02
2799 -4.206711640678e+02
2800 -4.206711724810e+02
2801 -4.206710850923e+02
2802 -4.206710955189e+02
2803 -4.206711055439e+02
2804 -4.206711166013e+02
2805 -4.206711284656e+02
2806 -4.206711392127e+02
2807 -4.206711489338e+02
2808 -4.206711583879e+02
2809 -4.206711683197e+02
2810 -4.206711789927e+02
2811 -4.206710778948e+02
2812 -4.206710892827e+02
2813 -4.206710996393e+02
2814 -4.206711083992e+02
2815 -4.206711162645e+02
2816 -4.206711235724e+02
2817 -4.206711311658e+02
2818 -4.206711396737e+02
2819 -4.206711487618e+02
2820 -4.206711590554e+02
2821 -4.206710494658e+02
2822 -4.206710627287e+02
2823 -4.206710761263e+02
2824 -4.206710889423e+02
2825 -4.206711004072e+02
2826 -4.206711107191e+02
2827 -4.206711199611e+02
2828 -4.206711279979e+02
2829 -4.206711357689e+02
2830 -4.206711435381e+02
2831 -4.206710624828e+02
2832 -4.206710719727e+02
2833 -4.206710803500e+02
2834 -4.206710887570e+02
2835 -4.206710972360e+02
2836 -4.206711055041e+02
2837 -4.206711137477e+02
2838 -4.206711215675e+02
2839 -4.206711290285e+02
2840 -4.206711372967e+02
2841 -4.206710499116e+02
2842 -4.206710598022e+02
2843 -4.206710687338e+02
2844 -4.206710768900e+02
2845 -4.206710854567e+02
2846 -4.206710945664e+02
2847 -4.206711031106e+02
2848 -4.206711111129e+02
2849 -4.206711178682e+02
2850 -4.206711237461e+02
2851 -4.206710661987e+02
2852 -4.206710731926e+02
2853 -4.206710798966e+02
2854 -4.206710861269e+02
2855 -4.206710931764e+02
2856 -4.206711020315e+02
2857 -4.206711120407e+02
2858 -4.206711216551e+02
2859 -4.206711305386e+02
2860 -4.206711390425e+02
2861 -4.206710627243e+02
2862 -4.206710712069e+02
2863 -4.206710792969e+02
2864 -4.206710870237e+02
2865 -4.206710949310e+02
2866 -4.206711033833e+02
2867 -4.206711120710e+02
2868 -4.206711210029e+02
2869 -4.206711306052e+02
2870 -4.206711400909e+02
2871 -4.206710634576e+02
2872 -4.206710710625e+02
2873 -4.206710780530e+02
2874 -4.206710853296e+02
2875 -4.206710937269e+02
2876 -4.206711024131e+02
2877 -4.206711105677e+02
2878 -4.206711180672e+02
2879 -4.206711251618e+02
2880 -4.206711330210e+02
2881 -4.206710526464e+02
2882 -4.206710618538e+02
2883 -4.206710703165e+02
2884 -4.206710780212e+02
2885 -4.206710853741e+02
2886 -4.206710918940e+02
2887 -4.206710979384e+02
2888 -4.206711041227e+02
2889 -4.206711108916e+02
2890 -4.206711170013e+02
2891 -4.206710728389e+02
2892 -4.206710773423e+02
2893 -4.206710823372e+02
2894 -4.206710879874e+02
2895 -4.206710931140e+02
2896 -4.206710974746e+02
2897 -4.206711019550e+02
2898 -4.206711065655e+02
2899 -4.206711114516e+02
2900 -4.206711160880e+02
2901 -4.206710757548e+02
2902 -4.206710804709e+02
2903 -4.206710852519e+02
2904 -4.206710904652e+02
2905 -4.206710956275e+02
2906 -4.206711003431e+02
2907 -4.206711047500e+02
2908 -4.206711095898e+02
2909 -4.206711153545e+02
2910 -4.206711213769e+02
2911 -4.206710695105e+02
2912 -4.206710749400e+02
2913 -4.206710802300e+02
2914 -4.206710856022e+02
2915 -4.206710908933e+02
2916 -4.206710952973e+02
2917 -4.206710990792e+02
2918 -4.206711038085e+02
2919 -4.206711093337e+02
2920 -4.206711146384e+02
2921 -4.206710616218e+02
2922 -4.206710676978e+02
2923 -4.206710727660e+02
2924 -4.206710772317e+02
2925 -4.206710820480e+02
2926 -4.206710886041e+02
2927 -4.206710966137e+02
2928 -4.206711048767e+02
2929 -4.206711131595e+02
2930 -4.206711207401e+02
2931 -4.206710601391e+02
2932 -4.206710665035e+02
2933 -4.206710729202e+02
2934 -4.206710793717e+02
2935 -4.206710860578e+02
2936 -4.206710935154e+02
2937 -4.206711019369e+02
2938 -4.206711115410e+02
2939 -4.206711210704e+02
2940 -4.206711296822e+02
2941 -4.206710569485e+02
2942 -4.206710649728e+02
2943 -4.206710742423e+02
2944 -4.206710842495e+02
2945 -4.206710936215e+02
2946 -4.206711024278e+02
2947 -4.206711111796e+02
2948 -4.206711193569e+02
2949 -4.206711265240e+02
2950 -4.206711336171e+02
2951 -4.206710612750e+02
2952 -4.206710706249e+02
2953 -4.206710801408e+02
2954 -4.206710888040e+02
2955 -4.206710966255e+02
2956 -4.206711032869e+02
2957 -4.206711093000e+02
2958 -4.206711153674e+02
2959 -4.206711221022e+02
2960 -4.206711305434e+02
2961 -4.206710383731e+02
2962 -4.206710495533e+02
2963 -4.206710596811e+02
2964 -4.206710678868e+02
2965 -4.206710748241e+02
2966 -4.206710811408e+02
2967 -4.206710875202e+02
2968 -4.206710951504e+02
2969 -4.206711040300e+02
2970 -4.206711129585e+02
2971 -4.206710315106e+02
2972 -4.206710412491e+02
2973 -4.206710509240e+02
2974 -4.206710593790e+02
2975 -4.206710662561e+02
2976 -4.206710721492e+02
2977 -4.206710786212e+02
2978 -4.206710862621e+02
2979 -4.206710946788e+02
2980 -4.206711021013e+02
2981 -4.206710496268e+02
2982 -4.206710553510e+02
2983 -4.206710609147e+02
2984 -4.206710671608e+02
2985 -4.206710752993e+02
2986 -4.206710840525e+02
2987 -4.206710922813e+02
2988 -4.206710997891e+02
2989 -4.206711069260e+02
2990 -4.206711139047e+02
2991 -4.206710464477e+02
2992 -4.206710550240e+02
2993 -4.206710643961e+02
2994 -4.206710735918e+02
2995 -4.206710817550e+02
2996 -4.206710894037e+02
2997 -4.206710966486e+02
2998 -4.206711045032e+02
2999 -4.206711133696e+02
3000 -4.206711212483e+02
3001 -4.206710541060e+02
3002 -4.206710623966e+02
3003 -4.206710709190e+02
3004 -4.206710791970e+02
3005 -4.206710867512e+02
3006 -4.206710939037e+02
3007 -4.206711012946e+02
3008 -4.206711095301e+02
3009 -4.206711196048e+02
3010 -4.206711309717e+02
3011 -4.206710324936e+02
3012 -4.206710426053e+02
3013 -4.206710526376e+02
3014 -4.206710626302e+02
3015 -4.206710722426e+02
3016 -4.206710805697e+02
3017 -4.206710870885e+02
3018 -4.206710928462e+02
3019 -4.206710990990e+02
3020 -4.206711055679e+02
3021 -4.206710555891e+02
3022 -4.206710594892e+02
3023 -4.206710628535e+02
3024 -4.206710659061e+02
3025 -4.206710677444e+02
3026 -4.206710686158e+02
3027 -4.206710688051e+02
3028 -4.206710695362e+02
3029 -4.206710719393e+02
3030 -4.206710755192e+02
3031 -4.206710399907e+02
3032 -4.206710432864e+02
3033 -4.206710457226e+02
3034 -4.206710484079e+02
3035 -4.206710513434e+02
3036 -4.206710539863e+02
3037 -4.206710563245e+02
3038 -4.206710587445e+02
3039 -4.206710611676e+02
3040 -4.206710634213e+02
3041 -4.206710473013e+02
3042 -4.206710488358e+02
3043 -4.206710507457e+02
3044 -4.206710526359e+02
3045 -4.206710540260e+02
3046 -4.206710546140e+02
3047 -4.206710559719e+02
3048 -4.206710593131e+02
3049 -4.206710636602e+02
3050 -4.206710682840e+02
3051 -4.206710228183e+02
3052 -4.206710283264e+02
3053 -4.206710344136e+02
3054 -4.206710402530e+02
3055 -4.206710440546e+02
3056 -4.206710454223e+02
3057 -4.206710461436e+02
3058 -4.206710478880e+02
3059 -4.206710511340e+02
3060 -4.206710548596e+02
3061 -4.206710196612e+02
3062 -4.206710238841e+02
3063 -4.206710280640e+02
3064 -4.206710316387e+02
3065 -4.206710344765e+02
3066 -4.206710371105e+02
3067 -4.206710402069e+02
3068 -4.206710438127e+02
3069 -4.206710480988e+02
3070 -4.206710524816e+02
3071 -4.206710117493e+02
3072 -4.206710167513e+02
3073 -4.206710211232e+02
3074 -4.206710239889e+02
3075 -4.206710263188e+02
3076 -4.206710285759e+02
3077 -4.206710317034e+02
3078 -4.206710357630e+02
3079 -4.206710401959e+02
3080 -4.206710447486e+02
3081 -4.206710007101e+02
3082 -4.206710057112e+02
3083 -4.206710096476e+02
3084 -4.206710115239e+02
3085 -4.206710118556e+02
3086 -4.206710123484e+02
3087 -4.206710134016e+02
3088 -4.206710151764e+02
3089 -4.206710184425e+02
3090 -4.206710225952e+02
3091 -4.206709804903e+02
3092 -4.206709851180e+02
3093 -4.206709892423e+02
3094 -4.206709935876e+02
3095 -4.206709974785e+02
3096 -4.206710007426e+02
3097 -4.206710035759e+02
3098 -4.206710066790e+02
3099 -4.206710109963e+02
3100 -4.206710165230e+02
3101 -4.206709603112e+02
3102 -4.206709664093e+02
3103 -4.206709716379e+02
3104 -4.206709755815e+02
3105 -4.206709784643e+02
3106 -4.206709810517e+02
3107 -4.206709844319e+02
3108 -4.206709882994e+02
3109 -4.206709919672e+02
3110 -4.206709956797e+02
3111 -4.206709568569e+02
3112 -4.206709617599e+02
3113 -4.206709669758e+02
3114 -4.206709715937e+02
3115 -4.206709755363e+02
3116 -4.206709791670e+02
3117 -4.206709821991e+02
3118 -4.206709852541e+02
3119 -4.206709892210e+02
3120 -4.206709939378e+02
3121 -4.206709382853e+02
3122 -4.206709466335e+02
3123 -4.206709569332e+02
3124 -4.206709671159e+02
3125 -4.206709750564e+02
3126 -4.206709809698e+02
3127 -4.206709863718e+02
3128 -4.206709918589e+02
3129 -4.206709973229e+02
3130 -4.206710026115e+02
3131 -4.206709529396e+02
3132 -4.206709596747e+02
3133 -4.206709672231e+02
3134 -4.206709742527e+02
3135 -4.206709811798e+02
3136 -4.206709878816e+02
3137 -4.206709943253e+02
3138 -4.206710004781e+02
3139 -4.206710061692e+02
3140 -4.206710115309e+02
3141 -4.206709649740e+02
3142 -4.206709696724e+02
3143 -4.206709738257e+02
3144 -4.206709776210e+02
3145 -4.206709813713e+02
3146 -4.206709861760e+02
3147 -4.206709920546e+02
3148 -4.206709970925e+02
3149 -4.206710000769e+02
3150 -4.206710011849e+02
3151 -4.206710012846e+02
3152 -4.206710011817e+02
3153 -4.206710006502e+02
3154 -4.206709989815e+02
3155 -4.206709964163e+02
3156 -4.206709938449e+02
3157 -4.206709925236e+02
3158 -4.206709925882e+02
3159 -4.206709932019e+02
3160 -4.206709943696e+02
3161 -4.206709747144e+02
3162 -4.206709776450e+02
3163 -4.206709797904e+02
3164 -4.206709809533e+02
3165 -4.206709818663e+02
3166 -4.206709833466e+02
3167 -4.206709845488e+02
3168 -4.206709838329e+02
3169 -4.206709820533e+02
3170 -4.206709809620e+02
3171 -4.206709765597e+02
3172 -4.206709773281e+02
3173 -4.206709773779e+02
3174 -4.206709777846e+02
3175 -4.206709798362e+02
3176 -4.206709832401e+02
3177 -4.206709862907e+02
3178 -4.206709868446e+02
3179 -4.206709852200e+02
3180 -4.206709838951e+02
