0.055169	-0.053684
0.055169	-0.053684
0.055166	-0.053681
0.055154	-0.053669
0.055127	-0.053641
0.055075	-0.053590
0.054992	-0.053507
0.054866	-0.053382
0.054689	-0.053206
0.054448	-0.052966
0.054133	-0.052654
0.053735	-0.052258
0.053243	-0.051770
0.052650	-0.051182
0.051947	-0.050485
0.051129	-0.049673
0.050188	-0.048740
0.049120	-0.047681
0.047917	-0.046489
0.046573	-0.045157
0.045081	-0.043678
0.043433	-0.042045
0.041621	-0.040249
0.039637	-0.038282
0.037475	-0.036138
0.035128	-0.033810
0.032592	-0.031294
0.029863	-0.028586
0.026942	-0.025684
0.023829	-0.022590
0.020525	-0.019305
0.017035	-0.015831
0.013362	-0.012171
0.009510	-0.008329
0.005483	-0.004308
0.001285	-0.000111
-0.003080	0.004259
-0.007608	0.008799
-0.012293	0.013505
-0.017130	0.018372
-0.022112	0.023394
-0.027229	0.028564
-0.032473	0.033873
-0.037831	0.039310
-0.043292	0.044865
-0.048843	0.050525
-0.054471	0.056281
-0.060164	0.062119
-0.065910	0.068031
-0.071700	0.074007
-0.077524	0.080037
-0.083373	0.086116
-0.089240	0.092234
-0.095115	0.098384
-0.100991	0.104559
-0.106859	0.110750
-0.112708	0.116948
-0.118528	0.123142
-0.124308	0.129322
-0.130038	0.135477
-0.135705	0.141595
-0.141300	0.147668
-0.146813	0.153685
-0.152236	0.159638
-0.157561	0.165519
-0.162780	0.171322
-0.167889	0.177040
-0.172881	0.182668
-0.177748	0.188197
-0.182484	0.193620
-0.187080	0.198930
-0.191526	0.204117
-0.195813	0.209170
-0.199929	0.214078
-0.203864	0.218832
-0.207608	0.223420
-0.211151	0.227833
-0.214485	0.232063
-0.217603	0.236103
-0.220500	0.239946
-0.223171	0.243588
-0.225611	0.247024
-0.227816	0.250248
-0.229784	0.253258
-0.231509	0.256047
-0.232988	0.258611
-0.234216	0.260945
-0.235190	0.263043
-0.235907	0.264902
-0.236363	0.266516
-0.236560	0.267885
-0.236497	0.269007
-0.236179	0.269884
-0.235609	0.270518
-0.234795	0.270914
-0.233743	0.271077
-0.232463	0.271012
-0.230963	0.270725
-0.229250	0.270223
-0.227333	0.269510
-0.225220	0.268592
-0.222917	0.267472
-0.220432	0.266155
-0.217772	0.264647
-0.214946	0.262952
-0.211961	0.261077
-0.208829	0.259029
-0.205558	0.256816
-0.202161	0.254446
-0.198649	0.251929
-0.195031	0.249272
-0.191319	0.246485
-0.187522	0.243575
-0.183647	0.240548
-0.179701	0.237407
-0.175689	0.234158
-0.171613	0.230802
-0.167479	0.227342
-0.163290	0.223781
-0.159049	0.220121
-0.154760	0.216367
-0.150429	0.212520
-0.146060	0.208589
-0.141661	0.204578
-0.137235	0.200491
-0.132789	0.196334
-0.128325	0.192111
-0.123849	0.187825
-0.119361	0.183480
-0.114863	0.179075
-0.110355	0.174613
-0.105838	0.170093
-0.101313	0.165519
-0.096780	0.160890
-0.092242	0.156210
-0.087700	0.151481
-0.083158	0.146708
-0.078621	0.141895
-0.074091	0.137047
-0.069574	0.132170
-0.065071	0.127267
-0.060586	0.122341
-0.056119	0.117395
-0.051670	0.112429
-0.047238	0.107443
-0.042820	0.102436
-0.038414	0.097407
-0.034017	0.092354
-0.029626	0.087277
-0.025241	0.082174
-0.020859	0.077047
-0.016480	0.071895
-0.012102	0.066719
-0.007723	0.061518
-0.003340	0.056291
0.001050	0.051036
0.005453	0.045750
0.009876	0.040427
0.014325	0.035062
0.018809	0.029648
0.023337	0.024179
0.027917	0.018649
0.032556	0.013051
0.037263	0.007380
0.042041	0.001632
0.046897	-0.004194
0.051834	-0.010103
0.056854	-0.016094
0.061962	-0.022170
0.067158	-0.028331
0.072448	-0.034580
0.077832	-0.040917
0.083316	-0.047347
0.088904	-0.053873
0.094598	-0.060495
0.100400	-0.067217
0.106311	-0.074037
0.112330	-0.080955
0.118454	-0.087969
0.124679	-0.095074
0.131000	-0.102266
0.137409	-0.109537
0.143903	-0.116885
0.150474	-0.124302
0.157116	-0.131785
0.163823	-0.139328
0.170592	-0.146928
0.177418	-0.154582
0.184298	-0.162288
0.191228	-0.170044
0.198204	-0.177847
0.205218	-0.185690
0.212271	-0.193576
0.219354	-0.201496
0.226460	-0.209446
0.233582	-0.217419
0.240714	-0.225410
0.247848	-0.233412
0.254978	-0.241422
0.262100	-0.249436
0.269211	-0.257449
0.276301	-0.265456
0.283378	-0.273464
0.290434	-0.281465
0.297466	-0.289458
0.304471	-0.297438
0.311442	-0.305401
0.318372	-0.313340
0.325254	-0.321247
0.332078	-0.329114
0.338835	-0.336931
0.345507	-0.344682
0.352100	-0.352369
0.358596	-0.359979
0.364987	-0.367502
0.371264	-0.374929
0.377420	-0.382252
0.383445	-0.389463
0.389331	-0.396553
0.395069	-0.403511
0.400646	-0.410328
0.406043	-0.416982
0.411266	-0.423478
0.416292	-0.429795
0.421108	-0.435920
0.425701	-0.441838
0.430059	-0.447536
0.434170	-0.453004
0.438025	-0.458231
0.441613	-0.463207
0.444929	-0.467925
0.447953	-0.472365
0.450703	-0.476546
0.453162	-0.480448
0.455323	-0.484066
0.457180	-0.487392
0.458724	-0.490418
0.459948	-0.493136
0.460845	-0.495539
0.461408	-0.497618
0.461630	-0.499368
0.461490	-0.500767
0.461017	-0.501845
0.460193	-0.502583
0.459017	-0.502979
0.457488	-0.503033
0.455604	-0.502744
0.453366	-0.502112
0.450773	-0.501136
0.447822	-0.499815
0.444512	-0.498147
0.440821	-0.496109
0.436786	-0.493741
0.432383	-0.491019
0.427610	-0.487942
0.422466	-0.484508
0.416950	-0.480719
0.411063	-0.476574
0.404807	-0.472079
0.398185	-0.467235
0.391201	-0.462050
0.383841	-0.456506
0.376150	-0.450654
0.368112	-0.444476
0.359729	-0.437978
0.351007	-0.431163
0.341949	-0.424037
0.332559	-0.416605
0.322843	-0.408874
0.312809	-0.400852
0.302464	-0.392548
0.291804	-0.383956
0.280877	-0.375129
0.269679	-0.366060
0.258225	-0.356765
0.246530	-0.347261
0.234610	-0.337563
0.222482	-0.327687
0.210161	-0.317650
0.197664	-0.307467
0.185007	-0.297153
0.172193	-0.286710
0.159266	-0.276184
0.146228	-0.265574
0.133097	-0.254896
0.119892	-0.244167
0.106633	-0.233407
0.093342	-0.222633
0.080039	-0.211865
0.066747	-0.201121
0.053487	-0.190419
0.040275	-0.179771
0.027142	-0.169206
0.014097	-0.158730
0.001158	-0.148353
-0.011661	-0.138088
-0.024344	-0.127945
-0.036875	-0.117933
-0.049239	-0.108063
-0.061421	-0.098346
-0.073402	-0.088793
-0.085160	-0.079417
-0.096686	-0.070226
-0.107962	-0.061231
-0.118972	-0.052439
-0.129700	-0.043861
-0.140133	-0.035502
-0.150258	-0.027368
-0.160063	-0.019463
-0.169539	-0.011790
-0.178675	-0.004353
-0.187448	0.002836
-0.195876	0.009796
-0.203939	0.016515
-0.211626	0.022993
-0.218928	0.029225
-0.225836	0.035210
-0.232340	0.040944
-0.238433	0.046426
-0.244107	0.051655
-0.249359	0.056632
-0.254162	0.061340
-0.258561	0.065822
-0.262539	0.070067
-0.266098	0.074081
-0.269243	0.077874
-0.271982	0.081453
-0.274320	0.084828
-0.276265	0.088006
-0.277827	0.090996
-0.279014	0.093807
-0.279809	0.096424
-0.280283	0.098904
-0.280424	0.101238
-0.280249	0.103438
-0.279779	0.105518
-0.279035	0.107493
-0.278043	0.109379
-0.276829	0.111195
-0.275420	0.112958
-0.273845	0.114685
-0.272100	0.116365
-0.270279	0.118073
-0.268379	0.119797
-0.266428	0.121550
-0.264452	0.123346
-0.262477	0.125197
-0.260528	0.127113
-0.258631	0.129108
-0.256811	0.131191
-0.255092	0.133375
-0.253462	0.135636
-0.252020	0.138056
-0.250753	0.140611
-0.249679	0.143310
-0.248814	0.146159
-0.248172	0.149163
-0.247761	0.152322
-0.247588	0.155636
-0.247656	0.159102
-0.247965	0.162717
-0.248467	0.166434
-0.249252	0.170331
-0.250273	0.174364
-0.251522	0.178527
-0.252994	0.182814
-0.254679	0.187218
-0.256568	0.191731
-0.258649	0.196345
-0.260908	0.201050
-0.263332	0.205837
-0.265846	0.210641
-0.268547	0.215555
-0.271363	0.220515
-0.274274	0.225507
-0.277260	0.230517
-0.280300	0.235529
-0.283376	0.240527
-0.286467	0.245498
-0.289557	0.250428
-0.292630	0.255305
-0.295600	0.260052
-0.298597	0.264790
-0.301538	0.269445
-0.304411	0.274006
-0.307200	0.278459
-0.309887	0.282788
-0.312455	0.286978
-0.314886	0.291010
-0.317161	0.294869
-0.319263	0.298537
-0.321092	0.301922
-0.322799	0.305166
-0.324289	0.308182
-0.325546	0.310955
-0.326553	0.313473
-0.327295	0.315722
-0.327753	0.317688
-0.327910	0.319358
-0.327747	0.320718
-0.327245	0.321753
-0.326295	0.322366
-0.325061	0.322715
-0.323433	0.322702
-0.321392	0.322314
-0.318919	0.321538
-0.315997	0.320363
-0.312609	0.318781
-0.308744	0.316784
-0.304392	0.314368
-0.299544	0.311530
-0.294113	0.308190
-0.288271	0.304516
-0.281926	0.300424
-0.275077	0.295913
-0.267724	0.290986
-0.259866	0.285643
-0.251509	0.279888
-0.242657	0.273723
-0.233319	0.267156
-0.223508	0.260195
-0.213175	0.252791
-0.202481	0.245090
-0.191371	0.237036
-0.179868	0.228644
-0.167994	0.219928
-0.155774	0.210905
-0.143232	0.201590
-0.130396	0.191999
-0.117289	0.182149
-0.103939	0.172053
-0.090335	0.161697
-0.076589	0.151171
-0.062676	0.140445
-0.048620	0.129532
-0.034446	0.118446
-0.020180	0.107202
-0.005847	0.095816
0.008524	0.084306
0.022908	0.072687
0.037278	0.060978
0.051607	0.049200
0.065863	0.037368
0.080042	0.025483
0.094125	0.013557
0.108098	0.001598
0.121944	-0.010385
0.135649	-0.022382
0.149196	-0.034382
0.162571	-0.046374
0.175758	-0.058346
0.188695	-0.070237
0.201443	-0.082117
0.213962	-0.093944
0.226238	-0.105706
0.238260	-0.117391
0.250016	-0.128989
0.261495	-0.140488
0.272690	-0.151877
0.283591	-0.163147
0.294193	-0.174289
0.304406	-0.185207
0.314383	-0.196056
0.324055	-0.206759
0.333418	-0.217307
0.342470	-0.227690
0.351208	-0.237900
0.359627	-0.247926
0.367727	-0.257756
0.375506	-0.267381
0.382965	-0.276792
0.389990	-0.285863
0.396815	-0.294825
0.403347	-0.303569
0.409596	-0.312093
0.415573	-0.320397
0.421288	-0.328479
0.426752	-0.336339
0.431975	-0.343974
0.436968	-0.351383
0.441741	-0.358563
0.446159	-0.365366
0.450521	-0.372083
0.454702	-0.378578
0.458714	-0.384851
0.462566	-0.390902
0.466267	-0.396731
0.469827	-0.402339
0.473252	-0.407727
0.476550	-0.412896
0.479728	-0.417847
0.482627	-0.422415
0.485579	-0.426935
0.488426	-0.431246
0.491164	-0.435343
0.493786	-0.439219
0.496282	-0.442866
0.498639	-0.446275
0.500844	-0.449436
0.502881	-0.452339
0.504739	-0.454976
0.506230	-0.457164
0.507694	-0.459256
0.508946	-0.461069
0.509970	-0.462595
0.510748	-0.463823
0.511263	-0.464744
0.511498	-0.465347
0.511433	-0.465620
0.511053	-0.465554
0.510342	-0.465137
0.509115	-0.464189
0.507720	-0.463067
0.505969	-0.461584
0.503855	-0.459738
0.501374	-0.457525
0.498525	-0.454947
0.495310	-0.452005
0.491732	-0.448704
0.487800	-0.445052
0.483525	-0.441058
0.478758	-0.436567
0.473852	-0.431938
0.468650	-0.427006
0.463164	-0.421780
0.457406	-0.416270
0.451391	-0.410487
0.445133	-0.404442
0.438649	-0.398149
0.431957	-0.391622
0.425075	-0.384878
0.417881	-0.377791
0.410696	-0.370684
0.403376	-0.363415
0.395934	-0.355993
0.388378	-0.348430
0.380712	-0.340733
0.372939	-0.332907
0.365061	-0.324958
0.357074	-0.316889
0.348978	-0.308704
0.340659	-0.300293
0.332353	-0.291906
0.323926	-0.283412
0.315369	-0.274813
0.306674	-0.266109
0.297835	-0.257299
0.288846	-0.248388
0.279700	-0.239377
0.270396	-0.230270
0.260929	-0.221070
0.251224	-0.211705
0.241448	-0.202355
0.231508	-0.192926
0.221403	-0.183423
0.211136	-0.173850
0.200715	-0.164213
0.190150	-0.154525
0.179455	-0.144796
0.168649	-0.135043
0.157753	-0.125282
0.146758	-0.115494
0.135778	-0.105794
0.124783	-0.096142
0.113800	-0.086554
0.102853	-0.077045
0.091968	-0.067629
0.081169	-0.058321
0.070482	-0.049134
0.059932	-0.040081
0.049543	-0.031174
0.039343	-0.022424
0.029363	-0.013861
0.019608	-0.005472
0.010096	0.002735
0.000844	0.010753
-0.008133	0.018578
-0.016824	0.026207
-0.025218	0.033638
-0.033309	0.040872
-0.041094	0.047910
-0.048534	0.054725
-0.055699	0.061379
-0.062572	0.067862
-0.069163	0.074186
-0.075480	0.080360
-0.081533	0.086393
-0.087332	0.092293
-0.092883	0.098065
-0.098197	0.103716
-0.103282	0.109249
-0.108084	0.114611
-0.112732	0.119917
-0.117186	0.125124
-0.121455	0.130237
-0.125550	0.135260
-0.129479	0.140195
-0.133249	0.145045
-0.136869	0.149810
-0.140342	0.154488
-0.143672	0.159077
-0.146779	0.163499
-0.149827	0.167898
-0.152739	0.172198
-0.155513	0.176395
-0.158147	0.180480
-0.160638	0.184446
-0.162983	0.188288
-0.165181	0.192001
-0.167233	0.195582
-0.169140	0.199030
-0.170809	0.202255
-0.172442	0.205443
-0.173953	0.208513
-0.175350	0.211469
-0.176638	0.214317
-0.177826	0.217061
-0.178919	0.219707
-0.179924	0.222260
-0.180850	0.224726
-0.181707	0.227115
-0.182394	0.229331
-0.183148	0.231597
-0.183878	0.233827
-0.184596	0.236033
-0.185315	0.238228
-0.186048	0.240422
-0.186804	0.242628
-0.187593	0.244853
-0.188421	0.247105
-0.189296	0.249390
-0.190099	0.251597
-0.191084	0.253965
-0.192131	0.256382
-0.193239	0.258848
-0.194406	0.261358
-0.195626	0.263908
-0.196896	0.266492
-0.198211	0.269105
-0.199568	0.271740
-0.200963	0.274393
-0.202261	0.276933
-0.203733	0.279612
-0.205244	0.282297
-0.206787	0.284981
-0.208356	0.287650
-0.209942	0.290292
-0.211539	0.292893
-0.213139	0.295442
-0.214734	0.297926
-0.216322	0.300336
-0.217753	0.302524
-0.219326	0.304770
-0.220895	0.306930
-0.222461	0.309000
-0.224020	0.310976
-0.225572	0.312853
-0.227114	0.314627
-0.228641	0.316293
-0.230149	0.317846
-0.231632	0.319284
-0.232926	0.320453
-0.234348	0.321657
-0.235732	0.322746
-0.237067	0.323714
-0.238339	0.324555
-0.239533	0.325266
-0.240632	0.325839
-0.241619	0.326271
-0.242475	0.326553
-0.243180	0.326682
-0.243551	0.326495
-0.243902	0.326308
-0.244041	0.325950
-0.243937	0.325409
-0.243558	0.324667
-0.242869	0.323705
-0.241834	0.322504
-0.240420	0.321044
-0.238593	0.319307
-0.236323	0.317275
-0.233433	0.314790
-0.230220	0.312146
-0.226500	0.309173
-0.222252	0.305858
-0.217458	0.302190
-0.212104	0.298156
-0.206179	0.293749
-0.199678	0.288961
-0.192600	0.283789
-0.184948	0.278232
-0.176612	0.272181
-0.167872	0.265891
-0.158607	0.259237
-0.148840	0.252231
-0.138598	0.244886
-0.127917	0.237221
-0.116837	0.229258
-0.105402	0.221025
-0.093663	0.212551
-0.081671	0.203868
-0.069413	0.194948
-0.057111	0.185976
-0.044726	0.176898
-0.032310	0.167746
-0.019918	0.158551
-0.007600	0.149342
0.004590	0.140152
0.016603	0.131011
0.028388	0.121949
0.039898	0.112996
0.051103	0.104175
0.061909	0.095543
0.072322	0.087092
0.082314	0.078839
0.091862	0.070795
0.100949	0.062970
0.109565	0.055368
0.117706	0.047991
0.125371	0.040835
0.132569	0.033894
0.139276	0.027203
0.145564	0.020677
0.151441	0.014322
0.156938	0.008120
0.162082	0.002051
0.166907	-0.003905
0.171448	-0.009767
0.175738	-0.015556
0.179816	-0.021291
0.183721	-0.026994
0.187419	-0.032606
0.191086	-0.038297
0.194708	-0.044027
0.198327	-0.049815
0.201979	-0.055680
0.205700	-0.061637
0.209520	-0.067697
0.213464	-0.073866
0.217554	-0.080147
0.221805	-0.086542
0.226122	-0.092932
0.230718	-0.099530
0.235505	-0.106229
0.240484	-0.113020
0.245651	-0.119889
0.250996	-0.126822
0.256508	-0.133803
0.262173	-0.140815
0.267974	-0.147840
0.273891	-0.154860
0.279752	-0.161702
0.285827	-0.168650
0.291961	-0.175552
0.298129	-0.182394
0.304307	-0.189159
0.310466	-0.195833
0.316581	-0.202401
0.322624	-0.208851
0.328572	-0.215175
0.334405	-0.221368
0.339907	-0.227223
0.345451	-0.233142
0.350852	-0.238949
0.356102	-0.244653
0.361194	-0.250260
0.366120	-0.255778
0.370872	-0.261212
0.375442	-0.266565
0.379823	-0.271843
0.384008	-0.277048
0.387760	-0.281942
0.391537	-0.287006
0.395120	-0.292018
0.398503	-0.296975
0.401682	-0.301874
0.404649	-0.306707
0.407399	-0.311465
0.409922	-0.316137
0.412213	-0.320709
0.414266	-0.325168
0.415821	-0.329238
0.417384	-0.333432
0.418702	-0.337474
0.419765	-0.341345
0.420564	-0.345021
0.421090	-0.348478
0.421336	-0.351694
0.421295	-0.354646
0.420965	-0.357319
0.420350	-0.359698
0.419189	-0.361499
0.418033	-0.363275
0.416627	-0.364749
0.414983	-0.365918
0.413112	-0.366781
0.411027	-0.367337
0.408739	-0.367588
0.406261	-0.367536
0.403607	-0.367188
0.400793	-0.366552
0.397565	-0.365359
0.394493	-0.364196
0.391324	-0.362796
0.388072	-0.361173
0.384750	-0.359341
0.381370	-0.357313
0.377942	-0.355102
0.374474	-0.352719
0.370974	-0.350177
0.367444	-0.347484
0.363632	-0.344384
0.360070	-0.341436
0.356485	-0.338364
0.352864	-0.335163
0.349191	-0.331822
0.345446	-0.328331
0.341610	-0.324675
0.337662	-0.320839
0.333582	-0.316809
0.329350	-0.312569
0.324734	-0.307879
0.320182	-0.303213
0.315433	-0.298301
0.310467	-0.293121
0.305264	-0.287654
0.299805	-0.281880
0.294076	-0.275781
0.288065	-0.269342
0.281764	-0.262551
0.275173	-0.255402
0.268134	-0.247721
0.261010	-0.239889
0.253615	-0.231703
0.245959	-0.223169
0.238056	-0.214294
0.229926	-0.205092
0.221589	-0.195583
0.213073	-0.185789
0.204403	-0.175735
0.195610	-0.165451
0.186635	-0.154863
0.177713	-0.144245
0.168745	-0.133483
0.159748	-0.122604
0.150741	-0.111634
0.141739	-0.100600
0.132757	-0.089528
0.123808	-0.078447
0.114904	-0.067384
0.106055	-0.056366
0.097260	-0.045392
0.088566	-0.034572
0.079922	-0.023856
0.071317	-0.013255
0.062736	-0.002777
0.054160	0.007574
0.045569	0.017794
0.036941	0.027884
0.028253	0.037844
0.019483	0.047676
0.010685	0.057333
0.001714	0.066888
-0.007416	0.076338
-0.016725	0.085690
-0.026229	0.094951
-0.035942	0.104123
-0.045867	0.113210
-0.056005	0.122209
-0.066350	0.131118
-0.076892	0.139932
-0.087468	0.148521
-0.098326	0.157097
-0.109326	0.165561
-0.120434	0.173899
-0.131606	0.182092
-0.142794	0.190117
-0.153939	0.197944
-0.164976	0.205542
-0.175834	0.212874
-0.186439	0.219901
-0.196519	0.226408
-0.206380	0.232700
-0.215768	0.238580
-0.224605	0.244011
-0.232815	0.248957
-0.240328	0.253382
-0.247074	0.257256
-0.252991	0.260551
-0.258022	0.263242
-0.262120	0.265310
-0.265027	0.266541
-0.267150	0.267335
-0.268252	0.267488
-0.268315	0.267001
-0.267332	0.265879
-0.265305	0.264131
-0.262245	0.261775
-0.258175	0.258833
-0.253129	0.255334
-0.247151	0.251316
-0.240104	0.246640
-0.232454	0.241734
-0.224064	0.236454
-0.215005	0.230847
-0.205352	0.224963
-0.195181	0.218854
-0.184574	0.212568
-0.173613	0.206157
-0.162380	0.199668
-0.150960	0.193152
-0.139307	0.186539
-0.127795	0.180141
-0.116343	0.173853
-0.105023	0.167711
-0.093903	0.161746
-0.083047	0.155988
-0.072516	0.150462
-0.062365	0.145192
-0.052645	0.140198
-0.043402	0.135496
-0.034608	0.131045
-0.026462	0.126992
-0.018894	0.123258
-0.011921	0.119842
-0.005556	0.116741
0.000191	0.113951
0.005315	0.111467
0.009813	0.109286
0.013682	0.107405
0.016923	0.105825
0.019583	0.104510
0.021561	0.103543
0.022919	0.102883
0.023667	0.102529
0.023818	0.102484
0.023387	0.102746
0.022391	0.103317
0.020850	0.104196
0.018784	0.105384
0.016216	0.106882
0.013233	0.108630
0.009726	0.110748
0.005773	0.113189
0.001396	0.115955
-0.003380	0.119045
-0.008529	0.122456
-0.014022	0.126182
-0.019831	0.130214
-0.025922	0.134541
-0.032265	0.139148
-0.038718	0.143915
-0.045460	0.149028
-0.052366	0.154378
-0.059401	0.159942
-0.066526	0.165689
-0.073705	0.171590
-0.080900	0.177612
-0.088072	0.183721
-0.095189	0.189883
-0.102216	0.196065
-0.108966	0.202080
-0.115728	0.208207
-0.122330	0.214272
-0.128746	0.220243
-0.134951	0.226089
-0.140918	0.231776
-0.146625	0.237271
-0.152048	0.242545
-0.157168	0.247570
-0.161970	0.252321
-0.166240	0.256579
-0.170377	0.260728
-0.174187	0.264568
-0.177667	0.268090
-0.180817	0.271288
-0.183640	0.274155
-0.186136	0.276690
-0.188310	0.278891
-0.190167	0.280757
-0.191710	0.282292
-0.192719	0.283272
-0.193662	0.284157
-0.194323	0.284735
-0.194706	0.285007
-0.194811	0.284975
-0.194638	0.284637
-0.194184	0.283994
-0.193447	0.283042
-0.192420	0.281779
-0.191097	0.280202
-0.189255	0.278089
-0.187340	0.275888
-0.185109	0.273363
-0.182544	0.270498
-0.179618	0.267275
-0.176305	0.263672
-0.172573	0.259664
-0.168390	0.255228
-0.163724	0.250339
-0.158544	0.244975
-0.152655	0.238951
-0.146400	0.232615
-0.139549	0.225751
-0.132074	0.218339
-0.123947	0.210360
-0.115147	0.201804
-0.105657	0.192662
-0.095468	0.182932
-0.084576	0.172618
-0.072985	0.161728
-0.060642	0.150215
-0.047750	0.138278
-0.034209	0.125818
-0.020044	0.112859
-0.005290	0.099430
0.010008	0.085568
0.025794	0.071317
0.042005	0.056730
0.058571	0.041862
0.075412	0.026773
0.092373	0.011605
0.109462	-0.003678
0.126591	-0.019008
0.143682	-0.034329
0.160659	-0.049585
0.177443	-0.064724
0.193960	-0.079691
0.210135	-0.094436
0.225900	-0.108908
0.241189	-0.123064
0.255729	-0.136641
0.269854	-0.149999
0.283368	-0.162950
0.296237	-0.175469
0.308430	-0.187535
0.319923	-0.199128
0.330697	-0.210230
0.340737	-0.220829
0.350034	-0.230913
0.358589	-0.240475
0.366086	-0.249193
0.373153	-0.257689
0.379528	-0.265689
0.385230	-0.273200
0.390281	-0.280227
0.394699	-0.286777
0.398507	-0.292853
0.401723	-0.298460
0.404372	-0.303604
0.406477	-0.308292
0.407696	-0.312166
0.408796	-0.315976
0.409453	-0.319382
0.409698	-0.322399
0.409556	-0.325038
0.409057	-0.327315
0.408224	-0.329241
0.407085	-0.330833
0.405664	-0.332104
0.403986	-0.333071
0.401697	-0.333375
0.399590	-0.333799
0.397304	-0.333980
0.394854	-0.333930
0.392252	-0.333657
0.389506	-0.333170
0.386623	-0.332476
0.383611	-0.331581
0.380477	-0.330495
0.377229	-0.329227
0.373507	-0.327420
0.370078	-0.325838
0.366577	-0.324119
0.363010	-0.322271
0.359385	-0.320301
0.355706	-0.318213
0.351980	-0.316014
0.348214	-0.313708
0.344419	-0.311303
0.340607	-0.308807
0.336446	-0.305885
0.332671	-0.303266
0.328948	-0.300610
0.325298	-0.297933
0.321743	-0.295248
0.318305	-0.292572
0.315008	-0.289919
0.311874	-0.287307
0.308930	-0.284754
0.306201	-0.282277
0.303404	-0.279585
0.301203	-0.277342
0.299295	-0.275238
0.297693	-0.273282
0.296406	-0.271479
0.295437	-0.269834
0.294789	-0.268348
0.294459	-0.267022
0.294445	-0.265854
0.294739	-0.264842
0.295061	-0.263707
0.295964	-0.263023
0.297133	-0.262479
0.298537	-0.262055
0.300137	-0.261727
0.301893	-0.261467
0.303759	-0.261247
0.305685	-0.261033
0.307622	-0.260795
0.309519	-0.260499
0.311069	-0.259849
0.312753	-0.259368
0.314243	-0.258737
0.315487	-0.257924
0.316433	-0.256899
0.317031	-0.255633
0.317238	-0.254100
0.317010	-0.252278
0.316313	-0.250148
0.315112	-0.247695
0.313136	-0.244648
0.310872	-0.241537
0.308037	-0.238080
0.304614	-0.234271
0.300589	-0.230107
0.295955	-0.225587
0.290706	-0.220714
0.284847	-0.215496
0.278383	-0.209942
0.271329	-0.204066
0.263500	-0.197667
0.255349	-0.191227
0.246669	-0.184520
0.237479	-0.177557
0.227798	-0.170350
0.217647	-0.162909
0.207046	-0.155244
0.196018	-0.147365
0.184587	-0.139283
0.172778	-0.131006
0.160517	-0.122431
0.148079	-0.113846
0.135340	-0.105098
0.122324	-0.096191
0.109055	-0.087131
0.095557	-0.077926
0.081858	-0.068585
0.067989	-0.059119
0.053980	-0.049543
0.039865	-0.039869
0.025700	-0.030125
0.011513	-0.020348
-0.002694	-0.010511
-0.016888	-0.000629
-0.031036	0.009282
-0.045099	0.019198
-0.059033	0.029095
-0.072794	0.038940
-0.086332	0.048701
-0.099593	0.058342
-0.112394	0.067703
-0.124930	0.076973
-0.137052	0.086028
-0.148710	0.094832
-0.159854	0.103348
-0.170434	0.111540
-0.180401	0.119374
-0.189710	0.126813
-0.198317	0.133828
-0.206184	0.140388
-0.213072	0.146271
-0.219365	0.151850
-0.224844	0.156922
-0.229488	0.161467
-0.233279	0.165471
-0.236204	0.168922
-0.238257	0.171811
-0.239441	0.174137
-0.239763	0.175904
-0.239243	0.177121
-0.237682	0.177587
-0.235581	0.177775
-0.232756	0.177494
-0.229250	0.176772
-0.225115	0.175644
-0.220404	0.174145
-0.215175	0.172312
-0.209489	0.170185
-0.203408	0.167806
-0.196998	0.165217
-0.190124	0.162271
-0.183276	0.159414
-0.176311	0.156492
-0.169292	0.153548
-0.162277	0.150618
-0.155323	0.147741
-0.148481	0.144950
-0.141798	0.142277
-0.135318	0.139751
-0.129081	0.137399
-0.122960	0.135096
-0.117320	0.133173
-0.112014	0.131492
-0.107053	0.130057
-0.102439	0.128872
-0.098172	0.127935
-0.094243	0.127241
-0.090643	0.126783
-0.087360	0.126553
-0.084380	0.126546
-0.081560	0.126632
-0.079159	0.127058
-0.077031	0.127696
-0.075161	0.128539
-0.073533	0.129577
-0.072132	0.130805
-0.070946	0.132214
-0.069963	0.133799
-0.069174	0.135555
-0.068573	0.137478
-0.068017	0.139436
-0.067781	0.141688
-0.067745	0.144119
-0.067915	0.146736
-0.068298	0.149543
-0.068905	0.152546
-0.069747	0.155752
-0.070837	0.159167
-0.072188	0.162798
-0.073814	0.166654
-0.075545	0.170564
-0.077747	0.174869
-0.080281	0.179429
-0.083155	0.184246
-0.086375	0.189320
-0.089943	0.194645
-0.093856	0.200210
-0.098107	0.206005
-0.102687	0.212014
-0.107585	0.218222
-0.112534	0.224373
-0.118012	0.230916
-0.123780	0.237625
-0.129816	0.244478
-0.136091	0.251450
-0.142569	0.258509
-0.149209	0.265620
-0.155964	0.272744
-0.162784	0.279841
-0.169615	0.286866
-0.176076	0.293465
-0.182760	0.300216
-0.189307	0.306787
-0.195657	0.313134
-0.201749	0.319210
-0.207520	0.324968
-0.212910	0.330362
-0.217859	0.335348
-0.222314	0.339884
-0.226223	0.343932
-0.229164	0.347092
-0.231871	0.350076
-0.233939	0.352502
-0.235340	0.354341
-0.236046	0.355569
-0.236039	0.356165
-0.235306	0.356112
-0.233841	0.355400
-0.231648	0.354021
-0.228740	0.351980
-0.224761	0.348927
-0.220532	0.345630
-0.215693	0.341734
-0.210280	0.337261
-0.204331	0.332235
-0.197886	0.326682
-0.190987	0.320631
-0.183678	0.314113
-0.176003	0.307161
-0.168006	0.299812
-0.159433	0.291829
-0.150982	0.283850
-0.142344	0.275592
-0.133546	0.267080
-0.124611	0.258341
-0.115560	0.249398
-0.106409	0.240274
-0.097173	0.230993
-0.087862	0.221573
-0.078483	0.212033
-0.068876	0.202253
-0.059438	0.192582
-0.049923	0.182820
-0.040313	0.172959
-0.030586	0.162993
-0.020722	0.152913
-0.010698	0.142710
-0.000498	0.132376
0.009894	0.121905
0.020491	0.111291
0.031323	0.100535
0.042296	0.089681
0.053505	0.078662
0.064954	0.067476
0.076639	0.056122
0.088551	0.044607
0.100672	0.032940
0.112981	0.021136
0.125451	0.009212
0.138050	-0.002811
0.150623	-0.014767
0.163333	-0.026880
0.176080	-0.039038
0.188822	-0.051215
0.201519	-0.063381
0.214124	-0.075504
0.226590	-0.087550
0.238870	-0.099482
0.250915	-0.111262
0.262683	-0.122857
0.273864	-0.133943
0.284923	-0.145035
0.295618	-0.155872
0.305928	-0.166434
0.315835	-0.176705
0.325327	-0.186668
0.334396	-0.196311
0.343036	-0.205622
0.351248	-0.214594
0.359035	-0.223222
0.365999	-0.231076
0.372929	-0.238974
0.379490	-0.246550
0.385702	-0.253809
0.391578	-0.260754
0.397132	-0.267386
0.402375	-0.273703
0.407316	-0.279703
0.411964	-0.285384
0.416326	-0.290745
0.419911	-0.295269
0.423706	-0.299977
0.427263	-0.304394
0.430583	-0.308521
0.433661	-0.312350
0.436489	-0.315875
0.439054	-0.319083
0.441342	-0.321963
0.443338	-0.324505
0.445027	-0.326701
0.445878	-0.328004
0.446940	-0.329513
0.447691	-0.330696
0.448121	-0.331550
0.448217	-0.332073
0.447969	-0.332265
0.447367	-0.332125
0.446404	-0.331659
0.445076	-0.330873
0.443381	-0.329776
0.440838	-0.327876
0.438456	-0.326236
0.435734	-0.324344
0.432670	-0.322207
0.429264	-0.319835
0.425519	-0.317235
0.421439	-0.314419
0.417031	-0.311399
0.412310	-0.308193
0.407293	-0.304820
0.401577	-0.300853
0.396072	-0.297249
0.390351	-0.293556
0.384436	-0.289792
0.378349	-0.285974
0.372110	-0.282117
0.365741	-0.278236
0.359263	-0.274343
0.352697	-0.270452
0.346065	-0.266576
0.339022	-0.262337
0.332348	-0.258554
0.325673	-0.254825
0.319011	-0.251156
0.312372	-0.247547
0.305768	-0.244001
0.299206	-0.240518
0.292696	-0.237097
0.286247	-0.233739
0.279867	-0.230444
0.273259	-0.226883
0.267078	-0.223749
0.260995	-0.220684
0.255011	-0.217681
0.249123	-0.214729
0.243326	-0.211816
0.237616	-0.208930
0.231987	-0.206059
0.226434	-0.203191
0.220955	-0.200318
0.215294	-0.197158
0.209992	-0.194290
0.204757	-0.191398
0.199580	-0.188468
0.194449	-0.185486
0.189353	-0.182438
0.184281	-0.179311
0.179223	-0.176092
0.174169	-0.172773
0.169116	-0.169345
0.163860	-0.165587
0.158838	-0.161975
0.153816	-0.158252
0.148794	-0.154419
0.143777	-0.150477
0.138773	-0.146432
0.133795	-0.142295
0.128860	-0.138077
0.123990	-0.133797
0.119209	-0.129473
0.114395	-0.124959
0.109904	-0.120643
0.105585	-0.116349
0.101460	-0.112093
0.097552	-0.107889
0.093882	-0.103753
0.090472	-0.099697
0.087338	-0.095732
0.084496	-0.091869
0.081960	-0.088115
0.079639	-0.084356
0.077763	-0.080863
0.076204	-0.077487
0.074954	-0.074220
0.073998	-0.071051
0.073315	-0.067965
0.072881	-0.064944
0.072664	-0.061966
0.072628	-0.059007
0.072732	-0.056040
0.072876	-0.052957
0.073143	-0.049910
0.073396	-0.046758
0.073578	-0.043465
0.073632	-0.039996
0.073498	-0.036317
0.073124	-0.032396
0.072455	-0.028206
0.071442	-0.023721
0.070039	-0.018918
0.068212	-0.013752
0.065932	-0.008287
0.063133	-0.002444
0.059781	0.003794
0.055851	0.010438
0.051321	0.017494
0.046180	0.024964
0.040424	0.032844
0.034057	0.041128
0.027090	0.049800
0.019656	0.058772
0.011594	0.068123
0.002995	0.077814
-0.006108	0.087822
-0.015672	0.098116
-0.025649	0.108666
-0.035986	0.119435
-0.046626	0.130384
-0.057507	0.141474
-0.068569	0.152663
-0.079491	0.163690
-0.090676	0.174900
-0.101880	0.186109
-0.113047	0.197282
-0.124122	0.208384
-0.135049	0.219377
-0.145772	0.230221
-0.156238	0.240878
-0.166394	0.251308
-0.176194	0.261476
-0.185194	0.270979
-0.194118	0.280479
-0.202608	0.289658
-0.210643	0.298498
-0.218203	0.306980
-0.225273	0.315088
-0.231838	0.322805
-0.237890	0.330119
-0.243420	0.337017
-0.248427	0.343491
-0.252421	0.349074
-0.256376	0.354671
-0.259853	0.359866
-0.262858	0.364657
-0.265395	0.369041
-0.267468	0.373015
-0.269079	0.376575
-0.270232	0.379715
-0.270928	0.382433
-0.271173	0.384728
-0.270474	0.386129
-0.269863	0.387606
-0.268846	0.388690
-0.267426	0.389380
-0.265601	0.389670
-0.263370	0.389556
-0.260731	0.389032
-0.257683	0.388094
-0.254229	0.386740
-0.250374	0.384969
-0.245675	0.382359
-0.241094	0.379814
-0.236162	0.376883
-0.230889	0.373572
-0.225289	0.369885
-0.219378	0.365832
-0.213177	0.361425
-0.206709	0.356682
-0.200002	0.351622
-0.193085	0.346269
-0.185622	0.340304
-0.178440	0.334502
-0.171156	0.328501
-0.163795	0.322326
-0.156382	0.316001
-0.148937	0.309550
-0.141481	0.302998
-0.134035	0.296372
-0.126620	0.289698
-0.119256	0.283006
-0.111690	0.276070
-0.104546	0.269484
-0.097521	0.262974
-0.090623	0.256561
-0.083860	0.250263
-0.077237	0.244095
-0.070758	0.238069
-0.064423	0.232196
-0.058235	0.226486
-0.052192	0.220944
-0.046112	0.215408
-0.040417	0.210271
-0.034869	0.205314
-0.029456	0.200527
-0.024167	0.195900
-0.018991	0.191419
-0.013917	0.187073
-0.008937	0.182849
-0.004045	0.178737
0.000762	0.174725
0.005598	0.170711
0.010191	0.166923
0.014701	0.163210
0.019133	0.159558
0.023493	0.155952
0.027783	0.152382
0.032003	0.148836
0.036153	0.145308
0.040227	0.141793
0.044221	0.138289
0.048185	0.134756
0.051959	0.131313
0.055626	0.127890
0.059180	0.124490
0.062617	0.121117
0.065930	0.117777
0.069117	0.114476
0.072172	0.111221
0.075095	0.108018
0.077883	0.104874
0.080559	0.101786
0.083067	0.098789
0.085447	0.095864
0.087705	0.093010
0.089850	0.090229
0.091889	0.087518
0.093830	0.084877
0.095680	0.082303
0.097446	0.079795
0.099134	0.077349
0.100737	0.074987
0.102279	0.072664
0.103763	0.070388
0.105200	0.068149
0.106601	0.065934
0.107981	0.063730
0.109353	0.061522
0.110733	0.059294
0.112136	0.057028
0.113581	0.054707
0.115029	0.052381
0.116596	0.049908
0.118265	0.047318
0.120062	0.044590
0.122007	0.041703
0.124124	0.038639
0.126432	0.035380
0.128953	0.031912
0.131706	0.028219
0.134708	0.024289
0.137863	0.020241
0.141390	0.015825
0.145224	0.011129
0.149378	0.006145
0.153862	0.000870
0.158677	-0.004696
0.163823	-0.010546
0.169293	-0.016670
0.175075	-0.023053
0.181154	-0.029677
0.187309	-0.036301
0.193892	-0.043314
0.200723	-0.050516
0.207779	-0.057881
0.215032	-0.065381
0.222455	-0.072986
0.230015	-0.080665
0.237684	-0.088386
0.245433	-0.096120
0.253235	-0.103839
0.260755	-0.111188
0.268559	-0.118770
0.276370	-0.126287
0.284171	-0.133721
0.291945	-0.141054
0.299678	-0.148269
0.307357	-0.155352
0.314971	-0.162291
0.322512	-0.169077
0.329978	-0.175705
0.336956	-0.181749
0.344248	-0.188040
0.351497	-0.194208
0.358713	-0.200263
0.365903	-0.206216
0.373075	-0.212077
0.380234	-0.217856
0.387382	-0.223562
0.394519	-0.229203
0.401643	-0.234786
0.408253	-0.239815
0.415308	-0.245280
0.422334	-0.250713
0.429307	-0.256109
0.436194	-0.261455
0.442955	-0.266733
0.449546	-0.271921
0.455914	-0.276991
0.462006	-0.281914
0.467764	-0.286658
0.472573	-0.290628
0.477483	-0.294909
0.481898	-0.298925
0.485757	-0.302638
0.488999	-0.306006
0.491566	-0.308990
0.493402	-0.311551
0.494459	-0.313652
0.494696	-0.315264
0.494080	-0.316360
0.492013	-0.316336
0.489647	-0.316363
0.486405	-0.315854
0.482291	-0.314807
0.477317	-0.313226
0.471500	-0.311117
0.464869	-0.308494
0.457458	-0.305375
0.449307	-0.301784
0.440467	-0.297751
0.430478	-0.292779
0.420463	-0.287999
0.409948	-0.282899
0.398992	-0.277515
0.387655	-0.271881
0.375995	-0.266030
0.364073	-0.259997
0.351949	-0.253817
0.339682	-0.247523
0.327334	-0.241151
0.314574	-0.234328
0.302295	-0.227960
0.290110	-0.221620
0.278059	-0.215328
0.266178	-0.209099
0.254497	-0.202945
0.243038	-0.196871
0.231823	-0.190884
0.220868	-0.184985
0.210183	-0.179174
0.199519	-0.173173
0.189460	-0.167593
0.179684	-0.162089
0.170181	-0.156647
0.160939	-0.151254
0.151946	-0.145894
0.143191	-0.140555
0.134661	-0.135227
0.126348	-0.129900
0.118243	-0.124570
0.110172	-0.119055
0.102508	-0.113750
0.095030	-0.108430
0.087729	-0.103092
0.080601	-0.097734
0.073644	-0.092359
0.066859	-0.086971
0.060251	-0.081579
0.053828	-0.076194
0.047600	-0.070829
0.041479	-0.065395
0.035706	-0.060144
0.030166	-0.054962
0.024874	-0.049865
0.019841	-0.044868
0.015081	-0.039986
0.010605	-0.035233
0.006424	-0.030622
0.002544	-0.026161
-0.001030	-0.021859
-0.004334	-0.017678
-0.007276	-0.013723
-0.009923	-0.009926
-0.012287	-0.006279
-0.014381	-0.002773
-0.016222	0.000605
-0.017829	0.003869
-0.019220	0.007036
-0.020417	0.010123
-0.021444	0.013148
-0.022297	0.016113
-0.023036	0.019051
-0.023695	0.022003
-0.024306	0.024997
-0.024903	0.028061
-0.025518	0.031222
-0.026180	0.034508
-0.026919	0.037943
-0.027760	0.041547
-0.028727	0.045342
-0.029752	0.049271
-0.031010	0.053467
-0.032465	0.057907
-0.034130	0.062603
-0.036014	0.067557
-0.038119	0.072768
-0.040441	0.078231
-0.042974	0.083933
-0.045705	0.089861
-0.048622	0.095997
-0.051544	0.102186
-0.054755	0.108650
-0.058111	0.115272
-0.061589	0.122027
-0.065161	0.128887
-0.068799	0.135821
-0.072471	0.142797
-0.076142	0.149780
-0.079778	0.156737
-0.083344	0.163631
-0.086556	0.170213
-0.089862	0.176858
-0.093023	0.183365
-0.096016	0.189711
-0.098818	0.195874
-0.101409	0.201834
-0.103771	0.207575
-0.105893	0.213084
-0.107766	0.218352
-0.109387	0.223376
-0.110416	0.227853
-0.111512	0.232358
-0.112395	0.236651
-0.113081	0.240746
-0.113587	0.244656
-0.113932	0.248394
-0.114135	0.251977
-0.114216	0.255418
-0.114198	0.258734
-0.114103	0.261942
-0.113565	0.264704
-0.113379	0.267728
-0.113222	0.270725
-0.113120	0.273712
-0.113097	0.276705
-0.113170	0.279713
-0.113353	0.282745
-0.113654	0.285803
-0.114078	0.288887
-0.114624	0.291993
-0.114877	0.294741
-0.115656	0.297873
-0.116557	0.301025
-0.117558	0.304181
-0.118630	0.307320
-0.119742	0.310418
-0.120856	0.313448
-0.121932	0.316385
-0.122931	0.319203
-0.123810	0.321875
-0.124112	0.323995
-0.124659	0.326328
-0.124988	0.328466
-0.125060	0.330388
-0.124834	0.332070
-0.124274	0.333491
-0.123346	0.334631
-0.122022	0.335471
-0.120276	0.336000
-0.118094	0.336205
-0.115052	0.335706
-0.112004	0.335279
-0.108525	0.334537
-0.104624	0.333481
-0.100312	0.332115
-0.095609	0.330447
-0.090540	0.328489
-0.085137	0.326253
-0.079437	0.323758
-0.073482	0.321024
-0.066944	0.317743
-0.060664	0.314643
-0.054294	0.311395
-0.047886	0.308023
-0.041487	0.304551
-0.035146	0.301001
-0.028908	0.297397
-0.022820	0.293760
-0.016923	0.290113
-0.011260	0.286478
-0.005559	0.282619
-0.000520	0.279119
0.004174	0.275702
0.008509	0.272375
0.012478	0.269143
0.016081	0.266006
0.019325	0.262960
0.022225	0.259999
0.024802	0.257113
0.027082	0.254288
0.029334	0.251323
0.031073	0.248618
0.032625	0.245920
0.034044	0.243199
0.035386	0.240425
0.036707	0.237565
0.038065	0.234589
0.039515	0.231468
0.041110	0.228175
0.042899	0.224687
0.045090	0.220854
0.047355	0.216948
0.049938	0.212786
0.052874	0.208351
0.056190	0.203630
0.059909	0.198614
0.064041	0.193300
0.068591	0.187692
0.073553	0.181796
0.078912	0.175628
0.084715	0.169164
0.090751	0.162549
0.097090	0.155730
0.103690	0.148739
0.110501	0.141608
0.117468	0.134375
0.124531	0.127078
0.131630	0.119760
0.138700	0.112459
0.145681	0.105216
0.152457	0.098150
0.159034	0.091175
0.165362	0.084351
0.171401	0.077697
0.177122	0.071229
0.182500	0.064956
0.187520	0.058882
0.192175	0.053008
0.196467	0.047327
0.200407	0.041827
0.203842	0.036697
0.207091	0.031552
0.210092	0.026501
0.212896	0.021504
0.215561	0.016519
0.218147	0.011503
0.220718	0.006411
0.223339	0.001199
0.226073	-0.004173
0.228984	-0.009749
0.231870	-0.015262
0.235263	-0.021304
0.239026	-0.027674
0.243209	-0.034399
0.247851	-0.041499
0.252983	-0.048985
0.258623	-0.056857
0.264780	-0.065109
0.271453	-0.073725
0.278634	-0.082684
0.285946	-0.091557
0.294041	-0.101076
0.302591	-0.110862
0.311557	-0.120876
0.320894	-0.131067
0.330546	-0.141385
0.340454	-0.151770
0.350551	-0.162163
0.360767	-0.172500
0.371028	-0.182718
0.380775	-0.192224
0.390867	-0.201984
0.400796	-0.211460
0.410485	-0.220594
0.419857	-0.229328
0.428835	-0.237605
0.437343	-0.245373
0.445313	-0.252584
0.452677	-0.259195
0.459377	-0.265172
0.464772	-0.269854
0.469986	-0.274477
0.474432	-0.278433
0.478083	-0.281717
0.480917	-0.284326
0.482921	-0.286266
0.484086	-0.287545
0.484414	-0.288178
0.483915	-0.288186
0.482607	-0.287598
0.479911	-0.285806
0.477103	-0.284160
0.473620	-0.282061
0.469508	-0.279551
0.464814	-0.276675
0.459591	-0.273475
0.453895	-0.269997
0.447787	-0.266286
0.441327	-0.262389
0.434582	-0.258354
0.427088	-0.253679
0.420034	-0.249569
0.412903	-0.245467
0.405746	-0.241400
0.398607	-0.237389
0.391527	-0.233451
0.384541	-0.229599
0.377682	-0.225840
0.370977	-0.222180
0.364447	-0.218621
0.357681	-0.214720
0.351612	-0.211412
0.345744	-0.208179
0.340067	-0.204996
0.334561	-0.201831
0.329201	-0.198653
0.323958	-0.195426
0.318800	-0.192116
0.313692	-0.188686
0.308596	-0.185102
0.303113	-0.180954
0.297950	-0.176984
0.292673	-0.172755
0.287241	-0.168238
0.281615	-0.163408
0.275766	-0.158249
0.269667	-0.152751
0.263302	-0.146913
0.256663	-0.140743
0.249751	-0.134259
0.242292	-0.127181
0.234882	-0.120164
0.227260	-0.112941
0.219460	-0.105562
0.211523	-0.098080
0.203495	-0.090554
0.195424	-0.083041
0.187364	-0.075603
0.179369	-0.068302
0.171494	-0.061196
0.163636	-0.054162
0.156189	-0.047646
0.149024	-0.041496
0.142181	-0.035751
0.135692	-0.030442
0.129585	-0.025589
0.123877	-0.021208
0.118581	-0.017304
0.113702	-0.013873
0.109237	-0.010906
0.105144	-0.008330
0.101522	-0.006275
0.098256	-0.004599
0.095308	-0.003251
0.092635	-0.002178
0.090190	-0.001319
0.087924	-0.000615
0.085786	-0.000003
0.083727	0.000578
0.081699	0.001189
0.079670	0.001884
0.077596	0.002691
0.075403	0.003706
0.073054	0.004977
0.070518	0.006542
0.067777	0.008429
0.064816	0.010658
0.061632	0.013239
0.058228	0.016173
0.054615	0.019454
0.050830	0.023061
0.046845	0.026992
0.042699	0.031221
0.038430	0.035711
0.034079	0.040416
0.029693	0.045289
0.025322	0.050274
0.021018	0.055316
0.016836	0.060355
0.012828	0.065331
0.009099	0.070160
0.005587	0.074843
0.002407	0.079286
-0.000391	0.083431
-0.002761	0.087226
-0.004661	0.090626
-0.006060	0.093591
-0.006934	0.096093
-0.007269	0.098111
-0.007058	0.099637
-0.006214	0.100607
-0.004920	0.101133
-0.003120	0.101189
-0.000850	0.100805
0.001849	0.100019
0.004925	0.098878
0.008321	0.097436
0.011973	0.095753
0.015811	0.093893
0.019760	0.091927
0.023842	0.089860
0.027817	0.087856
0.031652	0.085979
0.035259	0.084313
0.038553	0.082937
0.041451	0.081929
0.043877	0.081363
0.045761	0.081304
0.047041	0.081812
0.047664	0.082939
0.047670	0.084672
0.046890	0.087117
0.045344	0.090290
0.043027	0.094200
0.039948	0.098839
0.036133	0.104190
0.031622	0.110221
0.026467	0.116887
0.020731	0.124136
0.014486	0.131904
0.007946	0.140013
0.000941	0.148593
-0.006332	0.157483
-0.013783	0.166602
-0.021317	0.175866
-0.028841	0.185190
-0.036263	0.194490
-0.043497	0.203685
-0.050460	0.212697
-0.057078	0.221452
-0.063028	0.229647
-0.068742	0.237668
-0.073952	0.245262
-0.078622	0.252387
-0.082729	0.259012
-0.086262	0.265114
-0.089223	0.270683
-0.091625	0.275719
-0.093495	0.280234
-0.094870	0.284252
-0.095434	0.287466
-0.095944	0.290564
-0.096153	0.293311
-0.096134	0.295770
-0.095964	0.298005
-0.095716	0.300080
-0.095459	0.302058
-0.095259	0.304001
-0.095176	0.305966
-0.095261	0.308006
-0.095147	0.309790
-0.095676	0.312095
-0.096510	0.314630
-0.097668	0.317424
-0.099153	0.320496
-0.100958	0.323854
-0.103061	0.327496
-0.105431	0.331411
-0.108026	0.335579
-0.110792	0.339968
-0.113233	0.344143
-0.116163	0.348858
-0.119087	0.353685
-0.121922	0.358559
-0.124578	0.363412
-0.126962	0.368170
-0.128982	0.372756
-0.130548	0.377095
-0.131574	0.381112
-0.131984	0.384739
-0.131252	0.387500
-0.130264	0.390186
-0.128511	0.392336
-0.125960	0.393909
-0.122593	0.394878
-0.118402	0.395222
-0.113396	0.394934
-0.107597	0.394016
-0.101037	0.392479
-0.093764	0.390345
-0.085407	0.387267
-0.076908	0.384052
-0.067904	0.380358
-0.058476	0.376232
-0.048709	0.371727
-0.038694	0.366900
-0.028527	0.361812
-0.018306	0.356526
-0.008132	0.351110
0.001891	0.345631
0.011987	0.339889
0.021376	0.334520
0.030306	0.329299
0.038689	0.324285
0.046447	0.319530
0.053512	0.315078
0.059826	0.310963
0.065345	0.307211
0.070036	0.303840
0.073879	0.300853
0.077082	0.298089
0.079177	0.295899
0.080440	0.294058
0.080913	0.292526
0.080647	0.291258
0.079705	0.290198
0.078160	0.289286
0.076093	0.288459
0.073592	0.287648
0.070754	0.286781
0.067836	0.285671
0.064561	0.284531
0.061261	0.283108
0.058051	0.281320
0.055046	0.279089
0.052357	0.276340
0.050089	0.273005
0.048342	0.269023
0.047204	0.264341
0.046753	0.258916
0.047173	0.252635
0.048213	0.245704
0.050103	0.237962
0.052868	0.229410
0.056519	0.220060
0.061050	0.209941
0.066438	0.199092
0.072647	0.187564
0.079626	0.175420
0.087313	0.162730
0.095610	0.149622
0.104402	0.136163
0.113668	0.122402
0.123320	0.108425
0.133269	0.094318
0.143425	0.080171
0.153696	0.066070
0.163992	0.052100
0.174225	0.038344
0.184316	0.024878
0.193951	0.012024
0.203445	-0.000566
0.212622	-0.012701
0.221447	-0.024353
0.229905	-0.035504
0.237988	-0.046146
0.245704	-0.056284
0.253076	-0.065937
0.260138	-0.075132
0.266936	-0.083909
0.273118	-0.091907
0.279489	-0.099919
0.285827	-0.107715
0.292221	-0.115371
0.298760	-0.122963
0.305528	-0.130564
0.312606	-0.138242
0.320067	-0.146059
0.327975	-0.154068
0.336385	-0.162316
0.344824	-0.170330
0.354306	-0.179110
0.364414	-0.188244
0.375152	-0.197739
0.386509	-0.207589
0.398455	-0.217775
0.410941	-0.228262
0.423903	-0.239003
0.437259	-0.249937
0.450912	-0.260994
0.464114	-0.271452
0.478000	-0.282486
0.491831	-0.293388
0.505459	-0.304048
0.518725	-0.314345
0.531465	-0.324157
0.543515	-0.333358
0.554710	-0.341826
0.564896	-0.349443
0.573927	-0.356102
0.580914	-0.360930
0.587265	-0.365410
0.592133	-0.368700
0.595438	-0.370744
0.597119	-0.371499
0.597135	-0.370939
0.595469	-0.369054
0.592127	-0.365853
0.587133	-0.361359
0.580538	-0.355611
0.571679	-0.347902
0.562159	-0.339884
0.551326	-0.330845
0.539301	-0.320877
0.526217	-0.310080
0.512222	-0.298565
0.497473	-0.286449
0.482135	-0.273858
0.466382	-0.260922
0.450392	-0.247775
0.433817	-0.233990
0.417980	-0.220922
0.402440	-0.208055
0.387342	-0.195496
0.372813	-0.183340
0.358962	-0.171668
0.345876	-0.160543
0.333620	-0.150016
0.322238	-0.140117
0.311748	-0.130862
0.301858	-0.121924
0.293230	-0.114045
0.285404	-0.106750
0.278293	-0.099977
0.271790	-0.093651
0.265775	-0.087686
0.260114	-0.081990
0.254667	-0.076469
0.249286	-0.071023
0.243823	-0.065553
0.237974	-0.059777
0.231983	-0.054050
0.225454	-0.048002
0.218251	-0.041544
0.210252	-0.034600
0.201358	-0.027109
0.191492	-0.019026
0.180603	-0.010329
0.168667	-0.001012
0.155693	0.008906
0.141669	0.019456
0.126784	0.030409
0.111037	0.041801
0.094546	0.053537
0.077451	0.065508
0.059916	0.077590
0.042118	0.089651
0.024245	0.101555
0.006492	0.113164
-0.010944	0.124343
-0.027746	0.134841
-0.043967	0.144765
-0.059323	0.153904
-0.073651	0.162163
-0.086804	0.169459
-0.098653	0.175725
-0.109084	0.180909
-0.118005	0.184975
-0.125346	0.187899
-0.131055	0.189676
-0.134850	0.190055
-0.137215	0.189557
-0.137938	0.187991
-0.137063	0.185415
-0.134659	0.181902
-0.130813	0.177541
-0.125638	0.172433
-0.119264	0.166692
-0.111842	0.160442
-0.103537	0.153818
-0.094312	0.146749
-0.084788	0.139801
-0.074958	0.132924
-0.065015	0.126258
-0.055147	0.119936
-0.045530	0.114078
-0.036328	0.108792
-0.027689	0.104170
-0.019741	0.100284
-0.012593	0.097193
-0.006237	0.094861
-0.000966	0.093493
0.003294	0.092995
0.006531	0.093348
0.008752	0.094516
0.009989	0.096447
0.010295	0.099077
0.009738	0.102327
0.008408	0.106110
0.006408	0.110328
0.003911	0.114838
0.000894	0.119641
-0.002408	0.124542
-0.005843	0.129417
-0.009259	0.134143
-0.012505	0.138599
-0.015439	0.142675
-0.017925	0.146269
-0.019843	0.149291
-0.021092	0.151667
-0.021492	0.153248
-0.021168	0.154172
-0.019977	0.154321
-0.017902	0.153691
-0.014945	0.152297
-0.011135	0.150170
-0.006516	0.147358
-0.001154	0.143921
0.004871	0.139929
0.011466	0.135464
0.018601	0.130537
0.026039	0.125366
0.033701	0.120009
0.041456	0.114573
0.049171	0.109167
0.056709	0.103901
0.063939	0.098885
0.070729	0.094228
0.076953	0.090034
0.082491	0.086404
0.087225	0.083446
0.091082	0.081208
0.093945	0.079808
0.095751	0.079305
0.096454	0.079745
0.096037	0.081154
0.094503	0.083539
0.091878	0.086889
0.088212	0.091172
0.083575	0.096342
0.078031	0.102366
0.071716	0.109117
0.064726	0.116539
0.057188	0.124533
0.049240	0.132993
0.041020	0.141809
0.032667	0.150869
0.024318	0.160063
0.016105	0.169281
0.008155	0.178419
0.000689	0.187281
-0.006383	0.195949
-0.012867	0.204247
-0.018675	0.212094
-0.023734	0.219414
-0.027985	0.226146
-0.031386	0.232239
-0.033915	0.237655
-0.035568	0.242372
-0.036361	0.246384
-0.036078	0.249465
-0.035240	0.252070
-0.033726	0.254058
-0.031637	0.255494
-0.029090	0.256455
-0.026213	0.257028
-0.023144	0.257308
-0.020023	0.257395
-0.016992	0.257391
-0.014193	0.257395
-0.011446	0.257219
-0.009457	0.257480
-0.008108	0.258056
-0.007511	0.259034
-0.007761	0.260489
-0.008935	0.262485
-0.011094	0.265076
-0.014281	0.268304
-0.018519	0.272199
-0.023818	0.276781
-0.029820	0.281742
-0.037172	0.287693
-0.045535	0.294356
-0.054843	0.301704
-0.065008	0.309691
-0.075925	0.318259
-0.087465	0.327332
-0.099486	0.336819
-0.111827	0.346618
-0.124320	0.356615
-0.136337	0.366265
-0.148596	0.376284
-0.160477	0.386136
-0.171792	0.395684
-0.182361	0.404796
-0.192012	0.413341
-0.200588	0.421201
-0.207950	0.428266
-0.213978	0.434441
-0.218576	0.439646
-0.221114	0.443286
-0.222667	0.446381
-0.222649	0.448365
-0.221055	0.449218
-0.217903	0.448933
-0.213234	0.447522
-0.207110	0.445006
-0.199615	0.441424
-0.190852	0.436829
-0.180943	0.431285
-0.169521	0.424397
-0.157784	0.417231
-0.145373	0.409397
-0.132463	0.401002
-0.119233	0.392161
-0.105861	0.382989
-0.092525	0.373604
-0.079393	0.364117
-0.066622	0.354637
-0.054354	0.345261
-0.042403	0.335805
-0.031559	0.326949
-0.021535	0.318423
-0.012373	0.310261
-0.004091	0.302475
0.003320	0.295059
0.009894	0.287993
0.015684	0.281240
0.020764	0.274754
0.025217	0.268477
0.029278	0.262247
0.032671	0.256298
0.035743	0.250363
0.038615	0.244367
0.041405	0.238231
0.044230	0.231885
0.047199	0.225260
0.050417	0.218294
0.053978	0.210931
0.057970	0.203120
0.062483	0.194836
0.067450	0.186111
0.073067	0.176812
0.079392	0.166907
0.086471	0.156376
0.094331	0.145208
0.102987	0.133406
0.112436	0.120986
0.122659	0.107977
0.133621	0.094420
0.145131	0.080538
0.157326	0.066139
0.170105	0.051354
0.183395	0.036252
0.197117	0.020911
0.211183	0.005412
0.225506	-0.010162
0.239995	-0.025728
0.254562	-0.041206
0.269124	-0.056519
0.283235	-0.071209
0.297482	-0.085912
0.311521	-0.100269
0.325294	-0.114226
0.338747	-0.127734
0.351831	-0.140744
0.364503	-0.153215
0.376726	-0.165108
0.388471	-0.176394
0.399719	-0.187048
0.409890	-0.196467
0.420071	-0.205770
0.429778	-0.214447
0.439037	-0.222513
0.447882	-0.229995
0.456357	-0.236924
0.464511	-0.243340
0.472397	-0.249290
0.480073	-0.254822
0.487596	-0.259989
0.494319	-0.264119
0.501665	-0.268679
0.509031	-0.273047
0.516452	-0.277260
0.523948	-0.281348
0.531526	-0.285330
0.539180	-0.289215
0.546892	-0.293004
0.554629	-0.296688
0.562355	-0.300254
0.569245	-0.302875
0.576800	-0.306152
0.584209	-0.309273
0.591408	-0.312206
0.598324	-0.314914
0.604881	-0.317358
0.610999	-0.319494
0.616597	-0.321276
0.621592	-0.322655
0.625900	-0.323582
0.628663	-0.323174
0.631406	-0.323096
0.633245	-0.322436
0.634101	-0.321139
0.633901	-0.319150
0.632579	-0.316420
0.630081	-0.312906
0.626365	-0.308576
0.621404	-0.303407
0.615191	-0.297392
0.607064	-0.289799
0.598478	-0.282211
0.588720	-0.273839
0.577830	-0.264711
0.565862	-0.254863
0.552877	-0.244338
0.538946	-0.233186
0.524144	-0.221461
0.508553	-0.209219
0.492255	-0.196520
0.474908	-0.182924
0.457574	-0.169612
0.439796	-0.156033
0.421651	-0.142240
0.403220	-0.128290
0.384581	-0.114238
0.365816	-0.100144
0.347006	-0.086070
0.328234	-0.072077
0.309582	-0.058231
0.290979	-0.044377
0.272910	-0.031119
0.255176	-0.018178
0.237832	-0.005596
0.220922	0.006592
0.204485	0.018359
0.188551	0.029684
0.173143	0.040552
0.158277	0.050956
0.143963	0.060893
0.130266	0.070355
0.117151	0.079280
0.104577	0.087766
0.092532	0.095830
0.081009	0.103489
0.069999	0.110755
0.059497	0.117643
0.049501	0.124164
0.040006	0.130330
0.031012	0.136150
0.022679	0.141511
0.014722	0.146631
0.007225	0.151473
0.000173	0.156063
-0.006455	0.160432
-0.012678	0.164610
-0.018518	0.168628
-0.023996	0.172518
-0.029130	0.176308
-0.033938	0.180025
-0.038228	0.183515
-0.042404	0.187124
-0.046299	0.190724
-0.049915	0.194321
-0.053247	0.197916
-0.056287	0.201500
-0.059022	0.205064
-0.061437	0.208594
-0.063519	0.212071
-0.065253	0.215480
-0.066382	0.218591
-0.067392	0.221814
-0.068042	0.224931
-0.068328	0.227930
-0.068252	0.230799
-0.067815	0.233525
-0.067019	0.236097
-0.065870	0.238503
-0.064371	0.240728
-0.062528	0.242761
-0.060073	0.244345
-0.057562	0.245948
-0.054735	0.247321
-0.051602	0.248449
-0.048175	0.249322
-0.044472	0.249934
-0.040516	0.250285
-0.036338	0.250379
-0.031973	0.250227
-0.027467	0.249849
-0.022608	0.249038
-0.017979	0.248291
-0.013381	0.247415
-0.008874	0.246445
-0.004518	0.245419
-0.000367	0.244371
0.003528	0.243335
0.007119	0.242340
0.010368	0.241410
0.013243	0.240566
0.015935	0.239631
0.017980	0.239011
0.019583	0.238524
0.020742	0.238176
0.021458	0.237968
0.021741	0.237900
0.021604	0.237972
0.021065	0.238181
0.020149	0.238522
0.018883	0.238991
0.017485	0.239410
0.015609	0.240119
0.013495	0.240928
0.011202	0.241817
0.008793	0.242758
0.006340	0.243718
0.003921	0.244661
0.001616	0.245547
-0.000493	0.246334
-0.002325	0.246981
-0.003633	0.247286
-0.004701	0.247552
-0.005279	0.247575
-0.005307	0.247329
-0.004736	0.246792
-0.003527	0.245952
-0.001653	0.244804
0.000900	0.243348
0.004135	0.241595
0.008047	0.239557
0.012750	0.237127
0.017941	0.234592
0.023737	0.231839
0.030101	0.228890
0.036995	0.225772
0.044371	0.222512
0.052177	0.219139
0.060358	0.215682
0.068849	0.212177
0.077583	0.208658
0.086540	0.205120
0.095517	0.201712
0.104496	0.198424
0.113391	0.195302
0.122116	0.192395
0.130584	0.189751
0.138713	0.187414
0.146425	0.185427
0.153648	0.183826
0.160319	0.182639
0.166372	0.181914
0.171781	0.181624
0.176505	0.181794
0.180522	0.182422
0.183821	0.183498
0.186399	0.185005
0.188261	0.186922
0.189418	0.189224
0.189885	0.191882
0.189683	0.194868
0.188838	0.198155
0.187366	0.201700
0.185287	0.205486
0.182630	0.209480
0.179424	0.213652
0.175698	0.217969
0.171488	0.222396
0.166829	0.226897
0.161760	0.231437
0.156320	0.235975
0.150651	0.240385
0.144610	0.244790
0.138312	0.249088
0.131793	0.253249
0.125087	0.257246
0.118225	0.261055
0.111231	0.264662
0.104125	0.268054
0.096923	0.271229
0.089636	0.274189
0.082474	0.276751
0.075056	0.279284
0.067558	0.281646
0.059985	0.283855
0.052345	0.285926
0.044652	0.287873
0.036926	0.289708
0.029191	0.291437
0.021482	0.293062
0.013836	0.294582
0.006563	0.295741
-0.000809	0.297024
-0.007984	0.298191
-0.014905	0.299229
-0.021511	0.300124
-0.027742	0.300861
-0.033538	0.301423
-0.038835	0.301793
-0.043574	0.301953
-0.047694	0.301884
-0.050870	0.301299
-0.053604	0.300731
-0.055557	0.299877
-0.056669	0.298705
-0.056884	0.297182
-0.056148	0.295273
-0.054410	0.292943
-0.051627	0.290155
-0.047762	0.286874
-0.042789	0.283070
-0.036498	0.278511
-0.029332	0.273646
-0.021053	0.268204
-0.011681	0.262177
-0.001250	0.255564
0.010193	0.248375
0.022588	0.240626
0.035862	0.232343
0.049935	0.223557
0.064717	0.214303
0.080131	0.204586
0.095960	0.194602
0.112205	0.184276
0.128769	0.173650
0.145553	0.162767
0.162462	0.151673
0.179398	0.140413
0.196265	0.129038
0.212970	0.117598
0.229419	0.106146
0.245322	0.094922
0.260903	0.083703
0.275971	0.072641
0.290447	0.061792
0.304260	0.051214
0.317344	0.040964
0.329639	0.031098
0.341095	0.021666
0.351672	0.012714
0.361341	0.004282
0.369714	-0.003249
0.377459	-0.010494
0.384291	-0.017162
0.390229	-0.023249
0.395302	-0.028758
0.399547	-0.033695
0.403006	-0.038075
0.405725	-0.041912
0.407756	-0.045228
0.409151	-0.048043
0.409530	-0.049976
0.409789	-0.051843
0.409594	-0.053304
0.409003	-0.054392
0.408075	-0.055141
0.406866	-0.055584
0.405435	-0.055760
0.403840	-0.055707
0.402137	-0.055466
0.400382	-0.055081
0.398205	-0.054206
0.396515	-0.053671
0.394936	-0.053130
0.393509	-0.052619
0.392264	-0.052170
0.391223	-0.051807
0.390398	-0.051545
0.389791	-0.051395
0.389395	-0.051357
0.389193	-0.051425
0.388754	-0.051223
0.388884	-0.051486
0.389121	-0.051808
0.389421	-0.052160
0.389741	-0.052514
0.390037	-0.052839
0.390267	-0.053107
0.390392	-0.053293
0.390379	-0.053374
0.390200	-0.053334
0.389431	-0.052795
0.388885	-0.052497
0.388122	-0.052044
0.387132	-0.051429
0.385908	-0.050647
0.384448	-0.049691
0.382753	-0.048560
0.380826	-0.047252
0.378676	-0.045767
0.376314	-0.044110
0.373373	-0.041943
0.370658	-0.039983
0.367792	-0.037882
0.364801	-0.035655
0.361714	-0.033321
0.358562	-0.030900
0.355376	-0.028417
0.352189	-0.025895
0.349032	-0.023361
0.345934	-0.020839
0.342586	-0.018055
0.339690	-0.015639
0.336914	-0.013297
0.334261	-0.011037
0.331727	-0.008862
0.329299	-0.006768
0.326957	-0.004746
0.324676	-0.002783
0.322426	-0.000863
0.320172	0.001033
0.317605	0.003171
0.315259	0.005056
0.312808	0.006971
0.310216	0.008936
0.307448	0.010970
0.304473	0.013090
0.301261	0.015314
0.297786	0.017656
0.294024	0.020130
0.289954	0.022751
0.285343	0.025727
0.280630	0.028652
0.275554	0.031767
0.270102	0.035086
0.264261	0.038628
0.258023	0.042406
0.251385	0.046430
0.244354	0.050707
0.236941	0.055240
0.229167	0.060022
0.220930	0.065168
0.212565	0.070378
0.203947	0.075792
0.195126	0.081382
0.186162	0.087117
0.177117	0.092959
0.168059	0.098870
0.159057	0.104808
0.150182	0.110733
0.141502	0.116602
0.133055	0.122404
0.124986	0.128030
0.117288	0.133507
0.110013	0.138809
0.103208	0.143914
0.096917	0.148801
0.091176	0.153453
0.086020	0.157853
0.081480	0.161989
0.077579	0.165849
0.074383	0.169369
0.071838	0.172630
0.069973	0.175599
0.068791	0.178275
0.068290	0.180659
0.068460	0.182757
0.069285	0.184579
0.070739	0.186140
0.072789	0.187459
0.075394	0.188562
0.078555	0.189412
0.082131	0.190158
0.086095	0.190788
0.090384	0.191335
0.094935	0.191836
0.099683	0.192321
0.104564	0.192822
0.109518	0.193365
0.114486	0.193973
0.119412	0.194663
0.124270	0.195415
0.128974	0.196299
0.133488	0.197301
0.137771	0.198426
0.141781	0.199677
0.145484	0.201058
0.148844	0.202568
0.151829	0.204209
0.154410	0.205983
0.156560	0.207890
0.158288	0.209899
0.159525	0.212058
0.160275	0.214349
0.160532	0.216765
0.160296	0.219298
0.159576	0.221939
0.158387	0.224672
0.156752	0.227479
0.154700	0.230341
0.152265	0.233237
0.149555	0.236080
0.146483	0.238963
0.143143	0.241819
0.139577	0.244631
0.135825	0.247384
0.131925	0.250067
0.127911	0.252672
0.123816	0.255196
0.119666	0.257636
0.115487	0.259995
0.111410	0.262171
0.107240	0.264369
0.103087	0.266507
0.098961	0.268591
0.094875	0.270629
0.090838	0.272623
0.086857	0.274579
0.082938	0.276498
0.079086	0.278383
0.075301	0.280238
0.071734	0.281922
0.068081	0.283722
0.064469	0.285516
0.060887	0.287312
0.057323	0.289120
0.053763	0.290950
0.050194	0.292811
0.046605	0.294712
0.042987	0.296661
0.039334	0.298664
0.035844	0.300534
0.032127	0.302645
0.028383	0.304815
0.024631	0.307031
0.020900	0.309279
0.017225	0.311539
0.013645	0.313787
0.010206	0.315999
0.006957	0.318147
0.003947	0.320206
0.001468	0.321908
-0.000921	0.323715
-0.002940	0.325373
-0.004545	0.326865
-0.005697	0.328176
-0.006360	0.329297
-0.006504	0.330217
-0.006102	0.330932
-0.005132	0.331438
-0.003574	0.331733
-0.001163	0.331562
0.001597	0.331440
0.004963	0.331119
0.008938	0.330601
0.013518	0.329889
0.018696	0.328990
0.024458	0.327911
0.030785	0.326662
0.037649	0.325258
0.045015	0.323714
0.053056	0.321849
0.061280	0.320106
0.069852	0.318305
0.078714	0.316476
0.087802	0.314648
0.097050	0.312851
