1          -1.854752313152270347e+02
2          -1.854752313099535002e+02
3          -1.854752313013145226e+02
4          -1.854752312894306669e+02
5          -1.854752312743020468e+02
6          -1.854752312561976453e+02
7          -1.854752312352441095e+02
8          -1.854752312118073405e+02
9          -1.854752311860729037e+02
10           -1.854752311582198558e+02
11           -1.854752311286893018e+02
12           -1.854752310976484182e+02
13           -1.854752310655434258e+02
14           -1.854752310325503117e+02
15           -1.854752309990110177e+02
16           -1.854752309653642612e+02
17           -1.854752309316637024e+02
18           -1.854752308983852913e+02
19           -1.854752308656222510e+02
20           -1.854752308336662168e+02
21           -1.854752308026755827e+02
22           -1.854752307730286134e+02
23           -1.854752307445615145e+02
24           -1.854752307176911188e+02
25           -1.854752306923215031e+02
26           -1.854752306686384031e+02
27           -1.854752306466805294e+02
28           -1.854752306265052368e+02
29           -1.854752306079360267e+02
30           -1.854752305911957251e+02
31           -1.854752305760334821e+02
32           -1.854752305625359554e+02
33           -1.854752305505379013e+02
34           -1.854752305400288321e+02
35           -1.854752305308515758e+02
36           -1.854752305229109197e+02
37           -1.854752305161871675e+02
38           -1.854752305104552761e+02
39           -1.854752305056311172e+02
40           -1.854752305016219509e+02
41           -1.854752304982209807e+02
42           -1.854752304955146371e+02
43           -1.854752304931418792e+02
44           -1.854752304911806675e+02
45           -1.854752304894946064e+02
46           -1.854752304880192071e+02
47           -1.854752304866151462e+02
48           -1.854752304852692646e+02
49           -1.854752304838628163e+02
50           -1.854752304824189935e+02
51           -1.854752304808866086e+02
52           -1.854752304792179132e+02
53           -1.854752304775018672e+02
54           -1.854752304756536887e+02
55           -1.854752304735718553e+02
56           -1.854752304715587741e+02
57           -1.854752304693534199e+02
58           -1.854752304672418290e+02
59           -1.854752304651741497e+02
60           -1.854752304631031166e+02
61           -1.854752304613541014e+02
62           -1.854752304597360535e+02
63           -1.854752304585824731e+02
64           -1.854752304578416329e+02
65           -1.854752304576153392e+02
66           -1.854752304580383964e+02
67           -1.854752304593159238e+02
68           -1.854752304614086427e+02
69           -1.854752304644903802e+02
70           -1.854752304687672790e+02
71           -1.854752304742922036e+02
72           -1.854752304810618853e+02
73           -1.854752304893942210e+02
74           -1.854752304992767336e+02
75           -1.854752305107356278e+02
76           -1.854752305239117049e+02
77           -1.854752305389070841e+02
78           -1.854752305556910414e+02
79           -1.854752305744288776e+02
80           -1.854752305949321283e+02
81           -1.854752306173482737e+02
82           -1.854752306416054068e+02
83           -1.854752306676166427e+02
84           -1.854752306953185439e+02
85           -1.854752307246135956e+02
86           -1.854752307553703758e+02
87           -1.854752307874151995e+02
88           -1.854752308206143141e+02
89           -1.854752308547310520e+02
90           -1.854752308896719626e+02
91           -1.854752309249692530e+02
92           -1.854752309604274103e+02
93           -1.854752309958851413e+02
94           -1.854752310310797441e+02
95           -1.854752310654752989e+02
96           -1.854752310990018600e+02
97           -1.854752311313519044e+02
98           -1.854752311621482761e+02
99           -1.854752311911234131e+02
100         -1.854752312180436888e+02
101         -1.854752312425733578e+02
102         -1.854752312644786230e+02
103         -1.854752312835994417e+02
104         -1.854752312997728723e+02
105         -1.854752313126799095e+02
106         -1.854752313223708597e+02
107         -1.854752313285866592e+02
108         -1.854752313312294518e+02
109         -1.854752313305178859e+02
110         -1.854752313262186476e+02
111         -1.854752313183511774e+02
112         -1.854752313071352035e+02
113         -1.854752312926039224e+02
114         -1.854752312749073724e+02
115         -1.854752312541318133e+02
116         -1.854752312305602686e+02
117         -1.854752312044947473e+02
118         -1.854752311759456518e+02
119         -1.854752311453993343e+02
120         -1.854752311131000511e+02
121         -1.854752310791991761e+02
122         -1.854752310441953966e+02
123         -1.854752310082189695e+02
124         -1.854752309716801619e+02
125         -1.854752309348328083e+02
126         -1.854752308980272915e+02
127         -1.854752308616266134e+02
128         -1.854752308257331492e+02
129         -1.854752307907676254e+02
130         -1.854752307568731737e+02
131         -1.854752307243876430e+02
132         -1.854752306933627324e+02
133         -1.854752306641700841e+02
134         -1.854752306368654047e+02
135         -1.854752306115583451e+02
136         -1.854752305884713337e+02
137         -1.854752305675132789e+02
138         -1.854752305489714672e+02
139         -1.854752305326333044e+02
140         -1.854752305187516299e+02
141         -1.854752305070601039e+02
142         -1.854752304977473898e+02
143         -1.854752304906011773e+02
144         -1.854752304856289982e+02
145         -1.854752304826548368e+02
146         -1.854752304816105379e+02
147         -1.854752304824243652e+02
148         -1.854752304848765050e+02
149         -1.854752304887837226e+02
150         -1.854752304940476506e+02
151         -1.854752305005053188e+02
152         -1.854752305080662040e+02
153         -1.854752305163066239e+02
154         -1.854752305252736164e+02
155         -1.854752305347148251e+02
156         -1.854752305444589808e+02
157         -1.854752305544550950e+02
158         -1.854752305644146588e+02
159         -1.854752305742865417e+02
160         -1.854752305838003963e+02
161         -1.854752305931083640e+02
162         -1.854752306018986872e+02
163         -1.854752306101320301e+02
164         -1.854752306176783634e+02
165         -1.854752306247270042e+02
166         -1.854752306309430026e+02
167         -1.854752306364340200e+02
168         -1.854752306413186602e+02
169         -1.854752306453946460e+02
170         -1.854752306488108218e+02
171         -1.854752306516286637e+02
172         -1.854752306538954940e+02
173         -1.854752306555854489e+02
174         -1.854752306569204165e+02
175         -1.854752306578043601e+02
176         -1.854752306584904034e+02
177         -1.854752306589965087e+02
178         -1.854752306594051845e+02
179         -1.854752306599205269e+02
180         -1.854752306605471404e+02
181         -1.854752306614402357e+02
182         -1.854752306626520522e+02
183         -1.854752306642461690e+02
184         -1.854752306663619379e+02
185         -1.854752306690030821e+02
186         -1.854752306723303548e+02
187         -1.854752306763265608e+02
188         -1.854752306810829339e+02
189         -1.854752306865520950e+02
190         -1.854752306927725556e+02
191         -1.854752306997959010e+02
192         -1.854752307076532247e+02
193         -1.854752307162931402e+02
194         -1.854752307256872541e+02
195         -1.854752307357481413e+02
196         -1.854752307465485046e+02
197         -1.854752307578977479e+02
198         -1.854752307699151004e+02
199         -1.854752307822780324e+02
200         -1.854752307951058867e+02
201         -1.854752308083377841e+02
202         -1.854752308217261429e+02
203         -1.854752308352501018e+02
204         -1.854752308489104280e+02
205         -1.854752308624122747e+02
206         -1.854752308757737183e+02
207         -1.854752308888861307e+02
208         -1.854752309016747915e+02
209         -1.854752309138599458e+02
210         -1.854752309254742784e+02
211         -1.854752309364122596e+02
212         -1.854752309464255688e+02
213         -1.854752309556200487e+02
214         -1.854752309637607937e+02
215         -1.854752309708307791e+02
216         -1.854752309766484757e+02
217         -1.854752309812769226e+02
218         -1.854752309845172817e+02
219         -1.854752309864880999e+02
220         -1.854752309870920044e+02
221         -1.854752309861765127e+02
222         -1.854752309839352620e+02
223         -1.854752309804056267e+02
224         -1.854752309753581301e+02
225         -1.854752309690842083e+02
226         -1.854752309616725654e+02
227         -1.854752309529723959e+02
228         -1.854752309433208666e+02
229         -1.854752309326446209e+02
230         -1.854752309211809802e+02
231         -1.854752309090919766e+02
232         -1.854752308963906557e+02
233         -1.854752308832849224e+02
234         -1.854752308699809760e+02
235         -1.854752308565003602e+02
236         -1.854752308431079939e+02
237         -1.854752308299059962e+02
238         -1.854752308169331627e+02
239         -1.854752308044785991e+02
240         -1.854752307925159585e+02
241         -1.854752307812549645e+02
242         -1.854752307706087606e+02
243         -1.854752307608801516e+02
244         -1.854752307519696330e+02
245         -1.854752307438974412e+02
246         -1.854752307367456297e+02
247         -1.854752307305232080e+02
248         -1.854752307252118726e+02
249         -1.854752307207007220e+02
250         -1.854752307170662391e+02
251         -1.854752307142688039e+02
252         -1.854752307121192132e+02
253         -1.854752307105862030e+02
254         -1.854752307096490824e+02
255         -1.854752307091202965e+02
256         -1.854752307090230659e+02
257         -1.854752307092171293e+02
258         -1.854752307095231458e+02
259         -1.854752307100791597e+02
260         -1.854752307105384830e+02
261         -1.854752307109755236e+02
262         -1.854752307112675567e+02
263         -1.854752307113438405e+02
264         -1.854752307112292158e+02
265         -1.854752307107246168e+02
266         -1.854752307098813162e+02
267         -1.854752307087140935e+02
268         -1.854752307071788948e+02
269         -1.854752307052022502e+02
270         -1.854752307027584095e+02
271         -1.854752307000946701e+02
272         -1.854752306969944868e+02
273         -1.854752306935862691e+02
274         -1.854752306899896155e+02
275         -1.854752306861003035e+02
276         -1.854752306821124250e+02
277         -1.854752306779850244e+02
278         -1.854752306738388938e+02
279         -1.854752306698074165e+02
280         -1.854752306658439238e+02
281         -1.854752306620470392e+02
282         -1.854752306585864119e+02
283         -1.854752306554739505e+02
284         -1.854752306527092287e+02
285         -1.854752306504459227e+02
286         -1.854752306486873579e+02
287         -1.854752306474604779e+02
288         -1.854752306468777192e+02
289         -1.854752306469501661e+02
290         -1.854752306476394210e+02
291         -1.854752306489878890e+02
292         -1.854752306510194444e+02
293         -1.854752306536656477e+02
294         -1.854752306569630491e+02
295         -1.854752306608476147e+02
296         -1.854752306653946334e+02
297         -1.854752306703416878e+02
298         -1.854752306758690565e+02
299         -1.854752306817654244e+02
300         -1.854752306880072013e+02
301         -1.854752306944486122e+02
302         -1.854752307012448398e+02
303         -1.854752307080935054e+02
304         -1.854752307150090189e+02
305         -1.854752307219686998e+02
306         -1.854752307287860731e+02
307         -1.854752307354333425e+02
308         -1.854752307420503996e+02
309         -1.854752307482430069e+02
310         -1.854752307542363496e+02
311         -1.854752307599652568e+02
312         -1.854752307652328795e+02
313         -1.854752307702654548e+02
314         -1.854752307748265139e+02
315         -1.854752307791430610e+02
316         -1.854752307829731421e+02
317         -1.854752307865697674e+02
318         -1.854752307898078243e+02
319         -1.854752307928551716e+02
320         -1.854752307955212984e+02
321         -1.854752307979948966e+02
322         -1.854752308003779717e+02
323         -1.854752308025578600e+02
324         -1.854752308046243172e+02
325         -1.854752308065674811e+02
326         -1.854752308085867014e+02
327         -1.854752308105541658e+02
328         -1.854752308124685953e+02
329         -1.854752308144391293e+02
330         -1.854752308164381134e+02
331         -1.854752308184592664e+02
332         -1.854752308204957387e+02
333         -1.854752308226657647e+02
334         -1.854752308248377517e+02
335         -1.854752308270583114e+02
336         -1.854752308292057705e+02
337         -1.854752308315305527e+02
338         -1.854752308337610884e+02
339         -1.854752308359587403e+02
340         -1.854752308381241050e+02
341         -1.854752308402655956e+02
342         -1.854752308423158809e+02
343         -1.854752308443629261e+02
344         -1.854752308462246049e+02
345         -1.854752308481174339e+02
346         -1.854752308498729292e+02
347         -1.854752308515461152e+02
348         -1.854752308530872824e+02
349         -1.854752308546023869e+02
350         -1.854752308559587561e+02
351         -1.854752308571784170e+02
352         -1.854752308582683327e+02
353         -1.854752308593090220e+02
354         -1.854752308601440802e+02
355         -1.854752308608793214e+02
356         -1.854752308613601599e+02
357         -1.854752308618240022e+02
358         -1.854752308620049916e+02
359         -1.854752308621277450e+02
360         -1.854752308619611085e+02
361         -1.854752308615599361e+02
362         -1.854752308610793534e+02
363         -1.854752308602914468e+02
364         -1.854752308593181738e+02
365         -1.854752308581444993e+02
366         -1.854752308567042576e+02
367         -1.854752308550552300e+02
368         -1.854752308532893608e+02
369         -1.854752308512414061e+02
370         -1.854752308491448503e+02
371         -1.854752308469042248e+02
372         -1.854752308445042956e+02
373         -1.854752308420648887e+02
374         -1.854752308395468390e+02
375         -1.854752308370259186e+02
376         -1.854752308346257053e+02
377         -1.854752308322748888e+02
378         -1.854752308300431878e+02
379         -1.854752308279875308e+02
380         -1.854752308261897440e+02
381         -1.854752308246002315e+02
382         -1.854752308231859956e+02
383         -1.854752308221729322e+02
384         -1.854752308214084167e+02
385         -1.854752308208754528e+02
386         -1.854752308207186786e+02
387         -1.854752308208539944e+02
388         -1.854752308210826754e+02
389         -1.854752308216770871e+02
390         -1.854752308222965382e+02
391         -1.854752308230727920e+02
392         -1.854752308238110459e+02
393         -1.854752308244495111e+02
394         -1.854752308249415478e+02
395         -1.854752308250997146e+02
396         -1.854752308249481132e+02
397         -1.854752308242370304e+02
398         -1.854752308228449920e+02
399         -1.854752308207181670e+02
400         -1.854752308178220233e+02
401         -1.854752308139433694e+02
402         -1.854752308090812960e+02
403         -1.854752308030327868e+02
404         -1.854752307958730739e+02
405         -1.854752307875677957e+02
406         -1.854752307779819773e+02
407         -1.854752307670734410e+02
408         -1.854752307551227375e+02
409         -1.854752307419740873e+02
410         -1.854752307276677925e+02
411         -1.854752307124972219e+02
412         -1.854752306965133641e+02
413         -1.854752306797366259e+02
414         -1.854752306625569815e+02
415         -1.854752306448992272e+02
416         -1.854752306273019542e+02
417         -1.854752306096706889e+02
418         -1.854752305924500320e+02
419         -1.854752305756954911e+02
420         -1.854752305597681357e+02
421         -1.854752305448808727e+02
422         -1.854752305311785676e+02
423         -1.854752305188252137e+02
424         -1.854752305081728991e+02
425         -1.854752304991800997e+02
426         -1.854752304921676114e+02
427         -1.854752304870531532e+02
428         -1.854752304840059196e+02
429         -1.854752304831168317e+02
430         -1.854752304843438253e+02
431         -1.854752304876367646e+02
432         -1.854752304929913862e+02
433         -1.854752305002466812e+02
434         -1.854752305094394842e+02
435         -1.854752305202339357e+02
436         -1.854752305326148019e+02
437         -1.854752305462353377e+02
438         -1.854752305611310135e+02
439         -1.854752305768735994e+02
440         -1.854752305933903642e+02
441         -1.854752306102961086e+02
442         -1.854752306275744047e+02
443         -1.854752306448899617e+02
444         -1.854752306621932689e+02
445         -1.854752306791105809e+02
446         -1.854752306955405743e+02
447         -1.854752307114491146e+02
448         -1.854752307266091407e+02
449         -1.854752307410082892e+02
450         -1.854752307544809753e+02
451         -1.854752307670713947e+02
452         -1.854752307786977781e+02
453         -1.854752307894070782e+02
454         -1.854752307992563658e+02
455         -1.854752308081914123e+02
456         -1.854752308163297982e+02
457         -1.854752308238361422e+02
458         -1.854752308306934765e+02
459         -1.854752308370558467e+02
460         -1.854752308429832510e+02
461         -1.854752308486575600e+02
462         -1.854752308540756189e+02
463         -1.854752308594649151e+02
464         -1.854752308648882604e+02
465         -1.854752308704478025e+02
466         -1.854752308762195412e+02
467         -1.854752308823311466e+02
468         -1.854752308888560606e+02
469         -1.854752308957715456e+02
470         -1.854752309032413109e+02
471         -1.854752309112368778e+02
472         -1.854752309197549209e+02
473         -1.854752309288126924e+02
474         -1.854752309384419107e+02
475         -1.854752309486406432e+02
476         -1.854752309593707196e+02
477         -1.854752309705553159e+02
478         -1.854752309820285632e+02
479         -1.854752309939817394e+02
480         -1.854752310060777916e+02
481         -1.854752310184292696e+02
482         -1.854752310307771381e+02
483         -1.854752310431399280e+02
484         -1.854752310553466259e+02
485         -1.854752310672536169e+02
486         -1.854752310786479086e+02
487         -1.854752310895370613e+02
488         -1.854752310997260452e+02
489         -1.854752311090798571e+02
490         -1.854752311174943600e+02
491         -1.854752311246202794e+02
492         -1.854752311305148282e+02
493         -1.854752311349648153e+02
494         -1.854752311377984029e+02
495         -1.854752311388190549e+02
496         -1.854752311379621403e+02
497         -1.854752311351022342e+02
498         -1.854752311301142242e+02
499         -1.854752311229196096e+02
500         -1.854752311133085243e+02
501         -1.854752311012389896e+02
502         -1.854752310867843335e+02
503         -1.854752310697037672e+02
504         -1.854752310500501267e+02
505         -1.854752310279358198e+02
506         -1.854752310031837510e+02
507         -1.854752309760103799e+02
508         -1.854752309464389839e+02
509         -1.854752309146113305e+02
510         -1.854752308805980476e+02
511         -1.854752308445444839e+02
512         -1.854752308068386242e+02
513         -1.854752307675410066e+02
514         -1.854752307268566653e+02
515         -1.854752306852001595e+02
516         -1.854752306427978112e+02
517         -1.854752306000216890e+02
518         -1.854752305571788042e+02
519         -1.854752305146694766e+02
520         -1.854752304727632293e+02
521         -1.854752304319935376e+02
522         -1.854752303927633648e+02
523         -1.854752303553826493e+02
524         -1.854752303203492545e+02
525         -1.854752302880007733e+02
526         -1.854752302587502015e+02
527         -1.854752302330106204e+02
528         -1.854752302110545372e+02
529         -1.854752301932642240e+02
530         -1.854752301800482712e+02
531         -1.854752301714845544e+02
532         -1.854752301678946367e+02
533         -1.854752301693877143e+02
534         -1.854752301759984334e+02
535         -1.854752301879570382e+02
536         -1.854752302049831485e+02
537         -1.854752302271650422e+02
538         -1.854752302542861742e+02
539         -1.854752302859398299e+02
540         -1.854752303219533189e+02
541         -1.854752303619061422e+02
542         -1.854752304053063483e+02
543         -1.854752304516735819e+02
544         -1.854752305002013770e+02
545         -1.854752305504538583e+02
546         -1.854752306016259240e+02
547         -1.854752306529698842e+02
548         -1.854752307038735637e+02
549         -1.854752307534809859e+02
550         -1.854752308010674540e+02
551         -1.854752308459973733e+02
552         -1.854752308876412314e+02
553         -1.854752309253402132e+02
554         -1.854752309586302488e+02
555         -1.854752309870503950e+02
556         -1.854752310102923900e+02
557         -1.854752310282407279e+02
558         -1.854752310406413756e+02
559         -1.854752310476011701e+02
560         -1.854752310492355321e+02
561         -1.854752310457261615e+02
562         -1.854752310374688307e+02
563         -1.854752310248712774e+02
564         -1.854752310085192448e+02
565         -1.854752309888657749e+02
566         -1.854752309665991845e+02
567         -1.854752309425261103e+02
568         -1.854752309171540503e+02
569         -1.854752308912991055e+02
570         -1.854752308655227750e+02
571         -1.854752308406771988e+02
572         -1.854752308172317612e+02
573         -1.854752307958350457e+02
574         -1.854752307769533957e+02
575         -1.854752307609695947e+02
576         -1.854752307484307039e+02
577         -1.854752307394681736e+02
578         -1.854752307342894255e+02
579         -1.854752307332247767e+02
580         -1.854752307360633949e+02
581         -1.854752307429406244e+02
582         -1.854752307537729621e+02
583         -1.854752307683503432e+02
584         -1.854752307864957288e+02
585         -1.854752308078741407e+02
586         -1.854752308322711656e+02
587         -1.854752308593342605e+02
588         -1.854752308885833259e+02
589         -1.854752309195918087e+02
590         -1.854752309520658571e+02
591         -1.854752309854116277e+02
592         -1.854752310192824893e+02
593         -1.854752310531175112e+02
594         -1.854752310865610241e+02
595         -1.854752311191188880e+02
596         -1.854752311503216617e+02
597         -1.854752311797718960e+02
598         -1.854752312071605900e+02
599         -1.854752312319997429e+02
600         -1.854752312539695254e+02
601         -1.854752312727619881e+02
602         -1.854752312880318925e+02
603         -1.854752312996081400e+02
604         -1.854752313073135213e+02
605         -1.854752313108610622e+02
606         -1.854752313102326866e+02
607         -1.854752313052853196e+02
608         -1.854752312960191887e+02
609         -1.854752312822910483e+02
610         -1.854752312643938694e+02
611         -1.854752312421707359e+02
612         -1.854752312159754126e+02
613         -1.854752311857398865e+02
614         -1.854752311519118564e+02
615         -1.854752311146801560e+02
616         -1.854752310744364650e+02
617         -1.854752310312944701e+02
618         -1.854752309857509260e+02
619         -1.854752309382552369e+02
620         -1.854752308891038410e+02
621         -1.854752308388348183e+02
622         -1.854752307878931674e+02
623         -1.854752307367000128e+02
624         -1.854752306858537452e+02
625         -1.854752306357220561e+02
626         -1.854752305867674806e+02
627         -1.854752305394522125e+02
628         -1.854752304943676222e+02
629         -1.854752304518372910e+02
630         -1.854752304122407622e+02
631         -1.854752303760351424e+02
632         -1.854752303434604812e+02
633         -1.854752303148788144e+02
634         -1.854752302904556984e+02
635         -1.854752302705251736e+02
636         -1.854752302551142975e+02
637         -1.854752302443832832e+02
638         -1.854752302383331823e+02
639         -1.854752302370478958e+02
640         -1.854752302402405917e+02
641         -1.854752302479553236e+02
642         -1.854752302599612790e+02
643         -1.854752302759798965e+02
644         -1.854752302956935637e+02
645         -1.854752303187678990e+02
646         -1.854752303449316457e+02
647         -1.854752303736127601e+02
648         -1.854752304044593814e+02
649         -1.854752304370503566e+02
650         -1.854752304708679276e+02
651         -1.854752305054768158e+02
652         -1.854752305403202115e+02
653         -1.854752305749458685e+02
654         -1.854752306090466334e+02
655         -1.854752306421456183e+02
656         -1.854752306738058110e+02
657         -1.854752307038662877e+02
658         -1.854752307319566285e+02
659         -1.854752307579145736e+02
660         -1.854752307814475785e+02
661         -1.854752308024486354e+02
662         -1.854752308207819738e+02
663         -1.854752308365609679e+02
664         -1.854752308496275646e+02
665         -1.854752308601063930e+02
666         -1.854752308682197679e+02
667         -1.854752308738961517e+02
668         -1.854752308772812910e+02
669         -1.854752308787738571e+02
670         -1.854752308784829893e+02
671         -1.854752308765690429e+02
672         -1.854752308733951338e+02
673         -1.854752308691395228e+02
674         -1.854752308640061642e+02
675         -1.854752308584606340e+02
676         -1.854752308525832518e+02
677         -1.854752308466930231e+02
678         -1.854752308410203625e+02
679         -1.854752308356485742e+02
680         -1.854752308311073534e+02
681         -1.854752308272582297e+02
682         -1.854752308243632513e+02
683         -1.854752308226271964e+02
684         -1.854752308220583359e+02
685         -1.854752308228129891e+02
686         -1.854752308249395867e+02
687         -1.854752308283643174e+02
688         -1.854752308333072506e+02
689         -1.854752308396437286e+02
690         -1.854752308472951654e+02
691         -1.854752308561926952e+02
692         -1.854752308662924349e+02
693         -1.854752308774165499e+02
694         -1.854752308895189969e+02
695         -1.854752309024504484e+02
696         -1.854752309160151640e+02
697         -1.854752309300139075e+02
698         -1.854752309442627904e+02
699         -1.854752309586845911e+02
700         -1.854752309729752540e+02
701         -1.854752309869396356e+02
702         -1.854752310004051026e+02
703         -1.854752310131068782e+02
704         -1.854752310250834171e+02
705         -1.854752310359056935e+02
706         -1.854752310455570807e+02
707         -1.854752310537928963e+02
708         -1.854752310605160801e+02
709         -1.854752310656772352e+02
710         -1.854752310691048649e+02
711         -1.854752310706666378e+02
712         -1.854752310703413798e+02
713         -1.854752310682289078e+02
714         -1.854752310641058841e+02
715         -1.854752310580871324e+02
716         -1.854752310502165074e+02
717         -1.854752310403996205e+02
718         -1.854752310289642310e+02
719         -1.854752310157444981e+02
720         -1.854752310009823759e+02
721         -1.854752309847512777e+02
722         -1.854752309671535784e+02
723         -1.854752309484023272e+02
724         -1.854752309287071057e+02
725         -1.854752309080436419e+02
726         -1.854752308867871875e+02
727         -1.854752308649620716e+02
728         -1.854752308427946730e+02
729         -1.854752308204553231e+02
730         -1.854752307980949979e+02
731         -1.854752307758586198e+02
732         -1.854752307539860112e+02
733         -1.854752307325007905e+02
734         -1.854752307115785186e+02
735         -1.854752306915174245e+02
736         -1.854752306721079265e+02
737         -1.854752306537677100e+02
738         -1.854752306363657510e+02
739         -1.854752306201179124e+02
740         -1.854752306050291111e+02
741         -1.854752305910649568e+02
742         -1.854752305783665065e+02
743         -1.854752305668751831e+02
744         -1.854752305566505584e+02
745         -1.854752305476430365e+02
746         -1.854752305399344152e+02
747         -1.854752305333996674e+02
748         -1.854752305278714459e+02
749         -1.854752305235710139e+02
750         -1.854752305202072762e+02
751         -1.854752305178720064e+02
752         -1.854752305164358290e+02
753         -1.854752305158857837e+02
754         -1.854752305160675405e+02
755         -1.854752305170413820e+02
756         -1.854752305186248975e+02
757         -1.854752305209020733e+02
758         -1.854752305237955738e+02
759         -1.854752305272537569e+02
760         -1.854752305311835414e+02
761         -1.854752305357637567e+02
762         -1.854752305410333975e+02
763         -1.854752305468044824e+02
764         -1.854752305533186814e+02
765         -1.854752305605982201e+02
766         -1.854752305686579348e+02
767         -1.854752305777525407e+02
768         -1.854752305879478627e+02
769         -1.854752305992863342e+02
770         -1.854752306120330161e+02
771         -1.854752306262591333e+02
772         -1.854752306421373191e+02
773         -1.854752306597102915e+02
774         -1.854752306791853016e+02
775         -1.854752307005102239e+02
776         -1.854752307236753950e+02
777         -1.854752307487803193e+02
778         -1.854752307756619700e+02
779         -1.854752308042585867e+02
780         -1.854752308341750222e+02
781         -1.854752308652190038e+02
782         -1.854752308970839749e+02
783         -1.854752309293059795e+02
784         -1.854752309615002730e+02
785         -1.854752309930356944e+02
786         -1.854752310233569688e+02
787         -1.854752310520127594e+02
788         -1.854752310783408120e+02
789         -1.854752311018000626e+02
790         -1.854752311218641410e+02
791         -1.854752311381337222e+02
792         -1.854752311500319308e+02
793         -1.854752311573304269e+02
794         -1.854752311598508925e+02
795         -1.854752311573659540e+02
796         -1.854752311499893267e+02
797         -1.854752311376707894e+02
798         -1.854752311208749234e+02
799         -1.854752310997982647e+02
800         -1.854752310747738306e+02
801         -1.854752310465736116e+02
802         -1.854752310156577551e+02
803         -1.854752309827531747e+02
804         -1.854752309484959483e+02
805         -1.854752309136183328e+02
806         -1.854752308788544042e+02
807         -1.854752308449155862e+02
808         -1.854752308123993316e+02
809         -1.854752307819309749e+02
810         -1.854752307540893810e+02
811         -1.854752307293666433e+02
812         -1.854752307080403000e+02
813         -1.854752306904389343e+02
814         -1.854752306768252197e+02
815         -1.854752306671675512e+02
816         -1.854752306616626925e+02
817         -1.854752306602138390e+02
818         -1.854752306625409801e+02
819         -1.854752306686764314e+02
820         -1.854752306783002780e+02
821         -1.854752306911173321e+02
822         -1.854752307067412289e+02
823         -1.854752307247728993e+02
824         -1.854752307449451507e+02
825         -1.854752307668760238e+02
826         -1.854752307900025130e+02
827         -1.854752308140561752e+02
828         -1.854752308386705693e+02
829         -1.854752308633995028e+02
830         -1.854752308878879319e+02
831         -1.854752309117770039e+02
832         -1.854752309348081667e+02
833         -1.854752309565522239e+02
834         -1.854752309769268948e+02
835         -1.854752309954839404e+02
836         -1.854752310122089511e+02
837         -1.854752310267568021e+02
838         -1.854752310390788068e+02
839         -1.854752310490704019e+02
840         -1.854752310564765594e+02
841         -1.854752310612612405e+02
842         -1.854752310634890762e+02
843         -1.854752310630844079e+02
844         -1.854752310599632494e+02
845         -1.854752310543153158e+02
846         -1.854752310461406068e+02
847         -1.854752310353691769e+02
848         -1.854752310223745155e+02
849         -1.854752310070942372e+02
850         -1.854752309898752003e+02
851         -1.854752309706568383e+02
852         -1.854752309498130103e+02
853         -1.854752309274630875e+02
854         -1.854752309038955502e+02
855         -1.854752308793210602e+02
856         -1.854752308540731462e+02
857         -1.854752308284625997e+02
858         -1.854752308026367871e+02
859         -1.854752307769283561e+02
860         -1.854752307517541396e+02
861         -1.854752307272539440e+02
862         -1.854752307038503432e+02
863         -1.854752306818226089e+02
864         -1.854752306613673056e+02
865         -1.854752306428869417e+02
866         -1.854752306265080506e+02
867         -1.854752306126479482e+02
868         -1.854752306012614156e+02
869         -1.854752305927508758e+02
870         -1.854752305870818532e+02
871         -1.854752305844638158e+02
872         -1.854752305849402774e+02
873         -1.854752305884551618e+02
874         -1.854752305950828202e+02
875         -1.854752306047228672e+02
876         -1.854752306171383509e+02
877         -1.854752306322434947e+02
878         -1.854752306496909569e+02
879         -1.854752306693227411e+02
880         -1.854752306907982131e+02
881         -1.854752307136510865e+02
882         -1.854752307376924989e+02
883         -1.854752307622796081e+02
884         -1.854752307869836159e+02
885         -1.854752308115195660e+02
886         -1.854752308354318302e+02
887         -1.854752308581859381e+02
888         -1.854752308794165003e+02
889         -1.854752308987612821e+02
890         -1.854752309158494654e+02
891         -1.854752309303650293e+02
892         -1.854752309421446910e+02
893         -1.854752309508426151e+02
894         -1.854752309565575388e+02
895         -1.854752309589953825e+02
896         -1.854752309583632837e+02
897         -1.854752309546655340e+02
898         -1.854752309479782753e+02
899         -1.854752309385106059e+02
900         -1.854752309264893881e+02
901         -1.854752309122603151e+02
902         -1.854752308960655398e+02
903         -1.854752308782654495e+02
904         -1.854752308592375982e+02
905         -1.854752308394522800e+02
906         -1.854752308191190195e+02
907         -1.854752307986799451e+02
908         -1.854752307784471554e+02
909         -1.854752307588057931e+02
910         -1.854752307399754159e+02
911         -1.854752307223728565e+02
912         -1.854752307061292242e+02
913         -1.854752306913802613e+02
914         -1.854752306784488383e+02
915         -1.854752306673379110e+02
916         -1.854752306580753043e+02
917         -1.854752306508481752e+02
918         -1.854752306455881978e+02
919         -1.854752306422655863e+02
920         -1.854752306407931428e+02
921         -1.854752306411933773e+02
922         -1.854752306433510398e+02
923         -1.854752306472122143e+02
924         -1.854752306524311791e+02
925         -1.854752306591539934e+02
926         -1.854752306670705195e+02
927         -1.854752306761236014e+02
928         -1.854752306860963813e+02
929         -1.854752306969383255e+02
930         -1.854752307084851566e+02
931         -1.854752307206221644e+02
932         -1.854752307332237535e+02
933         -1.854752307460904035e+02
934         -1.854752307591283795e+02
935         -1.854752307723657339e+02
936         -1.854752307855802087e+02
937         -1.854752307987725430e+02
938         -1.854752308117698476e+02
939         -1.854752308244426047e+02
940         -1.854752308369083380e+02
941         -1.854752308490628536e+02
942         -1.854752308607374403e+02
943         -1.854752308719524478e+02
944         -1.854752308825682974e+02
945         -1.854752308927267279e+02
946         -1.854752309023706118e+02
947         -1.854752309112454896e+02
948         -1.854752309196795750e+02
949         -1.854752309273592630e+02
950         -1.854752309344058574e+02
951         -1.854752309408603423e+02
952         -1.854752309465881410e+02
953         -1.854752309516900937e+02
954         -1.854752309562092023e+02
955         -1.854752309600958426e+02
956         -1.854752309634150720e+02
957         -1.854752309661642471e+02
958         -1.854752309683399574e+02
959         -1.854752309700939179e+02
960         -1.854752309713277896e+02
961         -1.854752309720797143e+02
962         -1.854752309725073758e+02
963         -1.854752309725120369e+02
964         -1.854752309722319978e+02
965         -1.854752309716648426e+02
966         -1.854752309707614586e+02
967         -1.854752309695583676e+02
968         -1.854752309681093436e+02
969         -1.854752309664876009e+02
970         -1.854752309645361947e+02
971         -1.854752309622303414e+02
972         -1.854752309596246675e+02
973         -1.854752309567373345e+02
974         -1.854752309534127619e+02
975         -1.854752309496281271e+02
976         -1.854752309452993018e+02
977         -1.854752309403685899e+02
978         -1.854752309348064045e+02
979         -1.854752309284175738e+02
980         -1.854752309212338730e+02
981         -1.854752309131137622e+02
982         -1.854752309040214016e+02
983         -1.854752308938792851e+02
984         -1.854752308826971898e+02
985         -1.854752308702731227e+02
986         -1.854752308567795467e+02
987         -1.854752308422090437e+02
988         -1.854752308265391605e+02
989         -1.854752308099674565e+02
990         -1.854752307925835169e+02
991         -1.854752307743755466e+02
992         -1.854752307558114524e+02
993         -1.854752307369577125e+02
994         -1.854752307181074400e+02
995         -1.854752306996972493e+02
996         -1.854752306819047760e+02
997         -1.854752306651977563e+02
998         -1.854752306499104577e+02
999         -1.854752306364359242e+02
1000         -1.854752306251313883e+02
1001         -1.854752306164693891e+02
1002         -1.854752306106839512e+02
1003         -1.854752306081300333e+02
1004         -1.854752306089071112e+02
1005         -1.854752306133202922e+02
1006         -1.854752306214181488e+02
1007         -1.854752306330840952e+02
1008         -1.854752306483590871e+02
1009         -1.854752306667528501e+02
1010         -1.854752306881858033e+02
1011         -1.854752307121647732e+02
1012         -1.854752307380722982e+02
1013         -1.854752307652717604e+02
1014         -1.854752307930972677e+02
1015         -1.854752308208499585e+02
1016         -1.854752308476221572e+02
1017         -1.854752308727586581e+02
1018         -1.854752308953501085e+02
1019         -1.854752309147822302e+02
1020         -1.854752309302755862e+02
1021         -1.854752309413106559e+02
1022         -1.854752309473845742e+02
1023         -1.854752309482161934e+02
1024         -1.854752309435244229e+02
1025         -1.854752309334559754e+02
1026         -1.854752309180489647e+02
1027         -1.854752308976172515e+02
1028         -1.854752308725863656e+02
1029         -1.854752308435927830e+02
1030         -1.854752308112754235e+02
1031         -1.854752307763711201e+02
1032         -1.854752307399972153e+02
1033         -1.854752307028621487e+02
1034         -1.854752306659314911e+02
1035         -1.854752306302643206e+02
1036         -1.854752305966665915e+02
1037         -1.854752305660705076e+02
1038         -1.854752305391272387e+02
1039         -1.854752305166509814e+02
1040         -1.854752304991705500e+02
1041         -1.854752304870439161e+02
1042         -1.854752304807454379e+02
1043         -1.854752304804811445e+02
1044         -1.854752304862254846e+02
1045         -1.854752304980289921e+02
1046         -1.854752305156629575e+02
1047         -1.854752305389027640e+02
1048         -1.854752305674684010e+02
1049         -1.854752306007872562e+02
1050         -1.854752306385072131e+02
1051         -1.854752306799595374e+02
1052         -1.854752307246065754e+02
1053         -1.854752307717654105e+02
1054         -1.854752308208548186e+02
1055         -1.854752308712147624e+02
1056         -1.854752309221138660e+02
1057         -1.854752309728648356e+02
1058         -1.854752310230883552e+02
1059         -1.854752310719635489e+02
1060         -1.854752311189654108e+02
1061         -1.854752311636319178e+02
1062         -1.854752312054992274e+02
1063         -1.854752312440880644e+02
1064         -1.854752312789804023e+02
1065         -1.854752313099898799e+02
1066         -1.854752313367037857e+02
1067         -1.854752313589205812e+02
1068         -1.854752313766216787e+02
1069         -1.854752313895477016e+02
1070         -1.854752313977213589e+02
1071         -1.854752314010342218e+02
1072         -1.854752313996457360e+02
1073         -1.854752313936643588e+02
1074         -1.854752313831541244e+02
1075         -1.854752313683462432e+02
1076         -1.854752313495371823e+02
1077         -1.854752313268992339e+02
1078         -1.854752313007602993e+02
1079         -1.854752312714704487e+02
1080         -1.854752312394238913e+02
1081         -1.854752312049130580e+02
1082         -1.854752311684135577e+02
1083         -1.854752311303765566e+02
1084         -1.854752310911106576e+02
1085         -1.854752310511167082e+02
1086         -1.854752310109164455e+02
1087         -1.854752309708021585e+02
1088         -1.854752309313725789e+02
1089         -1.854752308928130446e+02
1090         -1.854752308555999889e+02
1091         -1.854752308202269830e+02
1092         -1.854752307870240031e+02
1093         -1.854752307561735734e+02
1094         -1.854752307281547701e+02
1095         -1.854752307030840939e+02
1096         -1.854752306811758729e+02
1097         -1.854752306628373617e+02
1098         -1.854752306480176856e+02
1099         -1.854752306368802977e+02
1100         -1.854752306295090136e+02
1101         -1.854752306257655050e+02
1102         -1.854752306257410055e+02
1103         -1.854752306293211745e+02
1104         -1.854752306362796617e+02
1105         -1.854752306463082618e+02
1106         -1.854752306593536559e+02
1107         -1.854752306748876549e+02
1108         -1.854752306926287417e+02
1109         -1.854752307120472778e+02
1110         -1.854752307328192842e+02
1111         -1.854752307543610357e+02
1112         -1.854752307761531540e+02
1113         -1.854752307976029329e+02
1114         -1.854752308182928573e+02
1115         -1.854752308374367544e+02
1116         -1.854752308547996336e+02
1117         -1.854752308696726857e+02
1118         -1.854752308816327115e+02
1119         -1.854752308904395761e+02
1120         -1.854752308956120146e+02
1121         -1.854752308970427350e+02
1122         -1.854752308945607808e+02
1123         -1.854752308879887153e+02
1124         -1.854752308774361040e+02
1125         -1.854752308631607889e+02
1126         -1.854752308452775651e+02
1127         -1.854752308240751972e+02
1128         -1.854752308001442316e+02
1129         -1.854752307736551984e+02
1130         -1.854752307455021878e+02
1131         -1.854752307159277223e+02
1132         -1.854752306857235169e+02
1133         -1.854752306555170946e+02
1134         -1.854752306259205739e+02
1135         -1.854752305974692490e+02
1136         -1.854752305708095719e+02
1137         -1.854752305463837843e+02
1138         -1.854752305248272819e+02
1139         -1.854752305062582423e+02
1140         -1.854752304913661192e+02
1141         -1.854752304800876743e+02
1142         -1.854752304728195327e+02
1143         -1.854752304695944645e+02
1144         -1.854752304704749406e+02
1145         -1.854752304753831709e+02
1146         -1.854752304842243120e+02
1147         -1.854752304968399983e+02
1148         -1.854752305129897536e+02
1149         -1.854752305324324482e+02
1150         -1.854752305547987419e+02
1151         -1.854752305797318570e+02
1152         -1.854752306068548364e+02
1153         -1.854752306358396083e+02
1154         -1.854752306662523154e+02
1155         -1.854752306977281933e+02
1156         -1.854752307299353618e+02
1157         -1.854752307622275396e+02
1158         -1.854752307945227869e+02
1159         -1.854752308262916642e+02
1160         -1.854752308573121127e+02
1161         -1.854752308871707953e+02
1162         -1.854752309156836247e+02
1163         -1.854752309424768271e+02
1164         -1.854752309674475441e+02
1165         -1.854752309904222045e+02
1166         -1.854752310111391296e+02
1167         -1.854752310294952906e+02
1168         -1.854752310454904602e+02
1169         -1.854752310590701825e+02
1170         -1.854752310701613283e+02
1171         -1.854752310787709177e+02
1172         -1.854752310850298898e+02
1173         -1.854752310889636817e+02
1174         -1.854752310905751074e+02
1175         -1.854752310902077284e+02
1176         -1.854752310879065647e+02
1177         -1.854752310838705398e+02
1178         -1.854752310783225937e+02
1179         -1.854752310714380030e+02
1180         -1.854752310633525951e+02
1181         -1.854752310545081286e+02
1182         -1.854752310451077619e+02
1183         -1.854752310352521931e+02
1184         -1.854752310252890197e+02
1185         -1.854752310155309942e+02
1186         -1.854752310061739422e+02
1187         -1.854752309973376896e+02
1188         -1.854752309892712390e+02
1189         -1.854752309822042946e+02
1190         -1.854752309762025959e+02
1191         -1.854752309715002809e+02
1192         -1.854752309680838778e+02
1193         -1.854752309660441085e+02
1194         -1.854752309653468672e+02
1195         -1.854752309660846379e+02
1196         -1.854752309681299494e+02
1197         -1.854752309712572469e+02
1198         -1.854752309754386772e+02
1199         -1.854752309803981234e+02
1200         -1.854752309860171238e+02
1201         -1.854752309918664253e+02
1202         -1.854752309977725702e+02
1203         -1.854752310033770470e+02
1204         -1.854752310082968165e+02
1205         -1.854752310121544951e+02
1206         -1.854752310147678145e+02
1207         -1.854752310155808175e+02
1208         -1.854752310145192951e+02
1209         -1.854752310110561098e+02
1210         -1.854752310050706683e+02
1211         -1.854752309962884453e+02
1212         -1.854752309844985803e+02
1213         -1.854752309696187922e+02
1214         -1.854752309516315165e+02
1215         -1.854752309305778795e+02
1216         -1.854752309065958116e+02
1217         -1.854752308796521163e+02
1218         -1.854752308502412177e+02
1219         -1.854752308185015295e+02
1220         -1.854752307848580131e+02
1221         -1.854752307497516313e+02
1222         -1.854752307137727314e+02
1223         -1.854752306772722079e+02
1224         -1.854752306410029519e+02
1225         -1.854752306054598989e+02
1226         -1.854752305712362386e+02
1227         -1.854752305391045866e+02
1228         -1.854752305093170435e+02
1229         -1.854752304827694047e+02
1230         -1.854752304597328134e+02
1231         -1.854752304407123802e+02
1232         -1.854752304259698974e+02
1233         -1.854752304159590608e+02
1234         -1.854752304108369572e+02
1235         -1.854752304105141150e+02
1236         -1.854752304151040221e+02
1237         -1.854752304244720733e+02
1238         -1.854752304383779062e+02
1239         -1.854752304563594976e+02
1240         -1.854752304780816416e+02
1241         -1.854752305030058324e+02
1242         -1.854752305305557343e+02
1243         -1.854752305601497540e+02
1244         -1.854752305910141388e+02
1245         -1.854752306223998914e+02
1246         -1.854752306537629636e+02
1247         -1.854752306843433018e+02
1248         -1.854752307135330227e+02
1249         -1.854752307406475893e+02
1250         -1.854752307653796208e+02
1251         -1.854752307873275470e+02
1252         -1.854752308059319716e+02
1253         -1.854752308211918432e+02
1254         -1.854752308330395181e+02
1255         -1.854752308413780781e+02
1256         -1.854752308463561974e+02
1257         -1.854752308482930800e+02
1258         -1.854752308473485414e+02
1259         -1.854752308439572630e+02
1260         -1.854752308386177901e+02
1261         -1.854752308317893608e+02
1262         -1.854752308239516196e+02
1263         -1.854752308155969160e+02
1264         -1.854752308072166045e+02
1265         -1.854752307994419596e+02
1266         -1.854752307925743651e+02
1267         -1.854752307871127073e+02
1268         -1.854752307833107352e+02
1269         -1.854752307816094401e+02
1270         -1.854752307819592545e+02
1271         -1.854752307846989083e+02
1272         -1.854752307898779122e+02
1273         -1.854752307974924861e+02
1274         -1.854752308074814380e+02
1275         -1.854752308196197816e+02
1276         -1.854752308339108708e+02
1277         -1.854752308500109734e+02
1278         -1.854752308678065447e+02
1279         -1.854752308868156945e+02
1280         -1.854752309070523779e+02
1281         -1.854752309279603821e+02
1282         -1.854752309492912730e+02
1283         -1.854752309708727296e+02
1284         -1.854752309923526923e+02
1285         -1.854752310133935396e+02
1286         -1.854752310338700454e+02
1287         -1.854752310534571507e+02
1288         -1.854752310720699313e+02
1289         -1.854752310894295135e+02
1290         -1.854752311055621874e+02
1291         -1.854752311202692567e+02
1292         -1.854752311334605679e+02
1293         -1.854752311451916000e+02
1294         -1.854752311554189532e+02
1295         -1.854752311640299354e+02
1296         -1.854752311712781250e+02
1297         -1.854752311769964308e+02
1298         -1.854752311814050074e+02
1299         -1.854752311844883081e+02
1300         -1.854752311863556997e+02
1301         -1.854752311871162078e+02
1302         -1.854752311867310937e+02
1303         -1.854752311853671642e+02
1304         -1.854752311829835207e+02
1305         -1.854752311797860216e+02
1306         -1.854752311755447352e+02
1307         -1.854752311704800150e+02
1308         -1.854752311644201370e+02
1309         -1.854752311575329600e+02
1310         -1.854752311495284687e+02
1311         -1.854752311404457998e+02
1312         -1.854752311303140857e+02
1313         -1.854752311188046292e+02
1314         -1.854752311060641432e+02
1315         -1.854752310918426872e+02
1316         -1.854752310761396359e+02
1317         -1.854752310588513069e+02
1318         -1.854752310398571353e+02
1319         -1.854752310191654487e+02
1320         -1.854752309968240525e+02
1321         -1.854752309728598050e+02
1322         -1.854752309473508376e+02
1323         -1.854752309203053926e+02
1324         -1.854752308919701989e+02
1325         -1.854752308626540582e+02
1326         -1.854752308324360399e+02
1327         -1.854752308017676512e+02
1328         -1.854752307708859291e+02
1329         -1.854752307402688132e+02
1330         -1.854752307101424833e+02
1331         -1.854752306811849962e+02
1332         -1.854752306535359594e+02
1333         -1.854752306279196148e+02
1334         -1.854752306044191243e+02
1335         -1.854752305836001085e+02
1336         -1.854752305656234341e+02
1337         -1.854752305509518351e+02
1338         -1.854752305396636700e+02
1339         -1.854752305319564414e+02
1340         -1.854752305278829567e+02
1341         -1.854752305273237027e+02
1342         -1.854752305303897231e+02
1343         -1.854752305366738483e+02
1344         -1.854752305460701507e+02
1345         -1.854752305582104839e+02
1346         -1.854752305727258488e+02
1347         -1.854752305893451876e+02
1348         -1.854752306073966679e+02
1349         -1.854752306266120740e+02
1350         -1.854752306463818172e+02
1351         -1.854752306662726369e+02
1352         -1.854752306860373494e+02
1353         -1.854752307050023887e+02
1354         -1.854752307231159989e+02
1355         -1.854752307398523783e+02
1356         -1.854752307551563035e+02
1357         -1.854752307688139297e+02
1358         -1.854752307807544867e+02
1359         -1.854752307909277249e+02
1360         -1.854752307993186093e+02
1361         -1.854752308060301687e+02
1362         -1.854752308113997969e+02
1363         -1.854752308153489651e+02
1364         -1.854752308180869420e+02
1365         -1.854752308200309585e+02
1366         -1.854752308212114826e+02
1367         -1.854752308219631800e+02
1368         -1.854752308224678359e+02
1369         -1.854752308228658819e+02
1370         -1.854752308233606186e+02
1371         -1.854752308239866920e+02
1372         -1.854752308249751422e+02
1373         -1.854752308263740588e+02
1374         -1.854752308281535704e+02
1375         -1.854752308302492736e+02
1376         -1.854752308326737591e+02
1377         -1.854752308354034653e+02
1378         -1.854752308382582839e+02
1379         -1.854752308411501360e+02
1380         -1.854752308440657202e+02
1381         -1.854752308467309376e+02
1382         -1.854752308490903943e+02
1383         -1.854752308510541638e+02
1384         -1.854752308524022339e+02
1385         -1.854752308530085259e+02
1386         -1.854752308529457991e+02
1387         -1.854752308519784094e+02
1388         -1.854752308501042819e+02
1389         -1.854752308473771905e+02
1390         -1.854752308436573571e+02
1391         -1.854752308390737880e+02
1392         -1.854752308336323665e+02
1393         -1.854752308273696144e+02
1394         -1.854752308204948008e+02
1395         -1.854752308130410370e+02
1396         -1.854752308050896090e+02
1397         -1.854752307969831122e+02
1398         -1.854752307888768996e+02
1399         -1.854752307808295200e+02
1400         -1.854752307731132817e+02
1401         -1.854752307659548762e+02
1402         -1.854752307596655498e+02
1403         -1.854752307542730989e+02
1404         -1.854752307501128143e+02
1405         -1.854752307474345230e+02
1406         -1.854752307462949545e+02
1407         -1.854752307469877053e+02
1408         -1.854752307494805166e+02
1409         -1.854752307540557297e+02
1410         -1.854752307607617183e+02
1411         -1.854752307697616232e+02
1412         -1.854752307807932254e+02
1413         -1.854752307941047036e+02
1414         -1.854752308094883517e+02
1415         -1.854752308269773096e+02
1416         -1.854752308462340125e+02
1417         -1.854752308671751280e+02
1418         -1.854752308896882198e+02
1419         -1.854752309132667278e+02
1420         -1.854752309377532811e+02
1421         -1.854752309627782552e+02
1422         -1.854752309879284553e+02
1423         -1.854752310128829436e+02
1424         -1.854752310372675197e+02
1425         -1.854752310605397838e+02
1426         -1.854752310824088397e+02
1427         -1.854752311023897278e+02
1428         -1.854752311200963106e+02
1429         -1.854752311351747096e+02
1430         -1.854752311472773556e+02
1431         -1.854752311560774274e+02
1432         -1.854752311614263078e+02
1433         -1.854752311630519159e+02
1434         -1.854752311609075832e+02
1435         -1.854752311547090926e+02
1436         -1.854752311446119961e+02
1437         -1.854752311306207275e+02
1438         -1.854752311128815165e+02
1439         -1.854752310915023656e+02
1440         -1.854752310667484210e+02
1441         -1.854752310389631305e+02
1442         -1.854752310083671034e+02
1443         -1.854752309753685608e+02
1444         -1.854752309404194364e+02
1445         -1.854752309039059526e+02
1446         -1.854752308663699125e+02
1447         -1.854752308281432249e+02
1448         -1.854752307897340984e+02
1449         -1.854752307515761061e+02
1450         -1.854752307141153835e+02
1451         -1.854752306778414663e+02
1452         -1.854752306430461601e+02
1453         -1.854752306101602528e+02
1454         -1.854752305794786480e+02
1455         -1.854752305511977681e+02
1456         -1.854752305256938598e+02
1457         -1.854752305031446156e+02
1458         -1.854752304835883763e+02
1459         -1.854752304672969672e+02
1460         -1.854752304543585240e+02
1461         -1.854752304447064262e+02
1462         -1.854752304384765864e+02
1463         -1.854752304357022012e+02
1464         -1.854752304361433914e+02
1465         -1.854752304400172704e+02
1466         -1.854752304469803335e+02
1467         -1.854752304571677826e+02
1468         -1.854752304702289223e+02
1469         -1.854752304862987842e+02
1470         -1.854752305049423455e+02
1471         -1.854752305262102823e+02
1472         -1.854752305498619194e+02
1473         -1.854752305757117483e+02
1474         -1.854752306035370566e+02
1475         -1.854752306331184855e+02
1476         -1.854752306641596817e+02
1477         -1.854752306964327033e+02
1478         -1.854752307297044638e+02
1479         -1.854752307636797184e+02
1480         -1.854752307979904344e+02
1481         -1.854752308322583758e+02
1482         -1.854752308662233986e+02
1483         -1.854752308994455063e+02
1484         -1.854752309315255161e+02
1485         -1.854752309620709809e+02
1486         -1.854752309906976677e+02
1487         -1.854752310170549947e+02
1488         -1.854752310405922628e+02
1489         -1.854752310610632264e+02
1490         -1.854752310781177300e+02
1491         -1.854752310912893165e+02
1492         -1.854752311004888270e+02
1493         -1.854752311053426865e+02
1494         -1.854752311056106748e+02
1495         -1.854752311014394195e+02
1496         -1.854752310925734093e+02
1497         -1.854752310791300545e+02
1498         -1.854752310612732060e+02
1499         -1.854752310391554317e+02
1500         -1.854752310130175488e+02
1501         -1.854752309832665560e+02
1502         -1.854752309502736978e+02
1503         -1.854752309145274864e+02
1504         -1.854752308766656483e+02
1505         -1.854752308371175502e+02
1506         -1.854752307965822524e+02
1507         -1.854752307557033362e+02
1508         -1.854752307151115645e+02
1509         -1.854752306754896551e+02
1510         -1.854752306374730324e+02
1511         -1.854752306017017531e+02
1512         -1.854752305686373575e+02
1513         -1.854752305389484093e+02
1514         -1.854752305130609500e+02
1515         -1.854752304914206036e+02
1516         -1.854752304744395133e+02
1517         -1.854752304622981853e+02
1518         -1.854752304553254305e+02
1519         -1.854752304536980887e+02
1520         -1.854752304573171102e+02
1521         -1.854752304663874725e+02
1522         -1.854752304807011569e+02
1523         -1.854752305002253649e+02
1524         -1.854752305246763910e+02
1525         -1.854752305539378483e+02
1526         -1.854752305874916658e+02
1527         -1.854752306250467768e+02
1528         -1.854752306661789021e+02
1529         -1.854752307103831868e+02
1530         -1.854752307572541667e+02
1531         -1.854752308061407859e+02
1532         -1.854752308565070393e+02
1533         -1.854752309076236259e+02
1534         -1.854752309591605979e+02
1535         -1.854752310102504111e+02
1536         -1.854752310604406205e+02
1537         -1.854752311089955867e+02
1538         -1.854752311554269113e+02
1539         -1.854752311990581006e+02
1540         -1.854752312393371199e+02
1541         -1.854752312758070900e+02
1542         -1.854752313080070678e+02
1543         -1.854752313355583340e+02
1544         -1.854752313580128771e+02
1545         -1.854752313752259738e+02
1546         -1.854752313868015108e+02
1547         -1.854752313928062790e+02
1548         -1.854752313931406889e+02
1549         -1.854752313876263941e+02
1550         -1.854752313766294947e+02
1551         -1.854752313601240701e+02
1552         -1.854752313383187641e+02
1553         -1.854752313116380833e+02
1554         -1.854752312803144321e+02
1555         -1.854752312448019893e+02
1556         -1.854752312055284733e+02
1557         -1.854752311630733459e+02
1558         -1.854752311179270237e+02
1559         -1.854752310705833338e+02
1560         -1.854752310216744888e+02
1561         -1.854752309716581635e+02
1562         -1.854752309212401542e+02
1563         -1.854752308708679891e+02
1564         -1.854752308212692355e+02
1565         -1.854752307727768539e+02
1566         -1.854752307261190936e+02
1567         -1.854752306816688190e+02
1568         -1.854752306398862061e+02
1569         -1.854752306012616714e+02
1570         -1.854752305661365313e+02
1571         -1.854752305348664265e+02
1572         -1.854752305078756081e+02
1573         -1.854752304852251541e+02
1574         -1.854752304674373988e+02
1575         -1.854752304544349215e+02
1576         -1.854752304465071688e+02
1577         -1.854752304437040777e+02
1578         -1.854752304459987329e+02
1579         -1.854752304534133032e+02
1580         -1.854752304658014452e+02
1581         -1.854752304831056051e+02
1582         -1.854752305050995460e+02
1583         -1.854752305314989655e+02
1584         -1.854752305620128539e+02
1585         -1.854752305960926151e+02
1586         -1.854752306335146841e+02
1587         -1.854752306735155116e+02
1588         -1.854752307157729092e+02
1589         -1.854752307596241678e+02
1590         -1.854752308041926767e+02
1591         -1.854752308491451629e+02
1592         -1.854752308935673852e+02
1593         -1.854752309367539169e+02
1594         -1.854752309781693498e+02
1595         -1.854752310170949556e+02
1596         -1.854752310528113526e+02
1597         -1.854752310848511740e+02
1598         -1.854752311125633071e+02
1599         -1.854752311355927930e+02
1600         -1.854752311534918476e+02
1601         -1.854752311659521524e+02
1602         -1.854752311729671703e+02
1603         -1.854752311742689983e+02
1604         -1.854752311699995460e+02
1605         -1.854752311601827728e+02
1606         -1.854752311449806825e+02
1607         -1.854752311247447665e+02
1608         -1.854752310999162717e+02
1609         -1.854752310707912955e+02
1610         -1.854752310379399773e+02
1611         -1.854752310019449624e+02
1612         -1.854752309632835079e+02
1613         -1.854752309226725231e+02
1614         -1.854752308805101677e+02
1615         -1.854752308375330472e+02
1616         -1.854752307943096525e+02
1617         -1.854752307512486595e+02
1618         -1.854752307091025898e+02
1619         -1.854752306682391065e+02
1620         -1.854752306291543391e+02
1621         -1.854752305922138476e+02
1622         -1.854752305578945482e+02
1623         -1.854752305263354231e+02
1624         -1.854752304980535769e+02
1625         -1.854752304730810408e+02
1626         -1.854752304517035384e+02
1627         -1.854752304340609612e+02
1628         -1.854752304202399955e+02
1629         -1.854752304105134613e+02
1630         -1.854752304047188147e+02
1631         -1.854752304030321852e+02
1632         -1.854752304054173635e+02
1633         -1.854752304117209860e+02
1634         -1.854752304219591394e+02
1635         -1.854752304359725201e+02
1636         -1.854752304536365557e+02
1637         -1.854752304747214282e+02
1638         -1.854752304991204710e+02
1639         -1.854752305265257064e+02
1640         -1.854752305565698691e+02
1641         -1.854752305891439335e+02
1642         -1.854752306236963193e+02
1643         -1.854752306599792178e+02
1644         -1.854752306975049407e+02
1645         -1.854752307358855603e+02
1646         -1.854752307746839222e+02
1647         -1.854752308134904411e+02
1648         -1.854752308517397239e+02
1649         -1.854752308891160624e+02
1650         -1.854752309251941540e+02
1651         -1.854752309594394717e+02
1652         -1.854752309915094202e+02
1653         -1.854752310211248982e+02
1654         -1.854752310479133541e+02
1655         -1.854752310716447994e+02
1656         -1.854752310921854530e+02
1657         -1.854752311092238415e+02
1658         -1.854752311227044004e+02
1659         -1.854752311326233496e+02
1660         -1.854752311390155910e+02
1661         -1.854752311420025421e+02
1662         -1.854752311415889494e+02
1663         -1.854752311380965182e+02
1664         -1.854752311317342333e+02
1665         -1.854752311227954920e+02
1666         -1.854752311114631596e+02
1667         -1.854752310982265442e+02
1668         -1.854752310833002582e+02
1669         -1.854752310672095348e+02
1670         -1.854752310501618240e+02
1671         -1.854752310326740599e+02
1672         -1.854752310149230823e+02
1673         -1.854752309973470688e+02
1674         -1.854752309801908723e+02
1675         -1.854752309637705139e+02
1676         -1.854752309483147883e+02
1677         -1.854752309340323677e+02
1678         -1.854752309210322778e+02
1679         -1.854752309096029705e+02
1680         -1.854752308996310433e+02
1681         -1.854752308912774481e+02
1682         -1.854752308846068729e+02
1683         -1.854752308794642204e+02
1684         -1.854752308759107393e+02
1685         -1.854752308737068631e+02
1686         -1.854752308729496235e+02
1687         -1.854752308732497568e+02
1688         -1.854752308746703022e+02
1689         -1.854752308768963474e+02
1690         -1.854752308798458955e+02
1691         -1.854752308831317009e+02
1692         -1.854752308867111026e+02
1693         -1.854752308903915150e+02
1694         -1.854752308938227543e+02
1695         -1.854752308968096770e+02
1696         -1.854752308992582073e+02
1697         -1.854752309008323721e+02
1698         -1.854752309014585592e+02
1699         -1.854752309009047622e+02
1700         -1.854752308990164806e+02
1701         -1.854752308956057334e+02
1702         -1.854752308905771372e+02
1703         -1.854752308838182273e+02
1704         -1.854752308752061083e+02
1705         -1.854752308646374104e+02
1706         -1.854752308522545263e+02
1707         -1.854752308378670591e+02
1708         -1.854752308215504684e+02
1709         -1.854752308032700796e+02
1710         -1.854752307832135330e+02
1711         -1.854752307615202085e+02
1712         -1.854752307381594107e+02
1713         -1.854752307134592684e+02
1714         -1.854752306876646344e+02
1715         -1.854752306609163952e+02
1716         -1.854752306335521155e+02
1717         -1.854752306060359501e+02
1718         -1.854752305785399358e+02
1719         -1.854752305517007187e+02
1720         -1.854752305258251965e+02
1721         -1.854752305013831233e+02
1722         -1.854752304789883510e+02
1723         -1.854752304589930816e+02
1724         -1.854752304420960058e+02
1725         -1.854752304287461868e+02
1726         -1.854752304194036583e+02
1727         -1.854752304146759059e+02
1728         -1.854752304147294240e+02
1729         -1.854752304202028483e+02
1730         -1.854752304312328590e+02
1731         -1.854752304479553402e+02
1732         -1.854752304704234973e+02
1733         -1.854752304986890863e+02
1734         -1.854752305325385464e+02
1735         -1.854752305713925864e+02
1736         -1.854752306149839853e+02
1737         -1.854752306625675828e+02
1738         -1.854752307134079388e+02
1739         -1.854752307665138744e+02
1740         -1.854752308210445051e+02
1741         -1.854752308757571484e+02
1742         -1.854752309297563215e+02
1743         -1.854752309817037030e+02
1744         -1.854752310306364791e+02
1745         -1.854752310754637676e+02
1746         -1.854752311153002893e+02
1747         -1.854752311493076036e+02
1748         -1.854752311767937840e+02
1749         -1.854752311973262238e+02
1750         -1.854752312106381282e+02
1751         -1.854752312166133947e+02
1752         -1.854752312152646709e+02
1753         -1.854752312069837785e+02
1754         -1.854752311922962065e+02
1755         -1.854752311716735846e+02
1756         -1.854752311459944849e+02
1757         -1.854752311161119565e+02
1758         -1.854752310829798887e+02
1759         -1.854752310475916204e+02
1760         -1.854752310108437143e+02
1761         -1.854752309736446421e+02
1762         -1.854752309371429249e+02
1763         -1.854752309018950314e+02
1764         -1.854752308688013898e+02
1765         -1.854752308383630748e+02
1766         -1.854752308112961146e+02
1767         -1.854752307878770239e+02
1768         -1.854752307683828292e+02
1769         -1.854752307531108499e+02
1770         -1.854752307421072715e+02
1771         -1.854752307353577407e+02
1772         -1.854752307327471783e+02
1773         -1.854752307341562982e+02
1774         -1.854752307395151547e+02
1775         -1.854752307483453819e+02
1776         -1.854752307606416935e+02
1777         -1.854752307758976997e+02
1778         -1.854752307939159266e+02
1779         -1.854752308142780350e+02
1780         -1.854752308367983460e+02
1781         -1.854752308609772911e+02
1782         -1.854752308867211639e+02
1783         -1.854752309136046051e+02
1784         -1.854752309412762656e+02
1785         -1.854752309695345502e+02
1786         -1.854752309980185316e+02
1787         -1.854752310265203619e+02
1788         -1.854752310547002025e+02
1789         -1.854752310823408550e+02
1790         -1.854752311091352226e+02
1791         -1.854752311349758145e+02
1792         -1.854752311594990317e+02
1793         -1.854752311825080540e+02
1794         -1.854752312037488764e+02
1795         -1.854752312232091924e+02
1796         -1.854752312404282577e+02
1797         -1.854752312554514049e+02
1798         -1.854752312679528359e+02
1799         -1.854752312778432497e+02
1800         -1.854752312849832379e+02
1801         -1.854752312892157420e+02
1802         -1.854752312905345093e+02
1803         -1.854752312886921004e+02
1804         -1.854752312838690784e+02
1805         -1.854752312757449602e+02
1806         -1.854752312644173742e+02
1807         -1.854752312499776394e+02
1808         -1.854752312323916499e+02
1809         -1.854752312115445534e+02
1810         -1.854752311878556839e+02
1811         -1.854752311610928643e+02
1812         -1.854752311316952387e+02
1813         -1.854752310997276368e+02
1814         -1.854752310653348673e+02
1815         -1.854752310287709918e+02
1816         -1.854752309903789751e+02
1817         -1.854752309505328469e+02
1818         -1.854752309093804286e+02
1819         -1.854752308675235213e+02
1820         -1.854752308250801036e+02
1821         -1.854752307827888558e+02
1822         -1.854752307409005994e+02
1823         -1.854752306998910854e+02
1824         -1.854752306604265470e+02
1825         -1.854752306227285317e+02
1826         -1.854752305875774709e+02
1827         -1.854752305552505049e+02
1828         -1.854752305262556433e+02
1829         -1.854752305011259637e+02
1830         -1.854752304801645550e+02
1831         -1.854752304637414113e+02
1832         -1.854752304521597637e+02
1833         -1.854752304455709861e+02
1834         -1.854752304441569208e+02
1835         -1.854752304478104179e+02
1836         -1.854752304565331542e+02
1837         -1.854752304701579817e+02
1838         -1.854752304883838292e+02
1839         -1.854752305107321604e+02
1840         -1.854752305367348697e+02
1841         -1.854752305659260969e+02
1842         -1.854752305974859894e+02
1843         -1.854752306309496532e+02
1844         -1.854752306653553831e+02
1845         -1.854752307001953966e+02
1846         -1.854752307345482052e+02
1847         -1.854752307678384966e+02
1848         -1.854752307994203022e+02
1849         -1.854752308285728759e+02
1850         -1.854752308550279167e+02
1851         -1.854752308784058812e+02
1852         -1.854752308982930629e+02
1853         -1.854752309146774394e+02
1854         -1.854752309275881430e+02
1855         -1.854752309369630723e+02
1856         -1.854752309430245134e+02
1857         -1.854752309461669313e+02
1858         -1.854752309466822737e+02
1859         -1.854752309449923473e+02
1860         -1.854752309415014508e+02
1861         -1.854752309367333964e+02
1862         -1.854752309312223417e+02
1863         -1.854752309253253770e+02
1864         -1.854752309194514908e+02
1865         -1.854752309139465183e+02
1866         -1.854752309090786468e+02
1867         -1.854752309050655867e+02
1868         -1.854752309021068584e+02
1869         -1.854752309001173103e+02
1870         -1.854752308993485315e+02
1871         -1.854752308994325745e+02
1872         -1.854752309004257143e+02
1873         -1.854752309021618544e+02
1874         -1.854752309042190177e+02
