1 1.980713772976e-07
2 1.980713772976e-07
3 1.980713772976e-07
4 1.980713772976e-07
5 1.980713772976e-07
6 1.980713772976e-07
7 1.980713772976e-07
8 1.980713772976e-07
9 1.980713772976e-07
10 1.980713772976e-07
11 7.901236118105e-07
12 7.901236118105e-07
13 7.901236118105e-07
14 7.901236118105e-07
15 7.901236118105e-07
16 7.901236118105e-07
17 7.901236118105e-07
18 7.901236118105e-07
19 7.901236118105e-07
20 7.901236118105e-07
21 1.768867534642e-06
22 1.768867534642e-06
23 1.768867534642e-06
24 1.768867534642e-06
25 1.768867534642e-06
26 1.768867534642e-06
27 1.768867534642e-06
28 1.768867534642e-06
29 1.768867534642e-06
30 1.768867534642e-06
31 3.125498195284e-06
32 3.125498195284e-06
33 3.125498195284e-06
34 3.125498195284e-06
35 3.125498195284e-06
36 3.125498195284e-06
37 3.125498195284e-06
38 3.125498195284e-06
39 3.125498195284e-06
40 3.125498195284e-06
41 4.860348900204e-06
42 4.860348900204e-06
43 4.860348900204e-06
44 4.860348900204e-06
45 4.860348900204e-06
46 4.860348900204e-06
47 4.860348900204e-06
48 4.860348900204e-06
49 4.860348900204e-06
50 4.860348900204e-06
51 6.996514414720e-06
52 6.996514414720e-06
53 6.996514414720e-06
54 6.996514414720e-06
55 6.996514414720e-06
56 6.996514414720e-06
57 6.996514414720e-06
58 6.996514414720e-06
59 6.996514414720e-06
60 6.996514414720e-06
61 9.596721636272e-06
62 9.596721636272e-06
63 9.596721636272e-06
64 9.596721636272e-06
65 9.596721636272e-06
66 9.596721636272e-06
67 9.596721636272e-06
68 9.596721636272e-06
69 9.596721636272e-06
70 9.596721636272e-06
71 1.276985307632e-05
72 1.276985307632e-05
73 1.276985307632e-05
74 1.276985307632e-05
75 1.276985307632e-05
76 1.276985307632e-05
77 1.276985307632e-05
78 1.276985307632e-05
79 1.276985307632e-05
80 1.276985307632e-05
81 1.664405104201e-05
82 1.664405104201e-05
83 1.664405104201e-05
84 1.664405104201e-05
85 1.664405104201e-05
86 1.664405104201e-05
87 1.664405104201e-05
88 1.664405104201e-05
89 1.664405104201e-05
90 1.664405104201e-05
91 2.132972125790e-05
92 2.132972125790e-05
93 2.132972125790e-05
94 2.132972125790e-05
95 2.132972125790e-05
96 2.132972125790e-05
97 2.132972125790e-05
98 2.132972125790e-05
99 2.132972125790e-05
100 2.132972125790e-05
101 2.692548819192e-05
102 2.692548819192e-05
103 2.692548819192e-05
104 2.692548819192e-05
105 2.692548819192e-05
106 2.692548819192e-05
107 2.692548819192e-05
108 2.692548819192e-05
109 2.692548819192e-05
110 2.692548819192e-05
111 3.353654757799e-05
112 3.353654757799e-05
113 3.353654757799e-05
114 3.353654757799e-05
115 3.353654757799e-05
116 3.353654757799e-05
117 3.353654757799e-05
118 3.353654757799e-05
119 3.353654757799e-05
120 3.353654757799e-05
121 4.124815238258e-05
122 4.124815238258e-05
123 4.124815238258e-05
124 4.124815238258e-05
125 4.124815238258e-05
126 4.124815238258e-05
127 4.124815238258e-05
128 4.124815238258e-05
129 4.124815238258e-05
130 4.124815238258e-05
131 5.008339098922e-05
132 5.008339098922e-05
133 5.008339098922e-05
134 5.008339098922e-05
135 5.008339098922e-05
136 5.008339098922e-05
137 5.008339098922e-05
138 5.008339098922e-05
139 5.008339098922e-05
140 5.008339098922e-05
141 5.996380889114e-05
142 5.996380889114e-05
143 5.996380889114e-05
144 5.996380889114e-05
145 5.996380889114e-05
146 5.996380889114e-05
147 5.996380889114e-05
148 5.996380889114e-05
149 5.996380889114e-05
150 5.996380889114e-05
151 7.066387556117e-05
152 7.066387556117e-05
153 7.066387556117e-05
154 7.066387556117e-05
155 7.066387556117e-05
156 7.066387556117e-05
157 7.066387556117e-05
158 7.066387556117e-05
159 7.066387556117e-05
160 7.066387556117e-05
161 8.183528599181e-05
162 8.183528599181e-05
163 8.183528599181e-05
164 8.183528599181e-05
165 8.183528599181e-05
166 8.183528599181e-05
167 8.183528599181e-05
168 8.183528599181e-05
169 8.183528599181e-05
170 8.183528599181e-05
171 9.314937562834e-05
172 9.314937562834e-05
173 9.314937562834e-05
174 9.314937562834e-05
175 9.314937562834e-05
176 9.314937562834e-05
177 9.314937562834e-05
178 9.314937562834e-05
179 9.314937562834e-05
180 9.314937562834e-05
181 1.044669517632e-04
182 1.044669517632e-04
183 1.044669517632e-04
184 1.044669517632e-04
185 1.044669517632e-04
186 1.044669517632e-04
187 1.044669517632e-04
188 1.044669517632e-04
189 1.044669517632e-04
190 1.044669517632e-04
191 1.159394014280e-04
192 1.159394014280e-04
193 1.159394014280e-04
194 1.159394014280e-04
195 1.159394014280e-04
196 1.159394014280e-04
197 1.159394014280e-04
198 1.159394014280e-04
199 1.159394014280e-04
200 1.159394014280e-04
201 1.280258862774e-04
202 1.280258862774e-04
203 1.280258862774e-04
204 1.280258862774e-04
205 1.280258862774e-04
206 1.280258862774e-04
207 1.280258862774e-04
208 1.280258862774e-04
209 1.280258862774e-04
210 1.280258862774e-04
211 1.413637343022e-04
212 1.413637343022e-04
213 1.413637343022e-04
214 1.413637343022e-04
215 1.413637343022e-04
216 1.413637343022e-04
217 1.413637343022e-04
218 1.413637343022e-04
219 1.413637343022e-04
220 1.413637343022e-04
221 1.564833030995e-04
222 1.564833030995e-04
223 1.564833030995e-04
224 1.564833030995e-04
225 1.564833030995e-04
226 1.564833030995e-04
227 1.564833030995e-04
228 1.564833030995e-04
229 1.564833030995e-04
230 1.564833030995e-04
231 1.736784883648e-04
232 1.736784883648e-04
233 1.736784883648e-04
234 1.736784883648e-04
235 1.736784883648e-04
236 1.736784883648e-04
237 1.736784883648e-04
238 1.736784883648e-04
239 1.736784883648e-04
240 1.736784883648e-04
241 1.932304428589e-04
242 1.932304428589e-04
243 1.932304428589e-04
244 1.932304428589e-04
245 1.932304428589e-04
246 1.932304428589e-04
247 1.932304428589e-04
248 1.932304428589e-04
249 1.932304428589e-04
250 1.932304428589e-04
251 2.156314707885e-04
252 2.156314707885e-04
253 2.156314707885e-04
254 2.156314707885e-04
255 2.156314707885e-04
256 2.156314707885e-04
257 2.156314707885e-04
258 2.156314707885e-04
259 2.156314707885e-04
260 2.156314707885e-04
261 2.414432603940e-04
262 2.414432603940e-04
263 2.414432603940e-04
264 2.414432603940e-04
265 2.414432603940e-04
266 2.414432603940e-04
267 2.414432603940e-04
268 2.414432603940e-04
269 2.414432603940e-04
270 2.414432603940e-04
271 2.709729913501e-04
272 2.709729913501e-04
273 2.709729913501e-04
274 2.709729913501e-04
275 2.709729913501e-04
276 2.709729913501e-04
277 2.709729913501e-04
278 2.709729913501e-04
279 2.709729913501e-04
280 2.709729913501e-04
281 3.042520739263e-04
282 3.042520739263e-04
283 3.042520739263e-04
284 3.042520739263e-04
285 3.042520739263e-04
286 3.042520739263e-04
287 3.042520739263e-04
288 3.042520739263e-04
289 3.042520739263e-04
290 3.042520739263e-04
291 3.415090127868e-04
292 3.415090127868e-04
293 3.415090127868e-04
294 3.415090127868e-04
295 3.415090127868e-04
296 3.415090127868e-04
297 3.415090127868e-04
298 3.415090127868e-04
299 3.415090127868e-04
300 3.415090127868e-04
301 3.836398804360e-04
302 3.836398804360e-04
303 3.836398804360e-04
304 3.836398804360e-04
305 3.836398804360e-04
306 3.836398804360e-04
307 3.836398804360e-04
308 3.836398804360e-04
309 3.836398804360e-04
310 3.836398804360e-04
311 4.319314680398e-04
312 4.319314680398e-04
313 4.319314680398e-04
314 4.319314680398e-04
315 4.319314680398e-04
316 4.319314680398e-04
317 4.319314680398e-04
318 4.319314680398e-04
319 4.319314680398e-04
320 4.319314680398e-04
321 4.870379699826e-04
322 4.870379699826e-04
323 4.870379699826e-04
324 4.870379699826e-04
325 4.870379699826e-04
326 4.870379699826e-04
327 4.870379699826e-04
328 4.870379699826e-04
329 4.870379699826e-04
330 4.870379699826e-04
331 5.481430361293e-04
332 5.481430361293e-04
333 5.481430361293e-04
334 5.481430361293e-04
335 5.481430361293e-04
336 5.481430361293e-04
337 5.481430361293e-04
338 5.481430361293e-04
339 5.481430361293e-04
340 5.481430361293e-04
341 6.132272568019e-04
342 6.132272568019e-04
343 6.132272568019e-04
344 6.132272568019e-04
345 6.132272568019e-04
346 6.132272568019e-04
347 6.132272568019e-04
348 6.132272568019e-04
349 6.132272568019e-04
350 6.132272568019e-04
351 6.803669627275e-04
352 6.803669627275e-04
353 6.803669627275e-04
354 6.803669627275e-04
355 6.803669627275e-04
356 6.803669627275e-04
357 6.803669627275e-04
358 6.803669627275e-04
359 6.803669627275e-04
360 6.803669627275e-04
361 7.489293814175e-04
362 7.489293814175e-04
363 7.489293814175e-04
364 7.489293814175e-04
365 7.489293814175e-04
366 7.489293814175e-04
367 7.489293814175e-04
368 7.489293814175e-04
369 7.489293814175e-04
370 7.489293814175e-04
371 8.194669137795e-04
372 8.194669137795e-04
373 8.194669137795e-04
374 8.194669137795e-04
375 8.194669137795e-04
376 8.194669137795e-04
377 8.194669137795e-04
378 8.194669137795e-04
379 8.194669137795e-04
380 8.194669137795e-04
381 8.926053400423e-04
382 8.926053400423e-04
383 8.926053400423e-04
384 8.926053400423e-04
385 8.926053400423e-04
386 8.926053400423e-04
387 8.926053400423e-04
388 8.926053400423e-04
389 8.926053400423e-04
390 8.926053400423e-04
391 9.683724898609e-04
392 9.683724898609e-04
393 9.683724898609e-04
394 9.683724898609e-04
395 9.683724898609e-04
396 9.683724898609e-04
397 9.683724898609e-04
398 9.683724898609e-04
399 9.683724898609e-04
400 9.683724898609e-04
401 1.046458247209e-03
402 1.046458247209e-03
403 1.046458247209e-03
404 1.046458247209e-03
405 1.046458247209e-03
406 1.046458247209e-03
407 1.046458247209e-03
408 1.046458247209e-03
409 1.046458247209e-03
410 1.046458247209e-03
411 1.126328703994e-03
412 1.126328703994e-03
413 1.126328703994e-03
414 1.126328703994e-03
415 1.126328703994e-03
416 1.126328703994e-03
417 1.126328703994e-03
418 1.126328703994e-03
419 1.126328703994e-03
420 1.126328703994e-03
421 1.206623406690e-03
422 1.206623406690e-03
423 1.206623406690e-03
424 1.206623406690e-03
425 1.206623406690e-03
426 1.206623406690e-03
427 1.206623406690e-03
428 1.206623406690e-03
429 1.206623406690e-03
430 1.206623406690e-03
431 1.285001221057e-03
432 1.285001221057e-03
433 1.285001221057e-03
434 1.285001221057e-03
435 1.285001221057e-03
436 1.285001221057e-03
437 1.285001221057e-03
438 1.285001221057e-03
439 1.285001221057e-03
440 1.285001221057e-03
441 1.359604272897e-03
442 1.359604272897e-03
443 1.359604272897e-03
444 1.359604272897e-03
445 1.359604272897e-03
446 1.359604272897e-03
447 1.359604272897e-03
448 1.359604272897e-03
449 1.359604272897e-03
450 1.359604272897e-03
451 1.431197302119e-03
452 1.431197302119e-03
453 1.431197302119e-03
454 1.431197302119e-03
455 1.431197302119e-03
456 1.431197302119e-03
457 1.431197302119e-03
458 1.431197302119e-03
459 1.431197302119e-03
460 1.431197302119e-03
461 1.503690281844e-03
462 1.503690281844e-03
463 1.503690281844e-03
464 1.503690281844e-03
465 1.503690281844e-03
466 1.503690281844e-03
467 1.503690281844e-03
468 1.503690281844e-03
469 1.503690281844e-03
470 1.503690281844e-03
471 1.581322580974e-03
472 1.581322580974e-03
473 1.581322580974e-03
474 1.581322580974e-03
475 1.581322580974e-03
476 1.581322580974e-03
477 1.581322580974e-03
478 1.581322580974e-03
479 1.581322580974e-03
480 1.581322580974e-03
481 1.663963358012e-03
482 1.663963358012e-03
483 1.663963358012e-03
484 1.663963358012e-03
485 1.663963358012e-03
486 1.663963358012e-03
487 1.663963358012e-03
488 1.663963358012e-03
489 1.663963358012e-03
490 1.663963358012e-03
491 1.745709775170e-03
492 1.745709775170e-03
493 1.745709775170e-03
494 1.745709775170e-03
495 1.745709775170e-03
496 1.745709775170e-03
497 1.745709775170e-03
498 1.745709775170e-03
499 1.745709775170e-03
500 1.745709775170e-03
501 1.820439177267e-03
502 1.820439177267e-03
503 1.820439177267e-03
504 1.820439177267e-03
505 1.820439177267e-03
506 1.820439177267e-03
507 1.820439177267e-03
508 1.820439177267e-03
509 1.820439177267e-03
510 1.820439177267e-03
511 1.890152101260e-03
512 1.890152101260e-03
513 1.890152101260e-03
514 1.890152101260e-03
515 1.890152101260e-03
516 1.890152101260e-03
517 1.890152101260e-03
518 1.890152101260e-03
519 1.890152101260e-03
520 1.890152101260e-03
521 1.965831174361e-03
522 1.965831174361e-03
523 1.965831174361e-03
524 1.965831174361e-03
525 1.965831174361e-03
526 1.965831174361e-03
527 1.965831174361e-03
528 1.965831174361e-03
529 1.965831174361e-03
530 1.965831174361e-03
531 2.056163977263e-03
532 2.056163977263e-03
533 2.056163977263e-03
534 2.056163977263e-03
535 2.056163977263e-03
536 2.056163977263e-03
537 2.056163977263e-03
538 2.056163977263e-03
539 2.056163977263e-03
540 2.056163977263e-03
541 2.154249068646e-03
542 2.154249068646e-03
543 2.154249068646e-03
544 2.154249068646e-03
545 2.154249068646e-03
546 2.154249068646e-03
547 2.154249068646e-03
548 2.154249068646e-03
549 2.154249068646e-03
550 2.154249068646e-03
551 2.241187266430e-03
552 2.241187266430e-03
553 2.241187266430e-03
554 2.241187266430e-03
555 2.241187266430e-03
556 2.241187266430e-03
557 2.241187266430e-03
558 2.241187266430e-03
559 2.241187266430e-03
560 2.241187266430e-03
561 2.308012712893e-03
562 2.308012712893e-03
563 2.308012712893e-03
564 2.308012712893e-03
565 2.308012712893e-03
566 2.308012712893e-03
567 2.308012712893e-03
568 2.308012712893e-03
569 2.308012712893e-03
570 2.308012712893e-03
571 2.369413727980e-03
572 2.369413727980e-03
573 2.369413727980e-03
574 2.369413727980e-03
575 2.369413727980e-03
576 2.369413727980e-03
577 2.369413727980e-03
578 2.369413727980e-03
579 2.369413727980e-03
580 2.369413727980e-03
581 2.451206553993e-03
582 2.451206553993e-03
583 2.451206553993e-03
584 2.451206553993e-03
585 2.451206553993e-03
586 2.451206553993e-03
587 2.451206553993e-03
588 2.451206553993e-03
589 2.451206553993e-03
590 2.451206553993e-03
591 2.565512925344e-03
592 2.565512925344e-03
593 2.565512925344e-03
594 2.565512925344e-03
595 2.565512925344e-03
596 2.565512925344e-03
597 2.565512925344e-03
598 2.565512925344e-03
599 2.565512925344e-03
600 2.565512925344e-03
601 2.699360965187e-03
602 2.699360965187e-03
603 2.699360965187e-03
604 2.699360965187e-03
605 2.699360965187e-03
606 2.699360965187e-03
607 2.699360965187e-03
608 2.699360965187e-03
609 2.699360965187e-03
610 2.699360965187e-03
611 2.829706460016e-03
612 2.829706460016e-03
613 2.829706460016e-03
614 2.829706460016e-03
615 2.829706460016e-03
616 2.829706460016e-03
617 2.829706460016e-03
618 2.829706460016e-03
619 2.829706460016e-03
620 2.829706460016e-03
621 2.949333899008e-03
622 2.949333899008e-03
623 2.949333899008e-03
624 2.949333899008e-03
625 2.949333899008e-03
626 2.949333899008e-03
627 2.949333899008e-03
628 2.949333899008e-03
629 2.949333899008e-03
630 2.949333899008e-03
631 3.072673335499e-03
632 3.072673335499e-03
633 3.072673335499e-03
634 3.072673335499e-03
635 3.072673335499e-03
636 3.072673335499e-03
637 3.072673335499e-03
638 3.072673335499e-03
639 3.072673335499e-03
640 3.072673335499e-03
641 3.215949099169e-03
642 3.215949099169e-03
643 3.215949099169e-03
644 3.215949099169e-03
645 3.215949099169e-03
646 3.215949099169e-03
647 3.215949099169e-03
648 3.215949099169e-03
649 3.215949099169e-03
650 3.215949099169e-03
651 3.376794120097e-03
652 3.376794120097e-03
653 3.376794120097e-03
654 3.376794120097e-03
655 3.376794120097e-03
656 3.376794120097e-03
657 3.376794120097e-03
658 3.376794120097e-03
659 3.376794120097e-03
660 3.376794120097e-03
661 3.537586729673e-03
662 3.537586729673e-03
663 3.537586729673e-03
664 3.537586729673e-03
665 3.537586729673e-03
666 3.537586729673e-03
667 3.537586729673e-03
668 3.537586729673e-03
669 3.537586729673e-03
670 3.537586729673e-03
671 3.687951805472e-03
672 3.687951805472e-03
673 3.687951805472e-03
674 3.687951805472e-03
675 3.687951805472e-03
676 3.687951805472e-03
677 3.687951805472e-03
678 3.687951805472e-03
679 3.687951805472e-03
680 3.687951805472e-03
681 3.835602103194e-03
682 3.835602103194e-03
683 3.835602103194e-03
684 3.835602103194e-03
685 3.835602103194e-03
686 3.835602103194e-03
687 3.835602103194e-03
688 3.835602103194e-03
689 3.835602103194e-03
690 3.835602103194e-03
691 3.991472689383e-03
692 3.991472689383e-03
693 3.991472689383e-03
694 3.991472689383e-03
695 3.991472689383e-03
696 3.991472689383e-03
697 3.991472689383e-03
698 3.991472689383e-03
699 3.991472689383e-03
700 3.991472689383e-03
701 4.150558192024e-03
702 4.150558192024e-03
703 4.150558192024e-03
704 4.150558192024e-03
705 4.150558192024e-03
706 4.150558192024e-03
707 4.150558192024e-03
708 4.150558192024e-03
709 4.150558192024e-03
710 4.150558192024e-03
711 4.295484175177e-03
712 4.295484175177e-03
713 4.295484175177e-03
714 4.295484175177e-03
715 4.295484175177e-03
716 4.295484175177e-03
717 4.295484175177e-03
718 4.295484175177e-03
719 4.295484175177e-03
720 4.295484175177e-03
721 4.419720935318e-03
722 4.419720935318e-03
723 4.419720935318e-03
724 4.419720935318e-03
725 4.419720935318e-03
726 4.419720935318e-03
727 4.419720935318e-03
728 4.419720935318e-03
729 4.419720935318e-03
730 4.419720935318e-03
731 4.541785669540e-03
732 4.541785669540e-03
733 4.541785669540e-03
734 4.541785669540e-03
735 4.541785669540e-03
736 4.541785669540e-03
737 4.541785669540e-03
738 4.541785669540e-03
739 4.541785669540e-03
740 4.541785669540e-03
741 4.689901032075e-03
742 4.689901032075e-03
743 4.689901032075e-03
744 4.689901032075e-03
745 4.689901032075e-03
746 4.689901032075e-03
747 4.689901032075e-03
748 4.689901032075e-03
749 4.689901032075e-03
750 4.689901032075e-03
751 4.868017841929e-03
752 4.868017841929e-03
753 4.868017841929e-03
754 4.868017841929e-03
755 4.868017841929e-03
756 4.868017841929e-03
757 4.868017841929e-03
758 4.868017841929e-03
759 4.868017841929e-03
760 4.868017841929e-03
761 5.042458215640e-03
762 5.042458215640e-03
763 5.042458215640e-03
764 5.042458215640e-03
765 5.042458215640e-03
766 5.042458215640e-03
767 5.042458215640e-03
768 5.042458215640e-03
769 5.042458215640e-03
770 5.042458215640e-03
771 5.178024097438e-03
772 5.178024097438e-03
773 5.178024097438e-03
774 5.178024097438e-03
775 5.178024097438e-03
776 5.178024097438e-03
777 5.178024097438e-03
778 5.178024097438e-03
779 5.178024097438e-03
780 5.178024097438e-03
781 5.288472485613e-03
782 5.288472485613e-03
783 5.288472485613e-03
784 5.288472485613e-03
785 5.288472485613e-03
786 5.288472485613e-03
787 5.288472485613e-03
788 5.288472485613e-03
789 5.288472485613e-03
790 5.288472485613e-03
791 5.431585732758e-03
792 5.431585732758e-03
793 5.431585732758e-03
794 5.431585732758e-03
795 5.431585732758e-03
796 5.431585732758e-03
797 5.431585732758e-03
798 5.431585732758e-03
799 5.431585732758e-03
800 5.431585732758e-03
801 5.643138687175e-03
802 5.643138687175e-03
803 5.643138687175e-03
804 5.643138687175e-03
805 5.643138687175e-03
806 5.643138687175e-03
807 5.643138687175e-03
808 5.643138687175e-03
809 5.643138687175e-03
810 5.643138687175e-03
811 5.878478589769e-03
812 5.878478589769e-03
813 5.878478589769e-03
814 5.878478589769e-03
815 5.878478589769e-03
816 5.878478589769e-03
817 5.878478589769e-03
818 5.878478589769e-03
819 5.878478589769e-03
820 5.878478589769e-03
821 6.045989390753e-03
822 6.045989390753e-03
823 6.045989390753e-03
824 6.045989390753e-03
825 6.045989390753e-03
826 6.045989390753e-03
827 6.045989390753e-03
828 6.045989390753e-03
829 6.045989390753e-03
830 6.045989390753e-03
831 6.111317835763e-03
832 6.111317835763e-03
833 6.111317835763e-03
834 6.111317835763e-03
835 6.111317835763e-03
836 6.111317835763e-03
837 6.111317835763e-03
838 6.111317835763e-03
839 6.111317835763e-03
840 6.111317835763e-03
841 6.138067265226e-03
842 6.138067265226e-03
843 6.138067265226e-03
844 6.138067265226e-03
845 6.138067265226e-03
846 6.138067265226e-03
847 6.138067265226e-03
848 6.138067265226e-03
849 6.138067265226e-03
850 6.138067265226e-03
851 6.224774138524e-03
852 6.224774138524e-03
853 6.224774138524e-03
854 6.224774138524e-03
855 6.224774138524e-03
856 6.224774138524e-03
857 6.224774138524e-03
858 6.224774138524e-03
859 6.224774138524e-03
860 6.224774138524e-03
861 6.412762099738e-03
862 6.412762099738e-03
863 6.412762099738e-03
864 6.412762099738e-03
865 6.412762099738e-03
866 6.412762099738e-03
867 6.412762099738e-03
868 6.412762099738e-03
869 6.412762099738e-03
870 6.412762099738e-03
871 6.650783260412e-03
872 6.650783260412e-03
873 6.650783260412e-03
874 6.650783260412e-03
875 6.650783260412e-03
876 6.650783260412e-03
877 6.650783260412e-03
878 6.650783260412e-03
879 6.650783260412e-03
880 6.650783260412e-03
881 6.860719071950e-03
882 6.860719071950e-03
883 6.860719071950e-03
884 6.860719071950e-03
885 6.860719071950e-03
886 6.860719071950e-03
887 6.860719071950e-03
888 6.860719071950e-03
889 6.860719071950e-03
890 6.860719071950e-03
891 7.027380994600e-03
892 7.027380994600e-03
893 7.027380994600e-03
894 7.027380994600e-03
895 7.027380994600e-03
896 7.027380994600e-03
897 7.027380994600e-03
898 7.027380994600e-03
899 7.027380994600e-03
900 7.027380994600e-03
901 7.201172147828e-03
902 7.201172147828e-03
903 7.201172147828e-03
904 7.201172147828e-03
905 7.201172147828e-03
906 7.201172147828e-03
907 7.201172147828e-03
908 7.201172147828e-03
909 7.201172147828e-03
910 7.201172147828e-03
911 7.429810398360e-03
912 7.429810398360e-03
913 7.429810398360e-03
914 7.429810398360e-03
915 7.429810398360e-03
916 7.429810398360e-03
917 7.429810398360e-03
918 7.429810398360e-03
919 7.429810398360e-03
920 7.429810398360e-03
921 7.697548738455e-03
922 7.697548738455e-03
923 7.697548738455e-03
924 7.697548738455e-03
925 7.697548738455e-03
926 7.697548738455e-03
927 7.697548738455e-03
928 7.697548738455e-03
929 7.697548738455e-03
930 7.697548738455e-03
931 7.939926696390e-03
932 7.939926696390e-03
933 7.939926696390e-03
934 7.939926696390e-03
935 7.939926696390e-03
936 7.939926696390e-03
937 7.939926696390e-03
938 7.939926696390e-03
939 7.939926696390e-03
940 7.939926696390e-03
941 8.123959525421e-03
942 8.123959525421e-03
943 8.123959525421e-03
944 8.123959525421e-03
945 8.123959525421e-03
946 8.123959525421e-03
947 8.123959525421e-03
948 8.123959525421e-03
949 8.123959525421e-03
950 8.123959525421e-03
951 8.285545947609e-03
952 8.285545947609e-03
953 8.285545947609e-03
954 8.285545947609e-03
955 8.285545947609e-03
956 8.285545947609e-03
957 8.285545947609e-03
958 8.285545947609e-03
959 8.285545947609e-03
960 8.285545947609e-03
961 8.481735495418e-03
962 8.481735495418e-03
963 8.481735495418e-03
964 8.481735495418e-03
965 8.481735495418e-03
966 8.481735495418e-03
967 8.481735495418e-03
968 8.481735495418e-03
969 8.481735495418e-03
970 8.481735495418e-03
971 8.723887693720e-03
972 8.723887693720e-03
973 8.723887693720e-03
974 8.723887693720e-03
975 8.723887693720e-03
976 8.723887693720e-03
977 8.723887693720e-03
978 8.723887693720e-03
979 8.723887693720e-03
980 8.723887693720e-03
981 8.968706019754e-03
982 8.968706019754e-03
983 8.968706019754e-03
984 8.968706019754e-03
985 8.968706019754e-03
986 8.968706019754e-03
987 8.968706019754e-03
988 8.968706019754e-03
989 8.968706019754e-03
990 8.968706019754e-03
991 9.177559102354e-03
992 9.177559102354e-03
993 9.177559102354e-03
994 9.177559102354e-03
995 9.177559102354e-03
996 9.177559102354e-03
997 9.177559102354e-03
998 9.177559102354e-03
999 9.177559102354e-03
1000 9.177559102354e-03
1001 9.367571797510e-03
1002 9.367571797510e-03
1003 9.367571797510e-03
1004 9.367571797510e-03
1005 9.367571797510e-03
1006 9.367571797510e-03
1007 9.367571797510e-03
1008 9.367571797510e-03
1009 9.367571797510e-03
1010 9.367571797510e-03
1011 9.584924650636e-03
1012 9.584924650636e-03
1013 9.584924650636e-03
1014 9.584924650636e-03
1015 9.584924650636e-03
1016 9.584924650636e-03
1017 9.584924650636e-03
1018 9.584924650636e-03
1019 9.584924650636e-03
1020 9.584924650636e-03
1021 9.830578567483e-03
1022 9.830578567483e-03
1023 9.830578567483e-03
1024 9.830578567483e-03
1025 9.830578567483e-03
1026 9.830578567483e-03
1027 9.830578567483e-03
1028 9.830578567483e-03
1029 9.830578567483e-03
1030 9.830578567483e-03
1031 1.004010667317e-02
1032 1.004010667317e-02
1033 1.004010667317e-02
1034 1.004010667317e-02
1035 1.004010667317e-02
1036 1.004010667317e-02
1037 1.004010667317e-02
1038 1.004010667317e-02
1039 1.004010667317e-02
1040 1.004010667317e-02
1041 1.015949791799e-02
1042 1.015949791799e-02
1043 1.015949791799e-02
1044 1.015949791799e-02
1045 1.015949791799e-02
1046 1.015949791799e-02
1047 1.015949791799e-02
1048 1.015949791799e-02
1049 1.015949791799e-02
1050 1.015949791799e-02
1051 1.022959131035e-02
1052 1.022959131035e-02
1053 1.022959131035e-02
1054 1.022959131035e-02
1055 1.022959131035e-02
1056 1.022959131035e-02
1057 1.022959131035e-02
1058 1.022959131035e-02
1059 1.022959131035e-02
1060 1.022959131035e-02
1061 1.035538782117e-02
1062 1.035538782117e-02
1063 1.035538782117e-02
1064 1.035538782117e-02
1065 1.035538782117e-02
1066 1.035538782117e-02
1067 1.035538782117e-02
1068 1.035538782117e-02
1069 1.035538782117e-02
1070 1.035538782117e-02
1071 1.058461504240e-02
1072 1.058461504240e-02
1073 1.058461504240e-02
1074 1.058461504240e-02
1075 1.058461504240e-02
1076 1.058461504240e-02
1077 1.058461504240e-02
1078 1.058461504240e-02
1079 1.058461504240e-02
1080 1.058461504240e-02
1081 1.083649466438e-02
1082 1.083649466438e-02
1083 1.083649466438e-02
1084 1.083649466438e-02
1085 1.083649466438e-02
1086 1.083649466438e-02
1087 1.083649466438e-02
1088 1.083649466438e-02
1089 1.083649466438e-02
1090 1.083649466438e-02
1091 1.099365928628e-02
1092 1.099365928628e-02
1093 1.099365928628e-02
1094 1.099365928628e-02
1095 1.099365928628e-02
1096 1.099365928628e-02
1097 1.099365928628e-02
1098 1.099365928628e-02
1099 1.099365928628e-02
1100 1.099365928628e-02
1101 1.105064112410e-02
1102 1.105064112410e-02
1103 1.105064112410e-02
1104 1.105064112410e-02
1105 1.105064112410e-02
1106 1.105064112410e-02
1107 1.105064112410e-02
1108 1.105064112410e-02
1109 1.105064112410e-02
1110 1.105064112410e-02
1111 1.111886797732e-02
1112 1.111886797732e-02
1113 1.111886797732e-02
1114 1.111886797732e-02
1115 1.111886797732e-02
1116 1.111886797732e-02
1117 1.111886797732e-02
1118 1.111886797732e-02
1119 1.111886797732e-02
1120 1.111886797732e-02
1121 1.130419407240e-02
1122 1.130419407240e-02
1123 1.130419407240e-02
1124 1.130419407240e-02
1125 1.130419407240e-02
1126 1.130419407240e-02
1127 1.130419407240e-02
1128 1.130419407240e-02
1129 1.130419407240e-02
1130 1.130419407240e-02
1131 1.160076746432e-02
1132 1.160076746432e-02
1133 1.160076746432e-02
1134 1.160076746432e-02
1135 1.160076746432e-02
1136 1.160076746432e-02
1137 1.160076746432e-02
1138 1.160076746432e-02
1139 1.160076746432e-02
1140 1.160076746432e-02
1141 1.190678131008e-02
1142 1.190678131008e-02
1143 1.190678131008e-02
1144 1.190678131008e-02
1145 1.190678131008e-02
1146 1.190678131008e-02
1147 1.190678131008e-02
1148 1.190678131008e-02
1149 1.190678131008e-02
1150 1.190678131008e-02
1151 1.214121678822e-02
1152 1.214121678822e-02
1153 1.214121678822e-02
1154 1.214121678822e-02
1155 1.214121678822e-02
1156 1.214121678822e-02
1157 1.214121678822e-02
1158 1.214121678822e-02
1159 1.214121678822e-02
1160 1.214121678822e-02
1161 1.231835342217e-02
1162 1.231835342217e-02
1163 1.231835342217e-02
1164 1.231835342217e-02
1165 1.231835342217e-02
1166 1.231835342217e-02
1167 1.231835342217e-02
1168 1.231835342217e-02
1169 1.231835342217e-02
1170 1.231835342217e-02
1171 1.250752646908e-02
1172 1.250752646908e-02
1173 1.250752646908e-02
1174 1.250752646908e-02
1175 1.250752646908e-02
1176 1.250752646908e-02
1177 1.250752646908e-02
1178 1.250752646908e-02
1179 1.250752646908e-02
1180 1.250752646908e-02
1181 1.275079375613e-02
1182 1.275079375613e-02
1183 1.275079375613e-02
1184 1.275079375613e-02
1185 1.275079375613e-02
1186 1.275079375613e-02
1187 1.275079375613e-02
1188 1.275079375613e-02
1189 1.275079375613e-02
1190 1.275079375613e-02
1191 1.302609394310e-02
1192 1.302609394310e-02
1193 1.302609394310e-02
1194 1.302609394310e-02
1195 1.302609394310e-02
1196 1.302609394310e-02
1197 1.302609394310e-02
1198 1.302609394310e-02
1199 1.302609394310e-02
1200 1.302609394310e-02
1201 1.328658473384e-02
1202 1.328658473384e-02
1203 1.328658473384e-02
1204 1.328658473384e-02
1205 1.328658473384e-02
1206 1.328658473384e-02
1207 1.328658473384e-02
1208 1.328658473384e-02
1209 1.328658473384e-02
1210 1.328658473384e-02
1211 1.352666940846e-02
1212 1.352666940846e-02
1213 1.352666940846e-02
1214 1.352666940846e-02
1215 1.352666940846e-02
1216 1.352666940846e-02
1217 1.352666940846e-02
1218 1.352666940846e-02
1219 1.352666940846e-02
1220 1.352666940846e-02
1221 1.378967608146e-02
1222 1.378967608146e-02
1223 1.378967608146e-02
1224 1.378967608146e-02
1225 1.378967608146e-02
1226 1.378967608146e-02
1227 1.378967608146e-02
1228 1.378967608146e-02
1229 1.378967608146e-02
1230 1.378967608146e-02
1231 1.410685622654e-02
1232 1.410685622654e-02
1233 1.410685622654e-02
1234 1.410685622654e-02
1235 1.410685622654e-02
1236 1.410685622654e-02
1237 1.410685622654e-02
1238 1.410685622654e-02
1239 1.410685622654e-02
1240 1.410685622654e-02
1241 1.443979654940e-02
1242 1.443979654940e-02
1243 1.443979654940e-02
1244 1.443979654940e-02
1245 1.443979654940e-02
1246 1.443979654940e-02
1247 1.443979654940e-02
1248 1.443979654940e-02
1249 1.443979654940e-02
1250 1.443979654940e-02
1251 1.470342877222e-02
1252 1.470342877222e-02
1253 1.470342877222e-02
1254 1.470342877222e-02
1255 1.470342877222e-02
1256 1.470342877222e-02
1257 1.470342877222e-02
1258 1.470342877222e-02
1259 1.470342877222e-02
1260 1.470342877222e-02
1261 1.485440257638e-02
1262 1.485440257638e-02
1263 1.485440257638e-02
1264 1.485440257638e-02
1265 1.485440257638e-02
1266 1.485440257638e-02
1267 1.485440257638e-02
1268 1.485440257638e-02
1269 1.485440257638e-02
1270 1.485440257638e-02
1271 1.494236956159e-02
1272 1.494236956159e-02
1273 1.494236956159e-02
1274 1.494236956159e-02
1275 1.494236956159e-02
1276 1.494236956159e-02
1277 1.494236956159e-02
1278 1.494236956159e-02
1279 1.494236956159e-02
1280 1.494236956159e-02
1281 1.506293225561e-02
1282 1.506293225561e-02
1283 1.506293225561e-02
1284 1.506293225561e-02
1285 1.506293225561e-02
1286 1.506293225561e-02
1287 1.506293225561e-02
1288 1.506293225561e-02
1289 1.506293225561e-02
1290 1.506293225561e-02
1291 1.526008934256e-02
1292 1.526008934256e-02
1293 1.526008934256e-02
1294 1.526008934256e-02
1295 1.526008934256e-02
1296 1.526008934256e-02
1297 1.526008934256e-02
1298 1.526008934256e-02
1299 1.526008934256e-02
1300 1.526008934256e-02
1301 1.548732020781e-02
1302 1.548732020781e-02
1303 1.548732020781e-02
1304 1.548732020781e-02
1305 1.548732020781e-02
1306 1.548732020781e-02
1307 1.548732020781e-02
1308 1.548732020781e-02
1309 1.548732020781e-02
1310 1.548732020781e-02
1311 1.567598951330e-02
1312 1.567598951330e-02
1313 1.567598951330e-02
1314 1.567598951330e-02
1315 1.567598951330e-02
1316 1.567598951330e-02
1317 1.567598951330e-02
1318 1.567598951330e-02
1319 1.567598951330e-02
1320 1.567598951330e-02
1321 1.581868721366e-02
1322 1.581868721366e-02
1323 1.581868721366e-02
1324 1.581868721366e-02
1325 1.581868721366e-02
1326 1.581868721366e-02
1327 1.581868721366e-02
1328 1.581868721366e-02
1329 1.581868721366e-02
1330 1.581868721366e-02
1331 1.596632112122e-02
1332 1.596632112122e-02
1333 1.596632112122e-02
1334 1.596632112122e-02
1335 1.596632112122e-02
1336 1.596632112122e-02
1337 1.596632112122e-02
1338 1.596632112122e-02
1339 1.596632112122e-02
1340 1.596632112122e-02
1341 1.615410778979e-02
1342 1.615410778979e-02
1343 1.615410778979e-02
1344 1.615410778979e-02
1345 1.615410778979e-02
1346 1.615410778979e-02
1347 1.615410778979e-02
1348 1.615410778979e-02
1349 1.615410778979e-02
1350 1.615410778979e-02
1351 1.634787190567e-02
1352 1.634787190567e-02
1353 1.634787190567e-02
1354 1.634787190567e-02
1355 1.634787190567e-02
1356 1.634787190567e-02
1357 1.634787190567e-02
1358 1.634787190567e-02
1359 1.634787190567e-02
1360 1.634787190567e-02
1361 1.648690566150e-02
1362 1.648690566150e-02
1363 1.648690566150e-02
1364 1.648690566150e-02
1365 1.648690566150e-02
1366 1.648690566150e-02
1367 1.648690566150e-02
1368 1.648690566150e-02
1369 1.648690566150e-02
1370 1.648690566150e-02
1371 1.656838033622e-02
1372 1.656838033622e-02
1373 1.656838033622e-02
1374 1.656838033622e-02
1375 1.656838033622e-02
1376 1.656838033622e-02
1377 1.656838033622e-02
1378 1.656838033622e-02
1379 1.656838033622e-02
1380 1.656838033622e-02
1381 1.665637163626e-02
1382 1.665637163626e-02
1383 1.665637163626e-02
1384 1.665637163626e-02
1385 1.665637163626e-02
1386 1.665637163626e-02
1387 1.665637163626e-02
1388 1.665637163626e-02
1389 1.665637163626e-02
1390 1.665637163626e-02
1391 1.681366562058e-02
1392 1.681366562058e-02
1393 1.681366562058e-02
1394 1.681366562058e-02
1395 1.681366562058e-02
1396 1.681366562058e-02
1397 1.681366562058e-02
1398 1.681366562058e-02
1399 1.681366562058e-02
1400 1.681366562058e-02
1401 1.703788943821e-02
1402 1.703788943821e-02
1403 1.703788943821e-02
1404 1.703788943821e-02
1405 1.703788943821e-02
1406 1.703788943821e-02
1407 1.703788943821e-02
1408 1.703788943821e-02
1409 1.703788943821e-02
1410 1.703788943821e-02
1411 1.726586780912e-02
1412 1.726586780912e-02
1413 1.726586780912e-02
1414 1.726586780912e-02
1415 1.726586780912e-02
1416 1.726586780912e-02
1417 1.726586780912e-02
1418 1.726586780912e-02
1419 1.726586780912e-02
1420 1.726586780912e-02
1421 1.744947503625e-02
1422 1.744947503625e-02
1423 1.744947503625e-02
1424 1.744947503625e-02
1425 1.744947503625e-02
1426 1.744947503625e-02
1427 1.744947503625e-02
1428 1.744947503625e-02
1429 1.744947503625e-02
1430 1.744947503625e-02
1431 1.760759735336e-02
1432 1.760759735336e-02
1433 1.760759735336e-02
1434 1.760759735336e-02
1435 1.760759735336e-02
1436 1.760759735336e-02
1437 1.760759735336e-02
1438 1.760759735336e-02
1439 1.760759735336e-02
1440 1.760759735336e-02
1441 1.779208348486e-02
1442 1.779208348486e-02
1443 1.779208348486e-02
1444 1.779208348486e-02
1445 1.779208348486e-02
1446 1.779208348486e-02
1447 1.779208348486e-02
1448 1.779208348486e-02
1449 1.779208348486e-02
1450 1.779208348486e-02
1451 1.802311578684e-02
1452 1.802311578684e-02
1453 1.802311578684e-02
1454 1.802311578684e-02
1455 1.802311578684e-02
1456 1.802311578684e-02
1457 1.802311578684e-02
1458 1.802311578684e-02
1459 1.802311578684e-02
1460 1.802311578684e-02
1461 1.827857408139e-02
1462 1.827857408139e-02
1463 1.827857408139e-02
1464 1.827857408139e-02
1465 1.827857408139e-02
1466 1.827857408139e-02
1467 1.827857408139e-02
1468 1.827857408139e-02
1469 1.827857408139e-02
1470 1.827857408139e-02
1471 1.853822275070e-02
1472 1.853822275070e-02
1473 1.853822275070e-02
1474 1.853822275070e-02
1475 1.853822275070e-02
1476 1.853822275070e-02
1477 1.853822275070e-02
1478 1.853822275070e-02
1479 1.853822275070e-02
1480 1.853822275070e-02
1481 1.880536551916e-02
1482 1.880536551916e-02
1483 1.880536551916e-02
1484 1.880536551916e-02
1485 1.880536551916e-02
1486 1.880536551916e-02
1487 1.880536551916e-02
1488 1.880536551916e-02
1489 1.880536551916e-02
1490 1.880536551916e-02
1491 1.907934735598e-02
1492 1.907934735598e-02
1493 1.907934735598e-02
1494 1.907934735598e-02
1495 1.907934735598e-02
1496 1.907934735598e-02
1497 1.907934735598e-02
1498 1.907934735598e-02
1499 1.907934735598e-02
1500 1.907934735598e-02
1501 1.932263578534e-02
1502 1.932263578534e-02
1503 1.932263578534e-02
1504 1.932263578534e-02
1505 1.932263578534e-02
1506 1.932263578534e-02
1507 1.932263578534e-02
1508 1.932263578534e-02
1509 1.932263578534e-02
1510 1.932263578534e-02
1511 1.949120953323e-02
1512 1.949120953323e-02
1513 1.949120953323e-02
1514 1.949120953323e-02
1515 1.949120953323e-02
1516 1.949120953323e-02
1517 1.949120953323e-02
1518 1.949120953323e-02
1519 1.949120953323e-02
1520 1.949120953323e-02
1521 1.959832292610e-02
1522 1.959832292610e-02
1523 1.959832292610e-02
1524 1.959832292610e-02
1525 1.959832292610e-02
1526 1.959832292610e-02
1527 1.959832292610e-02
1528 1.959832292610e-02
1529 1.959832292610e-02
1530 1.959832292610e-02
1531 1.970070167348e-02
1532 1.970070167348e-02
1533 1.970070167348e-02
1534 1.970070167348e-02
1535 1.970070167348e-02
1536 1.970070167348e-02
1537 1.970070167348e-02
1538 1.970070167348e-02
1539 1.970070167348e-02
1540 1.970070167348e-02
1541 1.982949365393e-02
1542 1.982949365393e-02
1543 1.982949365393e-02
1544 1.982949365393e-02
1545 1.982949365393e-02
1546 1.982949365393e-02
1547 1.982949365393e-02
1548 1.982949365393e-02
1549 1.982949365393e-02
1550 1.982949365393e-02
1551 1.996461696476e-02
1552 1.996461696476e-02
1553 1.996461696476e-02
1554 1.996461696476e-02
1555 1.996461696476e-02
1556 1.996461696476e-02
1557 1.996461696476e-02
1558 1.996461696476e-02
1559 1.996461696476e-02
1560 1.996461696476e-02
1561 2.006782948412e-02
1562 2.006782948412e-02
1563 2.006782948412e-02
1564 2.006782948412e-02
1565 2.006782948412e-02
1566 2.006782948412e-02
1567 2.006782948412e-02
1568 2.006782948412e-02
1569 2.006782948412e-02
1570 2.006782948412e-02
1571 2.012859707222e-02
1572 2.012859707222e-02
1573 2.012859707222e-02
1574 2.012859707222e-02
1575 2.012859707222e-02
1576 2.012859707222e-02
1577 2.012859707222e-02
1578 2.012859707222e-02
1579 2.012859707222e-02
1580 2.012859707222e-02
1581 2.017163269512e-02
1582 2.017163269512e-02
1583 2.017163269512e-02
1584 2.017163269512e-02
1585 2.017163269512e-02
1586 2.017163269512e-02
1587 2.017163269512e-02
1588 2.017163269512e-02
1589 2.017163269512e-02
1590 2.017163269512e-02
1591 2.022494912051e-02
1592 2.022494912051e-02
1593 2.022494912051e-02
1594 2.022494912051e-02
1595 2.022494912051e-02
1596 2.022494912051e-02
1597 2.022494912051e-02
1598 2.022494912051e-02
1599 2.022494912051e-02
1600 2.022494912051e-02
1601 2.029519718949e-02
1602 2.029519718949e-02
1603 2.029519718949e-02
1604 2.029519718949e-02
1605 2.029519718949e-02
1606 2.029519718949e-02
1607 2.029519718949e-02
1608 2.029519718949e-02
1609 2.029519718949e-02
1610 2.029519718949e-02
1611 2.038258030619e-02
1612 2.038258030619e-02
1613 2.038258030619e-02
1614 2.038258030619e-02
1615 2.038258030619e-02
1616 2.038258030619e-02
1617 2.038258030619e-02
1618 2.038258030619e-02
1619 2.038258030619e-02
1620 2.038258030619e-02
1621 2.048816261033e-02
1622 2.048816261033e-02
1623 2.048816261033e-02
1624 2.048816261033e-02
1625 2.048816261033e-02
1626 2.048816261033e-02
1627 2.048816261033e-02
1628 2.048816261033e-02
1629 2.048816261033e-02
1630 2.048816261033e-02
1631 2.061341767894e-02
1632 2.061341767894e-02
1633 2.061341767894e-02
1634 2.061341767894e-02
1635 2.061341767894e-02
1636 2.061341767894e-02
1637 2.061341767894e-02
1638 2.061341767894e-02
1639 2.061341767894e-02
1640 2.061341767894e-02
1641 2.077358904453e-02
1642 2.077358904453e-02
1643 2.077358904453e-02
1644 2.077358904453e-02
1645 2.077358904453e-02
1646 2.077358904453e-02
1647 2.077358904453e-02
1648 2.077358904453e-02
1649 2.077358904453e-02
1650 2.077358904453e-02
1651 2.098908894161e-02
1652 2.098908894161e-02
1653 2.098908894161e-02
1654 2.098908894161e-02
1655 2.098908894161e-02
1656 2.098908894161e-02
1657 2.098908894161e-02
1658 2.098908894161e-02
1659 2.098908894161e-02
1660 2.098908894161e-02
1661 2.125155809126e-02
1662 2.125155809126e-02
1663 2.125155809126e-02
1664 2.125155809126e-02
1665 2.125155809126e-02
1666 2.125155809126e-02
1667 2.125155809126e-02
1668 2.125155809126e-02
1669 2.125155809126e-02
1670 2.125155809126e-02
1671 2.148972430441e-02
1672 2.148972430441e-02
1673 2.148972430441e-02
1674 2.148972430441e-02
1675 2.148972430441e-02
1676 2.148972430441e-02
1677 2.148972430441e-02
1678 2.148972430441e-02
1679 2.148972430441e-02
1680 2.148972430441e-02
1681 2.162078977071e-02
1682 2.162078977071e-02
1683 2.162078977071e-02
1684 2.162078977071e-02
1685 2.162078977071e-02
1686 2.162078977071e-02
1687 2.162078977071e-02
1688 2.162078977071e-02
1689 2.162078977071e-02
1690 2.162078977071e-02
1691 2.166596008310e-02
1692 2.166596008310e-02
1693 2.166596008310e-02
1694 2.166596008310e-02
1695 2.166596008310e-02
1696 2.166596008310e-02
1697 2.166596008310e-02
1698 2.166596008310e-02
1699 2.166596008310e-02
1700 2.166596008310e-02
1701 2.174447335619e-02
1702 2.174447335619e-02
1703 2.174447335619e-02
1704 2.174447335619e-02
1705 2.174447335619e-02
1706 2.174447335619e-02
1707 2.174447335619e-02
1708 2.174447335619e-02
1709 2.174447335619e-02
1710 2.174447335619e-02
1711 2.194857675574e-02
1712 2.194857675574e-02
1713 2.194857675574e-02
1714 2.194857675574e-02
1715 2.194857675574e-02
1716 2.194857675574e-02
1717 2.194857675574e-02
1718 2.194857675574e-02
1719 2.194857675574e-02
1720 2.194857675574e-02
1721 2.225016832159e-02
1722 2.225016832159e-02
1723 2.225016832159e-02
1724 2.225016832159e-02
1725 2.225016832159e-02
1726 2.225016832159e-02
1727 2.225016832159e-02
1728 2.225016832159e-02
1729 2.225016832159e-02
1730 2.225016832159e-02
1731 2.254674220331e-02
1732 2.254674220331e-02
1733 2.254674220331e-02
1734 2.254674220331e-02
1735 2.254674220331e-02
1736 2.254674220331e-02
1737 2.254674220331e-02
1738 2.254674220331e-02
1739 2.254674220331e-02
1740 2.254674220331e-02
1741 2.280151020000e-02
1742 2.280151020000e-02
1743 2.280151020000e-02
1744 2.280151020000e-02
1745 2.280151020000e-02
1746 2.280151020000e-02
1747 2.280151020000e-02
1748 2.280151020000e-02
1749 2.280151020000e-02
1750 2.280151020000e-02
1751 2.308053641557e-02
1752 2.308053641557e-02
1753 2.308053641557e-02
1754 2.308053641557e-02
1755 2.308053641557e-02
1756 2.308053641557e-02
1757 2.308053641557e-02
1758 2.308053641557e-02
1759 2.308053641557e-02
1760 2.308053641557e-02
1761 2.345384921167e-02
1762 2.345384921167e-02
1763 2.345384921167e-02
1764 2.345384921167e-02
1765 2.345384921167e-02
1766 2.345384921167e-02
1767 2.345384921167e-02
1768 2.345384921167e-02
1769 2.345384921167e-02
1770 2.345384921167e-02
1771 2.389034499695e-02
1772 2.389034499695e-02
1773 2.389034499695e-02
1774 2.389034499695e-02
1775 2.389034499695e-02
1776 2.389034499695e-02
1777 2.389034499695e-02
1778 2.389034499695e-02
1779 2.389034499695e-02
1780 2.389034499695e-02
1781 2.426280641626e-02
1782 2.426280641626e-02
1783 2.426280641626e-02
1784 2.426280641626e-02
1785 2.426280641626e-02
1786 2.426280641626e-02
1787 2.426280641626e-02
1788 2.426280641626e-02
1789 2.426280641626e-02
1790 2.426280641626e-02
1791 2.450283381817e-02
1792 2.450283381817e-02
1793 2.450283381817e-02
1794 2.450283381817e-02
1795 2.450283381817e-02
1796 2.450283381817e-02
1797 2.450283381817e-02
1798 2.450283381817e-02
1799 2.450283381817e-02
1800 2.450283381817e-02
1801 2.470643400923e-02
1802 2.470643400923e-02
1803 2.470643400923e-02
1804 2.470643400923e-02
1805 2.470643400923e-02
1806 2.470643400923e-02
1807 2.470643400923e-02
1808 2.470643400923e-02
1809 2.470643400923e-02
1810 2.470643400923e-02
1811 2.500634611911e-02
1812 2.500634611911e-02
1813 2.500634611911e-02
1814 2.500634611911e-02
1815 2.500634611911e-02
1816 2.500634611911e-02
1817 2.500634611911e-02
1818 2.500634611911e-02
1819 2.500634611911e-02
1820 2.500634611911e-02
1821 2.539568040756e-02
1822 2.539568040756e-02
1823 2.539568040756e-02
1824 2.539568040756e-02
1825 2.539568040756e-02
1826 2.539568040756e-02
1827 2.539568040756e-02
1828 2.539568040756e-02
1829 2.539568040756e-02
1830 2.539568040756e-02
1831 2.574750477921e-02
1832 2.574750477921e-02
1833 2.574750477921e-02
1834 2.574750477921e-02
1835 2.574750477921e-02
1836 2.574750477921e-02
1837 2.574750477921e-02
1838 2.574750477921e-02
1839 2.574750477921e-02
1840 2.574750477921e-02
1841 2.598446076050e-02
1842 2.598446076050e-02
1843 2.598446076050e-02
1844 2.598446076050e-02
1845 2.598446076050e-02
1846 2.598446076050e-02
1847 2.598446076050e-02
1848 2.598446076050e-02
1849 2.598446076050e-02
1850 2.598446076050e-02
1851 2.615518741803e-02
1852 2.615518741803e-02
1853 2.615518741803e-02
1854 2.615518741803e-02
1855 2.615518741803e-02
1856 2.615518741803e-02
1857 2.615518741803e-02
1858 2.615518741803e-02
1859 2.615518741803e-02
1860 2.615518741803e-02
1861 2.634946675253e-02
1862 2.634946675253e-02
1863 2.634946675253e-02
1864 2.634946675253e-02
1865 2.634946675253e-02
1866 2.634946675253e-02
1867 2.634946675253e-02
1868 2.634946675253e-02
1869 2.634946675253e-02
1870 2.634946675253e-02
1871 2.660043811947e-02
1872 2.660043811947e-02
1873 2.660043811947e-02
1874 2.660043811947e-02
1875 2.660043811947e-02
1876 2.660043811947e-02
1877 2.660043811947e-02
1878 2.660043811947e-02
1879 2.660043811947e-02
1880 2.660043811947e-02
1881 2.687776258794e-02
1882 2.687776258794e-02
1883 2.687776258794e-02
1884 2.687776258794e-02
1885 2.687776258794e-02
1886 2.687776258794e-02
1887 2.687776258794e-02
1888 2.687776258794e-02
1889 2.687776258794e-02
1890 2.687776258794e-02
1891 2.714211499305e-02
1892 2.714211499305e-02
1893 2.714211499305e-02
1894 2.714211499305e-02
1895 2.714211499305e-02
1896 2.714211499305e-02
1897 2.714211499305e-02
1898 2.714211499305e-02
1899 2.714211499305e-02
1900 2.714211499305e-02
1901 2.737623726629e-02
1902 2.737623726629e-02
1903 2.737623726629e-02
1904 2.737623726629e-02
1905 2.737623726629e-02
1906 2.737623726629e-02
1907 2.737623726629e-02
1908 2.737623726629e-02
1909 2.737623726629e-02
1910 2.737623726629e-02
1911 2.759724159141e-02
1912 2.759724159141e-02
1913 2.759724159141e-02
1914 2.759724159141e-02
1915 2.759724159141e-02
1916 2.759724159141e-02
1917 2.759724159141e-02
1918 2.759724159141e-02
1919 2.759724159141e-02
1920 2.759724159141e-02
1921 2.783208846516e-02
1922 2.783208846516e-02
1923 2.783208846516e-02
1924 2.783208846516e-02
1925 2.783208846516e-02
1926 2.783208846516e-02
1927 2.783208846516e-02
1928 2.783208846516e-02
1929 2.783208846516e-02
1930 2.783208846516e-02
1931 2.808655319491e-02
1932 2.808655319491e-02
1933 2.808655319491e-02
1934 2.808655319491e-02
1935 2.808655319491e-02
1936 2.808655319491e-02
1937 2.808655319491e-02
1938 2.808655319491e-02
1939 2.808655319491e-02
1940 2.808655319491e-02
1941 2.835726720919e-02
1942 2.835726720919e-02
1943 2.835726720919e-02
1944 2.835726720919e-02
1945 2.835726720919e-02
1946 2.835726720919e-02
1947 2.835726720919e-02
1948 2.835726720919e-02
1949 2.835726720919e-02
1950 2.835726720919e-02
1951 2.864360946281e-02
1952 2.864360946281e-02
1953 2.864360946281e-02
1954 2.864360946281e-02
1955 2.864360946281e-02
1956 2.864360946281e-02
1957 2.864360946281e-02
1958 2.864360946281e-02
1959 2.864360946281e-02
1960 2.864360946281e-02
1961 2.896084925895e-02
1962 2.896084925895e-02
1963 2.896084925895e-02
1964 2.896084925895e-02
1965 2.896084925895e-02
1966 2.896084925895e-02
1967 2.896084925895e-02
1968 2.896084925895e-02
1969 2.896084925895e-02
1970 2.896084925895e-02
1971 2.932121268540e-02
1972 2.932121268540e-02
1973 2.932121268540e-02
1974 2.932121268540e-02
1975 2.932121268540e-02
1976 2.932121268540e-02
1977 2.932121268540e-02
1978 2.932121268540e-02
1979 2.932121268540e-02
1980 2.932121268540e-02
1981 2.969382734399e-02
1982 2.969382734399e-02
1983 2.969382734399e-02
1984 2.969382734399e-02
1985 2.969382734399e-02
1986 2.969382734399e-02
1987 2.969382734399e-02
1988 2.969382734399e-02
1989 2.969382734399e-02
1990 2.969382734399e-02
1991 3.000159340705e-02
1992 3.000159340705e-02
1993 3.000159340705e-02
1994 3.000159340705e-02
1995 3.000159340705e-02
1996 3.000159340705e-02
1997 3.000159340705e-02
1998 3.000159340705e-02
1999 3.000159340705e-02
2000 3.000159340705e-02
2001 3.016314978052e-02
2002 3.016314978052e-02
2003 3.016314978052e-02
2004 3.016314978052e-02
2005 3.016314978052e-02
2006 3.016314978052e-02
2007 3.016314978052e-02
2008 3.016314978052e-02
2009 3.016314978052e-02
2010 3.016314978052e-02
2011 3.017929873006e-02
2012 3.017929873006e-02
2013 3.017929873006e-02
2014 3.017929873006e-02
2015 3.017929873006e-02
2016 3.017929873006e-02
2017 3.017929873006e-02
2018 3.017929873006e-02
2019 3.017929873006e-02
2020 3.017929873006e-02
2021 3.017175738965e-02
2022 3.017175738965e-02
2023 3.017175738965e-02
2024 3.017175738965e-02
2025 3.017175738965e-02
2026 3.017175738965e-02
2027 3.017175738965e-02
2028 3.017175738965e-02
2029 3.017175738965e-02
2030 3.017175738965e-02
2031 3.028765441524e-02
2032 3.028765441524e-02
2033 3.028765441524e-02
2034 3.028765441524e-02
2035 3.028765441524e-02
2036 3.028765441524e-02
2037 3.028765441524e-02
2038 3.028765441524e-02
2039 3.028765441524e-02
2040 3.028765441524e-02
2041 3.055608756922e-02
2042 3.055608756922e-02
2043 3.055608756922e-02
2044 3.055608756922e-02
2045 3.055608756922e-02
2046 3.055608756922e-02
2047 3.055608756922e-02
2048 3.055608756922e-02
2049 3.055608756922e-02
2050 3.055608756922e-02
2051 3.087124645327e-02
2052 3.087124645327e-02
2053 3.087124645327e-02
2054 3.087124645327e-02
2055 3.087124645327e-02
2056 3.087124645327e-02
2057 3.087124645327e-02
2058 3.087124645327e-02
2059 3.087124645327e-02
2060 3.087124645327e-02
2061 3.111936937190e-02
2062 3.111936937190e-02
2063 3.111936937190e-02
2064 3.111936937190e-02
2065 3.111936937190e-02
2066 3.111936937190e-02
2067 3.111936937190e-02
2068 3.111936937190e-02
2069 3.111936937190e-02
2070 3.111936937190e-02
2071 3.129438764568e-02
2072 3.129438764568e-02
2073 3.129438764568e-02
2074 3.129438764568e-02
2075 3.129438764568e-02
2076 3.129438764568e-02
2077 3.129438764568e-02
2078 3.129438764568e-02
2079 3.129438764568e-02
2080 3.129438764568e-02
2081 3.148110812526e-02
2082 3.148110812526e-02
2083 3.148110812526e-02
2084 3.148110812526e-02
2085 3.148110812526e-02
2086 3.148110812526e-02
2087 3.148110812526e-02
2088 3.148110812526e-02
2089 3.148110812526e-02
2090 3.148110812526e-02
2091 3.173510324966e-02
2092 3.173510324966e-02
2093 3.173510324966e-02
2094 3.173510324966e-02
2095 3.173510324966e-02
2096 3.173510324966e-02
2097 3.173510324966e-02
2098 3.173510324966e-02
2099 3.173510324966e-02
2100 3.173510324966e-02
2101 3.202590495930e-02
2102 3.202590495930e-02
2103 3.202590495930e-02
2104 3.202590495930e-02
2105 3.202590495930e-02
2106 3.202590495930e-02
2107 3.202590495930e-02
2108 3.202590495930e-02
2109 3.202590495930e-02
2110 3.202590495930e-02
2111 3.229818696220e-02
2112 3.229818696220e-02
2113 3.229818696220e-02
2114 3.229818696220e-02
2115 3.229818696220e-02
2116 3.229818696220e-02
2117 3.229818696220e-02
2118 3.229818696220e-02
2119 3.229818696220e-02
2120 3.229818696220e-02
2121 3.253875731276e-02
2122 3.253875731276e-02
2123 3.253875731276e-02
2124 3.253875731276e-02
2125 3.253875731276e-02
2126 3.253875731276e-02
2127 3.253875731276e-02
2128 3.253875731276e-02
2129 3.253875731276e-02
2130 3.253875731276e-02
2131 3.278145334481e-02
2132 3.278145334481e-02
2133 3.278145334481e-02
2134 3.278145334481e-02
2135 3.278145334481e-02
2136 3.278145334481e-02
2137 3.278145334481e-02
2138 3.278145334481e-02
2139 3.278145334481e-02
2140 3.278145334481e-02
2141 3.304784928631e-02
2142 3.304784928631e-02
2143 3.304784928631e-02
2144 3.304784928631e-02
2145 3.304784928631e-02
2146 3.304784928631e-02
2147 3.304784928631e-02
2148 3.304784928631e-02
2149 3.304784928631e-02
2150 3.304784928631e-02
2151 3.330327608176e-02
2152 3.330327608176e-02
2153 3.330327608176e-02
2154 3.330327608176e-02
2155 3.330327608176e-02
2156 3.330327608176e-02
2157 3.330327608176e-02
2158 3.330327608176e-02
2159 3.330327608176e-02
2160 3.330327608176e-02
2161 3.350767485722e-02
2162 3.350767485722e-02
2163 3.350767485722e-02
2164 3.350767485722e-02
2165 3.350767485722e-02
2166 3.350767485722e-02
2167 3.350767485722e-02
2168 3.350767485722e-02
2169 3.350767485722e-02
2170 3.350767485722e-02
2171 3.367298511485e-02
2172 3.367298511485e-02
2173 3.367298511485e-02
2174 3.367298511485e-02
2175 3.367298511485e-02
2176 3.367298511485e-02
2177 3.367298511485e-02
2178 3.367298511485e-02
2179 3.367298511485e-02
2180 3.367298511485e-02
2181 3.384954455933e-02
2182 3.384954455933e-02
2183 3.384954455933e-02
2184 3.384954455933e-02
2185 3.384954455933e-02
2186 3.384954455933e-02
2187 3.384954455933e-02
2188 3.384954455933e-02
2189 3.384954455933e-02
2190 3.384954455933e-02
2191 3.407269870099e-02
2192 3.407269870099e-02
2193 3.407269870099e-02
2194 3.407269870099e-02
2195 3.407269870099e-02
2196 3.407269870099e-02
2197 3.407269870099e-02
2198 3.407269870099e-02
2199 3.407269870099e-02
2200 3.407269870099e-02
2201 3.432859567615e-02
2202 3.432859567615e-02
2203 3.432859567615e-02
2204 3.432859567615e-02
2205 3.432859567615e-02
2206 3.432859567615e-02
2207 3.432859567615e-02
2208 3.432859567615e-02
2209 3.432859567615e-02
2210 3.432859567615e-02
2211 3.459796290787e-02
2212 3.459796290787e-02
2213 3.459796290787e-02
2214 3.459796290787e-02
2215 3.459796290787e-02
2216 3.459796290787e-02
2217 3.459796290787e-02
2218 3.459796290787e-02
2219 3.459796290787e-02
2220 3.459796290787e-02
2221 3.491036560047e-02
2222 3.491036560047e-02
2223 3.491036560047e-02
2224 3.491036560047e-02
2225 3.491036560047e-02
2226 3.491036560047e-02
2227 3.491036560047e-02
2228 3.491036560047e-02
2229 3.491036560047e-02
2230 3.491036560047e-02
2231 3.531860307826e-02
2232 3.531860307826e-02
2233 3.531860307826e-02
2234 3.531860307826e-02
2235 3.531860307826e-02
2236 3.531860307826e-02
2237 3.531860307826e-02
2238 3.531860307826e-02
2239 3.531860307826e-02
2240 3.531860307826e-02
2241 3.584388340564e-02
2242 3.584388340564e-02
2243 3.584388340564e-02
2244 3.584388340564e-02
2245 3.584388340564e-02
2246 3.584388340564e-02
2247 3.584388340564e-02
2248 3.584388340564e-02
2249 3.584388340564e-02
2250 3.584388340564e-02
2251 3.643484177601e-02
2252 3.643484177601e-02
2253 3.643484177601e-02
2254 3.643484177601e-02
2255 3.643484177601e-02
2256 3.643484177601e-02
2257 3.643484177601e-02
2258 3.643484177601e-02
2259 3.643484177601e-02
2260 3.643484177601e-02
2261 3.699304992058e-02
2262 3.699304992058e-02
2263 3.699304992058e-02
2264 3.699304992058e-02
2265 3.699304992058e-02
2266 3.699304992058e-02
2267 3.699304992058e-02
2268 3.699304992058e-02
2269 3.699304992058e-02
2270 3.699304992058e-02
2271 3.747242692016e-02
2272 3.747242692016e-02
2273 3.747242692016e-02
2274 3.747242692016e-02
2275 3.747242692016e-02
2276 3.747242692016e-02
2277 3.747242692016e-02
2278 3.747242692016e-02
2279 3.747242692016e-02
2280 3.747242692016e-02
2281 3.791077942519e-02
2282 3.791077942519e-02
2283 3.791077942519e-02
2284 3.791077942519e-02
2285 3.791077942519e-02
2286 3.791077942519e-02
2287 3.791077942519e-02
2288 3.791077942519e-02
2289 3.791077942519e-02
2290 3.791077942519e-02
2291 3.836255633189e-02
2292 3.836255633189e-02
2293 3.836255633189e-02
2294 3.836255633189e-02
2295 3.836255633189e-02
2296 3.836255633189e-02
2297 3.836255633189e-02
2298 3.836255633189e-02
2299 3.836255633189e-02
2300 3.836255633189e-02
2301 3.882064379437e-02
2302 3.882064379437e-02
2303 3.882064379437e-02
2304 3.882064379437e-02
2305 3.882064379437e-02
2306 3.882064379437e-02
2307 3.882064379437e-02
2308 3.882064379437e-02
2309 3.882064379437e-02
2310 3.882064379437e-02
2311 3.922562339482e-02
2312 3.922562339482e-02
2313 3.922562339482e-02
2314 3.922562339482e-02
2315 3.922562339482e-02
2316 3.922562339482e-02
2317 3.922562339482e-02
2318 3.922562339482e-02
2319 3.922562339482e-02
2320 3.922562339482e-02
2321 3.958649132114e-02
2322 3.958649132114e-02
2323 3.958649132114e-02
2324 3.958649132114e-02
2325 3.958649132114e-02
2326 3.958649132114e-02
2327 3.958649132114e-02
2328 3.958649132114e-02
2329 3.958649132114e-02
2330 3.958649132114e-02
2331 4.002616997498e-02
2332 4.002616997498e-02
2333 4.002616997498e-02
2334 4.002616997498e-02
2335 4.002616997498e-02
2336 4.002616997498e-02
2337 4.002616997498e-02
2338 4.002616997498e-02
2339 4.002616997498e-02
2340 4.002616997498e-02
2341 4.063246473363e-02
2342 4.063246473363e-02
2343 4.063246473363e-02
2344 4.063246473363e-02
2345 4.063246473363e-02
2346 4.063246473363e-02
2347 4.063246473363e-02
2348 4.063246473363e-02
2349 4.063246473363e-02
2350 4.063246473363e-02
2351 4.133311898473e-02
2352 4.133311898473e-02
2353 4.133311898473e-02
2354 4.133311898473e-02
2355 4.133311898473e-02
2356 4.133311898473e-02
2357 4.133311898473e-02
2358 4.133311898473e-02
2359 4.133311898473e-02
2360 4.133311898473e-02
2361 4.198672333297e-02
2362 4.198672333297e-02
2363 4.198672333297e-02
2364 4.198672333297e-02
2365 4.198672333297e-02
2366 4.198672333297e-02
2367 4.198672333297e-02
2368 4.198672333297e-02
2369 4.198672333297e-02
2370 4.198672333297e-02
2371 4.255031088821e-02
2372 4.255031088821e-02
2373 4.255031088821e-02
2374 4.255031088821e-02
2375 4.255031088821e-02
2376 4.255031088821e-02
2377 4.255031088821e-02
2378 4.255031088821e-02
2379 4.255031088821e-02
2380 4.255031088821e-02
2381 4.311081782578e-02
2382 4.311081782578e-02
2383 4.311081782578e-02
2384 4.311081782578e-02
2385 4.311081782578e-02
2386 4.311081782578e-02
2387 4.311081782578e-02
2388 4.311081782578e-02
2389 4.311081782578e-02
2390 4.311081782578e-02
2391 4.376735544590e-02
2392 4.376735544590e-02
2393 4.376735544590e-02
2394 4.376735544590e-02
2395 4.376735544590e-02
2396 4.376735544590e-02
2397 4.376735544590e-02
2398 4.376735544590e-02
2399 4.376735544590e-02
2400 4.376735544590e-02
2401 4.450297808791e-02
2402 4.450297808791e-02
2403 4.450297808791e-02
2404 4.450297808791e-02
2405 4.450297808791e-02
2406 4.450297808791e-02
2407 4.450297808791e-02
2408 4.450297808791e-02
2409 4.450297808791e-02
2410 4.450297808791e-02
2411 4.519901705730e-02
2412 4.519901705730e-02
2413 4.519901705730e-02
2414 4.519901705730e-02
2415 4.519901705730e-02
2416 4.519901705730e-02
2417 4.519901705730e-02
2418 4.519901705730e-02
2419 4.519901705730e-02
2420 4.519901705730e-02
2421 4.579451591760e-02
2422 4.579451591760e-02
2423 4.579451591760e-02
2424 4.579451591760e-02
2425 4.579451591760e-02
2426 4.579451591760e-02
2427 4.579451591760e-02
2428 4.579451591760e-02
2429 4.579451591760e-02
2430 4.579451591760e-02
2431 4.635712302640e-02
2432 4.635712302640e-02
2433 4.635712302640e-02
2434 4.635712302640e-02
2435 4.635712302640e-02
2436 4.635712302640e-02
2437 4.635712302640e-02
2438 4.635712302640e-02
2439 4.635712302640e-02
2440 4.635712302640e-02
2441 4.696749831281e-02
2442 4.696749831281e-02
2443 4.696749831281e-02
2444 4.696749831281e-02
2445 4.696749831281e-02
2446 4.696749831281e-02
2447 4.696749831281e-02
2448 4.696749831281e-02
2449 4.696749831281e-02
2450 4.696749831281e-02
2451 4.762436408298e-02
2452 4.762436408298e-02
2453 4.762436408298e-02
2454 4.762436408298e-02
2455 4.762436408298e-02
2456 4.762436408298e-02
2457 4.762436408298e-02
2458 4.762436408298e-02
2459 4.762436408298e-02
2460 4.762436408298e-02
2461 4.829854623110e-02
2462 4.829854623110e-02
2463 4.829854623110e-02
2464 4.829854623110e-02
2465 4.829854623110e-02
2466 4.829854623110e-02
2467 4.829854623110e-02
2468 4.829854623110e-02
2469 4.829854623110e-02
2470 4.829854623110e-02
2471 4.900565946264e-02
2472 4.900565946264e-02
2473 4.900565946264e-02
2474 4.900565946264e-02
2475 4.900565946264e-02
2476 4.900565946264e-02
2477 4.900565946264e-02
2478 4.900565946264e-02
2479 4.900565946264e-02
2480 4.900565946264e-02
2481 4.976197470323e-02
2482 4.976197470323e-02
2483 4.976197470323e-02
2484 4.976197470323e-02
2485 4.976197470323e-02
2486 4.976197470323e-02
2487 4.976197470323e-02
2488 4.976197470323e-02
2489 4.976197470323e-02
2490 4.976197470323e-02
2491 5.051563156461e-02
2492 5.051563156461e-02
2493 5.051563156461e-02
2494 5.051563156461e-02
2495 5.051563156461e-02
2496 5.051563156461e-02
2497 5.051563156461e-02
2498 5.051563156461e-02
2499 5.051563156461e-02
2500 5.051563156461e-02
2501 5.120006848403e-02
2502 5.120006848403e-02
2503 5.120006848403e-02
2504 5.120006848403e-02
2505 5.120006848403e-02
2506 5.120006848403e-02
2507 5.120006848403e-02
2508 5.120006848403e-02
2509 5.120006848403e-02
2510 5.120006848403e-02
2511 5.184078601860e-02
2512 5.184078601860e-02
2513 5.184078601860e-02
2514 5.184078601860e-02
2515 5.184078601860e-02
2516 5.184078601860e-02
2517 5.184078601860e-02
2518 5.184078601860e-02
2519 5.184078601860e-02
2520 5.184078601860e-02
2521 5.253612266580e-02
2522 5.253612266580e-02
2523 5.253612266580e-02
2524 5.253612266580e-02
2525 5.253612266580e-02
2526 5.253612266580e-02
2527 5.253612266580e-02
2528 5.253612266580e-02
2529 5.253612266580e-02
2530 5.253612266580e-02
2531 5.331201045220e-02
2532 5.331201045220e-02
2533 5.331201045220e-02
2534 5.331201045220e-02
2535 5.331201045220e-02
2536 5.331201045220e-02
2537 5.331201045220e-02
2538 5.331201045220e-02
2539 5.331201045220e-02
2540 5.331201045220e-02
2541 5.408201100006e-02
2542 5.408201100006e-02
2543 5.408201100006e-02
2544 5.408201100006e-02
2545 5.408201100006e-02
2546 5.408201100006e-02
2547 5.408201100006e-02
2548 5.408201100006e-02
2549 5.408201100006e-02
2550 5.408201100006e-02
2551 5.478012352581e-02
2552 5.478012352581e-02
2553 5.478012352581e-02
2554 5.478012352581e-02
2555 5.478012352581e-02
2556 5.478012352581e-02
2557 5.478012352581e-02
2558 5.478012352581e-02
2559 5.478012352581e-02
2560 5.478012352581e-02
2561 5.545593235986e-02
2562 5.545593235986e-02
2563 5.545593235986e-02
2564 5.545593235986e-02
2565 5.545593235986e-02
2566 5.545593235986e-02
2567 5.545593235986e-02
2568 5.545593235986e-02
2569 5.545593235986e-02
2570 5.545593235986e-02
2571 5.620540267082e-02
2572 5.620540267082e-02
2573 5.620540267082e-02
2574 5.620540267082e-02
2575 5.620540267082e-02
2576 5.620540267082e-02
2577 5.620540267082e-02
2578 5.620540267082e-02
2579 5.620540267082e-02
2580 5.620540267082e-02
2581 5.703996022593e-02
2582 5.703996022593e-02
2583 5.703996022593e-02
2584 5.703996022593e-02
2585 5.703996022593e-02
2586 5.703996022593e-02
2587 5.703996022593e-02
2588 5.703996022593e-02
2589 5.703996022593e-02
2590 5.703996022593e-02
2591 5.787019697587e-02
2592 5.787019697587e-02
2593 5.787019697587e-02
2594 5.787019697587e-02
2595 5.787019697587e-02
2596 5.787019697587e-02
2597 5.787019697587e-02
2598 5.787019697587e-02
2599 5.787019697587e-02
2600 5.787019697587e-02
2601 5.863083794435e-02
2602 5.863083794435e-02
2603 5.863083794435e-02
2604 5.863083794435e-02
2605 5.863083794435e-02
2606 5.863083794435e-02
2607 5.863083794435e-02
2608 5.863083794435e-02
2609 5.863083794435e-02
2610 5.863083794435e-02
2611 5.936110723687e-02
2612 5.936110723687e-02
2613 5.936110723687e-02
2614 5.936110723687e-02
2615 5.936110723687e-02
2616 5.936110723687e-02
2617 5.936110723687e-02
2618 5.936110723687e-02
2619 5.936110723687e-02
2620 5.936110723687e-02
2621 6.013603855236e-02
2622 6.013603855236e-02
2623 6.013603855236e-02
2624 6.013603855236e-02
2625 6.013603855236e-02
2626 6.013603855236e-02
2627 6.013603855236e-02
2628 6.013603855236e-02
2629 6.013603855236e-02
2630 6.013603855236e-02
2631 6.096106388852e-02
2632 6.096106388852e-02
2633 6.096106388852e-02
2634 6.096106388852e-02
2635 6.096106388852e-02
2636 6.096106388852e-02
2637 6.096106388852e-02
2638 6.096106388852e-02
2639 6.096106388852e-02
2640 6.096106388852e-02
2641 6.176292385997e-02
2642 6.176292385997e-02
2643 6.176292385997e-02
2644 6.176292385997e-02
2645 6.176292385997e-02
2646 6.176292385997e-02
2647 6.176292385997e-02
2648 6.176292385997e-02
2649 6.176292385997e-02
2650 6.176292385997e-02
2651 6.249245630908e-02
2652 6.249245630908e-02
2653 6.249245630908e-02
2654 6.249245630908e-02
2655 6.249245630908e-02
2656 6.249245630908e-02
2657 6.249245630908e-02
2658 6.249245630908e-02
2659 6.249245630908e-02
2660 6.249245630908e-02
2661 6.319495953327e-02
2662 6.319495953327e-02
2663 6.319495953327e-02
2664 6.319495953327e-02
2665 6.319495953327e-02
2666 6.319495953327e-02
2667 6.319495953327e-02
2668 6.319495953327e-02
2669 6.319495953327e-02
2670 6.319495953327e-02
2671 6.394421303868e-02
2672 6.394421303868e-02
2673 6.394421303868e-02
2674 6.394421303868e-02
2675 6.394421303868e-02
2676 6.394421303868e-02
2677 6.394421303868e-02
2678 6.394421303868e-02
2679 6.394421303868e-02
2680 6.394421303868e-02
2681 6.473856299803e-02
2682 6.473856299803e-02
2683 6.473856299803e-02
2684 6.473856299803e-02
2685 6.473856299803e-02
2686 6.473856299803e-02
2687 6.473856299803e-02
2688 6.473856299803e-02
2689 6.473856299803e-02
2690 6.473856299803e-02
2691 6.549398132588e-02
2692 6.549398132588e-02
2693 6.549398132588e-02
2694 6.549398132588e-02
2695 6.549398132588e-02
2696 6.549398132588e-02
2697 6.549398132588e-02
2698 6.549398132588e-02
2699 6.549398132588e-02
2700 6.549398132588e-02
2701 6.613703585471e-02
2702 6.613703585471e-02
2703 6.613703585471e-02
2704 6.613703585471e-02
2705 6.613703585471e-02
2706 6.613703585471e-02
2707 6.613703585471e-02
2708 6.613703585471e-02
2709 6.613703585471e-02
2710 6.613703585471e-02
2711 6.668957760257e-02
2712 6.668957760257e-02
2713 6.668957760257e-02
2714 6.668957760257e-02
2715 6.668957760257e-02
2716 6.668957760257e-02
2717 6.668957760257e-02
2718 6.668957760257e-02
2719 6.668957760257e-02
2720 6.668957760257e-02
2721 6.723323119342e-02
2722 6.723323119342e-02
2723 6.723323119342e-02
2724 6.723323119342e-02
2725 6.723323119342e-02
2726 6.723323119342e-02
2727 6.723323119342e-02
2728 6.723323119342e-02
2729 6.723323119342e-02
2730 6.723323119342e-02
2731 6.779826192329e-02
2732 6.779826192329e-02
2733 6.779826192329e-02
2734 6.779826192329e-02
2735 6.779826192329e-02
2736 6.779826192329e-02
2737 6.779826192329e-02
2738 6.779826192329e-02
2739 6.779826192329e-02
2740 6.779826192329e-02
2741 6.835042158914e-02
2742 6.835042158914e-02
2743 6.835042158914e-02
2744 6.835042158914e-02
2745 6.835042158914e-02
2746 6.835042158914e-02
2747 6.835042158914e-02
2748 6.835042158914e-02
2749 6.835042158914e-02
2750 6.835042158914e-02
2751 6.888945932313e-02
2752 6.888945932313e-02
2753 6.888945932313e-02
2754 6.888945932313e-02
2755 6.888945932313e-02
2756 6.888945932313e-02
2757 6.888945932313e-02
2758 6.888945932313e-02
2759 6.888945932313e-02
2760 6.888945932313e-02
2761 6.948284163219e-02
2762 6.948284163219e-02
2763 6.948284163219e-02
2764 6.948284163219e-02
2765 6.948284163219e-02
2766 6.948284163219e-02
2767 6.948284163219e-02
2768 6.948284163219e-02
2769 6.948284163219e-02
2770 6.948284163219e-02
2771 7.017535575382e-02
2772 7.017535575382e-02
2773 7.017535575382e-02
2774 7.017535575382e-02
2775 7.017535575382e-02
2776 7.017535575382e-02
2777 7.017535575382e-02
2778 7.017535575382e-02
2779 7.017535575382e-02
2780 7.017535575382e-02
2781 7.091445715362e-02
2782 7.091445715362e-02
2783 7.091445715362e-02
2784 7.091445715362e-02
2785 7.091445715362e-02
2786 7.091445715362e-02
2787 7.091445715362e-02
2788 7.091445715362e-02
2789 7.091445715362e-02
2790 7.091445715362e-02
2791 7.159758986171e-02
2792 7.159758986171e-02
2793 7.159758986171e-02
2794 7.159758986171e-02
2795 7.159758986171e-02
2796 7.159758986171e-02
2797 7.159758986171e-02
2798 7.159758986171e-02
2799 7.159758986171e-02
2800 7.159758986171e-02
2801 7.217964474417e-02
2802 7.217964474417e-02
2803 7.217964474417e-02
2804 7.217964474417e-02
2805 7.217964474417e-02
2806 7.217964474417e-02
2807 7.217964474417e-02
2808 7.217964474417e-02
2809 7.217964474417e-02
2810 7.217964474417e-02
2811 7.270534293047e-02
2812 7.270534293047e-02
2813 7.270534293047e-02
2814 7.270534293047e-02
2815 7.270534293047e-02
2816 7.270534293047e-02
2817 7.270534293047e-02
2818 7.270534293047e-02
2819 7.270534293047e-02
2820 7.270534293047e-02
2821 7.323369207207e-02
2822 7.323369207207e-02
2823 7.323369207207e-02
2824 7.323369207207e-02
2825 7.323369207207e-02
2826 7.323369207207e-02
2827 7.323369207207e-02
2828 7.323369207207e-02
2829 7.323369207207e-02
2830 7.323369207207e-02
2831 7.376800092820e-02
2832 7.376800092820e-02
2833 7.376800092820e-02
2834 7.376800092820e-02
2835 7.376800092820e-02
2836 7.376800092820e-02
2837 7.376800092820e-02
2838 7.376800092820e-02
2839 7.376800092820e-02
2840 7.376800092820e-02
2841 7.427724229470e-02
2842 7.427724229470e-02
2843 7.427724229470e-02
2844 7.427724229470e-02
2845 7.427724229470e-02
2846 7.427724229470e-02
2847 7.427724229470e-02
2848 7.427724229470e-02
2849 7.427724229470e-02
2850 7.427724229470e-02
2851 7.475953934152e-02
2852 7.475953934152e-02
2853 7.475953934152e-02
2854 7.475953934152e-02
2855 7.475953934152e-02
2856 7.475953934152e-02
2857 7.475953934152e-02
2858 7.475953934152e-02
2859 7.475953934152e-02
2860 7.475953934152e-02
2861 7.525425235821e-02
2862 7.525425235821e-02
2863 7.525425235821e-02
2864 7.525425235821e-02
2865 7.525425235821e-02
2866 7.525425235821e-02
2867 7.525425235821e-02
2868 7.525425235821e-02
2869 7.525425235821e-02
2870 7.525425235821e-02
2871 7.578483693418e-02
2872 7.578483693418e-02
2873 7.578483693418e-02
2874 7.578483693418e-02
2875 7.578483693418e-02
2876 7.578483693418e-02
2877 7.578483693418e-02
2878 7.578483693418e-02
2879 7.578483693418e-02
2880 7.578483693418e-02
2881 7.632554594012e-02
2882 7.632554594012e-02
2883 7.632554594012e-02
2884 7.632554594012e-02
2885 7.632554594012e-02
2886 7.632554594012e-02
2887 7.632554594012e-02
2888 7.632554594012e-02
2889 7.632554594012e-02
2890 7.632554594012e-02
2891 7.684432238729e-02
2892 7.684432238729e-02
2893 7.684432238729e-02
2894 7.684432238729e-02
2895 7.684432238729e-02
2896 7.684432238729e-02
2897 7.684432238729e-02
2898 7.684432238729e-02
2899 7.684432238729e-02
2900 7.684432238729e-02
2901 7.734655646111e-02
2902 7.734655646111e-02
2903 7.734655646111e-02
2904 7.734655646111e-02
2905 7.734655646111e-02
2906 7.734655646111e-02
2907 7.734655646111e-02
2908 7.734655646111e-02
2909 7.734655646111e-02
2910 7.734655646111e-02
2911 7.785145460714e-02
2912 7.785145460714e-02
2913 7.785145460714e-02
2914 7.785145460714e-02
2915 7.785145460714e-02
2916 7.785145460714e-02
2917 7.785145460714e-02
2918 7.785145460714e-02
2919 7.785145460714e-02
2920 7.785145460714e-02
2921 7.834168200133e-02
2922 7.834168200133e-02
2923 7.834168200133e-02
2924 7.834168200133e-02
2925 7.834168200133e-02
2926 7.834168200133e-02
2927 7.834168200133e-02
2928 7.834168200133e-02
2929 7.834168200133e-02
2930 7.834168200133e-02
2931 7.876826079682e-02
2932 7.876826079682e-02
2933 7.876826079682e-02
2934 7.876826079682e-02
2935 7.876826079682e-02
2936 7.876826079682e-02
2937 7.876826079682e-02
2938 7.876826079682e-02
2939 7.876826079682e-02
2940 7.876826079682e-02
2941 7.910531788342e-02
2942 7.910531788342e-02
2943 7.910531788342e-02
2944 7.910531788342e-02
2945 7.910531788342e-02
2946 7.910531788342e-02
2947 7.910531788342e-02
2948 7.910531788342e-02
2949 7.910531788342e-02
2950 7.910531788342e-02
2951 7.937801948887e-02
2952 7.937801948887e-02
2953 7.937801948887e-02
2954 7.937801948887e-02
2955 7.937801948887e-02
2956 7.937801948887e-02
2957 7.937801948887e-02
2958 7.937801948887e-02
2959 7.937801948887e-02
2960 7.937801948887e-02
2961 7.962926417728e-02
2962 7.962926417728e-02
2963 7.962926417728e-02
2964 7.962926417728e-02
2965 7.962926417728e-02
2966 7.962926417728e-02
2967 7.962926417728e-02
2968 7.962926417728e-02
2969 7.962926417728e-02
2970 7.962926417728e-02
2971 7.987491616151e-02
2972 7.987491616151e-02
2973 7.987491616151e-02
2974 7.987491616151e-02
2975 7.987491616151e-02
2976 7.987491616151e-02
2977 7.987491616151e-02
2978 7.987491616151e-02
2979 7.987491616151e-02
2980 7.987491616151e-02
2981 8.010006968644e-02
2982 8.010006968644e-02
2983 8.010006968644e-02
2984 8.010006968644e-02
2985 8.010006968644e-02
2986 8.010006968644e-02
2987 8.010006968644e-02
2988 8.010006968644e-02
2989 8.010006968644e-02
2990 8.010006968644e-02
2991 8.028686791693e-02
2992 8.028686791693e-02
2993 8.028686791693e-02
2994 8.028686791693e-02
2995 8.028686791693e-02
2996 8.028686791693e-02
2997 8.028686791693e-02
2998 8.028686791693e-02
2999 8.028686791693e-02
3000 8.028686791693e-02
3001 8.044143627657e-02
3002 8.044143627657e-02
3003 8.044143627657e-02
3004 8.044143627657e-02
3005 8.044143627657e-02
3006 8.044143627657e-02
3007 8.044143627657e-02
3008 8.044143627657e-02
3009 8.044143627657e-02
3010 8.044143627657e-02
3011 8.059763037737e-02
3012 8.059763037737e-02
3013 8.059763037737e-02
3014 8.059763037737e-02
3015 8.059763037737e-02
3016 8.059763037737e-02
3017 8.059763037737e-02
3018 8.059763037737e-02
3019 8.059763037737e-02
3020 8.059763037737e-02
3021 8.079539341975e-02
3022 8.079539341975e-02
3023 8.079539341975e-02
3024 8.079539341975e-02
3025 8.079539341975e-02
3026 8.079539341975e-02
3027 8.079539341975e-02
3028 8.079539341975e-02
3029 8.079539341975e-02
3030 8.079539341975e-02
3031 8.106112181857e-02
3032 8.106112181857e-02
3033 8.106112181857e-02
3034 8.106112181857e-02
3035 8.106112181857e-02
3036 8.106112181857e-02
3037 8.106112181857e-02
3038 8.106112181857e-02
3039 8.106112181857e-02
3040 8.106112181857e-02
3041 8.140004187315e-02
3042 8.140004187315e-02
3043 8.140004187315e-02
3044 8.140004187315e-02
3045 8.140004187315e-02
3046 8.140004187315e-02
3047 8.140004187315e-02
3048 8.140004187315e-02
3049 8.140004187315e-02
3050 8.140004187315e-02
3051 8.179810619603e-02
3052 8.179810619603e-02
3053 8.179810619603e-02
3054 8.179810619603e-02
3055 8.179810619603e-02
3056 8.179810619603e-02
3057 8.179810619603e-02
3058 8.179810619603e-02
3059 8.179810619603e-02
3060 8.179810619603e-02
3061 8.223393573166e-02
3062 8.223393573166e-02
3063 8.223393573166e-02
3064 8.223393573166e-02
3065 8.223393573166e-02
3066 8.223393573166e-02
3067 8.223393573166e-02
3068 8.223393573166e-02
3069 8.223393573166e-02
3070 8.223393573166e-02
3071 8.268679524863e-02
3072 8.268679524863e-02
3073 8.268679524863e-02
3074 8.268679524863e-02
3075 8.268679524863e-02
3076 8.268679524863e-02
3077 8.268679524863e-02
3078 8.268679524863e-02
3079 8.268679524863e-02
3080 8.268679524863e-02
3081 8.313414868576e-02
3082 8.313414868576e-02
3083 8.313414868576e-02
3084 8.313414868576e-02
3085 8.313414868576e-02
3086 8.313414868576e-02
3087 8.313414868576e-02
3088 8.313414868576e-02
3089 8.313414868576e-02
3090 8.313414868576e-02
3091 8.354709061751e-02
3092 8.354709061751e-02
3093 8.354709061751e-02
3094 8.354709061751e-02
3095 8.354709061751e-02
3096 8.354709061751e-02
3097 8.354709061751e-02
3098 8.354709061751e-02
3099 8.354709061751e-02
3100 8.354709061751e-02
3101 8.389343013762e-02
3102 8.389343013762e-02
3103 8.389343013762e-02
3104 8.389343013762e-02
3105 8.389343013762e-02
3106 8.389343013762e-02
3107 8.389343013762e-02
3108 8.389343013762e-02
3109 8.389343013762e-02
3110 8.389343013762e-02
3111 8.416653937572e-02
3112 8.416653937572e-02
3113 8.416653937572e-02
3114 8.416653937572e-02
3115 8.416653937572e-02
3116 8.416653937572e-02
3117 8.416653937572e-02
3118 8.416653937572e-02
3119 8.416653937572e-02
3120 8.416653937572e-02
3121 8.439833653615e-02
3122 8.439833653615e-02
3123 8.439833653615e-02
3124 8.439833653615e-02
3125 8.439833653615e-02
3126 8.439833653615e-02
3127 8.439833653615e-02
3128 8.439833653615e-02
3129 8.439833653615e-02
3130 8.439833653615e-02
3131 8.462805098907e-02
3132 8.462805098907e-02
3133 8.462805098907e-02
3134 8.462805098907e-02
3135 8.462805098907e-02
3136 8.462805098907e-02
3137 8.462805098907e-02
3138 8.462805098907e-02
3139 8.462805098907e-02
3140 8.462805098907e-02
3141 8.486774933855e-02
3142 8.486774933855e-02
3143 8.486774933855e-02
3144 8.486774933855e-02
3145 8.486774933855e-02
3146 8.486774933855e-02
3147 8.486774933855e-02
3148 8.486774933855e-02
3149 8.486774933855e-02
3150 8.486774933855e-02
3151 8.510671033662e-02
3152 8.510671033662e-02
3153 8.510671033662e-02
3154 8.510671033662e-02
3155 8.510671033662e-02
3156 8.510671033662e-02
3157 8.510671033662e-02
3158 8.510671033662e-02
3159 8.510671033662e-02
3160 8.510671033662e-02
3161 8.535297446235e-02
3162 8.535297446235e-02
3163 8.535297446235e-02
3164 8.535297446235e-02
3165 8.535297446235e-02
3166 8.535297446235e-02
3167 8.535297446235e-02
3168 8.535297446235e-02
3169 8.535297446235e-02
3170 8.535297446235e-02
3171 8.563726699378e-02
3172 8.563726699378e-02
3173 8.563726699378e-02
3174 8.563726699378e-02
3175 8.563726699378e-02
3176 8.563726699378e-02
3177 8.563726699378e-02
3178 8.563726699378e-02
3179 8.563726699378e-02
3180 8.563726699378e-02
3181 8.597182236845e-02
3182 8.597182236845e-02
3183 8.597182236845e-02
3184 8.597182236845e-02
3185 8.597182236845e-02
3186 8.597182236845e-02
3187 8.597182236845e-02
3188 8.597182236845e-02
3189 8.597182236845e-02
3190 8.597182236845e-02
3191 8.633736784090e-02
3192 8.633736784090e-02
3193 8.633736784090e-02
3194 8.633736784090e-02
3195 8.633736784090e-02
3196 8.633736784090e-02
3197 8.633736784090e-02
3198 8.633736784090e-02
3199 8.633736784090e-02
3200 8.633736784090e-02
3201 8.669818715410e-02
3202 8.669818715410e-02
3203 8.669818715410e-02
3204 8.669818715410e-02
3205 8.669818715410e-02
3206 8.669818715410e-02
3207 8.669818715410e-02
3208 8.669818715410e-02
3209 8.669818715410e-02
3210 8.669818715410e-02
3211 8.702652040150e-02
3212 8.702652040150e-02
3213 8.702652040150e-02
3214 8.702652040150e-02
3215 8.702652040150e-02
3216 8.702652040150e-02
3217 8.702652040150e-02
3218 8.702652040150e-02
3219 8.702652040150e-02
3220 8.702652040150e-02
3221 8.732857525793e-02
3222 8.732857525793e-02
3223 8.732857525793e-02
3224 8.732857525793e-02
3225 8.732857525793e-02
3226 8.732857525793e-02
3227 8.732857525793e-02
3228 8.732857525793e-02
3229 8.732857525793e-02
3230 8.732857525793e-02
3231 8.763660410655e-02
3232 8.763660410655e-02
3233 8.763660410655e-02
3234 8.763660410655e-02
3235 8.763660410655e-02
3236 8.763660410655e-02
3237 8.763660410655e-02
3238 8.763660410655e-02
3239 8.763660410655e-02
3240 8.763660410655e-02
3241 8.797672608725e-02
3242 8.797672608725e-02
3243 8.797672608725e-02
3244 8.797672608725e-02
3245 8.797672608725e-02
3246 8.797672608725e-02
3247 8.797672608725e-02
3248 8.797672608725e-02
3249 8.797672608725e-02
3250 8.797672608725e-02
3251 8.835260596587e-02
3252 8.835260596587e-02
3253 8.835260596587e-02
3254 8.835260596587e-02
3255 8.835260596587e-02
3256 8.835260596587e-02
3257 8.835260596587e-02
3258 8.835260596587e-02
3259 8.835260596587e-02
3260 8.835260596587e-02
3261 8.874186589727e-02
3262 8.874186589727e-02
3263 8.874186589727e-02
3264 8.874186589727e-02
3265 8.874186589727e-02
3266 8.874186589727e-02
3267 8.874186589727e-02
3268 8.874186589727e-02
3269 8.874186589727e-02
3270 8.874186589727e-02
3271 8.910660839343e-02
3272 8.910660839343e-02
3273 8.910660839343e-02
3274 8.910660839343e-02
3275 8.910660839343e-02
3276 8.910660839343e-02
3277 8.910660839343e-02
3278 8.910660839343e-02
3279 8.910660839343e-02
3280 8.910660839343e-02
3281 8.942488976939e-02
3282 8.942488976939e-02
3283 8.942488976939e-02
3284 8.942488976939e-02
3285 8.942488976939e-02
3286 8.942488976939e-02
3287 8.942488976939e-02
3288 8.942488976939e-02
3289 8.942488976939e-02
3290 8.942488976939e-02
3291 8.970991056735e-02
3292 8.970991056735e-02
3293 8.970991056735e-02
3294 8.970991056735e-02
3295 8.970991056735e-02
3296 8.970991056735e-02
3297 8.970991056735e-02
3298 8.970991056735e-02
3299 8.970991056735e-02
3300 8.970991056735e-02
3301 8.998698578611e-02
3302 8.998698578611e-02
3303 8.998698578611e-02
3304 8.998698578611e-02
3305 8.998698578611e-02
3306 8.998698578611e-02
3307 8.998698578611e-02
3308 8.998698578611e-02
3309 8.998698578611e-02
3310 8.998698578611e-02
3311 9.025643613022e-02
3312 9.025643613022e-02
3313 9.025643613022e-02
3314 9.025643613022e-02
3315 9.025643613022e-02
3316 9.025643613022e-02
3317 9.025643613022e-02
3318 9.025643613022e-02
3319 9.025643613022e-02
3320 9.025643613022e-02
3321 9.049686929756e-02
3322 9.049686929756e-02
3323 9.049686929756e-02
3324 9.049686929756e-02
3325 9.049686929756e-02
3326 9.049686929756e-02
3327 9.049686929756e-02
3328 9.049686929756e-02
3329 9.049686929756e-02
3330 9.049686929756e-02
3331 9.070247614526e-02
3332 9.070247614526e-02
3333 9.070247614526e-02
3334 9.070247614526e-02
3335 9.070247614526e-02
3336 9.070247614526e-02
3337 9.070247614526e-02
3338 9.070247614526e-02
3339 9.070247614526e-02
3340 9.070247614526e-02
3341 9.090390412930e-02
3342 9.090390412930e-02
3343 9.090390412930e-02
3344 9.090390412930e-02
3345 9.090390412930e-02
3346 9.090390412930e-02
3347 9.090390412930e-02
3348 9.090390412930e-02
3349 9.090390412930e-02
3350 9.090390412930e-02
3351 9.114053606168e-02
3352 9.114053606168e-02
3353 9.114053606168e-02
3354 9.114053606168e-02
3355 9.114053606168e-02
3356 9.114053606168e-02
3357 9.114053606168e-02
3358 9.114053606168e-02
3359 9.114053606168e-02
3360 9.114053606168e-02
3361 9.141565920430e-02
3362 9.141565920430e-02
3363 9.141565920430e-02
3364 9.141565920430e-02
3365 9.141565920430e-02
3366 9.141565920430e-02
3367 9.141565920430e-02
3368 9.141565920430e-02
3369 9.141565920430e-02
3370 9.141565920430e-02
3371 9.170123820028e-02
3372 9.170123820028e-02
3373 9.170123820028e-02
3374 9.170123820028e-02
3375 9.170123820028e-02
3376 9.170123820028e-02
3377 9.170123820028e-02
3378 9.170123820028e-02
3379 9.170123820028e-02
3380 9.170123820028e-02
3381 9.197926206731e-02
3382 9.197926206731e-02
3383 9.197926206731e-02
3384 9.197926206731e-02
3385 9.197926206731e-02
3386 9.197926206731e-02
3387 9.197926206731e-02
3388 9.197926206731e-02
3389 9.197926206731e-02
3390 9.197926206731e-02
3391 9.224209669785e-02
3392 9.224209669785e-02
3393 9.224209669785e-02
3394 9.224209669785e-02
3395 9.224209669785e-02
3396 9.224209669785e-02
3397 9.224209669785e-02
3398 9.224209669785e-02
3399 9.224209669785e-02
3400 9.224209669785e-02
3401 9.247619389741e-02
3402 9.247619389741e-02
3403 9.247619389741e-02
3404 9.247619389741e-02
3405 9.247619389741e-02
3406 9.247619389741e-02
3407 9.247619389741e-02
3408 9.247619389741e-02
3409 9.247619389741e-02
3410 9.247619389741e-02
3411 9.268723555289e-02
3412 9.268723555289e-02
3413 9.268723555289e-02
3414 9.268723555289e-02
3415 9.268723555289e-02
3416 9.268723555289e-02
3417 9.268723555289e-02
3418 9.268723555289e-02
3419 9.268723555289e-02
3420 9.268723555289e-02
3421 9.290635337384e-02
3422 9.290635337384e-02
3423 9.290635337384e-02
3424 9.290635337384e-02
3425 9.290635337384e-02
3426 9.290635337384e-02
3427 9.290635337384e-02
3428 9.290635337384e-02
3429 9.290635337384e-02
3430 9.290635337384e-02
3431 9.314351716180e-02
3432 9.314351716180e-02
3433 9.314351716180e-02
3434 9.314351716180e-02
3435 9.314351716180e-02
3436 9.314351716180e-02
3437 9.314351716180e-02
3438 9.314351716180e-02
3439 9.314351716180e-02
3440 9.314351716180e-02
3441 9.336060386456e-02
3442 9.336060386456e-02
3443 9.336060386456e-02
3444 9.336060386456e-02
3445 9.336060386456e-02
3446 9.336060386456e-02
3447 9.336060386456e-02
3448 9.336060386456e-02
3449 9.336060386456e-02
3450 9.336060386456e-02
3451 9.351895260475e-02
3452 9.351895260475e-02
3453 9.351895260475e-02
3454 9.351895260475e-02
3455 9.351895260475e-02
3456 9.351895260475e-02
3457 9.351895260475e-02
3458 9.351895260475e-02
3459 9.351895260475e-02
3460 9.351895260475e-02
3461 9.364152724069e-02
3462 9.364152724069e-02
3463 9.364152724069e-02
3464 9.364152724069e-02
3465 9.364152724069e-02
3466 9.364152724069e-02
3467 9.364152724069e-02
3468 9.364152724069e-02
3469 9.364152724069e-02
3470 9.364152724069e-02
3471 9.379308920317e-02
3472 9.379308920317e-02
3473 9.379308920317e-02
3474 9.379308920317e-02
3475 9.379308920317e-02
3476 9.379308920317e-02
3477 9.379308920317e-02
3478 9.379308920317e-02
3479 9.379308920317e-02
3480 9.379308920317e-02
3481 9.401469972638e-02
3482 9.401469972638e-02
3483 9.401469972638e-02
3484 9.401469972638e-02
3485 9.401469972638e-02
3486 9.401469972638e-02
3487 9.401469972638e-02
3488 9.401469972638e-02
3489 9.401469972638e-02
3490 9.401469972638e-02
3491 9.428794300962e-02
3492 9.428794300962e-02
3493 9.428794300962e-02
3494 9.428794300962e-02
3495 9.428794300962e-02
3496 9.428794300962e-02
3497 9.428794300962e-02
3498 9.428794300962e-02
3499 9.428794300962e-02
3500 9.428794300962e-02
3501 9.453662054229e-02
3502 9.453662054229e-02
3503 9.453662054229e-02
3504 9.453662054229e-02
3505 9.453662054229e-02
3506 9.453662054229e-02
3507 9.453662054229e-02
3508 9.453662054229e-02
3509 9.453662054229e-02
3510 9.453662054229e-02
3511 9.468288762416e-02
3512 9.468288762416e-02
3513 9.468288762416e-02
3514 9.468288762416e-02
3515 9.468288762416e-02
3516 9.468288762416e-02
3517 9.468288762416e-02
3518 9.468288762416e-02
3519 9.468288762416e-02
3520 9.468288762416e-02
3521 9.471639291020e-02
3522 9.471639291020e-02
3523 9.471639291020e-02
3524 9.471639291020e-02
3525 9.471639291020e-02
3526 9.471639291020e-02
3527 9.471639291020e-02
3528 9.471639291020e-02
3529 9.471639291020e-02
3530 9.471639291020e-02
3531 9.470061018966e-02
3532 9.470061018966e-02
3533 9.470061018966e-02
3534 9.470061018966e-02
3535 9.470061018966e-02
3536 9.470061018966e-02
3537 9.470061018966e-02
3538 9.470061018966e-02
3539 9.470061018966e-02
3540 9.470061018966e-02
3541 9.471181687739e-02
3542 9.471181687739e-02
3543 9.471181687739e-02
3544 9.471181687739e-02
3545 9.471181687739e-02
3546 9.471181687739e-02
3547 9.471181687739e-02
3548 9.471181687739e-02
3549 9.471181687739e-02
3550 9.471181687739e-02
3551 9.476214291917e-02
3552 9.476214291917e-02
3553 9.476214291917e-02
3554 9.476214291917e-02
3555 9.476214291917e-02
3556 9.476214291917e-02
3557 9.476214291917e-02
3558 9.476214291917e-02
3559 9.476214291917e-02
3560 9.476214291917e-02
3561 9.479508879734e-02
3562 9.479508879734e-02
3563 9.479508879734e-02
3564 9.479508879734e-02
3565 9.479508879734e-02
3566 9.479508879734e-02
3567 9.479508879734e-02
3568 9.479508879734e-02
3569 9.479508879734e-02
3570 9.479508879734e-02
3571 9.476913928113e-02
3572 9.476913928113e-02
3573 9.476913928113e-02
3574 9.476913928113e-02
3575 9.476913928113e-02
3576 9.476913928113e-02
3577 9.476913928113e-02
3578 9.476913928113e-02
3579 9.476913928113e-02
3580 9.476913928113e-02
3581 9.471416774845e-02
3582 9.471416774845e-02
3583 9.471416774845e-02
3584 9.471416774845e-02
3585 9.471416774845e-02
3586 9.471416774845e-02
3587 9.471416774845e-02
3588 9.471416774845e-02
3589 9.471416774845e-02
3590 9.471416774845e-02
3591 9.469497007027e-02
3592 9.469497007027e-02
3593 9.469497007027e-02
3594 9.469497007027e-02
3595 9.469497007027e-02
3596 9.469497007027e-02
3597 9.469497007027e-02
3598 9.469497007027e-02
3599 9.469497007027e-02
3600 9.469497007027e-02
3601 9.473761843106e-02
3602 9.473761843106e-02
3603 9.473761843106e-02
3604 9.473761843106e-02
3605 9.473761843106e-02
3606 9.473761843106e-02
3607 9.473761843106e-02
3608 9.473761843106e-02
3609 9.473761843106e-02
3610 9.473761843106e-02
3611 9.479840691707e-02
3612 9.479840691707e-02
3613 9.479840691707e-02
3614 9.479840691707e-02
3615 9.479840691707e-02
3616 9.479840691707e-02
3617 9.479840691707e-02
3618 9.479840691707e-02
3619 9.479840691707e-02
3620 9.479840691707e-02
3621 9.482029036022e-02
3622 9.482029036022e-02
3623 9.482029036022e-02
3624 9.482029036022e-02
3625 9.482029036022e-02
3626 9.482029036022e-02
3627 9.482029036022e-02
3628 9.482029036022e-02
3629 9.482029036022e-02
3630 9.482029036022e-02
3631 9.481610190427e-02
3632 9.481610190427e-02
3633 9.481610190427e-02
3634 9.481610190427e-02
3635 9.481610190427e-02
3636 9.481610190427e-02
3637 9.481610190427e-02
3638 9.481610190427e-02
3639 9.481610190427e-02
3640 9.481610190427e-02
3641 9.486380530529e-02
3642 9.486380530529e-02
3643 9.486380530529e-02
3644 9.486380530529e-02
3645 9.486380530529e-02
3646 9.486380530529e-02
3647 9.486380530529e-02
3648 9.486380530529e-02
3649 9.486380530529e-02
3650 9.486380530529e-02
3651 9.500925980119e-02
3652 9.500925980119e-02
3653 9.500925980119e-02
3654 9.500925980119e-02
3655 9.500925980119e-02
3656 9.500925980119e-02
3657 9.500925980119e-02
3658 9.500925980119e-02
3659 9.500925980119e-02
3660 9.500925980119e-02
3661 9.520458589294e-02
3662 9.520458589294e-02
3663 9.520458589294e-02
3664 9.520458589294e-02
3665 9.520458589294e-02
3666 9.520458589294e-02
3667 9.520458589294e-02
3668 9.520458589294e-02
3669 9.520458589294e-02
3670 9.520458589294e-02
3671 9.536713020399e-02
3672 9.536713020399e-02
3673 9.536713020399e-02
3674 9.536713020399e-02
3675 9.536713020399e-02
3676 9.536713020399e-02
3677 9.536713020399e-02
3678 9.536713020399e-02
3679 9.536713020399e-02
3680 9.536713020399e-02
3681 9.547448135937e-02
3682 9.547448135937e-02
3683 9.547448135937e-02
3684 9.547448135937e-02
3685 9.547448135937e-02
3686 9.547448135937e-02
3687 9.547448135937e-02
3688 9.547448135937e-02
3689 9.547448135937e-02
3690 9.547448135937e-02
3691 9.558110520062e-02
3692 9.558110520062e-02
3693 9.558110520062e-02
3694 9.558110520062e-02
3695 9.558110520062e-02
3696 9.558110520062e-02
3697 9.558110520062e-02
3698 9.558110520062e-02
3699 9.558110520062e-02
3700 9.558110520062e-02
3701 9.574273680007e-02
3702 9.574273680007e-02
3703 9.574273680007e-02
3704 9.574273680007e-02
3705 9.574273680007e-02
3706 9.574273680007e-02
3707 9.574273680007e-02
3708 9.574273680007e-02
3709 9.574273680007e-02
3710 9.574273680007e-02
3711 9.593176879725e-02
3712 9.593176879725e-02
3713 9.593176879725e-02
3714 9.593176879725e-02
3715 9.593176879725e-02
3716 9.593176879725e-02
3717 9.593176879725e-02
3718 9.593176879725e-02
3719 9.593176879725e-02
3720 9.593176879725e-02
3721 9.606245811364e-02
3722 9.606245811364e-02
3723 9.606245811364e-02
3724 9.606245811364e-02
3725 9.606245811364e-02
3726 9.606245811364e-02
3727 9.606245811364e-02
3728 9.606245811364e-02
3729 9.606245811364e-02
3730 9.606245811364e-02
3731 9.608987720407e-02
3732 9.608987720407e-02
3733 9.608987720407e-02
3734 9.608987720407e-02
3735 9.608987720407e-02
3736 9.608987720407e-02
3737 9.608987720407e-02
3738 9.608987720407e-02
3739 9.608987720407e-02
3740 9.608987720407e-02
3741 9.604624715333e-02
3742 9.604624715333e-02
3743 9.604624715333e-02
3744 9.604624715333e-02
3745 9.604624715333e-02
3746 9.604624715333e-02
3747 9.604624715333e-02
3748 9.604624715333e-02
3749 9.604624715333e-02
3750 9.604624715333e-02
3751 9.599215294258e-02
3752 9.599215294258e-02
3753 9.599215294258e-02
3754 9.599215294258e-02
3755 9.599215294258e-02
3756 9.599215294258e-02
3757 9.599215294258e-02
3758 9.599215294258e-02
3759 9.599215294258e-02
3760 9.599215294258e-02
3761 9.595122473429e-02
3762 9.595122473429e-02
3763 9.595122473429e-02
3764 9.595122473429e-02
3765 9.595122473429e-02
3766 9.595122473429e-02
3767 9.595122473429e-02
3768 9.595122473429e-02
3769 9.595122473429e-02
3770 9.595122473429e-02
3771 9.589918265807e-02
3772 9.589918265807e-02
3773 9.589918265807e-02
3774 9.589918265807e-02
3775 9.589918265807e-02
3776 9.589918265807e-02
3777 9.589918265807e-02
3778 9.589918265807e-02
3779 9.589918265807e-02
3780 9.589918265807e-02
3781 9.581845023207e-02
3782 9.581845023207e-02
3783 9.581845023207e-02
3784 9.581845023207e-02
3785 9.581845023207e-02
3786 9.581845023207e-02
3787 9.581845023207e-02
3788 9.581845023207e-02
3789 9.581845023207e-02
3790 9.581845023207e-02
3791 9.573923016772e-02
3792 9.573923016772e-02
3793 9.573923016772e-02
3794 9.573923016772e-02
3795 9.573923016772e-02
3796 9.573923016772e-02
3797 9.573923016772e-02
3798 9.573923016772e-02
3799 9.573923016772e-02
3800 9.573923016772e-02
3801 9.570487380602e-02
3802 9.570487380602e-02
3803 9.570487380602e-02
3804 9.570487380602e-02
3805 9.570487380602e-02
3806 9.570487380602e-02
3807 9.570487380602e-02
3808 9.570487380602e-02
3809 9.570487380602e-02
3810 9.570487380602e-02
3811 9.571391338434e-02
3812 9.571391338434e-02
3813 9.571391338434e-02
3814 9.571391338434e-02
3815 9.571391338434e-02
3816 9.571391338434e-02
