1 -3.112848138139e+03
2 -3.112848138005e+03
3 -3.112848136973e+03
4 -3.112848133547e+03
5 -3.112848125577e+03
6 -3.112848110364e+03
7 -3.112848084760e+03
8 -3.112848045269e+03
9 -3.112847988118e+03
10 -3.112847909308e+03
11 -3.112847805206e+03
12 -3.112847670161e+03
13 -3.112847500003e+03
14 -3.112847289598e+03
15 -3.112847033373e+03
16 -3.112846725241e+03
17 -3.112846358559e+03
18 -3.112845926100e+03
19 -3.112845420069e+03
20 -3.112844832149e+03
21 -3.112844154565e+03
22 -3.112843376277e+03
23 -3.112842488993e+03
24 -3.112841483385e+03
25 -3.112840350215e+03
26 -3.112839080461e+03
27 -3.112837665423e+03
28 -3.112836096800e+03
29 -3.112834366730e+03
30 -3.112832467805e+03
31 -3.112830394395e+03
32 -3.112828137179e+03
33 -3.112825691208e+03
34 -3.112823050396e+03
35 -3.112820208799e+03
36 -3.112817160548e+03
37 -3.112813899797e+03
38 -3.112810420711e+03
39 -3.112806717478e+03
40 -3.112802784368e+03
41 -3.112798617538e+03
42 -3.112794208274e+03
43 -3.112789553456e+03
44 -3.112784648831e+03
45 -3.112779490886e+03
46 -3.112774076985e+03
47 -3.112768405474e+03
48 -3.112762475744e+03
49 -3.112756288243e+03
50 -3.112749844436e+03
51 -3.112743148806e+03
52 -3.112736200351e+03
53 -3.112729004991e+03
54 -3.112721567041e+03
55 -3.112713891168e+03
56 -3.112705982285e+03
57 -3.112697845499e+03
58 -3.112689486114e+03
59 -3.112680909679e+03
60 -3.112672122086e+03
61 -3.112663132202e+03
62 -3.112653941967e+03
63 -3.112644561561e+03
64 -3.112634999484e+03
65 -3.112625265118e+03
66 -3.112615368755e+03
67 -3.112605321574e+03
68 -3.112595135570e+03
69 -3.112584823457e+03
70 -3.112574398529e+03
71 -3.112563877524e+03
72 -3.112553268407e+03
73 -3.112542588301e+03
74 -3.112531851300e+03
75 -3.112521071391e+03
76 -3.112510262394e+03
77 -3.112499437953e+03
78 -3.112488611574e+03
79 -3.112477796683e+03
80 -3.112467006715e+03
81 -3.112456258846e+03
82 -3.112445559467e+03
83 -3.112434926112e+03
84 -3.112424372868e+03
85 -3.112413913986e+03
86 -3.112403563803e+03
87 -3.112393336639e+03
88 -3.112383246670e+03
89 -3.112373307800e+03
90 -3.112363533534e+03
91 -3.112353941268e+03
92 -3.112344534562e+03
93 -3.112335329537e+03
94 -3.112326337183e+03
95 -3.112317567760e+03
96 -3.112309030806e+03
97 -3.112300735151e+03
98 -3.112292688958e+03
99 -3.112284899747e+03
100 -3.112277374424e+03
101 -3.112270124608e+03
102 -3.112263145386e+03
103 -3.112256447182e+03
104 -3.112250034469e+03
105 -3.112243911042e+03
106 -3.112238079974e+03
107 -3.112232543566e+03
108 -3.112227303299e+03
109 -3.112222359794e+03
110 -3.112217712779e+03
111 -3.112213367434e+03
112 -3.112209308930e+03
113 -3.112205540657e+03
114 -3.112202058746e+03
115 -3.112198858476e+03
116 -3.112195934308e+03
117 -3.112193279911e+03
118 -3.112190888195e+03
119 -3.112188751335e+03
120 -3.112186860791e+03
121 -3.112185214847e+03
122 -3.112183788502e+03
123 -3.112182578729e+03
124 -3.112181574302e+03
125 -3.112180763381e+03
126 -3.112180133506e+03
127 -3.112179671590e+03
128 -3.112179363927e+03
129 -3.112179196232e+03
130 -3.112179153657e+03
131 -3.112179229539e+03
132 -3.112179390512e+03
133 -3.112179629012e+03
134 -3.112179928326e+03
135 -3.112180271408e+03
136 -3.112180640934e+03
137 -3.112181019348e+03
138 -3.112181388902e+03
139 -3.112181731679e+03
140 -3.112182029617e+03
141 -3.112182274348e+03
142 -3.112182427863e+03
143 -3.112182481621e+03
144 -3.112182417141e+03
145 -3.112182215910e+03
146 -3.112181859414e+03
147 -3.112181329190e+03
148 -3.112180606877e+03
149 -3.112179674270e+03
150 -3.112178513375e+03
151 -3.112177117138e+03
152 -3.112175446731e+03
153 -3.112173495782e+03
154 -3.112171247568e+03
155 -3.112168685759e+03
156 -3.112165794434e+03
157 -3.112162558095e+03
158 -3.112158961676e+03
159 -3.112154990556e+03
160 -3.112150630582e+03
161 -3.112145879241e+03
162 -3.112140701060e+03
163 -3.112135094653e+03
164 -3.112129048074e+03
165 -3.112122550055e+03
166 -3.112115590065e+03
167 -3.112108158368e+03
168 -3.112100246072e+03
169 -3.112091845174e+03
170 -3.112082948592e+03
171 -3.112073561461e+03
172 -3.112063656057e+03
173 -3.112053239470e+03
174 -3.112042308486e+03
175 -3.112030860880e+03
176 -3.112018895415e+03
177 -3.112006411848e+03
178 -3.111993410935e+03
179 -3.111979894431e+03
180 -3.111965865094e+03
181 -3.111951337905e+03
182 -3.111936295203e+03
183 -3.111920754014e+03
184 -3.111904721181e+03
185 -3.111888204614e+03
186 -3.111871213322e+03
187 -3.111853757440e+03
188 -3.111835848263e+03
189 -3.111817498260e+03
190 -3.111798721084e+03
191 -3.111779542823e+03
192 -3.111759956868e+03
193 -3.111739991524e+03
194 -3.111719664835e+03
195 -3.111698995789e+03
196 -3.111678004256e+03
197 -3.111656710918e+03
198 -3.111635137215e+03
199 -3.111613305297e+03
200 -3.111591237981e+03
201 -3.111568970462e+03
202 -3.111546503265e+03
203 -3.111523872752e+03
204 -3.111501104057e+03
205 -3.111478222811e+03
206 -3.111455255113e+03
207 -3.111432227492e+03
208 -3.111409166869e+03
209 -3.111386100506e+03
210 -3.111363055943e+03
211 -3.111340073742e+03
212 -3.111317156110e+03
213 -3.111294343770e+03
214 -3.111271664530e+03
215 -3.111249146010e+03
216 -3.111226815543e+03
217 -3.111204700076e+03
218 -3.111182826088e+03
219 -3.111161219509e+03
220 -3.111139905653e+03
221 -3.111118923530e+03
222 -3.111098268234e+03
223 -3.111077977290e+03
224 -3.111058072976e+03
225 -3.111038576696e+03
226 -3.111019508941e+03
227 -3.111000889258e+03
228 -3.110982736222e+03
229 -3.110965067402e+03
230 -3.110947899340e+03
231 -3.110931263764e+03
232 -3.110915142480e+03
233 -3.110899565033e+03
234 -3.110884543466e+03
235 -3.110870088569e+03
236 -3.110856209816e+03
237 -3.110842915295e+03
238 -3.110830211645e+03
239 -3.110818104006e+03
240 -3.110806595983e+03
241 -3.110795708149e+03
242 -3.110785403951e+03
243 -3.110775701005e+03
244 -3.110766596830e+03
245 -3.110758087437e+03
246 -3.110750167379e+03
247 -3.110742829802e+03
248 -3.110736066481e+03
249 -3.110729867880e+03
250 -3.110724223227e+03
251 -3.110719141967e+03
252 -3.110714568062e+03
253 -3.110710508741e+03
254 -3.110706948627e+03
255 -3.110703871276e+03
256 -3.110701259204e+03
257 -3.110699093909e+03
258 -3.110697355879e+03
259 -3.110696024615e+03
260 -3.110695078659e+03
261 -3.110694520665e+03
262 -3.110694277216e+03
263 -3.110694349419e+03
264 -3.110694712549e+03
265 -3.110695341289e+03
266 -3.110696209792e+03
267 -3.110697291763e+03
268 -3.110698560552e+03
269 -3.110699989223e+03
270 -3.110701550587e+03
271 -3.110703246344e+03
272 -3.110704990786e+03
273 -3.110706785555e+03
274 -3.110708603096e+03
275 -3.110710415864e+03
276 -3.110712196359e+03
277 -3.110713917167e+03
278 -3.110715550989e+03
279 -3.110717070684e+03
280 -3.110718449314e+03
281 -3.110719693285e+03
282 -3.110720709929e+03
283 -3.110721506439e+03
284 -3.110722057227e+03
285 -3.110722337191e+03
286 -3.110722321763e+03
287 -3.110721986961e+03
288 -3.110721309428e+03
289 -3.110720266465e+03
290 -3.110718836059e+03
291 -3.110717034090e+03
292 -3.110714765513e+03
293 -3.110712047781e+03
294 -3.110708861829e+03
295 -3.110705189385e+03
296 -3.110701012997e+03
297 -3.110696316072e+03
298 -3.110691082908e+03
299 -3.110685298748e+03
300 -3.110678949817e+03
301 -3.110672065278e+03
302 -3.110664549561e+03
303 -3.110656434116e+03
304 -3.110647709542e+03
305 -3.110638367623e+03
306 -3.110628401336e+03
307 -3.110617804867e+03
308 -3.110606573607e+03
309 -3.110594704151e+03
310 -3.110582194287e+03
311 -3.110569090589e+03
312 -3.110555297936e+03
313 -3.110540865399e+03
314 -3.110525795586e+03
315 -3.110510092371e+03
316 -3.110493760949e+03
317 -3.110476807877e+03
318 -3.110459241129e+03
319 -3.110441070134e+03
320 -3.110422305801e+03
321 -3.110403014201e+03
322 -3.110383101758e+03
323 -3.110362637619e+03
324 -3.110341638577e+03
325 -3.110320122816e+03
326 -3.110298109865e+03
327 -3.110275620549e+03
328 -3.110252676927e+03
329 -3.110229302243e+03
330 -3.110205520864e+03
331 -3.110181417058e+03
332 -3.110156899454e+03
333 -3.110132054458e+03
334 -3.110106910419e+03
335 -3.110081496578e+03
336 -3.110055843031e+03
337 -3.110029980698e+03
338 -3.110003941280e+03
339 -3.109977757212e+03
340 -3.109951461597e+03
341 -3.109925150258e+03
342 -3.109898732938e+03
343 -3.109872306504e+03
344 -3.109845905783e+03
345 -3.109819565736e+03
346 -3.109793321333e+03
347 -3.109767207424e+03
348 -3.109741258620e+03
349 -3.109715509180e+03
350 -3.109689992904e+03
351 -3.109664806921e+03
352 -3.109639855894e+03
353 -3.109615235747e+03
354 -3.109590977556e+03
355 -3.109567111528e+03
356 -3.109543666937e+03
357 -3.109520672061e+03
358 -3.109498154115e+03
359 -3.109476139191e+03
360 -3.109454652181e+03
361 -3.109433782144e+03
362 -3.109413420301e+03
363 -3.109393653081e+03
364 -3.109374499806e+03
365 -3.109355978219e+03
366 -3.109338104425e+03
367 -3.109320892845e+03
368 -3.109304356179e+03
369 -3.109288505381e+03
370 -3.109273349631e+03
371 -3.109258964198e+03
372 -3.109245218831e+03
373 -3.109232185471e+03
374 -3.109219866394e+03
375 -3.109208262287e+03
376 -3.109197372294e+03
377 -3.109187194043e+03
378 -3.109177723669e+03
379 -3.109168955823e+03
380 -3.109160883687e+03
381 -3.109153570036e+03
382 -3.109146862953e+03
383 -3.109140822526e+03
384 -3.109135436369e+03
385 -3.109130690731e+03
386 -3.109126570653e+03
387 -3.109123059867e+03
388 -3.109120141288e+03
389 -3.109117796651e+03
390 -3.109116006703e+03
391 -3.109114825544e+03
392 -3.109114083764e+03
393 -3.109113834101e+03
394 -3.109114054305e+03
395 -3.109114721500e+03
396 -3.109115812211e+03
397 -3.109117302380e+03
398 -3.109119167377e+03
399 -3.109121381983e+03
400 -3.109123920399e+03
401 -3.109126833211e+03
402 -3.109129939476e+03
403 -3.109133288855e+03
404 -3.109136853439e+03
405 -3.109140604887e+03
406 -3.109144514475e+03
407 -3.109148553146e+03
408 -3.109152691578e+03
409 -3.109156900243e+03
410 -3.109161149485e+03
411 -3.109165488703e+03
412 -3.109169729841e+03
413 -3.109173922561e+03
414 -3.109178037446e+03
415 -3.109182045325e+03
416 -3.109185917338e+03
417 -3.109189625010e+03
418 -3.109193140308e+03
419 -3.109196435701e+03
420 -3.109199484223e+03
421 -3.109202339446e+03
422 -3.109204815743e+03
423 -3.109206968235e+03
424 -3.109208772799e+03
425 -3.109210206169e+03
426 -3.109211245983e+03
427 -3.109211870830e+03
428 -3.109212060284e+03
429 -3.109211794937e+03
430 -3.109211056414e+03
431 -3.109209905779e+03
432 -3.109208169883e+03
433 -3.109205911986e+03
434 -3.109203117912e+03
435 -3.109199774531e+03
436 -3.109195869748e+03
437 -3.109191392498e+03
438 -3.109186332742e+03
439 -3.109180681466e+03
440 -3.109174430674e+03
441 -3.109167648311e+03
442 -3.109160178574e+03
443 -3.109152091512e+03
444 -3.109143383274e+03
445 -3.109134051072e+03
446 -3.109124093193e+03
447 -3.109113509006e+03
448 -3.109102298970e+03
449 -3.109090464637e+03
450 -3.109078008656e+03
451 -3.109065006725e+03
452 -3.109051319825e+03
453 -3.109037025876e+03
454 -3.109022132015e+03
455 -3.109006646557e+03
456 -3.108990579032e+03
457 -3.108973940222e+03
458 -3.108956742193e+03
459 -3.108938998331e+03
460 -3.108920723361e+03
461 -3.108902005887e+03
462 -3.108882718358e+03
463 -3.108862952065e+03
464 -3.108842727183e+03
465 -3.108822065224e+03
466 -3.108800989013e+03
467 -3.108779522653e+03
468 -3.108757691474e+03
469 -3.108735521980e+03
470 -3.108713041776e+03
471 -3.108690356471e+03
472 -3.108667341724e+03
473 -3.108644104899e+03
474 -3.108620677196e+03
475 -3.108597090488e+03
476 -3.108573377231e+03
477 -3.108549570369e+03
478 -3.108525703235e+03
479 -3.108501809453e+03
480 -3.108477922835e+03
481 -3.108454158351e+03
482 -3.108430387682e+03
483 -3.108406725559e+03
484 -3.108383205385e+03
485 -3.108359860165e+03
486 -3.108336722397e+03
487 -3.108313823960e+03
488 -3.108291196016e+03
489 -3.108268868909e+03
490 -3.108246872084e+03
491 -3.108225313287e+03
492 -3.108204061377e+03
493 -3.108183221889e+03
494 -3.108162819959e+03
495 -3.108142879518e+03
496 -3.108123423258e+03
497 -3.108104472597e+03
498 -3.108086047646e+03
499 -3.108068167170e+03
500 -3.108050848572e+03
501 -3.108034179416e+03
502 -3.108018031467e+03
503 -3.108002489619e+03
504 -3.107987566048e+03
505 -3.107973271665e+03
506 -3.107959616133e+03
507 -3.107946607889e+03
508 -3.107934254158e+03
509 -3.107922560925e+03
510 -3.107911532941e+03
511 -3.107901239987e+03
512 -3.107891552700e+03
513 -3.107882538169e+03
514 -3.107874196894e+03
515 -3.107866528253e+03
516 -3.107859530169e+03
517 -3.107853199738e+03
518 -3.107847532960e+03
519 -3.107842524681e+03
520 -3.107838168584e+03
521 -3.107834529300e+03
522 -3.107831453871e+03
523 -3.107829004427e+03
524 -3.107827169726e+03
525 -3.107825937209e+03
526 -3.107825292976e+03
527 -3.107825221768e+03
528 -3.107825706965e+03
529 -3.107826730599e+03
530 -3.107828273377e+03
531 -3.107830402218e+03
532 -3.107832920257e+03
533 -3.107835892028e+03
534 -3.107839293430e+03
535 -3.107843099323e+03
536 -3.107847283599e+03
537 -3.107851819263e+03
538 -3.107856678520e+03
539 -3.107861832864e+03
540 -3.107867253180e+03
541 -3.107873006175e+03
542 -3.107878869066e+03
543 -3.107884907915e+03
544 -3.107891092177e+03
545 -3.107897391197e+03
546 -3.107903774299e+03
547 -3.107910210873e+03
548 -3.107916670460e+03
549 -3.107923122838e+03
550 -3.107929538106e+03
551 -3.107935972991e+03
552 -3.107942226029e+03
553 -3.107948354997e+03
554 -3.107954332089e+03
555 -3.107960130212e+03
556 -3.107965723045e+03
557 -3.107971085092e+03
558 -3.107976191716e+03
559 -3.107981019178e+03
560 -3.107985544648e+03
561 -3.107989812977e+03
562 -3.107993669741e+03
563 -3.107997161517e+03
564 -3.108000269110e+03
565 -3.108002974211e+03
566 -3.108005259381e+03
567 -3.108007108027e+03
568 -3.108008504387e+03
569 -3.108009433502e+03
570 -3.108009881199e+03
571 -3.108009895629e+03
572 -3.108009341161e+03
573 -3.108008267299e+03
574 -3.108006662866e+03
575 -3.108004517419e+03
576 -3.108001821247e+03
577 -3.107998565385e+03
578 -3.107994741625e+03
579 -3.107990342530e+03
580 -3.107985361465e+03
581 -3.107979874429e+03
582 -3.107973713016e+03
583 -3.107966954885e+03
584 -3.107959596990e+03
585 -3.107951637304e+03
586 -3.107943074881e+03
587 -3.107933909904e+03
588 -3.107924143744e+03
589 -3.107913779010e+03
590 -3.107902819599e+03
591 -3.107891384502e+03
592 -3.107879252848e+03
593 -3.107866546386e+03
594 -3.107853274601e+03
595 -3.107839448464e+03
596 -3.107825080454e+03
597 -3.107810184565e+03
598 -3.107794776309e+03
599 -3.107778872704e+03
600 -3.107762492245e+03
601 -3.107745787326e+03
602 -3.107728514369e+03
603 -3.107710828534e+03
604 -3.107692753803e+03
605 -3.107674315390e+03
606 -3.107655539663e+03
607 -3.107636454074e+03
608 -3.107617087075e+03
609 -3.107597468028e+03
610 -3.107577627102e+03
611 -3.107557723151e+03
612 -3.107537531664e+03
613 -3.107517212494e+03
614 -3.107496797837e+03
615 -3.107476320057e+03
616 -3.107455811537e+03
617 -3.107435304535e+03
618 -3.107414831038e+03
619 -3.107394422628e+03
620 -3.107374110342e+03
621 -3.107354040856e+03
622 -3.107334011258e+03
623 -3.107314166487e+03
624 -3.107294534325e+03
625 -3.107275141557e+03
626 -3.107256013925e+03
627 -3.107237176120e+03
628 -3.107218651777e+03
629 -3.107200463494e+03
630 -3.107182632855e+03
631 -3.107165299560e+03
632 -3.107148245145e+03
633 -3.107131607337e+03
634 -3.107115403980e+03
635 -3.107099652069e+03
636 -3.107084367781e+03
637 -3.107069566513e+03
638 -3.107055262905e+03
639 -3.107041470860e+03
640 -3.107028203547e+03
641 -3.107015611696e+03
642 -3.107003430460e+03
643 -3.106991809113e+03
644 -3.106980758003e+03
645 -3.106970286798e+03
646 -3.106960404460e+03
647 -3.106951119195e+03
648 -3.106942438391e+03
649 -3.106934368532e+03
650 -3.106926915116e+03
651 -3.106920237957e+03
652 -3.106914029446e+03
653 -3.106908446954e+03
654 -3.106903491052e+03
655 -3.106899160830e+03
656 -3.106895453809e+03
657 -3.106892365871e+03
658 -3.106889891216e+03
659 -3.106888022330e+03
660 -3.106886749984e+03
661 -3.106886218515e+03
662 -3.106886104734e+03
663 -3.106886549745e+03
664 -3.106887537865e+03
665 -3.106889052010e+03
666 -3.106891073801e+03
667 -3.106893583676e+03
668 -3.106896561003e+03
669 -3.106899984194e+03
670 -3.106903830810e+03
671 -3.106908222851e+03
672 -3.106912846058e+03
673 -3.106917821163e+03
674 -3.106923123202e+03
675 -3.106928726761e+03
676 -3.106934606047e+03
677 -3.106940734964e+03
678 -3.106947087187e+03
679 -3.106953636256e+03
680 -3.106960355657e+03
681 -3.106967362185e+03
682 -3.106974342947e+03
683 -3.106981415083e+03
684 -3.106988552772e+03
685 -3.106995730572e+03
686 -3.107002923483e+03
687 -3.107010106998e+03
688 -3.107017257141e+03
689 -3.107024350496e+03
690 -3.107031364223e+03
691 -3.107038428817e+03
692 -3.107045217089e+03
693 -3.107051860700e+03
694 -3.107058339125e+03
695 -3.107064632403e+03
696 -3.107070721139e+03
697 -3.107076586503e+03
698 -3.107082210219e+03
699 -3.107087574560e+03
700 -3.107092662345e+03
701 -3.107097614476e+03
702 -3.107102099755e+03
703 -3.107106260147e+03
704 -3.107110080596e+03
705 -3.107113546559e+03
706 -3.107116643999e+03
707 -3.107119359378e+03
708 -3.107121679652e+03
709 -3.107123592269e+03
710 -3.107125085169e+03
711 -3.107126291604e+03
712 -3.107126910954e+03
713 -3.107127077417e+03
714 -3.107126780995e+03
715 -3.107126012269e+03
716 -3.107124762425e+03
717 -3.107123023294e+03
718 -3.107120787391e+03
719 -3.107118047957e+03
720 -3.107114799000e+03
721 -3.107111160141e+03
722 -3.107106877593e+03
723 -3.107102072543e+03
724 -3.107096742461e+03
725 -3.107090885780e+03
726 -3.107084501930e+03
727 -3.107077591369e+03
728 -3.107070155619e+03
729 -3.107062197303e+03
730 -3.107053720179e+03
731 -3.107044851630e+03
732 -3.107035353094e+03
733 -3.107025354232e+03
734 -3.107014863751e+03
735 -3.107003891702e+03
736 -3.106992449502e+03
737 -3.106980549963e+03
738 -3.106968207293e+03
739 -3.106955437100e+03
740 -3.106942256361e+03
741 -3.106928831339e+03
742 -3.106914885870e+03
743 -3.106900588530e+03
744 -3.106885961241e+03
745 -3.106871026956e+03
746 -3.106855809560e+03
747 -3.106840333758e+03
748 -3.106824624971e+03
749 -3.106808709221e+03
750 -3.106792613026e+03
751 -3.106776540829e+03
752 -3.106760164861e+03
753 -3.106743689857e+03
754 -3.106727143243e+03
755 -3.106710552425e+03
756 -3.106693944684e+03
757 -3.106677347095e+03
758 -3.106660786424e+03
759 -3.106644289046e+03
760 -3.106627880846e+03
761 -3.106611760713e+03
762 -3.106595606339e+03
763 -3.106579614994e+03
764 -3.106563809793e+03
765 -3.106548213012e+03
766 -3.106532846058e+03
767 -3.106517729470e+03
768 -3.106502882927e+03
769 -3.106488325279e+03
770 -3.106474074580e+03
771 -3.106460282211e+03
772 -3.106446696809e+03
773 -3.106433468033e+03
774 -3.106420611044e+03
775 -3.106408140310e+03
776 -3.106396069606e+03
777 -3.106384412004e+03
778 -3.106373179864e+03
779 -3.106362384827e+03
780 -3.106352037806e+03
781 -3.106342256823e+03
782 -3.106332835788e+03
783 -3.106323890975e+03
784 -3.106315430279e+03
785 -3.106307460818e+03
786 -3.106299988921e+03
787 -3.106293020127e+03
788 -3.106286559175e+03
789 -3.106280610002e+03
790 -3.106275175732e+03
791 -3.106270398067e+03
792 -3.106265999628e+03
793 -3.106262120282e+03
794 -3.106258759640e+03
795 -3.106255916327e+03
796 -3.106253587937e+03
797 -3.106251770972e+03
798 -3.106250460798e+03
799 -3.106249651596e+03
800 -3.106249336327e+03
801 -3.106249714237e+03
802 -3.106250360495e+03
803 -3.106251471968e+03
804 -3.106253036617e+03
805 -3.106255041214e+03
806 -3.106257471400e+03
807 -3.106260311761e+03
808 -3.106263545918e+03
809 -3.106267156620e+03
810 -3.106271125847e+03
811 -3.106275667145e+03
812 -3.106280296585e+03
813 -3.106285226782e+03
814 -3.106290437563e+03
815 -3.106295908414e+03
816 -3.106301618540e+03
817 -3.106307546908e+03
818 -3.106313672295e+03
819 -3.106319973324e+03
820 -3.106326428493e+03
821 -3.106333182218e+03
822 -3.106339881055e+03
823 -3.106346669164e+03
824 -3.106353524952e+03
825 -3.106360426927e+03
826 -3.106367353747e+03
827 -3.106374284281e+03
828 -3.106381197662e+03
829 -3.106388073337e+03
830 -3.106394891113e+03
831 -3.106401696257e+03
832 -3.106408339708e+03
833 -3.106414867204e+03
834 -3.106421260342e+03
835 -3.106427501234e+03
836 -3.106433572525e+03
837 -3.106439457405e+03
838 -3.106445139625e+03
839 -3.106450603504e+03
840 -3.106455833942e+03
841 -3.106460843600e+03
842 -3.106465564644e+03
843 -3.106470010507e+03
844 -3.106474168500e+03
845 -3.106478026557e+03
846 -3.106481573237e+03
847 -3.106484797715e+03
848 -3.106487689782e+03
849 -3.106490239824e+03
850 -3.106492438810e+03
851 -3.106494365518e+03
852 -3.106495837881e+03
853 -3.106496935380e+03
854 -3.106497651118e+03
855 -3.106497978695e+03
856 -3.106497912196e+03
857 -3.106497446193e+03
858 -3.106496575745e+03
859 -3.106495296411e+03
860 -3.106493604268e+03
861 -3.106491684017e+03
862 -3.106489156842e+03
863 -3.106486208416e+03
864 -3.106482837138e+03
865 -3.106479042072e+03
866 -3.106474822981e+03
867 -3.106470180359e+03
868 -3.106465115468e+03
869 -3.106459630374e+03
870 -3.106453727979e+03
871 -3.106447649964e+03
872 -3.106440925348e+03
873 -3.106433797471e+03
874 -3.106426272866e+03
875 -3.106418359030e+03
876 -3.106410064423e+03
877 -3.106401398473e+03
878 -3.106392371566e+03
879 -3.106382995022e+03
880 -3.106373281063e+03
881 -3.106363452911e+03
882 -3.106353104609e+03
883 -3.106342460509e+03
884 -3.106331535897e+03
885 -3.106320346649e+03
886 -3.106308909142e+03
887 -3.106297240167e+03
888 -3.106285356848e+03
889 -3.106273276554e+03
890 -3.106261016826e+03
891 -3.106248761759e+03
892 -3.106236196695e+03
893 -3.106223505149e+03
894 -3.106210704704e+03
895 -3.106197812850e+03
896 -3.106184846973e+03
897 -3.106171824338e+03
898 -3.106158762087e+03
899 -3.106145677235e+03
900 -3.106132586659e+03
901 -3.106119678402e+03
902 -3.106106626801e+03
903 -3.106093619109e+03
904 -3.106080671480e+03
905 -3.106067799836e+03
906 -3.106055019842e+03
907 -3.106042346889e+03
908 -3.106029796082e+03
909 -3.106017382234e+03
910 -3.106005119851e+03
911 -3.105993245515e+03
912 -3.105981328369e+03
913 -3.105969604298e+03
914 -3.105958086563e+03
915 -3.105946788116e+03
916 -3.105935721620e+03
917 -3.105924899457e+03
918 -3.105914333748e+03
919 -3.105904036373e+03
920 -3.105894018982e+03
921 -3.105884550623e+03
922 -3.105875127128e+03
923 -3.105866017179e+03
924 -3.105857231488e+03
925 -3.105848780472e+03
926 -3.105840674208e+03
927 -3.105832922369e+03
928 -3.105825534158e+03
929 -3.105818518229e+03
930 -3.105811882602e+03
931 -3.105805864075e+03
932 -3.105800010183e+03
933 -3.105794555923e+03
934 -3.105789505915e+03
935 -3.105784863733e+03
936 -3.105780631837e+03
937 -3.105776811519e+03
938 -3.105773402858e+03
939 -3.105770404691e+03
940 -3.105767814590e+03
941 -3.105765799378e+03
942 -3.105764013329e+03
943 -3.105762620495e+03
944 -3.105761613541e+03
945 -3.105760984014e+03
946 -3.105760722415e+03
947 -3.105760818272e+03
948 -3.105761260221e+03
949 -3.105762036094e+03
950 -3.105763133003e+03
951 -3.105764687832e+03
952 -3.105766386061e+03
953 -3.105768363223e+03
954 -3.105770604459e+03
955 -3.105773094631e+03
956 -3.105775818387e+03
957 -3.105778760225e+03
958 -3.105781904545e+03
959 -3.105785235699e+03
960 -3.105788738025e+03
961 -3.105792585282e+03
962 -3.105796383396e+03
963 -3.105800305934e+03
964 -3.105804337510e+03
965 -3.105808462870e+03
966 -3.105812666914e+03
967 -3.105816934707e+03
968 -3.105821251494e+03
969 -3.105825602712e+03
970 -3.105829974001e+03
971 -3.105834590701e+03
972 -3.105838960129e+03
973 -3.105843307866e+03
974 -3.105847620479e+03
975 -3.105851884793e+03
976 -3.105856087895e+03
977 -3.105860217139e+03
978 -3.105864260145e+03
979 -3.105868204799e+03
980 -3.105872039252e+03
981 -3.105875996484e+03
982 -3.105879576202e+03
983 -3.105883011673e+03
984 -3.105886292015e+03
985 -3.105889406564e+03
986 -3.105892344859e+03
987 -3.105895096633e+03
988 -3.105897651807e+03
989 -3.105900000490e+03
990 -3.105902132981e+03
991 -3.105904249115e+03
992 -3.105905921231e+03
993 -3.105907349290e+03
994 -3.105908524454e+03
995 -3.105909438148e+03
996 -3.105910082070e+03
997 -3.105910448212e+03
998 -3.105910528876e+03
999 -3.105910316685e+03
1000 -3.105909804607e+03
1001 -3.105909176384e+03
1002 -3.105908045207e+03
1003 -3.105906595210e+03
1004 -3.105904820850e+03
1005 -3.105902716992e+03
1006 -3.105900278922e+03
1007 -3.105897502355e+03
1008 -3.105894383456e+03
1009 -3.105890918860e+03
1010 -3.105887105685e+03
1011 -3.105883159694e+03
1012 -3.105878643049e+03
1013 -3.105873772270e+03
1014 -3.105868546599e+03
1015 -3.105862965834e+03
1016 -3.105857030334e+03
1017 -3.105850741016e+03
1018 -3.105844099337e+03
1019 -3.105837107291e+03
1020 -3.105829767386e+03
1021 -3.105822330380e+03
1022 -3.105814304583e+03
1023 -3.105805941375e+03
1024 -3.105797245165e+03
1025 -3.105788220812e+03
1026 -3.105778873626e+03
1027 -3.105769209361e+03
1028 -3.105759234232e+03
1029 -3.105748954921e+03
1030 -3.105738378591e+03
1031 -3.105727725641e+03
1032 -3.105716579254e+03
1033 -3.105705160397e+03
1034 -3.105693478329e+03
1035 -3.105681542886e+03
1036 -3.105669364485e+03
1037 -3.105656954145e+03
1038 -3.105644323481e+03
1039 -3.105631484714e+03
1040 -3.105618450658e+03
1041 -3.105605356798e+03
1042 -3.105591973459e+03
1043 -3.105578436671e+03
1044 -3.105564761464e+03
1045 -3.105550963370e+03
1046 -3.105537058396e+03
1047 -3.105523062998e+03
1048 -3.105508994040e+03
1049 -3.105494868758e+03
1050 -3.105480704708e+03
1051 -3.105466590487e+03
1052 -3.105452403130e+03
1053 -3.105438231001e+03
1054 -3.105424092345e+03
1055 -3.105410005419e+03
1056 -3.105395988427e+03
1057 -3.105382059464e+03
1058 -3.105368236458e+03
1059 -3.105354537138e+03
1060 -3.105340978990e+03
1061 -3.105327703479e+03
1062 -3.105314479707e+03
1063 -3.105301447930e+03
1064 -3.105288624548e+03
1065 -3.105276025689e+03
1066 -3.105263667203e+03
1067 -3.105251564658e+03
1068 -3.105239733324e+03
1069 -3.105228188144e+03
1070 -3.105216943697e+03
1071 -3.105206240371e+03
1072 -3.105195640027e+03
1073 -3.105185381384e+03
1074 -3.105175476979e+03
1075 -3.105165938652e+03
1076 -3.105156777452e+03
1077 -3.105148003546e+03
1078 -3.105139626123e+03
1079 -3.105131653312e+03
1080 -3.105124092099e+03
1081 -3.105117196887e+03
1082 -3.105110475573e+03
1083 -3.105104179322e+03
1084 -3.105098310042e+03
1085 -3.105092868318e+03
1086 -3.105087853419e+03
1087 -3.105083263313e+03
1088 -3.105079094698e+03
1089 -3.105075343043e+03
1090 -3.105072002625e+03
1091 -3.105069220962e+03
1092 -3.105066682081e+03
1093 -3.105064530607e+03
1094 -3.105062756614e+03
1095 -3.105061349283e+03
1096 -3.105060296959e+03
1097 -3.105059587219e+03
1098 -3.105059206936e+03
1099 -3.105059142360e+03
1100 -3.105059379188e+03
1101 -3.105059957276e+03
1102 -3.105060752895e+03
1103 -3.105061804501e+03
1104 -3.105063096436e+03
1105 -3.105064612901e+03
1106 -3.105066338023e+03
1107 -3.105068255913e+03
1108 -3.105070350711e+03
1109 -3.105072606633e+03
1110 -3.105075007994e+03
1111 -3.105077605447e+03
1112 -3.105080251636e+03
1113 -3.105082996944e+03
1114 -3.105085826220e+03
1115 -3.105088724443e+03
1116 -3.105091676720e+03
1117 -3.105094668272e+03
1118 -3.105097684441e+03
1119 -3.105100710685e+03
1120 -3.105103732583e+03
1121 -3.105106919567e+03
1122 -3.105109890364e+03
1123 -3.105112814354e+03
1124 -3.105115677702e+03
1125 -3.105118466749e+03
1126 -3.105121168019e+03
1127 -3.105123768234e+03
1128 -3.105126254321e+03
1129 -3.105128613425e+03
1130 -3.105130832918e+03
1131 -3.105133196120e+03
1132 -3.105135099683e+03
1133 -3.105136827230e+03
1134 -3.105138367160e+03
1135 -3.105139708153e+03
1136 -3.105140839194e+03
1137 -3.105141749577e+03
1138 -3.105142428930e+03
1139 -3.105142867226e+03
1140 -3.105143054804e+03
1141 -3.105143288834e+03
1142 -3.105142947878e+03
1143 -3.105142329589e+03
1144 -3.105141425910e+03
1145 -3.105140229196e+03
1146 -3.105138732213e+03
1147 -3.105136928123e+03
1148 -3.105134810476e+03
1149 -3.105132373189e+03
1150 -3.105129610534e+03
1151 -3.105126752746e+03
1152 -3.105123324090e+03
1153 -3.105119554859e+03
1154 -3.105115440589e+03
1155 -3.105110977110e+03
1156 -3.105106160548e+03
1157 -3.105100987329e+03
1158 -3.105095454189e+03
1159 -3.105089558187e+03
1160 -3.105083296727e+03
1161 -3.105076844218e+03
1162 -3.105069846270e+03
1163 -3.105062477387e+03
1164 -3.105054736609e+03
1165 -3.105046623474e+03
1166 -3.105038138055e+03
1167 -3.105029281007e+03
1168 -3.105020053608e+03
1169 -3.105010457817e+03
1170 -3.105000496321e+03
1171 -3.104990356740e+03
1172 -3.104979675779e+03
1173 -3.104968642063e+03
1174 -3.104957261727e+03
1175 -3.104945541884e+03
1176 -3.104933490651e+03
1177 -3.104921117160e+03
1178 -3.104908431563e+03
1179 -3.104895445012e+03
1180 -3.104882169645e+03
1181 -3.104868851352e+03
1182 -3.104855039142e+03
1183 -3.104840979991e+03
1184 -3.104826689579e+03
1185 -3.104812184365e+03
1186 -3.104797481526e+03
1187 -3.104782598903e+03
1188 -3.104767554940e+03
1189 -3.104752368613e+03
1190 -3.104737059362e+03
1191 -3.104721908122e+03
1192 -3.104706413532e+03
1193 -3.104690856241e+03
1194 -3.104675256725e+03
1195 -3.104659635497e+03
1196 -3.104644013009e+03
1197 -3.104628409560e+03
1198 -3.104612845203e+03
1199 -3.104597339655e+03
1200 -3.104581912224e+03
1201 -3.104566827150e+03
1202 -3.104551612819e+03
1203 -3.104536531414e+03
1204 -3.104521600102e+03
1205 -3.104506835465e+03
1206 -3.104492253504e+03
1207 -3.104477869652e+03
1208 -3.104463698790e+03
1209 -3.104449755276e+03
1210 -3.104436052964e+03
1211 -3.104422831598e+03
1212 -3.104409652166e+03
1213 -3.104396752640e+03
1214 -3.104384145064e+03
1215 -3.104371841051e+03
1216 -3.104359851774e+03
1217 -3.104348187942e+03
1218 -3.104336859781e+03
1219 -3.104325876988e+03
1220 -3.104315248697e+03
1221 -3.104305235147e+03
1222 -3.104295341155e+03
1223 -3.104285825147e+03
1224 -3.104276693509e+03
1225 -3.104267951821e+03
1226 -3.104259604815e+03
1227 -3.104251656339e+03
1228 -3.104244109329e+03
1229 -3.104236965783e+03
1230 -3.104230226748e+03
1231 -3.104224200448e+03
1232 -3.104218269600e+03
1233 -3.104212740532e+03
1234 -3.104207610368e+03
1235 -3.104202875255e+03
1236 -3.104198530379e+03
1237 -3.104194569990e+03
1238 -3.104190987449e+03
1239 -3.104187775283e+03
1240 -3.104184925253e+03
1241 -3.104182753771e+03
1242 -3.104180600387e+03
1243 -3.104178780597e+03
1244 -3.104177283856e+03
1245 -3.104176099217e+03
1246 -3.104175215377e+03
1247 -3.104174620721e+03
1248 -3.104174303351e+03
1249 -3.104174251096e+03
1250 -3.104174451525e+03
1251 -3.104175149055e+03
1252 -3.104175816524e+03
1253 -3.104176697724e+03
1254 -3.104177779052e+03
1255 -3.104179046572e+03
1256 -3.104180486002e+03
1257 -3.104182082710e+03
1258 -3.104183821723e+03
1259 -3.104185687740e+03
1260 -3.104187665157e+03
1261 -3.104189884260e+03
1262 -3.104192037050e+03
1263 -3.104194252930e+03
1264 -3.104196515410e+03
1265 -3.104198807874e+03
1266 -3.104201113610e+03
1267 -3.104203415852e+03
1268 -3.104205697815e+03
1269 -3.104207942732e+03
1270 -3.104210133894e+03
1271 -3.104212340414e+03
1272 -3.104214374968e+03
1273 -3.104216306343e+03
1274 -3.104218118426e+03
1275 -3.104219795339e+03
1276 -3.104221321476e+03
1277 -3.104222681529e+03
1278 -3.104223860519e+03
1279 -3.104224843822e+03
1280 -3.104225617186e+03
1281 -3.104226287563e+03
1282 -3.104226600462e+03
1283 -3.104226663049e+03
1284 -3.104226462686e+03
1285 -3.104225987145e+03
1286 -3.104225224605e+03
1287 -3.104224163644e+03
1288 -3.104222793242e+03
1289 -3.104221102777e+03
1290 -3.104219082032e+03
1291 -3.104216919761e+03
1292 -3.104214210000e+03
1293 -3.104211141865e+03
1294 -3.104207706899e+03
1295 -3.104203897139e+03
1296 -3.104199705131e+03
1297 -3.104195123953e+03
1298 -3.104190147231e+03
1299 -3.104184769165e+03
1300 -3.104178984544e+03
1301 -3.104173017008e+03
1302 -3.104166406714e+03
1303 -3.104159378039e+03
1304 -3.104151928405e+03
1305 -3.104144055972e+03
1306 -3.104135759673e+03
1307 -3.104127039256e+03
1308 -3.104117895315e+03
1309 -3.104108329335e+03
1310 -3.104098343732e+03
1311 -3.104088130573e+03
1312 -3.104077317633e+03
1313 -3.104066098261e+03
1314 -3.104054478950e+03
1315 -3.104042467277e+03
1316 -3.104030071916e+03
1317 -3.104017302643e+03
1318 -3.104004170319e+03
1319 -3.103990686883e+03
1320 -3.103976865321e+03
1321 -3.103962862075e+03
1322 -3.103948408150e+03
1323 -3.103933660965e+03
1324 -3.103918637301e+03
1325 -3.103903354760e+03
1326 -3.103887831690e+03
1327 -3.103872087109e+03
1328 -3.103856140624e+03
1329 -3.103840012339e+03
1330 -3.103823722758e+03
1331 -3.103807441113e+03
1332 -3.103790892495e+03
1333 -3.103774245359e+03
1334 -3.103757520682e+03
1335 -3.103740739259e+03
1336 -3.103723921576e+03
1337 -3.103707087696e+03
1338 -3.103690257158e+03
1339 -3.103673448888e+03
1340 -3.103656681149e+03
1341 -3.103640161377e+03
1342 -3.103623527647e+03
1343 -3.103606985050e+03
1344 -3.103590549200e+03
1345 -3.103574235211e+03
1346 -3.103558057805e+03
1347 -3.103542031431e+03
1348 -3.103526170383e+03
1349 -3.103510488922e+03
1350 -3.103495001374e+03
1351 -3.103479917328e+03
1352 -3.103464861993e+03
1353 -3.103450044567e+03
1354 -3.103435480203e+03
1355 -3.103421184285e+03
1356 -3.103407172384e+03
1357 -3.103393460206e+03
1358 -3.103380063509e+03
1359 -3.103366998015e+03
1360 -3.103354279304e+03
1361 -3.103342059621e+03
1362 -3.103330080481e+03
1363 -3.103318492623e+03
1364 -3.103307309716e+03
1365 -3.103296544591e+03
1366 -3.103286209093e+03
1367 -3.103276313944e+03
1368 -3.103266868625e+03
1369 -3.103257881267e+03
1370 -3.103249358566e+03
1371 -3.103241380823e+03
1372 -3.103233801676e+03
1373 -3.103226697987e+03
1374 -3.103220070230e+03
1375 -3.103213917311e+03
1376 -3.103208236609e+03
1377 -3.103203024041e+03
1378 -3.103198274141e+03
1379 -3.103193980156e+03
1380 -3.103190134160e+03
1381 -3.103186806311e+03
1382 -3.103183828651e+03
1383 -3.103181269248e+03
1384 -3.103179116613e+03
1385 -3.103177358625e+03
1386 -3.103175982618e+03
1387 -3.103174975457e+03
1388 -3.103174323594e+03
1389 -3.103174013117e+03
1390 -3.103174029775e+03
1391 -3.103174507785e+03
1392 -3.103175135220e+03
1393 -3.103176045060e+03
1394 -3.103177221712e+03
1395 -3.103178649201e+03
1396 -3.103180311144e+03
1397 -3.103182190732e+03
1398 -3.103184270712e+03
1399 -3.103186533380e+03
1400 -3.103188960588e+03
1401 -3.103191751925e+03
1402 -3.103194452789e+03
1403 -3.103197261239e+03
1404 -3.103200157586e+03
1405 -3.103203121860e+03
1406 -3.103206133862e+03
1407 -3.103209173225e+03
1408 -3.103212219471e+03
1409 -3.103215252078e+03
1410 -3.103218250544e+03
1411 -3.103221419603e+03
1412 -3.103224289354e+03
1413 -3.103227064220e+03
1414 -3.103229724451e+03
1415 -3.103232250645e+03
1416 -3.103234623806e+03
1417 -3.103236825396e+03
1418 -3.103238837387e+03
1419 -3.103240642303e+03
1420 -3.103242223269e+03
1421 -3.103243747476e+03
1422 -3.103244833045e+03
1423 -3.103245647955e+03
1424 -3.103246178047e+03
1425 -3.103246409890e+03
1426 -3.103246330788e+03
1427 -3.103245928780e+03
1428 -3.103245192628e+03
1429 -3.103244111807e+03
1430 -3.103242676480e+03
1431 -3.103241036786e+03
1432 -3.103238866236e+03
1433 -3.103236315582e+03
1434 -3.103233377479e+03
1435 -3.103230045120e+03
1436 -3.103226312201e+03
1437 -3.103222172884e+03
1438 -3.103217621763e+03
1439 -3.103212653838e+03
1440 -3.103207264488e+03
1441 -3.103201635243e+03
1442 -3.103195391499e+03
1443 -3.103188714683e+03
1444 -3.103181601644e+03
1445 -3.103174049636e+03
1446 -3.103166056345e+03
1447 -3.103157619941e+03
1448 -3.103148739122e+03
1449 -3.103139413183e+03
1450 -3.103129642084e+03
1451 -3.103119657887e+03
1452 -3.103109000466e+03
1453 -3.103097902578e+03
1454 -3.103086367652e+03
1455 -3.103074400189e+03
1456 -3.103062005823e+03
1457 -3.103049191383e+03
1458 -3.103035964933e+03
1459 -3.103022335803e+03
1460 -3.103008314609e+03
1461 -3.102994166763e+03
1462 -3.102979399581e+03
1463 -3.102964279836e+03
1464 -3.102948823187e+03
1465 -3.102933046477e+03
1466 -3.102916967677e+03
1467 -3.102900605817e+03
1468 -3.102883980920e+03
1469 -3.102867113917e+03
1470 -3.102850026574e+03
1471 -3.102832995285e+03
1472 -3.102815536505e+03
1473 -3.102797926793e+03
1474 -3.102780190450e+03
1475 -3.102762352228e+03
1476 -3.102744437269e+03
1477 -3.102726471029e+03
1478 -3.102708479211e+03
1479 -3.102690487694e+03
1480 -3.102672522457e+03
1481 -3.102654865712e+03
1482 -3.102637031707e+03
1483 -3.102619301665e+03
1484 -3.102601701206e+03
1485 -3.102584255688e+03
1486 -3.102566990142e+03
1487 -3.102549929210e+03
1488 -3.102533097099e+03
1489 -3.102516517523e+03
1490 -3.102500213654e+03
1491 -3.102484465061e+03
1492 -3.102468780063e+03
1493 -3.102453436343e+03
1494 -3.102438454273e+03
1495 -3.102423853337e+03
1496 -3.102409652043e+03
1497 -3.102395867827e+03
1498 -3.102382516961e+03
1499 -3.102369614456e+03
1500 -3.102357173968e+03
1501 -3.102345428698e+03
1502 -3.102333947544e+03
1503 -3.102322960308e+03
1504 -3.102312474426e+03
1505 -3.102302495655e+03
1506 -3.102293028058e+03
1507 -3.102284074015e+03
1508 -3.102275634260e+03
1509 -3.102267707919e+03
1510 -3.102260292571e+03
1511 -3.102253529177e+03
1512 -3.102247122782e+03
1513 -3.102241211396e+03
1514 -3.102235787071e+03
1515 -3.102230840669e+03
1516 -3.102226361953e+03
1517 -3.102222339681e+03
1518 -3.102218761717e+03
1519 -3.102215615134e+03
1520 -3.102212886331e+03
1521 -3.102210648606e+03
1522 -3.102208712625e+03
1523 -3.102207150597e+03
1524 -3.102205947280e+03
1525 -3.102205087265e+03
1526 -3.102204555063e+03
1527 -3.102204335177e+03
1528 -3.102204412171e+03
1529 -3.102204770726e+03
1530 -3.102205395682e+03
1531 -3.102206362230e+03
1532 -3.102207475850e+03
1533 -3.102208811584e+03
1534 -3.102210355100e+03
1535 -3.102212092248e+03
1536 -3.102214009030e+03
1537 -3.102216091559e+03
1538 -3.102218326016e+03
1539 -3.102220698604e+03
1540 -3.102223195510e+03
1541 -3.102225926565e+03
1542 -3.102228631162e+03
1543 -3.102231418137e+03
1544 -3.102234273281e+03
1545 -3.102237182236e+03
1546 -3.102240130490e+03
1547 -3.102243103372e+03
1548 -3.102246086055e+03
1549 -3.102249063568e+03
1550 -3.102252020808e+03
1551 -3.102255077012e+03
1552 -3.102257948672e+03
1553 -3.102260754199e+03
1554 -3.102263478250e+03
1555 -3.102266105513e+03
1556 -3.102268620748e+03
1557 -3.102271008832e+03
1558 -3.102273254800e+03
1559 -3.102275343891e+03
1560 -3.102277261593e+03
1561 -3.102279097605e+03
1562 -3.102280630756e+03
1563 -3.102281950930e+03
1564 -3.102283045039e+03
1565 -3.102283900435e+03
1566 -3.102284504920e+03
1567 -3.102284846755e+03
1568 -3.102284914648e+03
1569 -3.102284697744e+03
1570 -3.102284185596e+03
1571 -3.102283429406e+03
1572 -3.102282297481e+03
1573 -3.102280841049e+03
1574 -3.102279050892e+03
1575 -3.102276917980e+03
1576 -3.102274433428e+03
1577 -3.102271588447e+03
1578 -3.102268374317e+03
1579 -3.102264782351e+03
1580 -3.102260803879e+03
1581 -3.102256474064e+03
1582 -3.102251697343e+03
1583 -3.102246508150e+03
1584 -3.102240897880e+03
1585 -3.102234857989e+03
1586 -3.102228380029e+03
1587 -3.102221455688e+03
1588 -3.102214076840e+03
1589 -3.102206235604e+03
1590 -3.102197924407e+03
1591 -3.102189191643e+03
1592 -3.102179920191e+03
1593 -3.102170158745e+03
1594 -3.102159901874e+03
1595 -3.102149144968e+03
1596 -3.102137884366e+03
1597 -3.102126117497e+03
1598 -3.102113843020e+03
1599 -3.102101060971e+03
1600 -3.102087772897e+03
1601 -3.102074055524e+03
1602 -3.102059767452e+03
1603 -3.102044988365e+03
1604 -3.102029727105e+03
1605 -3.102013994576e+03
1606 -3.101997803815e+03
1607 -3.101981170018e+03
1608 -3.101964110564e+03
1609 -3.101946644989e+03
1610 -3.101928794955e+03
1611 -3.101910672746e+03
1612 -3.101892127637e+03
1613 -3.101873274948e+03
1614 -3.101854143878e+03
1615 -3.101834765160e+03
1616 -3.101815170884e+03
1617 -3.101795394302e+03
1618 -3.101775469617e+03
1619 -3.101755431766e+03
1620 -3.101735316189e+03
1621 -3.101715260659e+03
1622 -3.101695097574e+03
1623 -3.101674963726e+03
1624 -3.101654894241e+03
1625 -3.101634923623e+03
1626 -3.101615085555e+03
1627 -3.101595412721e+03
1628 -3.101575936645e+03
1629 -3.101556687547e+03
1630 -3.101537694218e+03
1631 -3.101519102440e+03
1632 -3.101500701401e+03
1633 -3.101482632804e+03
1634 -3.101464918766e+03
1635 -3.101447579594e+03
1636 -3.101430633765e+03
1637 -3.101414097921e+03
1638 -3.101397986882e+03
1639 -3.101382313674e+03
1640 -3.101367089566e+03
1641 -3.101352478492e+03
1642 -3.101338180227e+03
1643 -3.101324354812e+03
1644 -3.101311007104e+03
1645 -3.101298140569e+03
1646 -3.101285757398e+03
1647 -3.101273858629e+03
1648 -3.101262444270e+03
1649 -3.101251513437e+03
1650 -3.101241064481e+03
1651 -3.101231307469e+03
1652 -3.101221815708e+03
1653 -3.101212797429e+03
1654 -3.101204249036e+03
1655 -3.101196166645e+03
1656 -3.101188546132e+03
1657 -3.101181383150e+03
1658 -3.101174673145e+03
1659 -3.101168411353e+03
1660 -3.101162592787e+03
1661 -3.101157471810e+03
1662 -3.101152524934e+03
1663 -3.101148004846e+03
1664 -3.101143905554e+03
1665 -3.101140220786e+03
1666 -3.101136943972e+03
1667 -3.101134068229e+03
1668 -3.101131586337e+03
1669 -3.101129490714e+03
1670 -3.101127773383e+03
1671 -3.101126659086e+03
1672 -3.101125673812e+03
1673 -3.101125039998e+03
1674 -3.101124747582e+03
1675 -3.101124785836e+03
1676 -3.101125143304e+03
1677 -3.101125807746e+03
1678 -3.101126766089e+03
1679 -3.101128004390e+03
1680 -3.101129507814e+03
1681 -3.101131385867e+03
1682 -3.101133372523e+03
1683 -3.101135574491e+03
1684 -3.101137973531e+03
1685 -3.101140550660e+03
1686 -3.101143286219e+03
1687 -3.101146159932e+03
1688 -3.101149150992e+03
1689 -3.101152238135e+03
1690 -3.101155399733e+03
1691 -3.101158655058e+03
1692 -3.101161900390e+03
1693 -3.101165153974e+03
1694 -3.101168393624e+03
1695 -3.101171597232e+03
1696 -3.101174742849e+03
1697 -3.101177808757e+03
1698 -3.101180773536e+03
1699 -3.101183616126e+03
1700 -3.101186315875e+03
1701 -3.101188929692e+03
1702 -3.101191284207e+03
1703 -3.101193436761e+03
1704 -3.101195368686e+03
1705 -3.101197061852e+03
1706 -3.101198498676e+03
1707 -3.101199662118e+03
1708 -3.101200535672e+03
1709 -3.101201103364e+03
1710 -3.101201349740e+03
1711 -3.101201464684e+03
1712 -3.101201024721e+03
1713 -3.101200220126e+03
1714 -3.101199037452e+03
1715 -3.101197463752e+03
1716 -3.101195486585e+03
1717 -3.101193094021e+03
1718 -3.101190274654e+03
1719 -3.101187017624e+03
1720 -3.101183312626e+03
1721 -3.101179454736e+03
1722 -3.101174826122e+03
1723 -3.101169722295e+03
1724 -3.101164135477e+03
1725 -3.101158058607e+03
1726 -3.101151485387e+03
1727 -3.101144410332e+03
1728 -3.101136828822e+03
1729 -3.101128737162e+03
1730 -3.101120132645e+03
1731 -3.101111316239e+03
1732 -3.101101683350e+03
1733 -3.101091536150e+03
1734 -3.101080876571e+03
1735 -3.101069707872e+03
1736 -3.101058034691e+03
1737 -3.101045863098e+03
1738 -3.101033200626e+03
1739 -3.101020056296e+03
1740 -3.101006440632e+03
1741 -3.100992627957e+03
1742 -3.100978108575e+03
1743 -3.100963158507e+03
1744 -3.100947794255e+03
1745 -3.100932033788e+03
1746 -3.100915896515e+03
1747 -3.100899403256e+03
1748 -3.100882576209e+03
1749 -3.100865438898e+03
1750 -3.100848016116e+03
1751 -3.100830618154e+03
1752 -3.100812704736e+03
1753 -3.100794587042e+03
1754 -3.100776294040e+03
1755 -3.100757855457e+03
1756 -3.100739301645e+03
1757 -3.100720663438e+03
1758 -3.100701972006e+03
1759 -3.100683258706e+03
1760 -3.100664554928e+03
1761 -3.100646262076e+03
1762 -3.100627671838e+03
1763 -3.100609183960e+03
1764 -3.100590828440e+03
1765 -3.100572634566e+03
1766 -3.100554630777e+03
1767 -3.100536844536e+03
1768 -3.100519302205e+03
1769 -3.100502028925e+03
1770 -3.100485048504e+03
1771 -3.100468801992e+03
1772 -3.100452473690e+03
1773 -3.100436500655e+03
1774 -3.100420900460e+03
1775 -3.100405688991e+03
1776 -3.100390880448e+03
1777 -3.100376487379e+03
1778 -3.100362520737e+03
1779 -3.100348989967e+03
1780 -3.100335903101e+03
1781 -3.100323607144e+03
1782 -3.100311428084e+03
1783 -3.100299709619e+03
1784 -3.100288455261e+03
1785 -3.100277667653e+03
1786 -3.100267348653e+03
1787 -3.100257499401e+03
1788 -3.100248120383e+03
1789 -3.100239211468e+03
1790 -3.100230771955e+03
1791 -3.100223002555e+03
1792 -3.100215498649e+03
1793 -3.100208458692e+03
1794 -3.100201879875e+03
1795 -3.100195758886e+03
1796 -3.100190091917e+03
1797 -3.100184874671e+03
1798 -3.100180102366e+03
1799 -3.100175769751e+03
1800 -3.100171871116e+03
1801 -3.100168569837e+03
1802 -3.100165521352e+03
1803 -3.100162886968e+03
1804 -3.100160659218e+03
1805 -3.100158830171e+03
1806 -3.100157391397e+03
1807 -3.100156333913e+03
1808 -3.100155648141e+03
1809 -3.100155323856e+03
1810 -3.100155350147e+03
1811 -3.100155990342e+03
1812 -3.100156683187e+03
1813 -3.100157689436e+03
1814 -3.100158995296e+03
1815 -3.100160586300e+03
1816 -3.100162447356e+03
1817 -3.100164562804e+03
1818 -3.100166916491e+03
1819 -3.100169491848e+03
1820 -3.100172271976e+03
1821 -3.100175613034e+03
1822 -3.100178751832e+03
1823 -3.100182043472e+03
1824 -3.100185470533e+03
1825 -3.100189015615e+03
1826 -3.100192661367e+03
1827 -3.100196390505e+03
1828 -3.100200185819e+03
1829 -3.100204030173e+03
1830 -3.100207906503e+03
1831 -3.100212139864e+03
1832 -3.100216029540e+03
1833 -3.100219900309e+03
1834 -3.100223735339e+03
1835 -3.100227517847e+03
1836 -3.100231231099e+03
1837 -3.100234858410e+03
1838 -3.100238383150e+03
1839 -3.100241788748e+03
1840 -3.100245058695e+03
1841 -3.100248408360e+03
1842 -3.100251358017e+03
1843 -3.100254122986e+03
1844 -3.100256687132e+03
1845 -3.100259034460e+03
1846 -3.100261149146e+03
1847 -3.100263015579e+03
1848 -3.100264618407e+03
1849 -3.100265942590e+03
1850 -3.100266973467e+03
1851 -3.100267867044e+03
1852 -3.100268269650e+03
1853 -3.100268337903e+03
1854 -3.100268059308e+03
1855 -3.100267422078e+03
1856 -3.100266415197e+03
1857 -3.100265028482e+03
1858 -3.100263252629e+03
1859 -3.100261079262e+03
1860 -3.100258500965e+03
1861 -3.100255709279e+03
1862 -3.100252303629e+03
1863 -3.100248476869e+03
1864 -3.100244225678e+03
1865 -3.100239547797e+03
1866 -3.100234442027e+03
1867 -3.100228908232e+03
1868 -3.100222947330e+03
1869 -3.100216561280e+03
1870 -3.100209753062e+03
1871 -3.100202782655e+03
1872 -3.100195143768e+03
1873 -3.100187097526e+03
1874 -3.100178650722e+03
1875 -3.100169811018e+03
1876 -3.100160586903e+03
1877 -3.100150987651e+03
1878 -3.100141023278e+03
1879 -3.100130704500e+03
1880 -3.100120042686e+03
1881 -3.100109328675e+03
1882 -3.100098018205e+03
1883 -3.100086402347e+03
1884 -3.100074494713e+03
1885 -3.100062309399e+03
1886 -3.100049860963e+03
1887 -3.100037164404e+03
1888 -3.100024235144e+03
1889 -3.100011089003e+03
1890 -3.099997742183e+03
1891 -3.099984468997e+03
1892 -3.099970772109e+03
1893 -3.099956925158e+03
1894 -3.099942945594e+03
1895 -3.099928851114e+03
1896 -3.099914659642e+03
1897 -3.099900389303e+03
1898 -3.099886058412e+03
1899 -3.099871685455e+03
1900 -3.099857289074e+03
1901 -3.099843106581e+03
1902 -3.099828721406e+03
1903 -3.099814369444e+03
1904 -3.099800069755e+03
1905 -3.099785841418e+03
1906 -3.099771703489e+03
1907 -3.099757674932e+03
1908 -3.099743774558e+03
1909 -3.099730020943e+03
1910 -3.099716432345e+03
1911 -3.099703227155e+03
1912 -3.099690023096e+03
1913 -3.099677035998e+03
1914 -3.099664282014e+03
1915 -3.099651776586e+03
1916 -3.099639534386e+03
1917 -3.099627569276e+03
1918 -3.099615894273e+03
1919 -3.099604521531e+03
1920 -3.099593462329e+03
1921 -3.099582942406e+03
1922 -3.099572541611e+03
1923 -3.099562482823e+03
1924 -3.099552773793e+03
1925 -3.099543421388e+03
1926 -3.099534431579e+03
1927 -3.099525809450e+03
1928 -3.099517559204e+03
1929 -3.099509684188e+03
1930 -3.099502186927e+03
1931 -3.099495307534e+03
1932 -3.099488570924e+03
1933 -3.099482215229e+03
1934 -3.099476240358e+03
1935 -3.099470645774e+03
1936 -3.099465430578e+03
1937 -3.099460593581e+03
1938 -3.099456133362e+03
1939 -3.099452048307e+03
1940 -3.099448336635e+03
1941 -3.099445251588e+03
1942 -3.099442280629e+03
1943 -3.099439676373e+03
1944 -3.099437436049e+03
1945 -3.099435556447e+03
1946 -3.099434033796e+03
1947 -3.099432863643e+03
1948 -3.099432040736e+03
1949 -3.099431558919e+03
1950 -3.099431411048e+03
1951 -3.099431857700e+03
1952 -3.099432351693e+03
1953 -3.099433151722e+03
1954 -3.099434246385e+03
1955 -3.099435623273e+03
1956 -3.099437269040e+03
1957 -3.099439169496e+03
1958 -3.099441309707e+03
1959 -3.099443674110e+03
1960 -3.099446246640e+03
1961 -3.099449311852e+03
1962 -3.099452250793e+03
1963 -3.099455347846e+03
1964 -3.099458586129e+03
1965 -3.099461948813e+03
1966 -3.099465419196e+03
1967 -3.099468980763e+03
1968 -3.099472617236e+03
1969 -3.099476312599e+03
1970 -3.099480051124e+03
1971 -3.099484169073e+03
1972 -3.099487948208e+03
1973 -3.099491725037e+03
1974 -3.099495484904e+03
1975 -3.099499213360e+03
1976 -3.099502896130e+03
1977 -3.099506519076e+03
1978 -3.099510068160e+03
1979 -3.099513529419e+03
1980 -3.099516888932e+03
1981 -3.099520504964e+03
1982 -3.099523620027e+03
1983 -3.099526591718e+03
1984 -3.099529406194e+03
1985 -3.099532049669e+03
1986 -3.099534508446e+03
1987 -3.099536768968e+03
1988 -3.099538817879e+03
1989 -3.099540642091e+03
1990 -3.099542228846e+03
1991 -3.099543875332e+03
1992 -3.099544951302e+03
1993 -3.099545754240e+03
1994 -3.099546273386e+03
1995 -3.099546498617e+03
1996 -3.099546420483e+03
1997 -3.099546030239e+03
1998 -3.099545319867e+03
1999 -3.099544282092e+03
2000 -3.099542910396e+03
2001 -3.099541359295e+03
2002 -3.099539304024e+03
2003 -3.099536899894e+03
2004 -3.099534143472e+03
2005 -3.099531032094e+03
2006 -3.099527563866e+03
2007 -3.099523737654e+03
2008 -3.099519553070e+03
2009 -3.099515010459e+03
2010 -3.099510110876e+03
2011 -3.099504866908e+03
2012 -3.099499260226e+03
2013 -3.099493303698e+03
2014 -3.099487000911e+03
2015 -3.099480356002e+03
2016 -3.099473373627e+03
2017 -3.099466058935e+03
2018 -3.099458417541e+03
2019 -3.099450455507e+03
2020 -3.099442179321e+03
2021 -3.099433579620e+03
2022 -3.099424697203e+03
2023 -3.099415522464e+03
2024 -3.099406063467e+03
2025 -3.099396328648e+03
2026 -3.099386326815e+03
2027 -3.099376067142e+03
2028 -3.099365559173e+03
2029 -3.099354812835e+03
2030 -3.099343838449e+03
2031 -3.099332750614e+03
2032 -3.099321353400e+03
2033 -3.099309761667e+03
2034 -3.099297987629e+03
2035 -3.099286044082e+03
2036 -3.099273944448e+03
2037 -3.099261702814e+03
2038 -3.099249333974e+03
2039 -3.099236853444e+03
2040 -3.099224277471e+03
2041 -3.099211877242e+03
2042 -3.099199162299e+03
2043 -3.099186404804e+03
2044 -3.099173623654e+03
2045 -3.099160838253e+03
2046 -3.099148068427e+03
2047 -3.099135334318e+03
2048 -3.099122656289e+03
2049 -3.099110054805e+03
2050 -3.099097550331e+03
2051 -3.099085464785e+03
2052 -3.099073215609e+03
2053 -3.099061123665e+03
2054 -3.099049208235e+03
2055 -3.099037487999e+03
2056 -3.099025980895e+03
2057 -3.099014703991e+03
2058 -3.099003673343e+03
2059 -3.098992903875e+03
2060 -3.098982409253e+03
2061 -3.098972439669e+03
2062 -3.098962531006e+03
2063 -3.098952929728e+03
2064 -3.098943643633e+03
2065 -3.098934678954e+03
2066 -3.098926040371e+03
2067 -3.098917731054e+03
2068 -3.098909752731e+03
2069 -3.098902105794e+03
2070 -3.098894789419e+03
2071 -3.098887971280e+03
2072 -3.098881310340e+03
2073 -3.098874971770e+03
2074 -3.098868951503e+03
2075 -3.098863245086e+03
2076 -3.098857847838e+03
2077 -3.098852754979e+03
2078 -3.098847961737e+03
2079 -3.098843463437e+03
2080 -3.098839255552e+03
2081 -3.098835518567e+03
2082 -3.098831879286e+03
2083 -3.098828517863e+03
2084 -3.098825430397e+03
2085 -3.098822613040e+03
2086 -3.098820061929e+03
2087 -3.098817773109e+03
2088 -3.098815742464e+03
2089 -3.098813965657e+03
2090 -3.098812438078e+03
2091 -3.098811406682e+03
2092 -3.098810362927e+03
2093 -3.098809552688e+03
2094 -3.098808970090e+03
2095 -3.098808608969e+03
2096 -3.098808462905e+03
2097 -3.098808525255e+03
2098 -3.098808789204e+03
2099 -3.098809247795e+03
2100 -3.098809893971e+03
2101 -3.098811006493e+03
2102 -3.098812007007e+03
2103 -3.098813173565e+03
2104 -3.098814498840e+03
2105 -3.098815975400e+03
2106 -3.098817595666e+03
2107 -3.098819351859e+03
2108 -3.098821235931e+03
2109 -3.098823239495e+03
2110 -3.098825353759e+03
2111 -3.098827835636e+03
2112 -3.098830143950e+03
2113 -3.098832533490e+03
2114 -3.098834993218e+03
2115 -3.098837511452e+03
2116 -3.098840075875e+03
2117 -3.098842673557e+03
2118 -3.098845291005e+03
2119 -3.098847914217e+03
2120 -3.098850528763e+03
2121 -3.098853356181e+03
2122 -3.098855909870e+03
2123 -3.098858409846e+03
2124 -3.098860840831e+03
2125 -3.098863187574e+03
2126 -3.098865434946e+03
2127 -3.098867568035e+03
2128 -3.098869572237e+03
2129 -3.098871433342e+03
2130 -3.098873137611e+03
2131 -3.098874913065e+03
2132 -3.098876265409e+03
2133 -3.098877423149e+03
2134 -3.098878375037e+03
2135 -3.098879110552e+03
2136 -3.098879619907e+03
2137 -3.098879894059e+03
2138 -3.098879924699e+03
2139 -3.098879704242e+03
2140 -3.098879225801e+03
2141 -3.098878751102e+03
2142 -3.098877739154e+03
2143 -3.098876452432e+03
2144 -3.098874886512e+03
2145 -3.098873037484e+03
2146 -3.098870901920e+03
2147 -3.098868476835e+03
2148 -3.098865759655e+03
2149 -3.098862748191e+03
2150 -3.098859440617e+03
2151 -3.098856097785e+03
2152 -3.098852194475e+03
2153 -3.098847991593e+03
2154 -3.098843488568e+03
2155 -3.098838685095e+03
2156 -3.098833581100e+03
2157 -3.098828176719e+03
2158 -3.098822472264e+03
2159 -3.098816468198e+03
2160 -3.098810165112e+03
2161 -3.098803782992e+03
2162 -3.098796884836e+03
2163 -3.098789690097e+03
2164 -3.098782199810e+03
2165 -3.098774415173e+03
2166 -3.098766337597e+03
2167 -3.098757968775e+03
2168 -3.098749310765e+03
2169 -3.098740366076e+03
2170 -3.098731137773e+03
2171 -3.098721816145e+03
2172 -3.098712033166e+03
2173 -3.098701980078e+03
2174 -3.098691663089e+03
2175 -3.098681089374e+03
2176 -3.098670267112e+03
2177 -3.098659205514e+03
2178 -3.098647914823e+03
2179 -3.098636406320e+03
2180 -3.098624692298e+03
2181 -3.098612984290e+03
2182 -3.098600900805e+03
2183 -3.098588654623e+03
2184 -3.098576261826e+03
2185 -3.098563739347e+03
2186 -3.098551104908e+03
2187 -3.098538376966e+03
2188 -3.098525574640e+03
2189 -3.098512717630e+03
2190 -3.098499826124e+03
2191 -3.098487161855e+03
2192 -3.098474264900e+03
2193 -3.098461395924e+03
2194 -3.098448575817e+03
2195 -3.098435825266e+03
2196 -3.098423164593e+03
2197 -3.098410613593e+03
2198 -3.098398191392e+03
2199 -3.098385916321e+03
2200 -3.098373805814e+03
2201 -3.098362147710e+03
2202 -3.098350417488e+03
2203 -3.098338898279e+03
2204 -3.098327603428e+03
2205 -3.098316545240e+03
2206 -3.098305734999e+03
2207 -3.098295182983e+03
2208 -3.098284898493e+03
2209 -3.098274889871e+03
2210 -3.098265164520e+03
2211 -3.098256011554e+03
2212 -3.098246874426e+03
2213 -3.098238037358e+03
2214 -3.098229504214e+03
2215 -3.098221278056e+03
2216 -3.098213361200e+03
2217 -3.098205755277e+03
2218 -3.098198461309e+03
2219 -3.098191479797e+03
2220 -3.098184810813e+03
2221 -3.098178771317e+03
2222 -3.098172728559e+03
2223 -3.098166996765e+03
2224 -3.098161575133e+03
2225 -3.098156462786e+03
2226 -3.098151658789e+03
2227 -3.098147162131e+03
2228 -3.098142971695e+03
2229 -3.098139086210e+03
2230 -3.098135504180e+03
2231 -3.098132621419e+03
2232 -3.098129641526e+03
2233 -3.098126958417e+03
2234 -3.098124568983e+03
2235 -3.098122469573e+03
2236 -3.098120655968e+03
2237 -3.098119123391e+03
2238 -3.098117866521e+03
2239 -3.098116879536e+03
2240 -3.098116156151e+03
2241 -3.098116191214e+03
2242 -3.098115975054e+03
2243 -3.098116001193e+03
2244 -3.098116261794e+03
2245 -3.098116748630e+03
2246 -3.098117453039e+03
2247 -3.098118365877e+03
2248 -3.098119477453e+03
2249 -3.098120777465e+03
2250 -3.098122254938e+03
2251 -3.098124463870e+03
2252 -3.098126261278e+03
2253 -3.098128198745e+03
2254 -3.098130262281e+03
2255 -3.098132437192e+03
2256 -3.098134708145e+03
2257 -3.098137059274e+03
2258 -3.098139474294e+03
2259 -3.098141936632e+03
2260 -3.098144429564e+03
2261 -3.098147478107e+03
2262 -3.098149983250e+03
2263 -3.098152469145e+03
2264 -3.098154919697e+03
2265 -3.098157319226e+03
2266 -3.098159652534e+03
2267 -3.098161904972e+03
2268 -3.098164062478e+03
2269 -3.098166111615e+03
2270 -3.098168039587e+03
2271 -3.098170307581e+03
2272 -3.098171958308e+03
2273 -3.098173453306e+03
2274 -3.098174782314e+03
2275 -3.098175935638e+03
2276 -3.098176904102e+03
2277 -3.098177678981e+03
2278 -3.098178251942e+03
2279 -3.098178614955e+03
2280 -3.098178760221e+03
2281 -3.098179119331e+03
2282 -3.098178806864e+03
2283 -3.098178253834e+03
2284 -3.098177452592e+03
2285 -3.098176395377e+03
2286 -3.098175074284e+03
2287 -3.098173481248e+03
2288 -3.098171608048e+03
2289 -3.098169446325e+03
2290 -3.098166987612e+03
2291 -3.098164681803e+03
2292 -3.098161604578e+03
2293 -3.098158204887e+03
2294 -3.098154474359e+03
2295 -3.098150404801e+03
2296 -3.098145988269e+03
2297 -3.098141217140e+03
2298 -3.098136084186e+03
2299 -3.098130582659e+03
2300 -3.098124706377e+03
2301 -3.098118921298e+03
2302 -3.098112281303e+03
2303 -3.098105252409e+03
2304 -3.098097831685e+03
2305 -3.098090017289e+03
2306 -3.098081808573e+03
2307 -3.098073206189e+03
2308 -3.098064212185e+03
2309 -3.098054830084e+03
2310 -3.098045064958e+03
2311 -3.098035346063e+03
2312 -3.098024838055e+03
2313 -3.098013971800e+03
2314 -3.098002758766e+03
2315 -3.097991211974e+03
2316 -3.097979345929e+03
2317 -3.097967176547e+03
2318 -3.097954721068e+03
2319 -3.097941997968e+03
2320 -3.097929026872e+03
2321 -3.097916203286e+03
2322 -3.097902800333e+03
2323 -3.097889214155e+03
2324 -3.097875468035e+03
2325 -3.097861585927e+03
2326 -3.097847592341e+03
2327 -3.097833512212e+03
2328 -3.097819370764e+03
2329 -3.097805193355e+03
2330 -3.097791005319e+03
2331 -3.097777273176e+03
2332 -3.097763140171e+03
2333 -3.097749070696e+03
2334 -3.097735088298e+03
2335 -3.097721215677e+03
2336 -3.097707474547e+03
2337 -3.097693885521e+03
2338 -3.097680468010e+03
2339 -3.097667240157e+03
2340 -3.097654218783e+03
2341 -3.097642013720e+03
2342 -3.097629452538e+03
2343 -3.097617140307e+03
2344 -3.097605088568e+03
2345 -3.097593307630e+03
2346 -3.097581806622e+03
2347 -3.097570593543e+03
2348 -3.097559675318e+03
2349 -3.097549057838e+03
2350 -3.097538746010e+03
2351 -3.097529426849e+03
2352 -3.097519740235e+03
2353 -3.097510368475e+03
2354 -3.097501313015e+03
2355 -3.097492574598e+03
2356 -3.097484153345e+03
2357 -3.097476048846e+03
2358 -3.097468260253e+03
2359 -3.097460786368e+03
2360 -3.097453625720e+03
2361 -3.097447414131e+03
2362 -3.097440877346e+03
2363 -3.097434648125e+03
2364 -3.097428724343e+03
2365 -3.097423103716e+03
2366 -3.097417783761e+03
2367 -3.097412761749e+03
2368 -3.097408034656e+03
2369 -3.097403599112e+03
2370 -3.097399451368e+03
2371 -3.097396135747e+03
2372 -3.097392551990e+03
2373 -3.097389242229e+03
2374 -3.097386201244e+03
2375 -3.097383423578e+03
2376 -3.097380903621e+03
2377 -3.097378635703e+03
2378 -3.097376614180e+03
2379 -3.097374833513e+03
2380 -3.097373288321e+03
2381 -3.097372517036e+03
2382 -3.097371427497e+03
2383 -3.097370558248e+03
2384 -3.097369904499e+03
2385 -3.097369461434e+03
2386 -3.097369224096e+03
2387 -3.097369187257e+03
2388 -3.097369345293e+03
2389 -3.097369692062e+03
2390 -3.097370220802e+03
2391 -3.097371561979e+03
2392 -3.097372431576e+03
2393 -3.097373458458e+03
2394 -3.097374632848e+03
2395 -3.097375944219e+03
2396 -3.097377381347e+03
2397 -3.097378932383e+03
2398 -3.097380584936e+03
2399 -3.097382326168e+03
2400 -3.097384142892e+03
2401 -3.097386740545e+03
2402 -3.097388668367e+03
2403 -3.097390630920e+03
2404 -3.097392614473e+03
2405 -3.097394605333e+03
2406 -3.097396589901e+03
2407 -3.097398554712e+03
2408 -3.097400486472e+03
2409 -3.097402372095e+03
2410 -3.097404198729e+03
2411 -3.097406640261e+03
2412 -3.097408312191e+03
2413 -3.097409888082e+03
2414 -3.097411356119e+03
2415 -3.097412704730e+03
2416 -3.097413922568e+03
2417 -3.097414998486e+03
2418 -3.097415921511e+03
2419 -3.097416680814e+03
2420 -3.097417265671e+03
2421 -3.097418259993e+03
2422 -3.097418464618e+03
2423 -3.097418462989e+03
2424 -3.097418244569e+03
2425 -3.097417798834e+03
2426 -3.097417115261e+03
2427 -3.097416183335e+03
2428 -3.097414992549e+03
2429 -3.097413532417e+03
2430 -3.097411792481e+03
2431 -3.097410330243e+03
2432 -3.097408000007e+03
2433 -3.097405358934e+03
2434 -3.097402396843e+03
2435 -3.097399103693e+03
2436 -3.097395469625e+03
2437 -3.097391485026e+03
2438 -3.097387140605e+03
2439 -3.097382427485e+03
2440 -3.097377337324e+03
2441 -3.097372483783e+03
2442 -3.097366618064e+03
2443 -3.097360354774e+03
2444 -3.097353689027e+03
2445 -3.097346617156e+03
2446 -3.097339136851e+03
2447 -3.097331247271e+03
2448 -3.097322949148e+03
2449 -3.097314244857e+03
2450 -3.097305138475e+03
2451 -3.097296309564e+03
2452 -3.097286419015e+03
2453 -3.097276148857e+03
2454 -3.097265509890e+03
2455 -3.097254514439e+03
2456 -3.097243176245e+03
2457 -3.097231510336e+03
2458 -3.097219532885e+03
2459 -3.097207261062e+03
2460 -3.097194712887e+03
2461 -3.097182601212e+03
2462 -3.097169557941e+03
2463 -3.097156296089e+03
2464 -3.097142835752e+03
2465 -3.097129197284e+03
2466 -3.097115401227e+03
2467 -3.097101468252e+03
2468 -3.097087419114e+03
2469 -3.097073274621e+03
2470 -3.097059055602e+03
2471 -3.097045508656e+03
2472 -3.097031204171e+03
2473 -3.097016887599e+03
2474 -3.097002579621e+03
2475 -3.096988300812e+03
2476 -3.096974071603e+03
2477 -3.096959912241e+03
2478 -3.096945842740e+03
2479 -3.096931882832e+03
2480 -3.096918051913e+03
2481 -3.096905141400e+03
2482 -3.096891626639e+03
2483 -3.096878296476e+03
2484 -3.096865168319e+03
2485 -3.096852258899e+03
2486 -3.096839584185e+03
2487 -3.096827159310e+03
2488 -3.096814998499e+03
2489 -3.096803114999e+03
2490 -3.096791521038e+03
2491 -3.096780996165e+03
2492 -3.096770015602e+03
2493 -3.096759354934e+03
2494 -3.096749022211e+03
2495 -3.096739024528e+03
2496 -3.096729368095e+03
2497 -3.096720058320e+03
2498 -3.096711099891e+03
2499 -3.096702496866e+03
2500 -3.096694252742e+03
2501 -3.096687068572e+03
2502 -3.096679552557e+03
2503 -3.096672403202e+03
2504 -3.096665622317e+03
2505 -3.096659211335e+03
2506 -3.096653171294e+03
2507 -3.096647502802e+03
2508 -3.096642205984e+03
2509 -3.096637280420e+03
2510 -3.096632725067e+03
2511 -3.096629190443e+03
2512 -3.096625370952e+03
2513 -3.096621913957e+03
2514 -3.096618815135e+03
2515 -3.096616069214e+03
2516 -3.096613669968e+03
2517 -3.096611610247e+03
2518 -3.096609882029e+03
2519 -3.096608476495e+03
2520 -3.096607384123e+03
2521 -3.096607298404e+03
2522 -3.096606802657e+03
2523 -3.096606588179e+03
2524 -3.096606643541e+03
2525 -3.096606957042e+03
2526 -3.096607516770e+03
2527 -3.096608310662e+03
2528 -3.096609326545e+03
2529 -3.096610552171e+03
2530 -3.096611975239e+03
2531 -3.096614363281e+03
2532 -3.096616145070e+03
2533 -3.096618087150e+03
2534 -3.096620177053e+03
2535 -3.096622402234e+03
2536 -3.096624750050e+03
2537 -3.096627207718e+03
2538 -3.096629762294e+03
2539 -3.096632400642e+03
2540 -3.096635109423e+03
2541 -3.096638645966e+03
2542 -3.096641455458e+03
2543 -3.096644294055e+03
2544 -3.096647147556e+03
2545 -3.096650001601e+03
2546 -3.096652841712e+03
2547 -3.096655653352e+03
2548 -3.096658421997e+03
2549 -3.096661133211e+03
2550 -3.096663772725e+03
2551 -3.096667025067e+03
2552 -3.096669480152e+03
2553 -3.096671822506e+03
2554 -3.096674039255e+03
2555 -3.096676118009e+03
2556 -3.096678046891e+03
2557 -3.096679814545e+03
2558 -3.096681410140e+03
2559 -3.096682823352e+03
2560 -3.096684044347e+03
2561 -3.096685740388e+03
2562 -3.096686549902e+03
2563 -3.096687140367e+03
2564 -3.096687503655e+03
2565 -3.096687632015e+03
2566 -3.096687518072e+03
2567 -3.096687154816e+03
2568 -3.096686535606e+03
2569 -3.096685654171e+03
2570 -3.096684504608e+03
2571 -3.096683830926e+03
2572 -3.096682129460e+03
2573 -3.096680144285e+03
2574 -3.096677870844e+03
2575 -3.096675304846e+03
2576 -3.096672442233e+03
2577 -3.096669279146e+03
2578 -3.096665811898e+03
2579 -3.096662036972e+03
2580 -3.096657951024e+03
2581 -3.096654383989e+03
2582 -3.096649667687e+03
2583 -3.096644631785e+03
2584 -3.096639274111e+03
2585 -3.096633592978e+03
2586 -3.096627587291e+03
2587 -3.096621256638e+03
2588 -3.096614601396e+03
2589 -3.096607622821e+03
2590 -3.096600323129e+03
2591 -3.096593534098e+03
2592 -3.096585604118e+03
2593 -3.096577366056e+03
2594 -3.096568826500e+03
2595 -3.096559993187e+03
2596 -3.096550874993e+03
2597 -3.096541481925e+03
2598 -3.096531825090e+03
2599 -3.096521916673e+03
2600 -3.096511769905e+03
2601 -3.096502160629e+03
2602 -3.096491581859e+03
2603 -3.096480810266e+03
2604 -3.096469862800e+03
2605 -3.096458757177e+03
2606 -3.096447511783e+03
2607 -3.096436145564e+03
2608 -3.096424677896e+03
2609 -3.096413128445e+03
2610 -3.096401517009e+03
2611 -3.096390598287e+03
2612 -3.096378922572e+03
2613 -3.096367243456e+03
2614 -3.096355579691e+03
2615 -3.096343949408e+03
2616 -3.096332370021e+03
2617 -3.096320858144e+03
2618 -3.096309429549e+03
2619 -3.096298099145e+03
2620 -3.096286880996e+03
2621 -3.096276568013e+03
2622 -3.096265613490e+03
2623 -3.096254808810e+03
2624 -3.096244165183e+03
2625 -3.096233693280e+03
2626 -3.096223403285e+03
2627 -3.096213304933e+03
2628 -3.096203407528e+03
2629 -3.096193719942e+03
2630 -3.096184250594e+03
2631 -3.096175831965e+03
2632 -3.096166822451e+03
2633 -3.096158053484e+03
2634 -3.096149531405e+03
2635 -3.096141262006e+03
2636 -3.096133250560e+03
2637 -3.096125501864e+03
2638 -3.096118020306e+03
2639 -3.096110809942e+03
2640 -3.096103874590e+03
2641 -3.096098013411e+03
2642 -3.096091639559e+03
2643 -3.096085551650e+03
2644 -3.096079753304e+03
2645 -3.096074248193e+03
2646 -3.096069040020e+03
2647 -3.096064132462e+03
2648 -3.096059529091e+03
2649 -3.096055233252e+03
2650 -3.096051247933e+03
2651 -3.096048297696e+03
2652 -3.096044941498e+03
2653 -3.096041901163e+03
2654 -3.096039176714e+03
2655 -3.096036767106e+03
2656 -3.096034670144e+03
2657 -3.096032882438e+03
2658 -3.096031399383e+03
2659 -3.096030215186e+03
2660 -3.096029322907e+03
2661 -3.096029413088e+03
2662 -3.096029081376e+03
2663 -3.096029014723e+03
2664 -3.096029202471e+03
2665 -3.096029633292e+03
2666 -3.096030295296e+03
2667 -3.096031176130e+03
2668 -3.096032263071e+03
2669 -3.096033543119e+03
2670 -3.096035003078e+03
2671 -3.096037378716e+03
2672 -3.096039160019e+03
2673 -3.096041081193e+03
2674 -3.096043128991e+03
2675 -3.096045290306e+03
2676 -3.096047552215e+03
2677 -3.096049902002e+03
2678 -3.096052327184e+03
2679 -3.096054815513e+03
2680 -3.096057354976e+03
2681 -3.096060728688e+03
2682 -3.096063336202e+03
2683 -3.096065960061e+03
2684 -3.096068589059e+03
2685 -3.096071212154e+03
2686 -3.096073818453e+03
2687 -3.096076397214e+03
2688 -3.096078937852e+03
2689 -3.096081429957e+03
2690 -3.096083863316e+03
2691 -3.096086982569e+03
2692 -3.096089269355e+03
2693 -3.096091468275e+03
2694 -3.096093570254e+03
2695 -3.096095566586e+03
2696 -3.096097448956e+03
2697 -3.096099209457e+03
2698 -3.096100840595e+03
2699 -3.096102335292e+03
2700 -3.096103686875e+03
2701 -3.096105531341e+03
2702 -3.096106578808e+03
2703 -3.096107465387e+03
2704 -3.096108185820e+03
2705 -3.096108735140e+03
2706 -3.096109108650e+03
2707 -3.096109301905e+03
2708 -3.096109310695e+03
2709 -3.096109131040e+03
2710 -3.096108759183e+03
2711 -3.096108745622e+03
2712 -3.096107979612e+03
2713 -3.096107011443e+03
2714 -3.096105838230e+03
2715 -3.096104457298e+03
2716 -3.096102866180e+03
2717 -3.096101062610e+03
2718 -3.096099044530e+03
2719 -3.096096810086e+03
2720 -3.096094357641e+03
2721 -3.096092233809e+03
2722 -3.096089341930e+03
2723 -3.096086228498e+03
2724 -3.096082892817e+03
2725 -3.096079334444e+03
2726 -3.096075553186e+03
2727 -3.096071549096e+03
2728 -3.096067322471e+03
2729 -3.096062873840e+03
2730 -3.096058203965e+03
2731 -3.096053885683e+03
2732 -3.096048777035e+03
2733 -3.096043450866e+03
2734 -3.096037908958e+03
2735 -3.096032153422e+03
2736 -3.096026186744e+03
2737 -3.096020011843e+03
2738 -3.096013632143e+03
2739 -3.096007051638e+03
2740 -3.096000274964e+03
2741 -3.095993867835e+03
2742 -3.095986716046e+03
2743 -3.095979386442e+03
2744 -3.095971886753e+03
2745 -3.095964225531e+03
2746 -3.095956412129e+03
2747 -3.095948456656e+03
2748 -3.095940369907e+03
2749 -3.095932163288e+03
2750 -3.095923848719e+03
2751 -3.095915985284e+03
2752 -3.095907492705e+03
2753 -3.095898930033e+03
2754 -3.095890310239e+03
2755 -3.095881646313e+03
2756 -3.095872951171e+03
2757 -3.095864237579e+03
2758 -3.095855518072e+03
2759 -3.095846804889e+03
2760 -3.095838109911e+03
2761 -3.095830043903e+03
2762 -3.095821420163e+03
2763 -3.095812847615e+03
2764 -3.095804336208e+03
2765 -3.095795895306e+03
2766 -3.095787533659e+03
2767 -3.095779259370e+03
2768 -3.095771079882e+03
2769 -3.095763001967e+03
2770 -3.095755031739e+03
2771 -3.095747873134e+03
2772 -3.095740135229e+03
2773 -3.095732519789e+03
2774 -3.095725030771e+03
2775 -3.095717671795e+03
2776 -3.095710446229e+03
2777 -3.095703357272e+03
2778 -3.095696408015e+03
2779 -3.095689601496e+03
2780 -3.095682940720e+03
2781 -3.095677177773e+03
2782 -3.095670818329e+03
2783 -3.095664613385e+03
2784 -3.095658565712e+03
2785 -3.095652677948e+03
2786 -3.095646952557e+03
2787 -3.095641391804e+03
2788 -3.095635997731e+03
2789 -3.095630772147e+03
2790 -3.095625716630e+03
2791 -3.095621532079e+03
2792 -3.095616821143e+03
2793 -3.095612283705e+03
2794 -3.095607920582e+03
2795 -3.095603732450e+03
2796 -3.095599719857e+03
2797 -3.095595883227e+03
2798 -3.095592222858e+03
2799 -3.095588738919e+03
2800 -3.095585431441e+03
2801 -3.095582902975e+03
2802 -3.095579948062e+03
2803 -3.095577168830e+03
2804 -3.095574564806e+03
2805 -3.095572135441e+03
2806 -3.095569880145e+03
2807 -3.095567798317e+03
2808 -3.095565889376e+03
2809 -3.095564152779e+03
2810 -3.095562588030e+03
2811 -3.095561739894e+03
2812 -3.095560517303e+03
2813 -3.095559465131e+03
2814 -3.095558582770e+03
2815 -3.095557869412e+03
2816 -3.095557323949e+03
2817 -3.095556944857e+03
2818 -3.095556730086e+03
2819 -3.095556676953e+03
2820 -3.095556782040e+03
2821 -3.095557583867e+03
2822 -3.095557991812e+03
2823 -3.095558542655e+03
2824 -3.095559229466e+03
2825 -3.095560044423e+03
2826 -3.095560978849e+03
2827 -3.095562023272e+03
2828 -3.095563167504e+03
2829 -3.095564400714e+03
2830 -3.095565711514e+03
2831 -3.095567631541e+03
2832 -3.095569061928e+03
2833 -3.095570533147e+03
2834 -3.095572032257e+03
2835 -3.095573546064e+03
2836 -3.095575061163e+03
2837 -3.095576563978e+03
2838 -3.095578040798e+03
2839 -3.095579477823e+03
2840 -3.095580861203e+03
2841 -3.095582691716e+03
2842 -3.095583926968e+03
2843 -3.095585067169e+03
2844 -3.095586098712e+03
2845 -3.095587008166e+03
2846 -3.095587782328e+03
2847 -3.095588408261e+03
2848 -3.095588873349e+03
2849 -3.095589165340e+03
2850 -3.095589272395e+03
2851 -3.095589665817e+03
2852 -3.095589369964e+03
2853 -3.095588856608e+03
2854 -3.095588116043e+03
2855 -3.095587139212e+03
2856 -3.095585917742e+03
2857 -3.095584443980e+03
2858 -3.095582711019e+03
2859 -3.095580712722e+03
2860 -3.095578443732e+03
2861 -3.095576387150e+03
2862 -3.095573564394e+03
2863 -3.095570459565e+03
2864 -3.095567070371e+03
2865 -3.095563395230e+03
2866 -3.095559433233e+03
2867 -3.095555184113e+03
2868 -3.095550648212e+03
2869 -3.095545826462e+03
2870 -3.095540720366e+03
2871 -3.095535849982e+03
2872 -3.095530182985e+03
2873 -3.095524239634e+03
2874 -3.095518023752e+03
2875 -3.095511539771e+03
2876 -3.095504792750e+03
2877 -3.095497788378e+03
2878 -3.095490532974e+03
2879 -3.095483033486e+03
2880 -3.095475297472e+03
2881 -3.095467861421e+03
2882 -3.095459678780e+03
2883 -3.095451285732e+03
2884 -3.095442692021e+03
2885 -3.095433907858e+03
2886 -3.095424943878e+03
2887 -3.095415811105e+03
2888 -3.095406520916e+03
2889 -3.095397085009e+03
2890 -3.095387515370e+03
2891 -3.095378334166e+03
2892 -3.095368535192e+03
2893 -3.095358639823e+03
2894 -3.095348660912e+03
2895 -3.095338611459e+03
2896 -3.095328504580e+03
2897 -3.095318353471e+03
2898 -3.095308171376e+03
2899 -3.095297971548e+03
2900 -3.095287767208e+03
2901 -3.095278065642e+03
2902 -3.095267892054e+03
2903 -3.095257752928e+03
2904 -3.095247660922e+03
2905 -3.095237628436e+03
2906 -3.095227667567e+03
2907 -3.095217790069e+03
2908 -3.095208007324e+03
2909 -3.095198330321e+03
2910 -3.095188769649e+03
2911 -3.095179828195e+03
2912 -3.095170530512e+03
2913 -3.095161378614e+03
2914 -3.095152381603e+03
2915 -3.095143548256e+03
2916 -3.095134887035e+03
2917 -3.095126406093e+03
2918 -3.095118113287e+03
2919 -3.095110016167e+03
2920 -3.095102121983e+03
2921 -3.095094912703e+03
2922 -3.095087445557e+03
2923 -3.095080201354e+03
2924 -3.095073186140e+03
2925 -3.095066405654e+03
2926 -3.095059865319e+03
2927 -3.095053570208e+03
2928 -3.095047525007e+03
2929 -3.095041733941e+03
2930 -3.095036200693e+03
2931 -3.095031344754e+03
2932 -3.095026337003e+03
2933 -3.095021593917e+03
2934 -3.095017115975e+03
2935 -3.095012902629e+03
2936 -3.095008952252e+03
2937 -3.095005262125e+03
2938 -3.095001828458e+03
2939 -3.094998646448e+03
2940 -3.094995710361e+03
2941 -3.094993351397e+03
2942 -3.094990888745e+03
2943 -3.094988650503e+03
2944 -3.094986628534e+03
2945 -3.094984814478e+03
2946 -3.094983199900e+03
2947 -3.094981776416e+03
2948 -3.094980535809e+03
2949 -3.094979470117e+03
2950 -3.094978571693e+03
2951 -3.094978113955e+03
2952 -3.094977530137e+03
2953 -3.094977092693e+03
2954 -3.094976795319e+03
2955 -3.094976631954e+03
2956 -3.094976596727e+03
2957 -3.094976683878e+03
2958 -3.094976887697e+03
2959 -3.094977202453e+03
2960 -3.094977622337e+03
2961 -3.094978399651e+03
2962 -3.094979012770e+03
2963 -3.094979712602e+03
2964 -3.094980492625e+03
2965 -3.094981346092e+03
2966 -3.094982266046e+03
2967 -3.094983245333e+03
2968 -3.094984276632e+03
2969 -3.094985352490e+03
2970 -3.094986465362e+03
2971 -3.094987854818e+03
2972 -3.094989019455e+03
2973 -3.094990198302e+03
2974 -3.094991383853e+03
2975 -3.094992568705e+03
2976 -3.094993745589e+03
2977 -3.094994907388e+03
2978 -3.094996047152e+03
2979 -3.094997158110e+03
2980 -3.094998233657e+03
2981 -3.094999490811e+03
2982 -3.095000476801e+03
2983 -3.095001408369e+03
2984 -3.095002279324e+03
2985 -3.095003083458e+03
2986 -3.095003814499e+03
2987 -3.095004466051e+03
2988 -3.095005031545e+03
2989 -3.095005504195e+03
2990 -3.095005876970e+03
2991 -3.095006329253e+03
2992 -3.095006480642e+03
2993 -3.095006509431e+03
2994 -3.095006407507e+03
2995 -3.095006166520e+03
2996 -3.095005777909e+03
2997 -3.095005232940e+03
2998 -3.095004522732e+03
2999 -3.095003638307e+03
3000 -3.095002570612e+03
3001 -3.095001468120e+03
3002 -3.095000007141e+03
3003 -3.094998335628e+03
3004 -3.094996444529e+03
3005 -3.094994324837e+03
3006 -3.094991967598e+03
3007 -3.094989363922e+03
3008 -3.094986504988e+03
3009 -3.094983382057e+03
3010 -3.094979986485e+03
3011 -3.094976469742e+03
3012 -3.094972504196e+03
3013 -3.094968240985e+03
3014 -3.094963672209e+03
3015 -3.094958790313e+03
3016 -3.094953588179e+03
3017 -3.094948059238e+03
3018 -3.094942197596e+03
3019 -3.094935998158e+03
3020 -3.094929456758e+03
3021 -3.094922770215e+03
3022 -3.094915537936e+03
3023 -3.094907957927e+03
3024 -3.094900030747e+03
3025 -3.094891758276e+03
3026 -3.094883143720e+03
3027 -3.094874191591e+03
3028 -3.094864907669e+03
3029 -3.094855298951e+03
3030 -3.094845373584e+03
3031 -3.094835405954e+03
3032 -3.094824877838e+03
3033 -3.094814063802e+03
3034 -3.094802975957e+03
3035 -3.094791627250e+03
3036 -3.094780031411e+03
3037 -3.094768202885e+03
3038 -3.094756156771e+03
3039 -3.094743908748e+03
3040 -3.094731475003e+03
3041 -3.094719206967e+03
3042 -3.094706453967e+03
3043 -3.094693565936e+03
3044 -3.094680560191e+03
3045 -3.094667454093e+03
3046 -3.094654264935e+03
3047 -3.094641009841e+03
3048 -3.094627705659e+03
3049 -3.094614368875e+03
3050 -3.094601015519e+03
3051 -3.094588051365e+03
3052 -3.094574712586e+03
3053 -3.094561401933e+03
3054 -3.094548133129e+03
3055 -3.094534919296e+03
3056 -3.094521772982e+03
3057 -3.094508706205e+03
3058 -3.094495730510e+03
3059 -3.094482857035e+03
3060 -3.094470096583e+03
3061 -3.094457885133e+03
3062 -3.094445383455e+03
3063 -3.094433025817e+03
3064 -3.094420822391e+03
3065 -3.094408783345e+03
3066 -3.094396918874e+03
3067 -3.094385239230e+03
3068 -3.094373754737e+03
3069 -3.094362475791e+03
3070 -3.094351412861e+03
3071 -3.094341018081e+03
3072 -3.094330419807e+03
3073 -3.094320069107e+03
3074 -3.094309976530e+03
3075 -3.094300152554e+03
3076 -3.094290607513e+03
3077 -3.094281351527e+03
3078 -3.094272394394e+03
3079 -3.094263745487e+03
3080 -3.094255413630e+03
3081 -3.094247843138e+03
3082 -3.094240170002e+03
3083 -3.094232835768e+03
3084 -3.094225845870e+03
3085 -3.094219204675e+03
3086 -3.094212915433e+03
3087 -3.094206980268e+03
3088 -3.094201400186e+03
3089 -3.094196175101e+03
3090 -3.094191303861e+03
3091 -3.094187187064e+03
3092 -3.094183016985e+03
3093 -3.094179191201e+03
3094 -3.094175704637e+03
3095 -3.094172551289e+03
3096 -3.094169724240e+03
3097 -3.094167215665e+03
3098 -3.094165016845e+03
3099 -3.094163118191e+03
3100 -3.094161509265e+03
3101 -3.094160518510e+03
3102 -3.094159455368e+03
3103 -3.094158645846e+03
3104 -3.094158076539e+03
3105 -3.094157733469e+03
3106 -3.094157602174e+03
3107 -3.094157667804e+03
3108 -3.094157915224e+03
3109 -3.094158329102e+03
3110 -3.094158894013e+03
3111 -3.094159865750e+03
3112 -3.094160687128e+03
3113 -3.094161613423e+03
3114 -3.094162629581e+03
3115 -3.094163720791e+03
3116 -3.094164872538e+03
3117 -3.094166070648e+03
3118 -3.094167301330e+03
3119 -3.094168551217e+03
3120 -3.094169807399e+03
3121 -3.094171289980e+03
3122 -3.094172522490e+03
3123 -3.094173725465e+03
3124 -3.094174887935e+03
3125 -3.094175999369e+03
3126 -3.094177049616e+03
3127 -3.094178028850e+03
3128 -3.094178927488e+03
3129 -3.094179736125e+03
3130 -3.094180445460e+03
3131 -3.094181276805e+03
3132 -3.094181760232e+03
3133 -3.094182116508e+03
3134 -3.094182336273e+03
3135 -3.094182410118e+03
3136 -3.094182328611e+03
3137 -3.094182082335e+03
3138 -3.094181661934e+03
3139 -3.094181058166e+03
3140 -3.094180261952e+03
3141 -3.094179503916e+03
3142 -3.094178296801e+03
3143 -3.094176871345e+03
3144 -3.094175219432e+03
3145 -3.094173333200e+03
3146 -3.094171205020e+03
3147 -3.094168827468e+03
3148 -3.094166193295e+03
3149 -3.094163295391e+03
3150 -3.094160126766e+03
3151 -3.094156917782e+03
3152 -3.094153187387e+03
3153 -3.094149165919e+03
3154 -3.094144846839e+03
3155 -3.094140223786e+03
3156 -3.094135290613e+03
3157 -3.094130041442e+03
3158 -3.094124470705e+03
3159 -3.094118573195e+03
3160 -3.094112344105e+03
3161 -3.094106023122e+03
3162 -3.094099118619e+03
3163 -3.094091870919e+03
3164 -3.094084277166e+03
3165 -3.094076335072e+03
3166 -3.094068042965e+03
3167 -3.094059399848e+03
3168 -3.094050405471e+03
3169 -3.094041060412e+03
3170 -3.094031366173e+03
3171 -3.094021610141e+03
3172 -3.094011226902e+03
3173 -3.094000505485e+03
3174 -3.093989451927e+03
3175 -3.093978073521e+03
3176 -3.093966378814e+03
3177 -3.093954377567e+03
3178 -3.093942080692e+03
3179 -3.093929500175e+03
3180 -3.093916648967e+03
3181 -3.093903882676e+03
3182 -3.093890533110e+03
3183 -3.093876956495e+03
3184 -3.093863168606e+03
3185 -3.093849185695e+03
3186 -3.093835024426e+03
3187 -3.093820701827e+03
3188 -3.093806235268e+03
3189 -3.093791642442e+03
3190 -3.093776941379e+03
3191 -3.093762529302e+03
3192 -3.093747667887e+03
3193 -3.093732754451e+03
3194 -3.093717808460e+03
3195 -3.093702849722e+03
3196 -3.093687898356e+03
3197 -3.093672974722e+03
3198 -3.093658099348e+03
3199 -3.093643292827e+03
3200 -3.093628575710e+03
3201 -3.093614341590e+03
3202 -3.093599864741e+03
3203 -3.093585537663e+03
3204 -3.093571379691e+03
3205 -3.093557409630e+03
3206 -3.093543645684e+03
3207 -3.093530105403e+03
3208 -3.093516805625e+03
3209 -3.093503762428e+03
3210 -3.093490991086e+03
3211 -3.093478838182e+03
3212 -3.093466653558e+03
3213 -3.093454781351e+03
3214 -3.093443233139e+03
3215 -3.093432019466e+03
3216 -3.093421149810e+03
3217 -3.093410632563e+03
3218 -3.093400475017e+03
3219 -3.093390683371e+03
3220 -3.093381262741e+03
3221 -3.093372512548e+03
3222 -3.093363846087e+03
3223 -3.093355559791e+03
3224 -3.093347654698e+03
3225 -3.093340130903e+03
3226 -3.093332987571e+03
3227 -3.093326222958e+03
3228 -3.093319834426e+03
3229 -3.093313818455e+03
3230 -3.093308170665e+03
3231 -3.093303180865e+03
3232 -3.093298254302e+03
3233 -3.093293677878e+03
3234 -3.093289444023e+03
3235 -3.093285544462e+03
3236 -3.093281970248e+03
3237 -3.093278711800e+03
3238 -3.093275758921e+03
3239 -3.093273100823e+03
3240 -3.093270726140e+03
3241 -3.093268950167e+03
3242 -3.093267107434e+03
3243 -3.093265510779e+03
3244 -3.093264146829e+03
3245 -3.093263001886e+03
3246 -3.093262062047e+03
3247 -3.093261313339e+03
3248 -3.093260741869e+03
3249 -3.093260333975e+03
3250 -3.093260076360e+03
3251 -3.093260323035e+03
3252 -3.093260329405e+03
3253 -3.093260449443e+03
3254 -3.093260672264e+03
3255 -3.093260987673e+03
3256 -3.093261386126e+03
3257 -3.093261858667e+03
3258 -3.093262396825e+03
3259 -3.093262992502e+03
3260 -3.093263637839e+03
3261 -3.093264709086e+03
3262 -3.093265431407e+03
3263 -3.093266179869e+03
3264 -3.093266946270e+03
3265 -3.093267722078e+03
3266 -3.093268498386e+03
3267 -3.093269265896e+03
3268 -3.093270014936e+03
3269 -3.093270735494e+03
3270 -3.093271417269e+03
3271 -3.093272412285e+03
3272 -3.093272985428e+03
3273 -3.093273487740e+03
3274 -3.093273908360e+03
3275 -3.093274236403e+03
3276 -3.093274461001e+03
3277 -3.093274571318e+03
3278 -3.093274556570e+03
3279 -3.093274406045e+03
3280 -3.093274109107e+03
3281 -3.093273975603e+03
3282 -3.093273354772e+03
3283 -3.093272556176e+03
3284 -3.093271569575e+03
3285 -3.093270384843e+03
3286 -3.093268991960e+03
3287 -3.093267381020e+03
3288 -3.093265542235e+03
3289 -3.093263465937e+03
3290 -3.093261142599e+03
3291 -3.093258856721e+03
3292 -3.093256011753e+03
3293 -3.093252892285e+03
3294 -3.093249489723e+03
3295 -3.093245795892e+03
3296 -3.093241803133e+03
3297 -3.093237504424e+03
3298 -3.093232893488e+03
3299 -3.093227964908e+03
3300 -3.093222714228e+03
3301 -3.093217431810e+03
3302 -3.093211527955e+03
3303 -3.093205295009e+03
3304 -3.093198732860e+03
3305 -3.093191842476e+03
3306 -3.093184625850e+03
3307 -3.093177085945e+03
3308 -3.093169226612e+03
3309 -3.093161052522e+03
3310 -3.093152569087e+03
3311 -3.093144076477e+03
3312 -3.093134993260e+03
3313 -3.093125620879e+03
3314 -3.093115967287e+03
3315 -3.093106041039e+03
3316 -3.093095851323e+03
3317 -3.093085407980e+03
3318 -3.093074721545e+03
3319 -3.093063803265e+03
3320 -3.093052665121e+03
3321 -3.093041593440e+03
3322 -3.093030054130e+03
3323 -3.093018335151e+03
3324 -3.093006451151e+03
3325 -3.092994417262e+03
3326 -3.092982249001e+03
3327 -3.092969962150e+03
3328 -3.092957572657e+03
3329 -3.092945096529e+03
3330 -3.092932549754e+03
3331 -3.092920195174e+03
3332 -3.092907554359e+03
3333 -3.092894890292e+03
3334 -3.092882218499e+03
3335 -3.092869554387e+03
3336 -3.092856913251e+03
3337 -3.092844310293e+03
3338 -3.092831760620e+03
3339 -3.092819279242e+03
3340 -3.092806881046e+03
3341 -3.092794828021e+03
3342 -3.092782639924e+03
3343 -3.092770578488e+03
3344 -3.092758657553e+03
3345 -3.092746890498e+03
3346 -3.092735290161e+03
3347 -3.092723868764e+03
3348 -3.092712637863e+03
3349 -3.092701608310e+03
3350 -3.092690790258e+03
3351 -3.092680475741e+03
3352 -3.092670108624e+03
3353 -3.092659979521e+03
3354 -3.092650096064e+03
3355 -3.092640465360e+03
3356 -3.092631094006e+03
3357 -3.092621988085e+03
3358 -3.092613153134e+03
3359 -3.092604594094e+03
3360 -3.092596315246e+03
3361 -3.092588639623e+03
3362 -3.092580931759e+03
3363 -3.092573512401e+03
3364 -3.092566382657e+03
3365 -3.092559542803e+03
3366 -3.092552992324e+03
3367 -3.092546729971e+03
3368 -3.092540753853e+03
3369 -3.092535061541e+03
3370 -3.092529650174e+03
3371 -3.092524844557e+03
3372 -3.092519986426e+03
3373 -3.092515399235e+03
3374 -3.092511079468e+03
3375 -3.092507023613e+03
3376 -3.092503228180e+03
3377 -3.092499689681e+03
3378 -3.092496404585e+03
3379 -3.092493369250e+03
3380 -3.092490579842e+03
3381 -3.092488348759e+03
3382 -3.092486039616e+03
3383 -3.092483962861e+03
3384 -3.092482113053e+03
3385 -3.092480484191e+03
3386 -3.092479069692e+03
3387 -3.092477862377e+03
3388 -3.092476854482e+03
3389 -3.092476037682e+03
3390 -3.092475403136e+03
3391 -3.092475236089e+03
3392 -3.092474938628e+03
3393 -3.092474794352e+03
3394 -3.092474792975e+03
3395 -3.092474924022e+03
3396 -3.092475176890e+03
3397 -3.092475540887e+03
3398 -3.092476005260e+03
3399 -3.092476559201e+03
3400 -3.092477191848e+03
3401 -3.092478149217e+03
3402 -3.092478906933e+03
3403 -3.092479710312e+03
3404 -3.092480548199e+03
3405 -3.092481409393e+03
3406 -3.092482282685e+03
3407 -3.092483156920e+03
3408 -3.092484021071e+03
3409 -3.092484864314e+03
3410 -3.092485676116e+03
3411 -3.092486669271e+03
3412 -3.092487388446e+03
3413 -3.092488047060e+03
3414 -3.092488636439e+03
3415 -3.092489148488e+03
3416 -3.092489575707e+03
3417 -3.092489911189e+03
3418 -3.092490148600e+03
3419 -3.092490282140e+03
3420 -3.092490306498e+03
3421 -3.092490435706e+03
3422 -3.092490227755e+03
3423 -3.092489896951e+03
3424 -3.092489439243e+03
3425 -3.092488850711e+03
3426 -3.092488127509e+03
3427 -3.092487265809e+03
3428 -3.092486261759e+03
3429 -3.092485111451e+03
3430 -3.092483810898e+03
3431 -3.092482582917e+03
3432 -3.092480969924e+03
3433 -3.092479194122e+03
3434 -3.092477251120e+03
3435 -3.092475136440e+03
3436 -3.092472845530e+03
3437 -3.092470373785e+03
3438 -3.092467716572e+03
3439 -3.092464869267e+03
3440 -3.092461827300e+03
3441 -3.092458786706e+03
3442 -3.092455342579e+03
3443 -3.092451691078e+03
3444 -3.092447828584e+03
3445 -3.092443751948e+03
3446 -3.092439458587e+03
3447 -3.092434946569e+03
3448 -3.092430214692e+03
3449 -3.092425262535e+03
3450 -3.092420090492e+03
3451 -3.092414837460e+03
3452 -3.092409230447e+03
3453 -3.092403409610e+03
3454 -3.092397378485e+03
3455 -3.092391141282e+03
3456 -3.092384702825e+03
3457 -3.092378068488e+03
3458 -3.092371244138e+03
3459 -3.092364236083e+03
3460 -3.092357051021e+03
3461 -3.092349794873e+03
3462 -3.092342277564e+03
3463 -3.092334605248e+03
3464 -3.092326785761e+03
3465 -3.092318827133e+03
3466 -3.092310737552e+03
3467 -3.092302525330e+03
3468 -3.092294198872e+03
3469 -3.092285766643e+03
3470 -3.092277237131e+03
3471 -3.092268745870e+03
3472 -3.092260047284e+03
3473 -3.092251276613e+03
3474 -3.092242442053e+03
3475 -3.092233551636e+03
3476 -3.092224613200e+03
3477 -3.092215634379e+03
3478 -3.092206622607e+03
3479 -3.092197585145e+03
3480 -3.092188529123e+03
3481 -3.092179661708e+03
3482 -3.092170589487e+03
3483 -3.092161519920e+03
3484 -3.092152460300e+03
3485 -3.092143418146e+03
3486 -3.092134401266e+03
3487 -3.092125417797e+03
3488 -3.092116476230e+03
3489 -3.092107585418e+03
3490 -3.092098754557e+03
3491 -3.092090251043e+03
3492 -3.092081568343e+03
3493 -3.092072974757e+03
3494 -3.092064480293e+03
3495 -3.092056094939e+03
3496 -3.092047828557e+03
3497 -3.092039690773e+03
3498 -3.092031690880e+03
3499 -3.092023837744e+03
3500 -3.092016139732e+03
3501 -3.092008845063e+03
3502 -3.092001479526e+03
3503 -3.091994290725e+03
3504 -3.091987284613e+03
3505 -3.091980466511e+03
3506 -3.091973841114e+03
3507 -3.091967412507e+03
3508 -3.091961184187e+03
3509 -3.091955159080e+03
3510 -3.091949339567e+03
3511 -3.091943871312e+03
3512 -3.091938467277e+03
3513 -3.091933272792e+03
3514 -3.091928288120e+03
3515 -3.091923512989e+03
3516 -3.091918946582e+03
3517 -3.091914587528e+03
3518 -3.091910433896e+03
3519 -3.091906483203e+03
3520 -3.091902732448e+03
3521 -3.091899212284e+03
3522 -3.091895849847e+03
3523 -3.091892675763e+03
3524 -3.091889685480e+03
3525 -3.091886874203e+03
3526 -3.091884236954e+03
3527 -3.091881768625e+03
3528 -3.091879464010e+03
3529 -3.091877317832e+03
3530 -3.091875324753e+03
3531 -3.091873464478e+03
3532 -3.091871760824e+03
3533 -3.091870193947e+03
3534 -3.091868758258e+03
3535 -3.091867448091e+03
3536 -3.091866257698e+03
3537 -3.091865181249e+03
3538 -3.091864212834e+03
3539 -3.091863346473e+03
3540 -3.091862576130e+03
3541 -3.091861906933e+03
3542 -3.091861310236e+03
3543 -3.091860791396e+03
3544 -3.091860344400e+03
3545 -3.091859963318e+03
3546 -3.091859642331e+03
3547 -3.091859375750e+03
3548 -3.091859158041e+03
3549 -3.091858983832e+03
3550 -3.091858847932e+03
3551 -3.091858795469e+03
3552 -3.091858721538e+03
3553 -3.091858671526e+03
3554 -3.091858641030e+03
3555 -3.091858625857e+03
3556 -3.091858622034e+03
3557 -3.091858625802e+03
3558 -3.091858633607e+03
3559 -3.091858642072e+03
3560 -3.091858647961e+03
3561 -3.091858681333e+03
3562 -3.091858672902e+03
3563 -3.091858652446e+03
3564 -3.091858616652e+03
3565 -3.091858561992e+03
3566 -3.091858484629e+03
3567 -3.091858380344e+03
3568 -3.091858244462e+03
3569 -3.091858071797e+03
3570 -3.091857856601e+03
3571 -3.091857566141e+03
3572 -3.091857246395e+03
3573 -3.091856863259e+03
3574 -3.091856408605e+03
3575 -3.091855873769e+03
3576 -3.091855249611e+03
3577 -3.091854526584e+03
3578 -3.091853694818e+03
3579 -3.091852744210e+03
3580 -3.091851664521e+03
3581 -3.091850387534e+03
3582 -3.091849019153e+03
3583 -3.091847491310e+03
3584 -3.091845794410e+03
3585 -3.091843919336e+03
3586 -3.091841857583e+03
3587 -3.091839601378e+03
3588 -3.091837143794e+03
3589 -3.091834478854e+03
3590 -3.091831601622e+03
3591 -3.091828483027e+03
3592 -3.091825171177e+03
3593 -3.091821639033e+03
3594 -3.091817886269e+03
3595 -3.091813913693e+03
3596 -3.091809723183e+03
3597 -3.091805317598e+03
3598 -3.091800700658e+03
3599 -3.091795876817e+03
3600 -3.091790851109e+03
3601 -3.091785663908e+03
3602 -3.091780251458e+03
3603 -3.091774654229e+03
3604 -3.091768878157e+03
3605 -3.091762929130e+03
3606 -3.091756812920e+03
3607 -3.091750535146e+03
3608 -3.091744101252e+03
3609 -3.091737516499e+03
3610 -3.091730785958e+03
3611 -3.091723969323e+03
3612 -3.091716961840e+03
3613 -3.091709822538e+03
3614 -3.091702555649e+03
3615 -3.091695165182e+03
3616 -3.091687654925e+03
3617 -3.091680028465e+03
3618 -3.091672289227e+03
3619 -3.091664440518e+03
3620 -3.091656485595e+03
3621 -3.091648449030e+03
3622 -3.091640291755e+03
3623 -3.091632038398e+03
3624 -3.091623692716e+03
3625 -3.091615258767e+03
3626 -3.091606740956e+03
3627 -3.091598144089e+03
3628 -3.091589473408e+03
3629 -3.091580734625e+03
3630 -3.091571933934e+03
3631 -3.091563077058e+03
3632 -3.091554173299e+03
3633 -3.091545229090e+03
3634 -3.091536252506e+03
3635 -3.091527252029e+03
3636 -3.091518236511e+03
3637 -3.091509215133e+03
3638 -3.091500197366e+03
3639 -3.091491192930e+03
3640 -3.091482211754e+03
3641 -3.091473312111e+03
3642 -3.091464408192e+03
3643 -3.091455558152e+03
3644 -3.091446772364e+03
3645 -3.091438061223e+03
3646 -3.091429435099e+03
3647 -3.091420904304e+03
3648 -3.091412479047e+03
3649 -3.091404169392e+03
3650 -3.091395985200e+03
3651 -3.091388075682e+03
3652 -3.091380171156e+03
3653 -3.091372419809e+03
3654 -3.091364830047e+03
3655 -3.091357409728e+03
3656 -3.091350166087e+03
3657 -3.091343105681e+03
3658 -3.091336234340e+03
3659 -3.091329557138e+03
3660 -3.091323078384e+03
3661 -3.091316988613e+03
3662 -3.091310916776e+03
3663 -3.091305051792e+03
3664 -3.091299395061e+03
3665 -3.091293947325e+03
3666 -3.091288708683e+03
3667 -3.091283678623e+03
3668 -3.091278856042e+03
3669 -3.091274239282e+03
3670 -3.091269826175e+03
3671 -3.091265772270e+03
3672 -3.091261758343e+03
3673 -3.091257939008e+03
3674 -3.091254310614e+03
3675 -3.091250869296e+03
3676 -3.091247611036e+03
3677 -3.091244531711e+03
3678 -3.091241627146e+03
3679 -3.091238893153e+03
3680 -3.091236325565e+03
3681 -3.091234028788e+03
3682 -3.091231781928e+03
3683 -3.091229689200e+03
3684 -3.091227746586e+03
3685 -3.091225950055e+03
3686 -3.091224295528e+03
3687 -3.091222778828e+03
3688 -3.091221395623e+03
3689 -3.091220141378e+03
3690 -3.091219011305e+03
3691 -3.091218109702e+03
3692 -3.091217212653e+03
3693 -3.091216423591e+03
3694 -3.091215736484e+03
3695 -3.091215144984e+03
3696 -3.091214642446e+03
3697 -3.091214221957e+03
3698 -3.091213876363e+03
3699 -3.091213598299e+03
3700 -3.091213380226e+03
3701 -3.091213377016e+03
3702 -3.091213255903e+03
3703 -3.091213171346e+03
3704 -3.091213115315e+03
3705 -3.091213079679e+03
3706 -3.091213056216e+03
3707 -3.091213036623e+03
3708 -3.091213012531e+03
3709 -3.091212975539e+03
3710 -3.091212917240e+03
3711 -3.091213018317e+03
3712 -3.091212892679e+03
3713 -3.091212721018e+03
3714 -3.091212495438e+03
3715 -3.091212208307e+03
3716 -3.091211852310e+03
3717 -3.091211420487e+03
3718 -3.091210906276e+03
3719 -3.091210303532e+03
3720 -3.091209606554e+03
3721 -3.091208942323e+03
3722 -3.091208041853e+03
3723 -3.091207032780e+03
3724 -3.091205911214e+03
3725 -3.091204673694e+03
3726 -3.091203317172e+03
3727 -3.091201838992e+03
3728 -3.091200236864e+03
3729 -3.091198508842e+03
3730 -3.091196653294e+03
3731 -3.091194699583e+03
3732 -3.091192585292e+03
3733 -3.091190340189e+03
3734 -3.091187963622e+03
3735 -3.091185455109e+03
3736 -3.091182814315e+03
3737 -3.091180041015e+03
3738 -3.091177135081e+03
3739 -3.091174096455e+03
3740 -3.091170925143e+03
3741 -3.091167580089e+03
3742 -3.091164143551e+03
3743 -3.091160574719e+03
3744 -3.091156873866e+03
3745 -3.091153041363e+03
3746 -3.091149077692e+03
3747 -3.091144983454e+03
3748 -3.091140759372e+03
3749 -3.091136406291e+03
3750 -3.091131925165e+03
3751 -3.091127261759e+03
3752 -3.091122527800e+03
3753 -3.091117669247e+03
3754 -3.091112687354e+03
3755 -3.091107583416e+03
3756 -3.091102358758e+03
3757 -3.091097014740e+03
3758 -3.091091552756e+03
3759 -3.091085974239e+03
3760 -3.091080280676e+03
3761 -3.091074427226e+03
3762 -3.091068508792e+03
3763 -3.091062480320e+03
3764 -3.091056343668e+03
3765 -3.091050100837e+03
3766 -3.091043753992e+03
3767 -3.091037305486e+03
3768 -3.091030757885e+03
3769 -3.091024113992e+03
3770 -3.091017376892e+03
3771 -3.091010491114e+03
3772 -3.091003579297e+03
3773 -3.090996585757e+03
3774 -3.090989515215e+03
3775 -3.090982372952e+03
3776 -3.090975164864e+03
3777 -3.090967897484e+03
3778 -3.090960577982e+03
3779 -3.090953214130e+03
3780 -3.090945814241e+03
3781 -3.090938301965e+03
3782 -3.090930858171e+03
3783 -3.090923405557e+03
3784 -3.090915953518e+03
3785 -3.090908511428e+03
3786 -3.090901088537e+03
3787 -3.090893693903e+03
3788 -3.090886336340e+03
3789 -3.090879024394e+03
3790 -3.090871766337e+03
3791 -3.090864489663e+03
3792 -3.090857364816e+03
3793 -3.090850317230e+03
3794 -3.090843354282e+03
3795 -3.090836483191e+03
3796 -3.090829711026e+03
3797 -3.090823044702e+03
3798 -3.090816490972e+03
3799 -3.090810056398e+03
3800 -3.090803747311e+03
3801 -3.090797534790e+03
3802 -3.090791495964e+03
3803 -3.090785599785e+03
3804 -3.090779851207e+03
3805 -3.090774254740e+03
3806 -3.090768814436e+03
3807 -3.090763533881e+03
3808 -3.090758416199e+03
3809 -3.090753464065e+03
3810 -3.090748679715e+03
3811 -3.090744072116e+03
3812 -3.090739629474e+03
3813 -3.090735358760e+03
3814 -3.090731260503e+03
3815 -3.090727334802e+03
3816 -3.090723581308e+03
