0.054464	-0.051039
0.054464	-0.051039
0.054461	-0.051036
0.054451	-0.051026
0.054427	-0.051001
0.054381	-0.050956
0.054306	-0.050880
0.054191	-0.050765
0.054025	-0.050599
0.053796	-0.050370
0.053494	-0.050068
0.053107	-0.049682
0.052627	-0.049203
0.052044	-0.048621
0.051351	-0.047931
0.050544	-0.047127
0.049616	-0.046202
0.048562	-0.045154
0.047379	-0.043976
0.046059	-0.042662
0.044596	-0.041206
0.042982	-0.039600
0.041209	-0.037837
0.039270	-0.035907
0.037155	-0.033804
0.034860	-0.031519
0.032378	-0.029049
0.029707	-0.026390
0.026846	-0.023540
0.023796	-0.020501
0.020561	-0.017275
0.017145	-0.013866
0.013552	-0.010278
0.009788	-0.006515
0.005858	-0.002582
0.001767	0.001517
-0.002482	0.005780
-0.006884	0.010202
-0.011434	0.014782
-0.016127	0.019513
-0.020957	0.024391
-0.025915	0.029408
-0.030990	0.034555
-0.036171	0.039821
-0.041445	0.045195
-0.046796	0.050663
-0.052212	0.056212
-0.057679	0.061830
-0.063182	0.067503
-0.068711	0.073222
-0.074255	0.078977
-0.079805	0.084760
-0.085353	0.090563
-0.090891	0.096379
-0.096412	0.102201
-0.101907	0.108021
-0.107366	0.113829
-0.112780	0.119616
-0.118137	0.125371
-0.123426	0.131082
-0.128635	0.136737
-0.133752	0.142326
-0.138769	0.147839
-0.143675	0.153265
-0.148465	0.158599
-0.153131	0.163833
-0.157669	0.168963
-0.162076	0.173984
-0.166346	0.178893
-0.170475	0.183683
-0.174458	0.188348
-0.178288	0.192882
-0.181956	0.197277
-0.185453	0.201522
-0.188771	0.205609
-0.191898	0.209527
-0.194827	0.213267
-0.197551	0.216821
-0.200062	0.220183
-0.202356	0.223348
-0.204429	0.226311
-0.206281	0.229071
-0.207909	0.231625
-0.209313	0.233972
-0.210491	0.236110
-0.211441	0.238034
-0.212160	0.239743
-0.212645	0.241231
-0.212893	0.242495
-0.212903	0.243531
-0.212671	0.244335
-0.212198	0.244905
-0.211488	0.245244
-0.210544	0.245354
-0.209372	0.245239
-0.207981	0.244905
-0.206381	0.244359
-0.204581	0.243609
-0.202592	0.242663
-0.200424	0.241529
-0.198085	0.240214
-0.195583	0.238720
-0.192930	0.237059
-0.190131	0.235233
-0.187194	0.233248
-0.184127	0.231108
-0.180940	0.228822
-0.177642	0.226397
-0.174247	0.223843
-0.170766	0.221169
-0.167211	0.218387
-0.163594	0.215504
-0.159931	0.212538
-0.156232	0.209493
-0.152504	0.206377
-0.148754	0.203196
-0.144987	0.199953
-0.141207	0.196651
-0.137416	0.193291
-0.133618	0.189877
-0.129813	0.186408
-0.126001	0.182885
-0.122194	0.179318
-0.118391	0.175707
-0.114596	0.172057
-0.110814	0.168372
-0.107048	0.164656
-0.103302	0.160914
-0.099577	0.157146
-0.095872	0.153355
-0.092185	0.149539
-0.088512	0.145693
-0.084855	0.141822
-0.081206	0.137920
-0.077561	0.133983
-0.073919	0.130012
-0.070276	0.126004
-0.066634	0.121963
-0.062991	0.117888
-0.059351	0.113785
-0.055714	0.109655
-0.052081	0.105500
-0.048457	0.101326
-0.044837	0.097132
-0.041222	0.092916
-0.037606	0.088678
-0.033985	0.084413
-0.030356	0.080119
-0.026712	0.075792
-0.023051	0.071428
-0.019367	0.067026
-0.015658	0.062584
-0.011925	0.058103
-0.008165	0.053582
-0.004377	0.049022
-0.000559	0.044422
0.003290	0.039781
0.007174	0.035098
0.011097	0.030367
0.015067	0.025586
0.019092	0.020746
0.023177	0.015842
0.027334	0.010864
0.031572	0.005807
0.035897	0.000662
0.040316	-0.004573
0.044834	-0.009904
0.049453	-0.015332
0.054177	-0.020859
0.059006	-0.026484
0.063941	-0.032209
0.068980	-0.038029
0.074131	-0.043954
0.079395	-0.049981
0.084773	-0.056114
0.090269	-0.062356
0.095885	-0.068709
0.101623	-0.075175
0.107483	-0.081754
0.113462	-0.088444
0.119558	-0.095243
0.125756	-0.102139
0.132063	-0.109137
0.138463	-0.116224
0.144947	-0.123394
0.151508	-0.130637
0.158135	-0.137947
0.164822	-0.145317
0.171562	-0.152743
0.178349	-0.160220
0.185178	-0.167744
0.192036	-0.175304
0.198934	-0.182912
0.205860	-0.190557
0.212806	-0.198234
0.219766	-0.205935
0.226730	-0.213654
0.233689	-0.221382
0.240634	-0.229110
0.247555	-0.236831
0.254446	-0.244537
0.261288	-0.252211
0.268101	-0.259873
0.274869	-0.267508
0.281590	-0.275115
0.288263	-0.282691
0.294886	-0.290235
0.301455	-0.297743
0.307966	-0.305212
0.314413	-0.312635
0.320790	-0.320005
0.327070	-0.327296
0.333279	-0.334534
0.339390	-0.341691
0.345395	-0.348759
0.351283	-0.355727
0.357046	-0.362587
0.362675	-0.369330
0.368165	-0.375949
0.373506	-0.382436
0.378692	-0.388785
0.383691	-0.394962
0.388542	-0.401007
0.393210	-0.406885
0.397684	-0.412585
0.401950	-0.418093
0.405993	-0.423394
0.409799	-0.428473
0.413351	-0.433316
0.416638	-0.437909
0.419646	-0.442240
0.422335	-0.446267
0.424759	-0.450046
0.426879	-0.453539
0.428691	-0.456739
0.430188	-0.459641
0.431364	-0.462238
0.432213	-0.464525
0.432728	-0.466493
0.432902	-0.468137
0.432729	-0.469450
0.432164	-0.470385
0.431279	-0.471016
0.430032	-0.471301
0.428421	-0.471236
0.426445	-0.470820
0.424106	-0.470054
0.421405	-0.468939
0.418348	-0.467481
0.414941	-0.465683
0.411188	-0.463551
0.407053	-0.461046
0.402630	-0.458262
0.397877	-0.455159
0.392797	-0.451738
0.387392	-0.447999
0.381664	-0.443945
0.375616	-0.439578
0.369249	-0.434900
0.362571	-0.429917
0.355586	-0.424635
0.348263	-0.419018
0.340697	-0.413168
0.332855	-0.407048
0.324743	-0.400666
0.316371	-0.394031
0.307746	-0.387151
0.298874	-0.380033
0.289762	-0.372683
0.280416	-0.365109
0.270840	-0.357315
0.261006	-0.349271
0.250997	-0.341067
0.240783	-0.332670
0.230372	-0.324089
0.219776	-0.315336
0.209009	-0.306426
0.198084	-0.297374
0.187018	-0.288195
0.175827	-0.278906
0.164527	-0.269522
0.153111	-0.260033
0.141645	-0.250513
0.130114	-0.240942
0.118531	-0.231333
0.106909	-0.221698
0.095263	-0.212050
0.083608	-0.202403
0.071960	-0.192772
0.060338	-0.183174
0.048763	-0.173627
0.037248	-0.164137
0.025832	-0.154752
0.014524	-0.145471
0.003342	-0.136309
-0.007698	-0.127282
-0.018578	-0.118400
-0.029286	-0.109675
-0.039807	-0.101115
-0.050132	-0.092728
-0.060247	-0.084520
-0.070132	-0.076504
-0.079793	-0.068681
-0.089215	-0.061055
-0.098386	-0.053633
-0.107295	-0.046422
-0.115931	-0.039427
-0.124282	-0.032655
-0.132341	-0.026110
-0.140097	-0.019795
-0.147546	-0.013711
-0.154657	-0.007876
-0.161480	-0.002252
-0.167991	0.003154
-0.174194	0.008347
-0.180089	0.013333
-0.185677	0.018118
-0.190958	0.022707
-0.195931	0.027105
-0.200597	0.031315
-0.204953	0.035340
-0.208959	0.039152
-0.212693	0.042817
-0.216121	0.046314
-0.219246	0.049648
-0.222073	0.052828
-0.224608	0.055863
-0.226858	0.058764
-0.228833	0.061543
-0.230543	0.064210
-0.232000	0.066778
-0.233163	0.069215
-0.234144	0.071618
-0.234906	0.073956
-0.235461	0.076239
-0.235818	0.078475
-0.235990	0.080672
-0.235989	0.082838
-0.235829	0.084985
-0.235530	0.087124
-0.235109	0.089267
-0.234531	0.091377
-0.233939	0.093573
-0.233301	0.095824
-0.232643	0.098144
-0.231990	0.100549
-0.231365	0.103049
-0.230790	0.105655
-0.230285	0.108376
-0.229870	0.111220
-0.229563	0.114193
-0.229312	0.117236
-0.229277	0.120483
-0.229411	0.123884
-0.229730	0.127443
-0.230251	0.131166
-0.230987	0.135057
-0.231952	0.139121
-0.233155	0.143358
-0.234603	0.147768
-0.236299	0.152350
-0.238153	0.157014
-0.240342	0.161920
-0.242774	0.166981
-0.245440	0.172186
-0.248324	0.177520
-0.251409	0.182967
-0.254675	0.188511
-0.258103	0.194134
-0.261671	0.199819
-0.265357	0.205550
-0.269026	0.211203
-0.272883	0.216978
-0.276801	0.222759
-0.280752	0.228527
-0.284710	0.234264
-0.288644	0.239945
-0.292523	0.245549
-0.296316	0.251050
-0.299991	0.256424
-0.303520	0.261648
-0.306731	0.266565
-0.309890	0.271429
-0.312840	0.276096
-0.315562	0.280550
-0.318037	0.284776
-0.320250	0.288760
-0.322186	0.292488
-0.323830	0.295947
-0.325169	0.299125
-0.326191	0.302009
-0.326719	0.304428
-0.327081	0.306695
-0.327106	0.308643
-0.326780	0.310259
-0.326095	0.311532
-0.325040	0.312450
-0.323607	0.313005
-0.321790	0.313189
-0.319585	0.312995
-0.316989	0.312423
-0.313828	0.311306
-0.310463	0.309985
-0.306714	0.308292
-0.302577	0.306223
-0.298045	0.303773
-0.293113	0.300937
-0.287773	0.297709
-0.282017	0.294085
-0.275840	0.290062
-0.269240	0.285638
-0.262060	0.280670
-0.254635	0.275474
-0.246799	0.269895
-0.238554	0.263939
-0.229906	0.257611
-0.220862	0.250919
-0.211430	0.243873
-0.201620	0.236481
-0.191444	0.228755
-0.180914	0.220705
-0.169936	0.212242
-0.158771	0.203608
-0.147303	0.194691
-0.135546	0.185501
-0.123518	0.176051
-0.111238	0.166356
-0.098732	0.156435
-0.086026	0.146305
-0.073148	0.135991
-0.060131	0.125516
-0.046958	0.114862
-0.033785	0.104162
-0.020564	0.093368
-0.007322	0.082498
0.005918	0.071566
0.019132	0.060590
0.032297	0.049584
0.045388	0.038563
0.058382	0.027544
0.071256	0.016542
0.083961	0.005605
0.096498	-0.005287
0.108851	-0.016120
0.121003	-0.026881
0.132939	-0.037559
0.144640	-0.048144
0.156095	-0.058623
0.167290	-0.068990
0.178215	-0.079237
0.188865	-0.089360
0.199138	-0.099254
0.209202	-0.109098
0.218992	-0.118824
0.228512	-0.128433
0.237763	-0.137926
0.246747	-0.147302
0.255464	-0.156559
0.263913	-0.165693
0.272092	-0.174701
0.280004	-0.183578
0.287488	-0.192156
0.294855	-0.200749
0.301976	-0.209219
0.308861	-0.217569
0.315518	-0.225801
0.321955	-0.233915
0.328180	-0.241912
0.334200	-0.249790
0.340020	-0.257547
0.345646	-0.265179
0.350868	-0.272466
0.356111	-0.279830
0.361188	-0.287070
0.366102	-0.294183
0.370857	-0.301162
0.375457	-0.308001
0.379906	-0.314694
0.384207	-0.321236
0.388367	-0.327625
0.392394	-0.333859
0.396039	-0.339677
0.399826	-0.345602
0.403524	-0.351392
0.407140	-0.357046
0.410681	-0.362564
0.414147	-0.367940
0.417540	-0.373171
0.420859	-0.378251
0.424102	-0.383174
0.427268	-0.387936
0.430066	-0.392241
0.433085	-0.396683
0.436045	-0.400978
0.438945	-0.405126
0.441781	-0.409125
0.444547	-0.412971
0.447235	-0.416658
0.449835	-0.420181
0.452334	-0.423531
0.454719	-0.426699
0.456662	-0.429361
0.458785	-0.432150
0.460760	-0.434741
0.462566	-0.437120
0.464181	-0.439270
0.465582	-0.441177
0.466748	-0.442822
0.467659	-0.444193
0.468297	-0.445278
0.468648	-0.446066
0.468382	-0.446228
0.468144	-0.446420
0.467598	-0.446305
0.466731	-0.445872
0.465529	-0.445110
0.463979	-0.444006
0.462071	-0.442550
0.459796	-0.440731
0.457152	-0.438546
0.454139	-0.435993
0.450461	-0.432771
0.446761	-0.429524
0.442730	-0.425937
0.438379	-0.422019
0.433722	-0.417777
0.428771	-0.413219
0.423541	-0.408357
0.418047	-0.403202
0.412305	-0.397764
0.406331	-0.392058
0.399877	-0.385828
0.393522	-0.379659
0.386988	-0.373267
0.380284	-0.366662
0.373418	-0.359851
0.366398	-0.352844
0.359231	-0.345650
0.351927	-0.338280
0.344493	-0.330746
0.336937	-0.323062
0.329057	-0.315023
0.321312	-0.307106
0.313459	-0.299071
0.305492	-0.290919
0.297402	-0.282647
0.289179	-0.274256
0.280813	-0.265742
0.272296	-0.257106
0.263620	-0.248348
0.254781	-0.239472
0.245633	-0.230334
0.236500	-0.221275
0.227201	-0.212117
0.217735	-0.202863
0.208101	-0.193519
0.198302	-0.184090
0.188342	-0.174583
0.178227	-0.165007
0.167965	-0.155369
0.157567	-0.145679
0.146975	-0.135872
0.136376	-0.126147
0.125677	-0.116400
0.114895	-0.106641
0.104045	-0.096883
0.093151	-0.087140
0.082236	-0.077429
0.071328	-0.067768
0.060456	-0.058178
0.049652	-0.048679
0.038951	-0.039290
0.028398	-0.030062
0.017989	-0.020973
0.007746	-0.012033
-0.002310	-0.003254
-0.012160	0.005356
-0.021783	0.013786
-0.031161	0.022027
-0.040274	0.030069
-0.049103	0.037901
-0.057558	0.045448
-0.065750	0.052811
-0.073624	0.059947
-0.081169	0.066854
-0.088378	0.073528
-0.095246	0.079966
-0.101770	0.086168
-0.107949	0.092136
-0.113784	0.097871
-0.119281	0.103378
-0.124324	0.108550
-0.129158	0.113610
-0.133691	0.118475
-0.137933	0.123151
-0.141892	0.127645
-0.145577	0.131959
-0.148993	0.136097
-0.152146	0.140061
-0.155044	0.143853
-0.157693	0.147475
-0.159951	0.150790
-0.162132	0.154088
-0.164106	0.157242
-0.165883	0.160260
-0.167473	0.163147
-0.168886	0.165908
-0.170131	0.168548
-0.171214	0.171070
-0.172144	0.173479
-0.172926	0.175775
-0.173399	0.177805
-0.173913	0.179893
-0.174310	0.181887
-0.174595	0.183792
-0.174775	0.185609
-0.174855	0.187341
-0.174844	0.188995
-0.174751	0.190576
-0.174589	0.192093
-0.174370	0.193557
-0.173928	0.194809
-0.173651	0.196211
-0.173377	0.197609
-0.173117	0.199014
-0.172883	0.200433
-0.172684	0.201873
-0.172528	0.203340
-0.172421	0.204840
-0.172373	0.206377
-0.172391	0.207959
-0.172289	0.209408
-0.172485	0.211115
-0.172796	0.212910
-0.173231	0.214798
-0.173799	0.216787
-0.174504	0.218880
-0.175350	0.221078
-0.176338	0.223381
-0.177466	0.225787
-0.178735	0.228293
-0.179921	0.230686
-0.181472	0.233387
-0.183167	0.236187
-0.184997	0.239074
-0.186952	0.242037
-0.189022	0.245064
-0.191195	0.248142
-0.193460	0.251257
-0.195806	0.254398
-0.198224	0.257553
-0.200457	0.260478
-0.203001	0.263641
-0.205601	0.266800
-0.208241	0.269937
-0.210903	0.273036
-0.213567	0.276074
-0.216212	0.279033
-0.218816	0.281892
-0.221360	0.284632
-0.223826	0.287239
-0.225924	0.289437
-0.228207	0.291755
-0.230392	0.293927
-0.232465	0.295941
-0.234410	0.297789
-0.236212	0.299460
-0.237854	0.300943
-0.239318	0.302226
-0.240585	0.303299
-0.241638	0.304150
-0.242165	0.304491
-0.242760	0.304894
-0.243106	0.305067
-0.243184	0.304999
-0.242973	0.304679
-0.242452	0.304095
-0.241601	0.303238
-0.240400	0.302098
-0.238834	0.300668
-0.236886	0.298940
-0.234263	0.296645
-0.231544	0.294341
-0.228418	0.291737
-0.224865	0.288823
-0.220866	0.285585
-0.216403	0.282010
-0.211461	0.278088
-0.206026	0.273808
-0.200089	0.269165
-0.193648	0.264156
-0.186479	0.258571
-0.179083	0.252881
-0.171208	0.246844
-0.162861	0.240464
-0.154053	0.233748
-0.144799	0.226703
-0.135117	0.219339
-0.125028	0.211669
-0.114559	0.203709
-0.103739	0.195477
-0.092465	0.186871
-0.081094	0.178204
-0.069480	0.169332
-0.057660	0.160276
-0.045673	0.151060
-0.033563	0.141711
-0.021377	0.132259
-0.009163	0.122737
0.003026	0.113178
0.015138	0.103619
0.027151	0.094080
0.038914	0.084662
0.050460	0.075334
0.061750	0.066118
0.072750	0.057034
0.083427	0.048102
0.093751	0.039341
0.103694	0.030765
0.113231	0.022391
0.122341	0.014233
0.130933	0.006387
0.139104	-0.001277
0.146818	-0.008712
0.154076	-0.015919
0.160883	-0.022903
0.167247	-0.029670
0.173183	-0.036229
0.178709	-0.042592
0.183849	-0.048775
0.188629	-0.054795
0.192934	-0.060510
0.197072	-0.066246
0.200970	-0.071899
0.204669	-0.077497
0.208209	-0.083062
0.211628	-0.088615
0.214962	-0.094175
0.218246	-0.099758
0.221511	-0.105379
0.224790	-0.111052
0.227904	-0.116569
0.231280	-0.122364
0.234768	-0.128260
0.238391	-0.134266
0.242170	-0.140387
0.246118	-0.146625
0.250242	-0.152977
0.254547	-0.159437
0.259028	-0.165995
0.263678	-0.172638
0.268214	-0.179068
0.273145	-0.185815
0.278210	-0.192610
0.283387	-0.199431
0.288649	-0.206256
0.293965	-0.213059
0.299304	-0.219817
0.304631	-0.226504
0.309914	-0.233097
0.315125	-0.239579
0.319888	-0.245573
0.324851	-0.251764
0.329682	-0.257820
0.334358	-0.263729
0.338855	-0.269480
0.343151	-0.275061
0.347222	-0.280461
0.351048	-0.285668
0.354613	-0.290675
0.357903	-0.295477
0.360508	-0.299655
0.363230	-0.304045
0.365697	-0.308263
0.367914	-0.312315
0.369884	-0.316207
0.371614	-0.319942
0.373108	-0.323522
0.374373	-0.326948
0.375417	-0.330223
0.376247	-0.333346
0.376442	-0.335873
0.376889	-0.338711
0.377177	-0.341420
0.377311	-0.343998
0.377296	-0.346436
0.377137	-0.348724
0.376838	-0.350855
0.376402	-0.352819
0.375838	-0.354610
0.375154	-0.356223
0.373924	-0.357207
0.373052	-0.358482
0.372104	-0.359588
0.371081	-0.360516
0.369980	-0.361256
0.368799	-0.361795
0.367530	-0.362121
0.366169	-0.362223
0.364709	-0.362091
0.363149	-0.361719
0.361056	-0.360660
0.359314	-0.359829
0.357480	-0.358770
0.355549	-0.357479
0.353513	-0.355954
0.351367	-0.354194
0.349100	-0.352197
0.346707	-0.349961
0.344178	-0.347487
0.341507	-0.344775
0.338278	-0.341402
0.335334	-0.338257
0.332241	-0.334895
0.328985	-0.331314
0.325555	-0.327511
0.321939	-0.323482
0.318124	-0.319224
0.314103	-0.314737
0.309871	-0.310020
0.305422	-0.305077
0.300406	-0.299540
0.295574	-0.294206
0.290534	-0.288666
0.285280	-0.282915
0.279801	-0.276943
0.274088	-0.270740
0.268133	-0.264298
0.261930	-0.257607
0.255477	-0.250662
0.248775	-0.243459
0.241580	-0.235725
0.234462	-0.228074
0.227116	-0.220172
0.219544	-0.212013
0.211750	-0.203596
0.203742	-0.194920
0.195528	-0.185990
0.187121	-0.176811
0.178537	-0.167395
0.169794	-0.157754
0.160794	-0.147757
0.151857	-0.137783
0.142809	-0.127626
0.133663	-0.117298
0.124433	-0.106814
0.115135	-0.096193
0.105789	-0.085458
0.096418	-0.074636
0.087046	-0.063758
0.077700	-0.052858
0.068423	-0.041950
0.059255	-0.031161
0.050166	-0.020433
0.041167	-0.009793
0.032270	0.000738
0.023484	0.011136
0.014817	0.021377
0.006277	0.031441
-0.002128	0.041304
-0.010392	0.050945
-0.018372	0.060248
-0.026301	0.069349
-0.034093	0.078187
-0.041749	0.086753
-0.049271	0.095035
-0.056657	0.103024
-0.063908	0.110712
-0.071025	0.118091
-0.078007	0.125155
-0.084855	0.131904
-0.091346	0.138150
-0.097910	0.144245
-0.104362	0.150046
-0.110704	0.155559
-0.116934	0.160791
-0.123047	0.165745
-0.129032	0.170424
-0.134879	0.174829
-0.140570	0.178960
-0.146087	0.182815
-0.151137	0.186153
-0.156244	0.189450
-0.161134	0.192485
-0.165782	0.195259
-0.170165	0.197771
-0.174257	0.200018
-0.178032	0.201998
-0.181463	0.203708
-0.184522	0.205145
-0.187186	0.206305
-0.189142	0.206925
-0.190953	0.207533
-0.192309	0.207868
-0.193184	0.207921
-0.193556	0.207687
-0.193402	0.207158
-0.192705	0.206328
-0.191450	0.205196
-0.189631	0.203761
-0.187244	0.202027
-0.184039	0.199765
-0.180567	0.197489
-0.176566	0.194957
-0.172051	0.192179
-0.167040	0.189168
-0.161554	0.185939
-0.155619	0.182506
-0.149263	0.178886
-0.142520	0.175101
-0.135429	0.171171
-0.127841	0.166946
-0.120226	0.162844
-0.112410	0.158686
-0.104440	0.154498
-0.096368	0.150306
-0.088246	0.146141
-0.080131	0.142031
-0.072079	0.138008
-0.064150	0.134104
-0.056402	0.130351
-0.048769	0.126670
-0.041592	0.123345
-0.034771	0.120264
-0.028352	0.117448
-0.022378	0.114915
-0.016888	0.112682
-0.011918	0.110761
-0.007501	0.109168
-0.003671	0.107914
-0.000454	0.107014
0.002221	0.106395
0.004118	0.106251
0.005328	0.106499
0.005842	0.107142
0.005657	0.108181
0.004777	0.109613
0.003212	0.111432
0.000977	0.113629
-0.001905	0.116192
-0.005409	0.119108
-0.009374	0.122243
-0.014031	0.125820
-0.019225	0.129718
-0.024917	0.133919
-0.031064	0.138404
-0.037618	0.143152
-0.044531	0.148139
-0.051751	0.153340
-0.059226	0.158731
-0.066902	0.164284
-0.074513	0.169767
-0.082422	0.175553
-0.090394	0.181438
-0.098375	0.187392
-0.106311	0.193383
-0.114147	0.199376
-0.121831	0.205335
-0.129310	0.211224
-0.136538	0.217009
-0.143472	0.222657
-0.149775	0.227844
-0.156018	0.233134
-0.161897	0.238232
-0.167391	0.243115
-0.172477	0.247760
-0.177135	0.252142
-0.181345	0.256236
-0.185094	0.260018
-0.188367	0.263468
-0.191159	0.266565
-0.193111	0.268949
-0.194950	0.271316
-0.196333	0.273316
-0.197262	0.274939
-0.197743	0.276175
-0.197783	0.277017
-0.197391	0.277461
-0.196578	0.277502
-0.195355	0.277140
-0.193738	0.276377
-0.191401	0.274883
-0.189085	0.273370
-0.186441	0.271486
-0.183478	0.269231
-0.180204	0.266605
-0.176625	0.263606
-0.172747	0.260235
-0.168578	0.256492
-0.164126	0.252381
-0.159401	0.247908
-0.154139	0.242814
-0.148957	0.237694
-0.143543	0.232245
-0.137900	0.226471
-0.132029	0.220372
-0.125930	0.213952
-0.119601	0.207209
-0.113038	0.200147
-0.106238	0.192767
-0.099197	0.185070
-0.091742	0.176899
-0.084263	0.168638
-0.076521	0.160067
-0.068502	0.151180
-0.060189	0.141976
-0.051569	0.132454
-0.042631	0.122617
-0.033367	0.112470
-0.023772	0.102023
-0.013843	0.091286
-0.003561	0.080257
0.006962	0.069055
0.017820	0.057599
0.029016	0.045899
0.040547	0.033968
0.052406	0.021820
0.064577	0.009477
0.077040	-0.003038
0.089767	-0.015696
0.102727	-0.028464
0.115720	-0.041146
0.128950	-0.053953
0.142302	-0.066777
0.155735	-0.079586
0.169204	-0.092346
0.182660	-0.105018
0.196049	-0.117566
0.209317	-0.129949
0.222409	-0.142129
0.235272	-0.154068
0.247504	-0.165382
0.259688	-0.176675
0.271515	-0.187655
0.282945	-0.198295
0.293935	-0.208573
0.304441	-0.218459
0.314420	-0.227927
0.323829	-0.236948
0.332628	-0.245494
0.340779	-0.253543
0.347770	-0.260588
0.354509	-0.267555
0.360548	-0.274002
0.365873	-0.279923
0.370470	-0.285308
0.374327	-0.290152
0.377438	-0.294451
0.379800	-0.298202
0.381415	-0.301407
0.382290	-0.304072
0.381916	-0.305682
0.381370	-0.307315
0.380163	-0.308471
0.378319	-0.309169
0.375867	-0.309425
0.372835	-0.309259
0.369261	-0.308696
0.365185	-0.307761
0.360653	-0.306487
0.355718	-0.304912
0.349947	-0.302587
0.344413	-0.300566
0.338667	-0.298386
0.332764	-0.296084
0.326759	-0.293698
0.320703	-0.291262
0.314646	-0.288808
0.308637	-0.286369
0.302721	-0.283974
0.296943	-0.281652
0.290904	-0.278992
0.285549	-0.276918
0.280454	-0.274998
0.275646	-0.273247
0.271149	-0.271675
0.266979	-0.270289
0.263150	-0.269094
0.259673	-0.268092
0.256555	-0.267281
0.253799	-0.266659
0.250984	-0.265803
0.248963	-0.265554
0.247311	-0.265488
0.246017	-0.265592
0.245067	-0.265850
0.244444	-0.266246
0.244131	-0.266764
0.244111	-0.267386
0.244366	-0.268099
0.244881	-0.268891
0.245214	-0.269324
0.246222	-0.270260
0.247471	-0.271274
0.248950	-0.272359
0.250640	-0.273506
0.252525	-0.274706
0.254584	-0.275947
0.256796	-0.277218
0.259139	-0.278506
0.261594	-0.279802
0.263716	-0.280664
0.266356	-0.281967
0.269062	-0.283266
0.271809	-0.284544
0.274569	-0.285786
0.277314	-0.286973
0.280015	-0.288088
0.282645	-0.289113
0.285178	-0.290033
0.287587	-0.290830
0.289444	-0.291073
0.291565	-0.291616
0.293494	-0.292000
0.295198	-0.292200
0.296643	-0.292194
0.297798	-0.291957
0.298630	-0.291469
0.299111	-0.290708
0.299215	-0.289659
0.298921	-0.288309
0.297834	-0.286251
0.296721	-0.284302
0.295160	-0.282028
0.293132	-0.279421
0.290621	-0.276470
0.287611	-0.273169
0.284090	-0.269511
0.280046	-0.265490
0.275472	-0.261106
0.270363	-0.256358
0.264394	-0.250901
0.258244	-0.245465
0.251560	-0.239678
0.244344	-0.233543
0.236603	-0.227066
0.228343	-0.220253
0.219577	-0.213116
0.210322	-0.205665
0.200595	-0.197917
0.190420	-0.189887
0.179608	-0.181357
0.168658	-0.172868
0.157334	-0.164151
0.145654	-0.155219
0.133641	-0.146083
0.121315	-0.136754
0.108700	-0.127245
0.095820	-0.117568
0.082702	-0.107739
0.069373	-0.097775
0.055822	-0.087628
0.042224	-0.077507
0.028490	-0.067293
0.014644	-0.056996
0.000707	-0.046626
-0.013294	-0.036198
-0.027334	-0.025724
-0.041385	-0.015222
-0.055416	-0.004708
-0.069397	0.005798
-0.083147	0.016146
-0.096876	0.026520
-0.110480	0.036846
-0.123930	0.047107
-0.137189	0.057280
-0.150217	0.067339
-0.162967	0.077252
-0.175389	0.086983
-0.187430	0.096494
-0.199035	0.105747
-0.209847	0.114415
-0.220394	0.123007
-0.230372	0.131254
-0.239731	0.139121
-0.248419	0.146574
-0.256387	0.153577
-0.263584	0.160097
-0.269964	0.166103
-0.275485	0.171565
-0.280107	0.176457
-0.283424	0.180393
-0.286176	0.184098
-0.287979	0.187208
-0.288816	0.189712
-0.288678	0.191602
-0.287558	0.192873
-0.285461	0.193528
-0.282400	0.193573
-0.278396	0.193023
-0.273481	0.191899
-0.267339	0.189878
-0.260777	0.187729
-0.253476	0.185124
-0.245496	0.182103
-0.236902	0.178704
-0.227761	0.174969
-0.218146	0.170943
-0.208133	0.166669
-0.197801	0.162197
-0.187233	0.157576
-0.176234	0.152593
-0.165493	0.147868
-0.154789	0.143163
-0.144202	0.138526
-0.133810	0.134003
-0.123688	0.129637
-0.113909	0.125472
-0.104541	0.121549
-0.095651	0.117908
-0.087298	0.114585
-0.079342	0.111442
-0.072255	0.108887
-0.065862	0.106754
-0.060193	0.105062
-0.055268	0.103824
-0.051100	0.103049
-0.047693	0.102741
-0.045047	0.102903
-0.043155	0.103532
-0.042006	0.104628
-0.041413	0.106031
-0.041707	0.108046
-0.042695	0.110517
-0.044343	0.113430
-0.046613	0.116767
-0.049461	0.120505
-0.052838	0.124618
-0.056690	0.129077
-0.060964	0.133850
-0.065601	0.138904
-0.070311	0.143986
-0.075488	0.149479
-0.080877	0.155166
-0.086423	0.161013
-0.092073	0.166984
-0.097775	0.173043
-0.103480	0.179154
-0.109141	0.185282
-0.114717	0.191393
-0.120171	0.197458
-0.125129	0.203117
-0.130231	0.208983
-0.135163	0.214753
-0.139909	0.220408
-0.144455	0.225928
-0.148790	0.231294
-0.152905	0.236488
-0.156793	0.241494
-0.160452	0.246299
-0.163884	0.250892
-0.166659	0.254853
-0.169657	0.259009
-0.172489	0.262979
-0.175165	0.266763
-0.177692	0.270360
-0.180075	0.273768
-0.182317	0.276980
-0.184417	0.279990
-0.186371	0.282791
-0.188175	0.285374
-0.189357	0.287288
-0.190871	0.289434
-0.192238	0.291360
-0.193441	0.293047
-0.194458	0.294475
-0.195267	0.295623
-0.195843	0.296468
-0.196160	0.296988
-0.196196	0.297163
-0.195927	0.296974
-0.194887	0.295983
-0.193997	0.295062
-0.192759	0.293744
-0.191147	0.292008
-0.189132	0.289834
-0.186690	0.287201
-0.183793	0.284093
-0.180421	0.280493
-0.176555	0.276391
-0.172181	0.271782
-0.166908	0.266312
-0.161549	0.260743
-0.155673	0.254682
-0.149275	0.248134
-0.142355	0.241107
-0.134914	0.233613
-0.126960	0.225666
-0.118504	0.217285
-0.109561	0.208493
-0.100151	0.199314
-0.090052	0.189562
-0.079852	0.179765
-0.069262	0.169669
-0.058306	0.159298
-0.047008	0.148675
-0.035393	0.137827
-0.023494	0.126778
-0.011344	0.115560
0.001020	0.104203
0.013558	0.092737
0.026265	0.081187
0.038936	0.069686
0.051665	0.058158
0.064425	0.046620
0.077187	0.035086
0.089923	0.023571
0.102603	0.012089
0.115202	0.000653
0.127692	-0.010727
0.140049	-0.022038
0.152049	-0.033046
0.163982	-0.044111
0.175742	-0.055111
0.187321	-0.066048
0.198710	-0.076924
0.209897	-0.087735
0.220871	-0.098477
0.231616	-0.109141
0.242120	-0.119718
0.252372	-0.130199
0.261960	-0.140150
0.271626	-0.150360
0.281055	-0.160485
0.290250	-0.170520
0.299210	-0.180458
0.307935	-0.190286
0.316420	-0.199991
0.324661	-0.209553
0.332653	-0.218952
0.340389	-0.228166
0.347320	-0.236611
0.354510	-0.245372
0.361462	-0.253913
0.368166	-0.262208
0.374614	-0.270228
0.380793	-0.277943
0.386689	-0.285322
0.392289	-0.292334
0.397579	-0.298952
0.402549	-0.305151
0.406550	-0.310255
0.410853	-0.315557
0.414836	-0.320410
0.418489	-0.324798
0.421803	-0.328707
0.424765	-0.332122
0.427365	-0.335033
0.429596	-0.337433
0.431452	-0.339321
0.432932	-0.340702
0.433351	-0.340883
0.434103	-0.341298
0.434524	-0.341279
0.434625	-0.340851
0.434417	-0.340037
0.433912	-0.338865
0.433123	-0.337364
0.432061	-0.335563
0.430741	-0.333494
0.429177	-0.331190
0.426711	-0.327998
0.424727	-0.325351
0.422558	-0.322589
0.420208	-0.319731
0.417674	-0.316795
0.414949	-0.313790
0.412026	-0.310725
0.408893	-0.307603
0.405542	-0.304430
0.401963	-0.301207
0.397561	-0.297328
0.393558	-0.294066
0.389323	-0.290774
0.384839	-0.287440
0.380088	-0.284049
0.375052	-0.280583
0.369716	-0.277022
0.364064	-0.273349
0.358085	-0.269546
0.351773	-0.265600
0.344657	-0.261003
0.337745	-0.256807
0.330514	-0.252450
0.322968	-0.247923
0.315115	-0.243219
0.306970	-0.238335
0.298555	-0.233274
0.289900	-0.228048
0.281041	-0.222673
0.272024	-0.217172
0.262551	-0.211194
0.253426	-0.205584
0.244301	-0.199942
0.235230	-0.194296
0.226264	-0.188677
0.217457	-0.183115
0.208864	-0.177644
0.200538	-0.172296
0.192532	-0.167105
0.184898	-0.162105
0.177434	-0.157050
0.170727	-0.152571
0.164526	-0.148377
0.158858	-0.144489
0.153746	-0.140921
0.149204	-0.137684
0.145238	-0.134784
0.141847	-0.132221
0.139022	-0.129991
0.136748	-0.128086
0.134793	-0.126257
0.133575	-0.124988
0.132824	-0.123996
0.132494	-0.123252
0.132537	-0.122725
0.132900	-0.122379
0.133529	-0.122180
0.134368	-0.122092
0.135362	-0.122077
0.136457	-0.122102
0.137395	-0.121901
0.138558	-0.121929
0.139670	-0.121900
0.140677	-0.121778
0.141533	-0.121528
0.142189	-0.121117
0.142607	-0.120512
0.142747	-0.119686
0.142581	-0.118612
0.142082	-0.117269
0.141042	-0.115424
0.139857	-0.113527
0.138303	-0.111322
0.136375	-0.108799
0.134076	-0.105952
0.131412	-0.102778
0.128397	-0.099276
0.125048	-0.095452
0.121387	-0.091312
0.117438	-0.086864
0.113102	-0.081965
0.108700	-0.076978
0.104091	-0.071717
0.099302	-0.066192
0.094358	-0.060411
0.089285	-0.054386
0.084110	-0.048128
0.078857	-0.041652
0.073553	-0.034971
0.068219	-0.028102
0.062867	-0.021017
0.057584	-0.013866
0.052312	-0.006559
0.047055	0.000897
0.041814	0.008498
0.036585	0.016239
0.031363	0.024116
0.026137	0.032126
0.020895	0.040265
0.015621	0.048532
0.010439	0.056824
0.005096	0.065288
-0.000364	0.073898
-0.005971	0.082661
-0.011752	0.091579
-0.017730	0.100653
-0.023926	0.109881
-0.030356	0.119255
-0.037035	0.128769
-0.043971	0.138412
-0.050866	0.147913
-0.058286	0.157727
-0.066007	0.167663
-0.074028	0.177711
-0.082342	0.187857
-0.090937	0.198082
-0.099791	0.208364
-0.108877	0.218678
-0.118163	0.228994
-0.127611	0.239282
-0.136718	0.249089
-0.146330	0.259181
-0.156007	0.269177
-0.165702	0.279043
-0.175363	0.288744
-0.184937	0.298241
-0.194368	0.307495
-0.203598	0.316465
-0.212575	0.325115
-0.221247	0.333408
-0.228972	0.340753
-0.236877	0.348215
-0.244378	0.355264
-0.251438	0.361874
-0.258018	0.368019
-0.264080	0.373675
-0.269589	0.378816
-0.274510	0.383418
-0.278812	0.387461
-0.282468	0.390926
-0.284800	0.393177
-0.287113	0.395459
-0.288759	0.397170
-0.289728	0.398304
-0.290007	0.398861
-0.289589	0.398839
-0.288472	0.398244
-0.286656	0.397083
-0.284147	0.395367
-0.280959	0.393115
-0.276495	0.389759
-0.272057	0.386544
-0.267037	0.382893
-0.261461	0.378828
-0.255355	0.374373
-0.248750	0.369552
-0.241677	0.364390
-0.234175	0.358915
-0.226285	0.353157
-0.218052	0.347147
-0.209048	0.340465
-0.200360	0.334134
-0.191496	0.327670
-0.182500	0.321096
-0.173411	0.314434
-0.164267	0.307704
-0.155106	0.300924
-0.145964	0.294112
-0.136874	0.287285
-0.127871	0.280457
-0.118668	0.273349
-0.110011	0.266644
-0.101523	0.259976
-0.093216	0.253344
-0.085098	0.246746
-0.077174	0.240180
-0.069449	0.233645
-0.061928	0.227142
-0.054615	0.220674
-0.047515	0.214244
-0.040440	0.207690
-0.033839	0.201420
-0.027451	0.195203
-0.021269	0.189039
-0.015281	0.182929
-0.009479	0.176876
-0.003854	0.170882
0.001605	0.164954
0.006902	0.159098
0.012044	0.153322
0.017135	0.147550
0.021923	0.142015
0.026556	0.136597
0.031036	0.131306
0.035361	0.126154
0.039530	0.121150
0.043538	0.116306
0.047380	0.111633
0.051050	0.107142
0.054542	0.102842
0.057885	0.098716
0.060964	0.094856
0.063849	0.091205
0.066544	0.087758
0.069056	0.084509
0.071396	0.081448
0.073576	0.078562
0.075608	0.075839
0.077508	0.073265
0.079293	0.070823
0.080960	0.068528
0.082526	0.066343
0.084030	0.064242
0.085496	0.062203
0.086949	0.060204
0.088414	0.058223
0.089912	0.056240
0.091466	0.054235
0.093093	0.052191
0.094810	0.050092
0.096566	0.047998
0.098464	0.045781
0.100483	0.043471
0.102628	0.041057
0.104898	0.038535
0.107290	0.035903
0.109794	0.033162
0.112395	0.030319
0.115078	0.027380
0.117824	0.024357
0.120516	0.021369
0.123311	0.018221
0.126116	0.015009
0.128915	0.011744
0.131691	0.008432
0.134432	0.005082
0.137125	0.001698
0.139762	-0.001713
0.142339	-0.005149
0.144852	-0.008610
0.147172	-0.011942
0.149561	-0.015448
0.151913	-0.018994
0.154240	-0.022588
0.156560	-0.026237
0.158890	-0.029948
0.161252	-0.033733
0.163671	-0.037601
0.166175	-0.041565
0.168792	-0.045638
0.171362	-0.049624
0.174286	-0.053945
0.177434	-0.058432
0.180840	-0.063102
0.184537	-0.067971
0.188557	-0.073049
0.192926	-0.078346
0.197667	-0.083869
0.202799	-0.089621
0.208337	-0.095603
0.213994	-0.101506
0.220336	-0.107909
0.227116	-0.114546
0.234333	-0.121409
0.241977	-0.128487
0.250033	-0.135764
0.258480	-0.143221
0.267291	-0.150836
0.276434	-0.158586
0.285876	-0.166448
0.295131	-0.173946
0.305009	-0.181915
0.315083	-0.189940
0.325305	-0.197993
0.335623	-0.206047
0.345983	-0.214070
0.356328	-0.222030
0.366596	-0.229894
0.376730	-0.237631
0.386670	-0.245211
0.395767	-0.252018
0.405121	-0.259175
0.414140	-0.266125
0.422771	-0.272845
0.430962	-0.279311
0.438661	-0.285502
0.445817	-0.291394
0.452381	-0.296964
0.458310	-0.302193
0.463561	-0.307060
0.467419	-0.310872
0.471203	-0.314961
0.474239	-0.318670
0.476504	-0.321987
0.477979	-0.324900
0.478651	-0.327399
0.478511	-0.329476
0.477559	-0.331128
0.475805	-0.332354
0.473262	-0.333161
0.469280	-0.332877
0.465254	-0.332889
0.460549	-0.332541
0.455202	-0.331847
0.449251	-0.330822
0.442735	-0.329480
0.435697	-0.327835
0.428178	-0.325903
0.420221	-0.323699
0.411871	-0.321238
0.402580	-0.317937
0.393607	-0.315045
0.384381	-0.311957
0.374937	-0.308681
0.365306	-0.305225
0.355519	-0.301595
0.345600	-0.297793
0.335576	-0.293826
0.325470	-0.289696
0.315305	-0.285409
0.304635	-0.280488
0.294458	-0.275944
0.284283	-0.271259
0.274117	-0.266431
0.263964	-0.261455
0.253826	-0.256326
0.243705	-0.251039
0.233601	-0.245590
0.223513	-0.239977
0.213443	-0.234202
0.203061	-0.227919
0.193086	-0.221880
0.183131	-0.215694
0.173194	-0.209361
0.163270	-0.202886
0.153355	-0.196274
0.143447	-0.189532
0.133544	-0.182670
0.123649	-0.175699
0.113763	-0.168631
0.103702	-0.161274
0.093907	-0.154115
0.084134	-0.146906
0.074389	-0.139659
0.064678	-0.132388
0.055011	-0.125108
0.045403	-0.117837
0.035872	-0.110593
0.026440	-0.103398
0.017131	-0.096273
0.007918	-0.089168
-0.001004	-0.082302
-0.009723	-0.075564
-0.018210	-0.068970
-0.026437	-0.062533
-0.034377	-0.056265
-0.042000	-0.050178
-0.049278	-0.044281
-0.056183	-0.038583
-0.062688	-0.033089
-0.068732	-0.027838
-0.074331	-0.022808
-0.079482	-0.017977
-0.084174	-0.013341
-0.088401	-0.008890
-0.092155	-0.004618
-0.095436	-0.000516
-0.098245	0.003427
-0.100587	0.007220
-0.102473	0.010876
-0.103819	0.014316
-0.104818	0.017713
-0.105434	0.021031
-0.105696	0.024291
-0.105638	0.027510
-0.105293	0.030707
-0.104695	0.033899
-0.103878	0.037102
-0.102879	0.040329
-0.101732	0.043594
-0.100336	0.046791
-0.098983	0.050148
-0.097591	0.053582
-0.096187	0.057098
-0.094796	0.060700
-0.093437	0.064389
-0.092125	0.068164
-0.090874	0.072022
-0.089692	0.075960
-0.088585	0.079974
-0.087386	0.083919
-0.086433	0.088058
-0.085570	0.092266
-0.084793	0.096539
-0.084096	0.100869
-0.083469	0.105249
-0.082900	0.109668
-0.082378	0.114118
-0.081891	0.118589
-0.081426	0.123071
-0.080750	0.127369
-0.080289	0.131830
-0.079842	0.136294
-0.079408	0.140756
-0.078988	0.145214
-0.078586	0.149664
-0.078207	0.154103
-0.077858	0.158530
-0.077551	0.162942
-0.077297	0.167337
-0.076817	0.171459
-0.076693	0.175793
-0.076688	0.180126
-0.076819	0.184458
-0.077100	0.188786
-0.077541	0.193106
-0.078150	0.197412
-0.078931	0.201693
-0.079888	0.205943
-0.081017	0.210150
-0.081956	0.213985
-0.083408	0.218064
-0.085043	0.222099
-0.086849	0.226082
-0.088812	0.230003
-0.090910	0.233852
-0.093121	0.237614
-0.095416	0.241278
-0.097768	0.244831
-0.100146	0.248261
-0.102117	0.251183
-0.104463	0.254332
-0.106773	0.257353
-0.109017	0.260237
-0.111168	0.262975
-0.113195	0.265559
-0.115074	0.267980
-0.116782	0.270232
-0.118300	0.272312
-0.119615	0.274219
-0.120295	0.275557
-0.121198	0.277132
-0.121906	0.278562
-0.122419	0.279851
-0.122738	0.280999
-0.122866	0.282009
-0.122805	0.282881
-0.122562	0.283616
-0.122142	0.284215
-0.121553	0.284679
-0.120379	0.284622
-0.119498	0.284839
-0.118492	0.284945
-0.117363	0.284938
-0.116115	0.284816
-0.114747	0.284577
-0.113258	0.284219
-0.111646	0.283741
-0.109908	0.283140
-0.108040	0.282416
-0.105635	0.281206
-0.103520	0.280258
-0.101274	0.279200
-0.098887	0.278027
-0.096348	0.276737
-0.093645	0.275323
-0.090768	0.273782
-0.087707	0.272111
-0.084456	0.270305
-0.081009	0.268364
-0.077016	0.265975
-0.073216	0.263799
-0.069238	0.261503
-0.065084	0.259083
-0.060756	0.256538
-0.056258	0.253866
-0.051597	0.251065
-0.046779	0.248132
-0.041814	0.245065
-0.036709	0.241864
-0.031205	0.238289
-0.025905	0.234860
-0.020506	0.231298
-0.015011	0.227593
-0.009425	0.223740
-0.003751	0.219732
0.002007	0.215563
0.007844	0.211229
0.013754	0.206728
0.019733	0.202061
0.025942	0.197093
0.031974	0.192156
0.038052	0.187063
0.044175	0.181813
0.050342	0.176408
0.056552	0.170852
0.062804	0.165149
0.069093	0.159307
0.075414	0.153335
0.081761	0.147245
0.088174	0.141033
0.094483	0.134805
0.100794	0.128497
0.107099	0.122120
0.113387	0.115688
0.119646	0.109218
0.125861	0.102727
0.132013	0.096236
0.138083	0.089763
0.144051	0.083329
0.149821	0.077055
0.155468	0.070807
0.160965	0.064639
0.166300	0.058559
0.171464	0.052575
0.176448	0.046691
0.181246	0.040910
0.185855	0.035232
0.190275	0.029654
0.194509	0.024170
0.198391	0.018971
0.202232	0.013690
0.205933	0.008454
0.209515	0.003242
0.213002	-0.001967
0.216421	-0.007197
0.219800	-0.012471
0.223170	-0.017816
0.226562	-0.023255
0.230008	-0.028814
0.233292	-0.034239
0.236907	-0.040074
0.240687	-0.046113
0.244665	-0.052379
0.248869	-0.058889
0.253323	-0.065657
0.258049	-0.072691
0.263060	-0.079992
0.268365	-0.087558
0.273970	-0.095382
0.279522	-0.103070
0.285678	-0.111325
0.292131	-0.119802
0.298871	-0.128477
0.305879	-0.137321
0.313133	-0.146301
0.320607	-0.155380
0.328267	-0.164517
0.336079	-0.173668
0.344003	-0.182789
0.351510	-0.191319
0.359496	-0.200201
0.367484	-0.208934
0.375432	-0.217470
0.383288	-0.225762
0.391002	-0.233762
0.398520	-0.241419
0.405787	-0.248686
0.412748	-0.255514
0.419349	-0.261862
0.424929	-0.267064
0.430644	-0.272318
0.435882	-0.277014
0.440605	-0.281124
0.444773	-0.284626
0.448352	-0.287500
0.451311	-0.289731
0.453623	-0.291309
0.455268	-0.292229
0.456232	-0.292492
0.455878	-0.291470
0.455496	-0.290479
0.454462	-0.288900
0.452783	-0.286754
0.450473	-0.284062
0.447550	-0.280853
0.444038	-0.277157
0.439967	-0.273008
0.435373	-0.268449
0.430298	-0.263524
0.424249	-0.257738
0.418429	-0.252299
0.412296	-0.246665
0.405900	-0.240881
0.399287	-0.234992
0.392505	-0.229044
0.385599	-0.223078
0.378616	-0.217135
0.371599	-0.211255
0.364587	-0.205475
0.357205	-0.199407
0.350380	-0.193988
0.343652	-0.188751
0.337030	-0.183703
0.330520	-0.178847
0.324120	-0.174182
0.317822	-0.169699
0.311614	-0.165387
0.305479	-0.161230
0.299395	-0.157209
0.293009	-0.152957
0.286982	-0.149165
0.280904	-0.145415
0.274733	-0.141669
0.268428	-0.137887
0.261946	-0.134030
0.255249	-0.130061
0.248302	-0.125945
0.241075	-0.121654
0.233544	-0.117162
0.225422	-0.112161
0.217258	-0.107231
0.208768	-0.102068
0.199966	-0.096678
0.190871	-0.091075
0.181515	-0.085280
0.171936	-0.079322
0.162183	-0.073237
0.152311	-0.067067
0.142378	-0.060860
0.132279	-0.054479
0.122442	-0.048371
0.112753	-0.042393
0.103278	-0.036598
0.094078	-0.031034
0.085212	-0.025747
0.076734	-0.020778
0.068693	-0.016165
0.061131	-0.011938
0.054087	-0.008126
0.047545	-0.004690
0.041661	-0.001805
0.036367	0.000617
0.031665	0.002580
0.027551	0.004094
0.024013	0.005178
0.021030	0.005856
0.018579	0.006156
0.016626	0.006116
0.015137	0.005774
0.014086	0.005167
0.013428	0.004325
0.013083	0.003339
0.012994	0.002269
0.013105	0.001176
0.013362	0.000116
0.013716	-0.000855
0.014120	-0.001687
0.014532	-0.002332
0.014916	-0.002749
0.015245	-0.002901
0.015481	-0.002757
0.015593	-0.002274
0.015564	-0.001431
0.015386	-0.000216
0.015056	0.001381
0.014575	0.003358
0.013952	0.005711
0.013195	0.008430
0.012320	0.011500
0.011330	0.014918
0.010237	0.018653
0.009078	0.022665
0.007884	0.026915
0.006690	0.031355
0.005531	0.035934
0.004445	0.040596
0.003470	0.045284
0.002641	0.049941
0.001992	0.054507
0.001587	0.058914
0.001361	0.063153
0.001391	0.067141
0.001693	0.070832
0.002275	0.074189
0.003135	0.077183
0.004266	0.079793
0.005651	0.082010
0.007266	0.083830
0.009081	0.085261
0.011167	0.086246
0.013291	0.086925
0.015498	0.087277
0.017739	0.087338
0.019967	0.087151
0.022131	0.086762
0.024184	0.086222
0.026077	0.085584
0.027760	0.084907
0.029189	0.084249
0.030450	0.083570
0.031271	0.083095
0.031688	0.082846
0.031658	0.082892
0.031145	0.083296
0.030119	0.084119
0.028558	0.085412
0.026452	0.087221
0.023796	0.089579
0.020598	0.092512
0.017021	0.095904
0.012824	0.099989
0.008134	0.104687
0.002993	0.109986
-0.002551	0.115862
-0.008442	0.122281
-0.014620	0.129203
-0.021022	0.136580
-0.027582	0.144361
-0.034237	0.152493
-0.040705	0.160704
-0.047352	0.169346
-0.053933	0.178181
-0.060390	0.187147
-0.066666	0.196179
-0.072707	0.205213
-0.078461	0.214182
-0.083880	0.223019
-0.088919	0.231661
-0.093538	0.240045
-0.097364	0.247788
-0.101034	0.255472
-0.104216	0.262753
-0.106900	0.269593
-0.109082	0.275962
-0.110767	0.281838
-0.111971	0.287210
-0.112718	0.292077
-0.113040	0.296447
-0.112977	0.300338
-0.112151	0.303374
-0.111438	0.306365
-0.110506	0.308987
-0.109407	0.311284
-0.108194	0.313298
-0.106915	0.315071
-0.105612	0.316645
-0.104322	0.318058
-0.103080	0.319348
-0.101912	0.320549
-0.100399	0.321281
-0.099435	0.322385
-0.098629	0.323518
-0.097994	0.324705
-0.097536	0.325971
-0.097254	0.327333
-0.097142	0.328803
-0.097190	0.330388
-0.097380	0.332088
-0.097688	0.333896
-0.097656	0.335406
-0.098124	0.337395
-0.098632	0.339456
-0.099130	0.341552
-0.099566	0.343638
-0.099883	0.345667
-0.100021	0.347586
-0.099923	0.349342
-0.099535	0.350882
-0.098807	0.352157
-0.097284	0.352755
-0.095790	0.353404
-0.093857	0.353677
-0.091457	0.353541
-0.088566	0.352965
-0.085167	0.351923
-0.081249	0.350396
-0.076807	0.348368
-0.071843	0.345831
-0.066364	0.342780
-0.060036	0.338919
-0.053622	0.334892
-0.046753	0.330370
-0.039456	0.325366
-0.031764	0.319897
-0.023718	0.313989
-0.015369	0.307676
-0.006776	0.301001
0.001993	0.294012
0.010863	0.286768
0.019973	0.279160
0.028746	0.271644
0.037364	0.264071
0.045743	0.256508
0.053801	0.249018
0.061461	0.241665
0.068649	0.234504
0.075303	0.227589
0.081365	0.220962
0.086790	0.214662
0.091625	0.208672
0.095632	0.203146
0.098928	0.198004
0.101515	0.193245
0.103402	0.188861
0.104611	0.184837
0.105170	0.181152
0.105120	0.177776
0.104509	0.174673
0.103393	0.171802
0.101850	0.169128
0.099886	0.166611
0.097645	0.164152
0.095221	0.161681
0.092714	0.159123
0.090227	0.156400
0.087864	0.153434
0.085728	0.150149
0.083921	0.146474
0.082538	0.142339
0.081637	0.137728
0.081304	0.132554
0.081636	0.126761
0.082693	0.120314
0.084521	0.113192
0.087154	0.105385
0.090608	0.096898
0.094890	0.087746
0.099990	0.077953
0.105891	0.067556
0.112415	0.056745
0.119753	0.045337
0.127786	0.033463
0.136465	0.021181
0.145732	0.008553
0.155526	-0.004352
0.165776	-0.017463
0.176410	-0.030704
0.187352	-0.043998
0.198523	-0.057268
0.209491	-0.070089
0.220815	-0.083005
0.232159	-0.095687
0.243461	-0.108074
0.254666	-0.120109
0.265727	-0.131744
0.276606	-0.142938
0.287274	-0.153659
0.297715	-0.163885
0.307923	-0.173606
0.317357	-0.182290
0.327062	-0.190945
0.336603	-0.199142
0.346014	-0.206910
0.355329	-0.214276
0.364585	-0.221272
0.373814	-0.227924
0.383046	-0.234262
0.392307	-0.240308
0.401615	-0.246086
0.410342	-0.250986
0.419749	-0.256251
0.429253	-0.261324
0.438848	-0.266217
0.448518	-0.270933
0.458238	-0.275472
0.467975	-0.279830
0.477690	-0.283999
0.487335	-0.287967
0.496858	-0.291722
0.505536	-0.294576
0.514644	-0.297862
0.523455	-0.300897
0.531888	-0.303645
0.539854	-0.306069
0.547258	-0.308125
0.554003	-0.309766
0.559993	-0.310945
0.565132	-0.311615
0.569332	-0.311733
0.571865	-0.310592
0.574000	-0.309547
0.574988	-0.307863
0.574772	-0.305512
0.573306	-0.302474
0.570558	-0.298738
0.566510	-0.294299
0.561162	-0.289163
0.554527	-0.283344
0.546630	-0.276863
0.536955	-0.269162
0.526743	-0.261524
0.515424	-0.253324
0.503056	-0.244593
0.489709	-0.235364
0.475456	-0.225674
0.460378	-0.215560
0.444563	-0.205063
0.428100	-0.194227
0.411085	-0.183097
0.393226	-0.171313
0.375487	-0.159826
0.357488	-0.148190
0.339317	-0.136445
0.321061	-0.124632
0.302801	-0.112789
0.284613	-0.100951
0.266567	-0.089152
0.248726	-0.077420
0.231145	-0.065781
0.213690	-0.054074
0.196844	-0.042762
0.180369	-0.031592
0.164281	-0.020567
0.148592	-0.009690
0.133309	0.001036
0.118436	0.011608
0.103976	0.022020
0.089930	0.032264
0.076300	0.042331
0.063105	0.052186
0.050378	0.061786
0.038058	0.071170
0.026138	0.080325
0.014612	0.089238
0.003473	0.097893
-0.007284	0.106276
-0.017665	0.114373
-0.027674	0.122167
-0.037316	0.129645
-0.046414	0.136624
-0.055282	0.143385
-0.063802	0.149802
-0.071970	0.155864
-0.079781	0.161559
-0.087224	0.166873
-0.094279	0.171787
-0.100925	0.176285
-0.107134	0.180345
-0.112876	0.183948
-0.117853	0.186824
-0.122558	0.189454
-0.126718	0.191597
-0.130306	0.193245
-0.133293	0.194396
-0.135656	0.195049
-0.137374	0.195209
-0.138431	0.194887
-0.138818	0.194097
-0.138527	0.192859
-0.137303	0.190948
-0.135695	0.188914
-0.133440	0.186523
-0.130549	0.183801
-0.127036	0.180777
-0.122919	0.177478
-0.118222	0.173932
-0.112972	0.170167
-0.107203	0.166211
-0.100953	0.162096
-0.094096	0.157694
-0.087077	0.153403
-0.079734	0.149052
-0.072122	0.144669
-0.064297	0.140282
-0.056320	0.135914
-0.048251	0.131592
-0.040150	0.127338
-0.032079	0.123170
-0.024094	0.119106
-0.016170	0.115104
-0.008561	0.111326
-0.001185	0.107675
0.005925	0.104152
0.012737	0.100751
0.019226	0.097468
0.025372	0.094299
0.031157	0.091241
0.036565	0.088292
0.041585	0.085454
0.046230	0.082731
0.050430	0.080143
0.054228	0.077678
0.057628	0.075344
0.060636	0.073151
0.063264	0.071109
0.065527	0.069228
0.067446	0.067518
0.069044	0.065986
0.070350	0.064638
0.071375	0.063503
0.072190	0.062532
0.072807	0.061759
0.073259	0.061186
0.073576	0.060816
0.073788	0.060654
0.073921	0.060702
0.073994	0.060967
0.074025	0.061455
0.074023	0.062172
0.073959	0.063155
0.073912	0.064345
0.073828	0.065797
0.073701	0.067516
0.073520	0.069508
0.073276	0.071775
0.072956	0.074317
0.072546	0.077131
0.072034	0.080211
0.071403	0.083552
0.070632	0.087148
0.069722	0.090973
0.068632	0.095040
0.067343	0.099337
0.065837	0.103855
0.064096	0.108584
0.062102	0.113513
0.059841	0.118629
0.057301	0.123922
0.054472	0.129376
0.051430	0.134908
0.048035	0.140616
0.044348	0.146438
0.040377	0.152352
0.036139	0.158334
0.031655	0.164359
0.026947	0.170400
0.022043	0.176433
0.016968	0.182434
0.011748	0.188383
0.006600	0.194085
0.001192	0.199845
-0.004312	0.205526
-0.009904	0.211129
-0.015575	0.216659
-0.021324	0.222123
-0.027148	0.227533
-0.033048	0.232900
-0.039024	0.238237
-0.045076	0.243557
-0.050898	0.248587
-0.057058	0.253863
-0.063307	0.259170
-0.069640	0.264519
-0.076052	0.269917
-0.082530	0.275366
-0.089061	0.280868
-0.095629	0.286419
-0.102212	0.292015
-0.108792	0.297652
-0.114943	0.302942
-0.121419	0.308602
-0.127846	0.314297
-0.134198	0.320015
-0.140444	0.325740
-0.146551	0.331447
-0.152479	0.337111
-0.158186	0.342698
-0.163626	0.348172
-0.168751	0.353491
-0.173038	0.358164
-0.177388	0.363038
-0.181305	0.367645
-0.184744	0.371940
-0.187661	0.375877
-0.190019	0.379415
-0.191787	0.382513
-0.192941	0.385139
-0.193463	0.387266
-0.193348	0.388873
-0.192098	0.389483
-0.190750	0.390045
-0.188810	0.390084
-0.186296	0.389601
-0.183231	0.388600
-0.179641	0.387088
-0.175553	0.385077
-0.171000	0.382579
-0.166013	0.379610
-0.160627	0.376186
-0.154438	0.371928
-0.148417	0.367707
-0.142115	0.363106
-0.135565	0.358145
-0.128798	0.352846
-0.121843	0.347231
-0.114727	0.341323
-0.107478	0.335146
-0.100118	0.328720
-0.092665	0.322067
-0.084821	0.314929
-0.077287	0.307931
-0.069686	0.300749
-0.062010	0.293381
-0.054240	0.285822
-0.046354	0.278062
-0.038326	0.270087
-0.030127	0.261881
-0.021726	0.253427
-0.013094	0.244706
-0.004048	0.235573
0.005044	0.226345
0.014432	0.216810
0.024129	0.206957
0.034143	0.196784
0.044471	0.186290
0.055103	0.175484
0.066018	0.164380
0.077191	0.152997
0.088586	0.141360
0.100145	0.129539
0.111779	0.117559
0.123510	0.105411
0.135297	0.093125
0.147096	0.080731
0.158862	0.068261
0.170553	0.055750
0.182123	0.043231
0.193530	0.030740
0.204732	0.018315
0.215478	0.006225
0.226066	-0.005878
0.236348	-0.017818
0.246301	-0.029568
0.255907	-0.041101
0.265152	-0.052393
0.274024	-0.063422
0.282522	-0.074169
0.290646	-0.084621
0.298407	-0.094769
0.305443	-0.104212
0.312456	-0.113678
0.319192	-0.122866
0.325690	-0.131795
0.331994	-0.140483
0.338147	-0.148954
0.344194	-0.157227
0.350179	-0.165326
0.356142	-0.173270
0.362124	-0.181080
0.367672	-0.188263
0.373752	-0.195815
0.379975	-0.203306
0.386370	-0.210752
0.392958	-0.218160
0.399753	-0.225538
0.406766	-0.232887
0.413998	-0.240205
0.421445	-0.247486
0.429099	-0.254723
0.436359	-0.261297
0.444364	-0.268403
0.452536	-0.275447
0.460838	-0.282406
0.469226	-0.289251
0.477648	-0.295947
0.486042	-0.302456
0.494342	-0.308736
0.502478	-0.314741
0.510375	-0.320423
0.517279	-0.325026
0.524484	-0.329944
0.531238	-0.334418
0.537463	-0.338401
0.543080	-0.341846
0.548020	-0.344711
0.552215	-0.346956
0.555605	-0.348549
0.558139	-0.349463
0.559774	-0.349677
0.559771	-0.348421
0.559560	-0.347241
0.558392	-0.345353
0.556257	-0.342757
0.553154	-0.339459
0.549089	-0.335470
0.544079	-0.330806
0.538150	-0.325490
0.531333	-0.319551
0.523673	-0.313023
0.514604	-0.305275
0.505477	-0.297757
0.495688	-0.289797
0.485300	-0.281440
0.474377	-0.272735
0.462987	-0.263732
0.451197	-0.254478
0.439075	-0.245025
0.426687	-0.235418
0.414097	-0.225703
0.400937	-0.215445
0.388197	-0.205719
0.375423	-0.196007
0.362651	-0.186333
0.349909	-0.176714
0.337220	-0.167161
0.324598	-0.157682
0.312055	-0.148281
0.299595	-0.138958
0.287221	-0.129710
0.274708	-0.120268
0.262580	-0.111242
0.250516	-0.102272
0.238498	-0.093341
0.226503	-0.084428
0.214510	-0.075516
0.202498	-0.066586
0.190447	-0.057621
0.178338	-0.048608
0.166158	-0.039533
0.153852	-0.030306
0.141579	-0.021164
0.129203	-0.011936
0.116720	-0.002618
0.104134	0.006788
0.091459	0.016272
0.078714	0.025819
0.065931	0.035406
0.053145	0.045005
0.040403	0.054581
0.027865	0.064017
0.015425	0.073368
0.003176	0.082587
-0.008824	0.091633
-0.020515	0.100464
-0.031837	0.109040
-0.042727	0.117320
-0.053126	0.125266
-0.062977	0.132842
-0.072225	0.140017
-0.080599	0.146563
-0.088472	0.152826
-0.095626	0.158631
-0.102029	0.163965
-0.107651	0.168819
-0.112472	0.173184
-0.116474	0.177060
-0.119648	0.180447
-0.121993	0.183353
-0.123513	0.185787
-0.123959	0.187525
-0.123883	0.189071
-0.123065	0.190224
-0.121543	0.191014
-0.119360	0.191475
-0.116566	0.191645
-0.113217	0.191561
-0.109372	0.191265
-0.105094	0.190798
-0.100447	0.190199
-0.095254	0.189298
-0.090078	0.188567
-0.084733	0.187822
-0.079275	0.187089
-0.073756	0.186392
-0.068223	0.185747
-0.062718	0.185167
-0.057278	0.184659
-0.051933	0.184229
-0.046711	0.183875
-0.041428	0.183427
-0.036534	0.183234
-0.031822	0.183106
-0.027302	0.183034
-0.022976	0.183005
-0.018845	0.183005
-0.014905	0.183022
-0.011151	0.183039
-0.007575	0.183042
-0.004165	0.183018
-0.000717	0.182794
0.002387	0.182680
0.005362	0.182497
0.008227	0.182233
0.011002	0.181873
0.013705	0.181407
0.016355	0.180823
0.018968	0.180114
0.021560	0.179274
0.024145	0.178300
0.026907	0.177039
0.029495	0.175803
0.032093	0.174444
0.034703	0.172970
0.037329	0.171389
0.039970	0.169712
0.042625	0.167949
0.045290	0.166115
0.047963	0.164223
0.050636	0.162287
0.053432	0.160204
0.056071	0.158238
0.058679	0.156285
0.061246	0.154362
0.063766	0.152487
0.066229	0.150674
0.068627	0.148941
0.070949	0.147305
0.073186	0.145783
0.075327	0.144392
0.077432	0.143079
0.079325	0.142017
0.081080	0.141144
0.082691	0.140471
0.084150	0.140011
0.085452	0.139771
0.086596	0.139759
0.087579	0.139979
0.088402	0.140434
0.089067	0.141122
0.089634	0.141991
0.089976	0.143153
0.090171	0.144536
0.090232	0.146127
0.090171	0.147911
0.090003	0.149870
0.089743	0.151985
0.089408	0.154236
0.089014	0.156598
0.088578	0.159051
0.088208	0.161488
0.087731	0.164051
0.087258	0.166635
0.086802	0.169217
0.086380	0.171773
0.086003	0.174283
0.085685	0.176725
0.085434	0.179083
0.085261	0.181337
0.085172	0.183475
0.085305	0.185361
0.085406	0.187216
0.085592	0.188926
0.085864	0.190484
0.086217	0.191887
0.086649	0.193130
0.087152	0.194211
0.087720	0.195129
0.088341	0.195885
0.089003	0.196483
0.089846	0.196786
0.090552	0.197070
0.091231	0.197228
0.091857	0.197276
0.092402	0.197229
0.092835	0.197103
0.093125	0.196919
0.093238	0.196697
0.093140	0.196460
0.092795	0.196231
0.092319	0.195898
0.091383	0.195751
0.090091	0.195691
0.088419	0.195738
0.086347	0.195907
0.083862	0.196210
0.080958	0.196656
0.077635	0.197246
0.073900	0.197983
0.069765	0.198861
0.065412	0.199729
0.060537	0.200871
0.055334	0.202128
0.049848	0.203476
0.044125	0.204893
0.038219	0.206348
0.032189	0.207813
0.026096	0.209252
0.020005	0.210632
0.013986	0.211915
0.008311	0.212870
0.002626	0.213859
-0.002774	0.214631
-0.007814	0.215141
-0.012416	0.215341
-0.016507	0.215188
-0.020013	0.214636
-0.022869	0.213644
-0.025012	0.212173
-0.026387	0.210189
-0.026733	0.207450
-0.026470	0.204389
-0.025325	0.200747
-0.023277	0.196513
-0.020316	0.191683
-0.016440	0.186262
-0.011660	0.180260
-0.005995	0.173695
0.000529	0.166591
0.007877	0.158977
0.016110	0.150768
0.024927	0.142280
0.034426	0.133389
0.044557	0.124132
0.055266	0.114548
0.066496	0.104675
0.078190	0.094555
0.090287	0.084227
0.102728	0.073733
0.115449	0.063116
0.128286	0.052500
0.141298	0.041840
0.154389	0.031196
0.167495	0.020612
0.180550	0.010133
0.193491	-0.000197
0.206257	-0.010332
0.218788	-0.020232
0.231030	-0.029857
0.242932	-0.039171
0.254149	-0.047863
0.265167	-0.056389
0.275737	-0.064533
0.285843	-0.072284
0.295472	-0.079639
0.304617	-0.086596
0.313277	-0.093160
0.321452	-0.099337
0.329146	-0.105133
0.336366	-0.110559
0.342697	-0.115228
0.348929	-0.119886
0.354722	-0.124218
0.360090	-0.128238
0.365044	-0.131961
0.369597	-0.135400
0.373761	-0.138567
0.377552	-0.141479
0.380986	-0.144150
0.384083	-0.146600
0.386418	-0.148430
0.388903	-0.150492
0.391150	-0.152425
0.393193	-0.154255
0.395066	-0.156010
0.396798	-0.157718
0.398420	-0.159398
0.399954	-0.161071
0.401421	-0.162748
0.402832	-0.164435
0.403758	-0.165734
0.405090	-0.167460
0.406368	-0.169187
0.407572	-0.170888
0.408673	-0.172533
0.409635	-0.174086
0.410419	-0.175505
0.410984	-0.176751
0.411289	-0.177782
0.411296	-0.178562
0.410534	-0.178658
0.409883	-0.178878
0.408846	-0.178760
0.407398	-0.178282
0.405524	-0.177427
0.403212	-0.176182
0.400458	-0.174540
0.397263	-0.172499
0.393634	-0.170060
0.389582	-0.167228
0.384703	-0.163625
0.379891	-0.160066
0.374712	-0.156140
0.369188	-0.151859
0.363347	-0.147237
0.357222	-0.142291
0.350847	-0.137043
0.344263	-0.131517
0.337515	-0.125742
0.330652	-0.119753
0.323378	-0.113266
0.316465	-0.106985
0.309599	-0.100611
0.302836	-0.094189
0.296230	-0.087762
0.289830	-0.081374
0.283682	-0.075066
0.277824	-0.068873
0.272289	-0.062830
0.267100	-0.056963
0.262045	-0.051081
0.257599	-0.045641
0.253521	-0.040427
0.249796	-0.035442
0.246407	-0.030682
0.243326	-0.026142
0.240524	-0.021814
0.237968	-0.017685
0.235621	-0.013744
0.233447	-0.009978
0.231279	-0.006245
0.229370	-0.002821
0.227524	0.000466
0.225699	0.003634
0.223855	0.006704
0.221949	0.009699
0.219939	0.012644
0.217781	0.015568
0.215432	0.018503
0.212848	0.021483
0.209902	0.024634
0.206759	0.027778
0.203252	0.031084
0.199343	0.034595
0.195002	0.038347
0.190205	0.042374
0.184938	0.046701
0.179200	0.051348
0.172998	0.056324
0.166354	0.061629
0.159263	0.067289
0.151872	0.073184
0.144150	0.079370
0.136150	0.085820
0.127932	0.092502
0.119559	0.099379
0.111097	0.106412
0.102609	0.113562
0.094159	0.120791
0.085805	0.128061
0.077663	0.135269
0.069679	0.142499
0.061923	0.149686
0.054434	0.156803
0.047245	0.163824
0.040388	0.170720
0.033891	0.177465
0.027781	0.184030
0.022083	0.190386
0.016818	0.196503
0.012163	0.202187
0.007829	0.207729
0.003966	0.212955
0.000583	0.217839
-0.002315	0.222359
-0.004728	0.226498
-0.006664	0.230241
-0.008135	0.233582
-0.009159	0.236521
-0.009762	0.239062
-0.009773	0.241013
-0.009630	0.242798
-0.009172	0.244238
-0.008432	0.245354
-0.007444	0.246166
-0.006238	0.246695
-0.004840	0.246962
-0.003273	0.246985
-0.001556	0.246780
0.000298	0.246363
0.002473	0.245551
0.004563	0.244754
0.006760	0.243788
0.009062	0.242665
0.011466	0.241398
0.013968	0.239999
0.016567	0.238485
0.019257	0.236872
0.022031	0.235178
0.024883	0.233423
0.027969	0.231465
0.030939	0.229651
0.033956	0.227836
0.037017	0.226031
0.040120	0.224247
0.043266	0.222489
0.046460	0.220758
0.049708	0.219052
0.053020	0.217365
0.056405	0.215690
0.059994	0.213908
0.063537	0.212242
0.067169	0.210568
0.070895	0.208877
0.074716	0.207166
0.078626	0.205432
0.082618	0.203678
0.086678	0.201909
0.090789	0.200132
0.094928	0.198361
0.099145	0.196547
0.103245	0.194847
0.107290	0.193198
0.111254	0.191614
0.115113	0.190105
0.118844	0.188681
0.122422	0.187350
0.125827	0.186117
0.129037	0.184988
0.132032	0.183967
0.134845	0.183014
0.137326	0.182238
0.139522	0.181583
0.141412	0.181053
0.142972	0.180653
0.144180	0.180386
0.145013	0.180258
0.145449	0.180275
0.145468	0.180442
0.145052	0.180761
0.144263	0.181172
0.142935	0.181806
0.141146	0.182591
0.138900	0.183520
0.136207	0.184582
0.133087	0.185764
0.129563	0.187048
0.125664	0.188419
0.121426	0.189858
0.116887	0.191347
0.112209	0.192757
0.107198	0.194289
0.102010	0.195830
0.096690	0.197370
0.091284	0.198902
0.085841	0.200419
0.080409	0.201917
0.075036	0.203393
0.069773	0.204845
0.064672	0.206270
0.059944	0.207512
0.055333	0.208860
0.051037	0.210173
0.047110	0.211443
0.043609	0.212662
0.040586	0.213820
0.038092	0.214903
0.036176	0.215902
0.034878	0.216805
0.034235	0.217604
0.034437	0.218134
0.035174	0.218705
0.036616	0.219167
0.038765	0.219517
0.041616	0.219760
0.045155	0.219896
0.049363	0.219930
0.054211	0.219867
0.059666	0.219709
0.065688	0.219461
0.072356	0.219014
0.079357	0.218607
0.086775	0.218119
0.094557	0.217547
0.102646	0.216888
0.110985	0.216139
0.119510	0.215297
0.128159	0.214361
0.136864	0.213330
0.145556	0.212208
0.154223	0.210956
0.162648	0.209694
0.170845	0.208361
0.178751	0.206966
0.186302	0.205516
0.193442	0.204017
0.200121	0.202477
0.206295	0.200897
0.211931	0.199280
0.217005	0.197624
0.221509	0.195926
0.225392	0.194196
0.228698	0.192401
0.231440	0.190524
0.233639	0.188552
0.235324	0.186469
0.236527	0.184261
0.237281	0.181916
0.237626	0.179426
0.237597	0.176787
0.237225	0.174010
0.236549	0.171086
0.235615	0.168019
0.234461	0.164815
0.233126	0.161486
0.231647	0.158044
0.230061	0.154502
0.228406	0.150873
0.226722	0.147170
0.225045	0.143405
0.223381	0.139620
0.221822	0.135773
0.220377	0.131898
0.219078	0.128008
0.217950	0.124115
0.217015	0.120235
0.216288	0.116387
0.215775	0.112593
0.215476	0.108877
0.215384	0.105268
0.215409	0.101866
0.215667	0.098578
0.216071	0.095494
0.216593	0.092646
0.217206	0.090061
0.217882	0.087765
0.218595	0.085775
0.219324	0.084106
0.220052	0.082763
0.220767	0.081743
0.221352	0.081138
0.222006	0.080750
0.222644	0.080637
0.223278	0.080768
0.223923	0.081109
0.224598	0.081619
0.225326	0.082258
0.226129	0.082982
0.227033	0.083749
0.228063	0.084514
0.229146	0.085323
0.230490	0.085968
0.232048	0.086473
0.233851	0.086791
0.235934	0.086875
0.238330	0.086679
0.241075	0.086155
0.244206	0.085258
0.247757	0.083943
0.251762	0.082168
0.256146	0.079990
0.261129	0.077203
0.266646	0.073856
0.272709	0.069931
0.279320	0.065422
0.286471	0.060333
0.294139	0.054678
0.302294	0.048487
0.310890	0.041797
0.319871	0.034660
0.328996	0.027292
0.338528	0.019457
0.348232	0.011368
0.358025	0.003100
0.367822	-0.005268
0.377536	-0.013658
0.387079	-0.021992
0.396369	-0.030194
0.405325	-0.038193
0.413868	-0.045920
0.421649	-0.053057
0.429136	-0.060043
0.436008	-0.066582
0.442204	-0.072623
0.447668	-0.078117
0.452349	-0.083021
0.456200	-0.087293
0.459182	-0.090899
0.461260	-0.093807
0.462411	-0.095993
0.462298	-0.097140
0.461549	-0.097838
0.459865	-0.097799
0.457269	-0.097037
0.453796	-0.095576
0.449494	-0.093453
0.444425	-0.090713
0.438663	-0.087414
0.432289	-0.083620
0.425397	-0.079403
0.417809	-0.074575
0.410178	-0.069748
0.402331	-0.064737
0.394369	-0.059619
0.386383	-0.054466
0.378460	-0.049342
0.370679	-0.044307
0.363107	-0.039410
0.355803	-0.034694
0.348817	-0.030193
0.341990	-0.025739
0.335759	-0.021754
0.329942	-0.018050
0.324552	-0.014637
0.319594	-0.011516
0.315068	-0.008688
0.310965	-0.006150
0.307273	-0.003893
0.303971	-0.001907
0.301032	-0.000177
0.298270	0.001471
0.295963	0.002738
0.293891	0.003826
0.291994	0.004771
0.290205	0.005618
0.288452	0.006415
0.286656	0.007216
0.284737	0.008075
0.282617	0.009047
0.280218	0.010186
0.277329	0.011683
0.274181	0.013287
0.270556	0.015195
0.266411	0.017441
0.261711	0.020046
0.256437	0.023024
0.250586	0.026377
0.244164	0.030100
0.237195	0.034178
0.229708	0.038592
0.221650	0.043408
0.213279	0.048393
0.204529	0.053632
0.195456	0.059097
0.186120	0.064757
0.176582	0.070584
0.166905	0.076551
0.157153	0.082632
0.147390	0.088800
0.137682	0.095029
0.128088	0.101295
0.118709	0.107549
0.109586	0.113782
0.100790	0.119960
0.092394	0.126047
0.084471	0.132005
0.077089	0.137794
0.070315	0.143374
0.064210	0.148710
0.058824	0.153766
0.054283	0.158426
0.050462	0.162834
0.047440	0.166904
0.045216	0.170636
0.043775	0.174034
0.043086	0.177114
0.043104	0.179899
0.043773	0.182421
0.045026	0.184714
0.046789	0.186818
0.049094	0.188658
0.051647	0.190490
0.054461	0.192256
0.057453	0.193990
0.060545	0.195725
0.063663	0.197486
0.066738	0.199295
0.069708	0.201171
0.072513	0.203129
0.075100	0.205182
0.077517	0.207241
0.079530	0.209508
0.081176	0.211915
0.082416	0.214477
0.083215	0.217212
0.083543	0.220134
0.083378	0.223257
0.082707	0.226593
0.081525	0.230150
0.079840	0.233930
0.077777	0.237825
0.075164	0.242020
0.072137	0.246406
0.068755	0.250955
0.065087	0.255630
0.061214	0.260387
0.057221	0.265175
0.053198	0.269944
0.049237	0.274639
0.045426	0.279210
0.042004	0.283463
0.038736	0.287641
0.035834	0.291577
0.033351	0.295242
0.031329	0.298619
0.029800	0.301695
0.028780	0.304464
0.028279	0.306928
0.028296	0.309091
0.028823	0.310960
0.030032	0.312379
0.031528	0.313687
0.033472	0.314732
0.035837	0.315521
0.038598	0.316060
0.041723	0.316353
0.045179	0.316406
0.048926	0.316225
0.052922	0.315821
0.057116	0.315209
0.061628	0.314257
0.066034	0.313297
0.070438	0.312212
0.074766	0.311038
0.078939	0.309817
0.082875	0.308592
0.086496	0.307409
0.089725	0.306312
0.092492	0.305340
0.094737	0.304532
0.096565	0.303780
0.097621	0.303381
0.098039	0.303209
0.097810	0.303266
0.096941	0.303543
0.095452	0.304024
0.093374	0.304685
0.090751	0.305497
0.087633	0.306427
0.084075	0.307440
0.080305	0.308347
0.076046	0.309428
0.071530	0.310495
0.066823	0.311515
0.061992	0.312459
0.057107	0.313297
0.052234	0.314001
0.047444	0.314541
0.042810	0.314887
0.038402	0.315007
0.034475	0.314690
0.030729	0.314264
0.027427	0.313507
0.024641	0.312377
0.022441	0.310836
0.020888	0.308845
0.020038	0.306371
0.019934	0.303387
0.020606	0.299875
0.022069	0.295825
0.024468	0.291088
0.027466	0.286008
0.031201	0.280435
0.035626	0.274404
0.040683	0.267959
0.046305	0.261152
0.052414	0.254039
0.058928	0.246682
0.065764	0.239141
0.072837	0.231479
0.080121	0.223689
0.087387	0.215992
0.094658	0.208335
0.101868	0.200760
0.108963	0.193304
0.115890	0.185998
0.122607	0.178868
0.129072	0.171939
0.135250	0.165232
0.141109	0.158766
0.146595	0.152583
0.151694	0.146696
0.156401	0.141102
0.160702	0.135814
0.164590	0.130839
0.168068	0.126184
0.171142	0.121846
0.173834	0.117820
0.176172	0.114091
0.178197	0.110639
0.179903	0.107496
0.181434	0.104533
0.182838	0.101735
0.184192	0.099054
0.185580	0.096437
0.187086	0.093833
0.188791	0.091190
0.190773	0.088461
0.193102	0.085607
0.195837	0.082592
0.198974	0.079460
0.202632	0.076078
0.206804	0.072482
0.211501	0.068671
0.216719	0.064651
0.222442	0.060436
0.228644	0.056043
0.235290	0.051492
0.242337	0.046806
0.249737	0.042008
0.257347	0.037223
0.265274	0.032278
0.273385	0.027283
0.281617	0.022257
0.289906	0.017221
0.298182	0.012198
0.306372	0.007211
0.314403	0.002290
0.322195	-0.002535
0.329667	-0.007228
0.336563	-0.011574
0.343144	-0.015880
0.349165	-0.019932
0.354551	-0.023686
0.359232	-0.027100
0.363147	-0.030135
0.366247	-0.032757
0.368493	-0.034939
0.369863	-0.036664
0.370349	-0.037924
0.369717	-0.038495
0.368476	-0.038845
0.366425	-0.038770
0.363615	-0.038298
0.360107	-0.037466
0.355972	-0.036314
0.351290	-0.034885
0.346140	-0.033223
0.340610	-0.031372
0.334783	-0.029373
0.328534	-0.027073
0.322376	-0.024896
0.316177	-0.022680
0.310016	-0.020453
0.303971	-0.018239
0.298119	-0.016064
0.292532	-0.013950
0.287283	-0.011919
0.282443	-0.009994
0.278078	-0.008198
