1 8.238454206335e-12
2 8.238454206335e-12
3 8.238454206335e-12
4 8.238454206335e-12
5 8.238454206335e-12
6 8.238454206335e-12
7 8.238454206335e-12
8 8.238454206335e-12
9 8.238454206335e-12
10 8.238454206335e-12
11 6.146075817165e-11
12 6.146075817165e-11
13 6.146075817165e-11
14 6.146075817165e-11
15 6.146075817165e-11
16 6.146075817165e-11
17 6.146075817165e-11
18 6.146075817165e-11
19 6.146075817165e-11
20 6.146075817165e-11
21 1.552151514424e-10
22 1.552151514424e-10
23 1.552151514424e-10
24 1.552151514424e-10
25 1.552151514424e-10
26 1.552151514424e-10
27 1.552151514424e-10
28 1.552151514424e-10
29 1.552151514424e-10
30 1.552151514424e-10
31 1.091831024104e-10
32 1.091831024104e-10
33 1.091831024104e-10
34 1.091831024104e-10
35 1.091831024104e-10
36 1.091831024104e-10
37 1.091831024104e-10
38 1.091831024104e-10
39 1.091831024104e-10
40 1.091831024104e-10
41 9.232102743944e-09
42 9.232102743944e-09
43 9.232102743944e-09
44 9.232102743944e-09
45 9.232102743944e-09
46 9.232102743944e-09
47 9.232102743944e-09
48 9.232102743944e-09
49 9.232102743944e-09
50 9.232102743944e-09
51 8.481644037187e-08
52 8.481644037187e-08
53 8.481644037187e-08
54 8.481644037187e-08
55 8.481644037187e-08
56 8.481644037187e-08
57 8.481644037187e-08
58 8.481644037187e-08
59 8.481644037187e-08
60 8.481644037187e-08
61 3.794603021367e-07
62 3.794603021367e-07
63 3.794603021367e-07
64 3.794603021367e-07
65 3.794603021367e-07
66 3.794603021367e-07
67 3.794603021367e-07
68 3.794603021367e-07
69 3.794603021367e-07
70 3.794603021367e-07
71 1.157090940718e-06
72 1.157090940718e-06
73 1.157090940718e-06
74 1.157090940718e-06
75 1.157090940718e-06
76 1.157090940718e-06
77 1.157090940718e-06
78 1.157090940718e-06
79 1.157090940718e-06
80 1.157090940718e-06
81 2.745571444208e-06
82 2.745571444208e-06
83 2.745571444208e-06
84 2.745571444208e-06
85 2.745571444208e-06
86 2.745571444208e-06
87 2.745571444208e-06
88 2.745571444208e-06
89 2.745571444208e-06
90 2.745571444208e-06
91 5.292846793829e-06
92 5.292846793829e-06
93 5.292846793829e-06
94 5.292846793829e-06
95 5.292846793829e-06
96 5.292846793829e-06
97 5.292846793829e-06
98 5.292846793829e-06
99 5.292846793829e-06
100 5.292846793829e-06
101 8.633495646020e-06
102 8.633495646020e-06
103 8.633495646020e-06
104 8.633495646020e-06
105 8.633495646020e-06
106 8.633495646020e-06
107 8.633495646020e-06
108 8.633495646020e-06
109 8.633495646020e-06
110 8.633495646020e-06
111 1.253521262951e-05
112 1.253521262951e-05
113 1.253521262951e-05
114 1.253521262951e-05
115 1.253521262951e-05
116 1.253521262951e-05
117 1.253521262951e-05
118 1.253521262951e-05
119 1.253521262951e-05
120 1.253521262951e-05
121 1.688295683283e-05
122 1.688295683283e-05
123 1.688295683283e-05
124 1.688295683283e-05
125 1.688295683283e-05
126 1.688295683283e-05
127 1.688295683283e-05
128 1.688295683283e-05
129 1.688295683283e-05
130 1.688295683283e-05
131 2.176574380509e-05
132 2.176574380509e-05
133 2.176574380509e-05
134 2.176574380509e-05
135 2.176574380509e-05
136 2.176574380509e-05
137 2.176574380509e-05
138 2.176574380509e-05
139 2.176574380509e-05
140 2.176574380509e-05
141 2.697616110817e-05
142 2.697616110817e-05
143 2.697616110817e-05
144 2.697616110817e-05
145 2.697616110817e-05
146 2.697616110817e-05
147 2.697616110817e-05
148 2.697616110817e-05
149 2.697616110817e-05
150 2.697616110817e-05
151 3.161001294348e-05
152 3.161001294348e-05
153 3.161001294348e-05
154 3.161001294348e-05
155 3.161001294348e-05
156 3.161001294348e-05
157 3.161001294348e-05
158 3.161001294348e-05
159 3.161001294348e-05
160 3.161001294348e-05
161 3.458070705909e-05
162 3.458070705909e-05
163 3.458070705909e-05
164 3.458070705909e-05
165 3.458070705909e-05
166 3.458070705909e-05
167 3.458070705909e-05
168 3.458070705909e-05
169 3.458070705909e-05
170 3.458070705909e-05
171 3.600397451773e-05
172 3.600397451773e-05
173 3.600397451773e-05
174 3.600397451773e-05
175 3.600397451773e-05
176 3.600397451773e-05
177 3.600397451773e-05
178 3.600397451773e-05
179 3.600397451773e-05
180 3.600397451773e-05
181 3.762759371602e-05
182 3.762759371602e-05
183 3.762759371602e-05
184 3.762759371602e-05
185 3.762759371602e-05
186 3.762759371602e-05
187 3.762759371602e-05
188 3.762759371602e-05
189 3.762759371602e-05
190 3.762759371602e-05
191 4.235269756289e-05
192 4.235269756289e-05
193 4.235269756289e-05
194 4.235269756289e-05
195 4.235269756289e-05
196 4.235269756289e-05
197 4.235269756289e-05
198 4.235269756289e-05
199 4.235269756289e-05
200 4.235269756289e-05
201 5.354578827776e-05
202 5.354578827776e-05
203 5.354578827776e-05
204 5.354578827776e-05
205 5.354578827776e-05
206 5.354578827776e-05
207 5.354578827776e-05
208 5.354578827776e-05
209 5.354578827776e-05
210 5.354578827776e-05
211 7.369155825705e-05
212 7.369155825705e-05
213 7.369155825705e-05
214 7.369155825705e-05
215 7.369155825705e-05
216 7.369155825705e-05
217 7.369155825705e-05
218 7.369155825705e-05
219 7.369155825705e-05
220 7.369155825705e-05
221 1.022776021284e-04
222 1.022776021284e-04
223 1.022776021284e-04
224 1.022776021284e-04
225 1.022776021284e-04
226 1.022776021284e-04
227 1.022776021284e-04
228 1.022776021284e-04
229 1.022776021284e-04
230 1.022776021284e-04
231 1.348230587848e-04
232 1.348230587848e-04
233 1.348230587848e-04
234 1.348230587848e-04
235 1.348230587848e-04
236 1.348230587848e-04
237 1.348230587848e-04
238 1.348230587848e-04
239 1.348230587848e-04
240 1.348230587848e-04
241 1.656658776853e-04
242 1.656658776853e-04
243 1.656658776853e-04
244 1.656658776853e-04
245 1.656658776853e-04
246 1.656658776853e-04
247 1.656658776853e-04
248 1.656658776853e-04
249 1.656658776853e-04
250 1.656658776853e-04
251 1.902435224579e-04
252 1.902435224579e-04
253 1.902435224579e-04
254 1.902435224579e-04
255 1.902435224579e-04
256 1.902435224579e-04
257 1.902435224579e-04
258 1.902435224579e-04
259 1.902435224579e-04
260 1.902435224579e-04
261 2.050440907675e-04
262 2.050440907675e-04
263 2.050440907675e-04
264 2.050440907675e-04
265 2.050440907675e-04
266 2.050440907675e-04
267 2.050440907675e-04
268 2.050440907675e-04
269 2.050440907675e-04
270 2.050440907675e-04
271 2.079419922256e-04
272 2.079419922256e-04
273 2.079419922256e-04
274 2.079419922256e-04
275 2.079419922256e-04
276 2.079419922256e-04
277 2.079419922256e-04
278 2.079419922256e-04
279 2.079419922256e-04
280 2.079419922256e-04
281 2.009711545716e-04
282 2.009711545716e-04
283 2.009711545716e-04
284 2.009711545716e-04
285 2.009711545716e-04
286 2.009711545716e-04
287 2.009711545716e-04
288 2.009711545716e-04
289 2.009711545716e-04
290 2.009711545716e-04
291 1.913240879020e-04
292 1.913240879020e-04
293 1.913240879020e-04
294 1.913240879020e-04
295 1.913240879020e-04
296 1.913240879020e-04
297 1.913240879020e-04
298 1.913240879020e-04
299 1.913240879020e-04
300 1.913240879020e-04
301 1.865224728695e-04
302 1.865224728695e-04
303 1.865224728695e-04
304 1.865224728695e-04
305 1.865224728695e-04
306 1.865224728695e-04
307 1.865224728695e-04
308 1.865224728695e-04
309 1.865224728695e-04
310 1.865224728695e-04
311 1.905608502972e-04
312 1.905608502972e-04
313 1.905608502972e-04
314 1.905608502972e-04
315 1.905608502972e-04
316 1.905608502972e-04
317 1.905608502972e-04
318 1.905608502972e-04
319 1.905608502972e-04
320 1.905608502972e-04
321 2.042923431256e-04
322 2.042923431256e-04
323 2.042923431256e-04
324 2.042923431256e-04
325 2.042923431256e-04
326 2.042923431256e-04
327 2.042923431256e-04
328 2.042923431256e-04
329 2.042923431256e-04
330 2.042923431256e-04
331 2.229654250959e-04
332 2.229654250959e-04
333 2.229654250959e-04
334 2.229654250959e-04
335 2.229654250959e-04
336 2.229654250959e-04
337 2.229654250959e-04
338 2.229654250959e-04
339 2.229654250959e-04
340 2.229654250959e-04
341 2.386694842370e-04
342 2.386694842370e-04
343 2.386694842370e-04
344 2.386694842370e-04
345 2.386694842370e-04
346 2.386694842370e-04
347 2.386694842370e-04
348 2.386694842370e-04
349 2.386694842370e-04
350 2.386694842370e-04
351 2.477011386104e-04
352 2.477011386104e-04
353 2.477011386104e-04
354 2.477011386104e-04
355 2.477011386104e-04
356 2.477011386104e-04
357 2.477011386104e-04
358 2.477011386104e-04
359 2.477011386104e-04
360 2.477011386104e-04
361 2.511539212638e-04
362 2.511539212638e-04
363 2.511539212638e-04
364 2.511539212638e-04
365 2.511539212638e-04
366 2.511539212638e-04
367 2.511539212638e-04
368 2.511539212638e-04
369 2.511539212638e-04
370 2.511539212638e-04
371 2.587892504775e-04
372 2.587892504775e-04
373 2.587892504775e-04
374 2.587892504775e-04
375 2.587892504775e-04
376 2.587892504775e-04
377 2.587892504775e-04
378 2.587892504775e-04
379 2.587892504775e-04
380 2.587892504775e-04
381 2.812764655555e-04
382 2.812764655555e-04
383 2.812764655555e-04
384 2.812764655555e-04
385 2.812764655555e-04
386 2.812764655555e-04
387 2.812764655555e-04
388 2.812764655555e-04
389 2.812764655555e-04
390 2.812764655555e-04
391 3.164531229495e-04
392 3.164531229495e-04
393 3.164531229495e-04
394 3.164531229495e-04
395 3.164531229495e-04
396 3.164531229495e-04
397 3.164531229495e-04
398 3.164531229495e-04
399 3.164531229495e-04
400 3.164531229495e-04
401 3.541286369322e-04
402 3.541286369322e-04
403 3.541286369322e-04
404 3.541286369322e-04
405 3.541286369322e-04
406 3.541286369322e-04
407 3.541286369322e-04
408 3.541286369322e-04
409 3.541286369322e-04
410 3.541286369322e-04
411 3.873688859200e-04
412 3.873688859200e-04
413 3.873688859200e-04
414 3.873688859200e-04
415 3.873688859200e-04
416 3.873688859200e-04
417 3.873688859200e-04
418 3.873688859200e-04
419 3.873688859200e-04
420 3.873688859200e-04
421 4.161895615841e-04
422 4.161895615841e-04
423 4.161895615841e-04
424 4.161895615841e-04
425 4.161895615841e-04
426 4.161895615841e-04
427 4.161895615841e-04
428 4.161895615841e-04
429 4.161895615841e-04
430 4.161895615841e-04
431 4.474118208008e-04
432 4.474118208008e-04
433 4.474118208008e-04
434 4.474118208008e-04
435 4.474118208008e-04
436 4.474118208008e-04
437 4.474118208008e-04
438 4.474118208008e-04
439 4.474118208008e-04
440 4.474118208008e-04
441 4.899569045872e-04
442 4.899569045872e-04
443 4.899569045872e-04
444 4.899569045872e-04
445 4.899569045872e-04
446 4.899569045872e-04
447 4.899569045872e-04
448 4.899569045872e-04
449 4.899569045872e-04
450 4.899569045872e-04
451 5.456695392851e-04
452 5.456695392851e-04
453 5.456695392851e-04
454 5.456695392851e-04
455 5.456695392851e-04
456 5.456695392851e-04
457 5.456695392851e-04
458 5.456695392851e-04
459 5.456695392851e-04
460 5.456695392851e-04
461 6.090879949400e-04
462 6.090879949400e-04
463 6.090879949400e-04
464 6.090879949400e-04
465 6.090879949400e-04
466 6.090879949400e-04
467 6.090879949400e-04
468 6.090879949400e-04
469 6.090879949400e-04
470 6.090879949400e-04
471 6.789039467842e-04
472 6.789039467842e-04
473 6.789039467842e-04
474 6.789039467842e-04
475 6.789039467842e-04
476 6.789039467842e-04
477 6.789039467842e-04
478 6.789039467842e-04
479 6.789039467842e-04
480 6.789039467842e-04
481 7.688597970669e-04
482 7.688597970669e-04
483 7.688597970669e-04
484 7.688597970669e-04
485 7.688597970669e-04
486 7.688597970669e-04
487 7.688597970669e-04
488 7.688597970669e-04
489 7.688597970669e-04
490 7.688597970669e-04
491 8.950058669485e-04
492 8.950058669485e-04
493 8.950058669485e-04
494 8.950058669485e-04
495 8.950058669485e-04
496 8.950058669485e-04
497 8.950058669485e-04
498 8.950058669485e-04
499 8.950058669485e-04
500 8.950058669485e-04
501 1.047158953723e-03
502 1.047158953723e-03
503 1.047158953723e-03
504 1.047158953723e-03
505 1.047158953723e-03
506 1.047158953723e-03
507 1.047158953723e-03
508 1.047158953723e-03
509 1.047158953723e-03
510 1.047158953723e-03
511 1.188706114711e-03
512 1.188706114711e-03
513 1.188706114711e-03
514 1.188706114711e-03
515 1.188706114711e-03
516 1.188706114711e-03
517 1.188706114711e-03
518 1.188706114711e-03
519 1.188706114711e-03
520 1.188706114711e-03
521 1.298400289127e-03
522 1.298400289127e-03
523 1.298400289127e-03
524 1.298400289127e-03
525 1.298400289127e-03
526 1.298400289127e-03
527 1.298400289127e-03
528 1.298400289127e-03
529 1.298400289127e-03
530 1.298400289127e-03
531 1.393800527008e-03
532 1.393800527008e-03
533 1.393800527008e-03
534 1.393800527008e-03
535 1.393800527008e-03
536 1.393800527008e-03
537 1.393800527008e-03
538 1.393800527008e-03
539 1.393800527008e-03
540 1.393800527008e-03
541 1.505120276011e-03
542 1.505120276011e-03
543 1.505120276011e-03
544 1.505120276011e-03
545 1.505120276011e-03
546 1.505120276011e-03
547 1.505120276011e-03
548 1.505120276011e-03
549 1.505120276011e-03
550 1.505120276011e-03
551 1.637449142931e-03
552 1.637449142931e-03
553 1.637449142931e-03
554 1.637449142931e-03
555 1.637449142931e-03
556 1.637449142931e-03
557 1.637449142931e-03
558 1.637449142931e-03
559 1.637449142931e-03
560 1.637449142931e-03
561 1.766823150346e-03
562 1.766823150346e-03
563 1.766823150346e-03
564 1.766823150346e-03
565 1.766823150346e-03
566 1.766823150346e-03
567 1.766823150346e-03
568 1.766823150346e-03
569 1.766823150346e-03
570 1.766823150346e-03
571 1.876647361284e-03
572 1.876647361284e-03
573 1.876647361284e-03
574 1.876647361284e-03
575 1.876647361284e-03
576 1.876647361284e-03
577 1.876647361284e-03
578 1.876647361284e-03
579 1.876647361284e-03
580 1.876647361284e-03
581 1.975467680356e-03
582 1.975467680356e-03
583 1.975467680356e-03
584 1.975467680356e-03
585 1.975467680356e-03
586 1.975467680356e-03
587 1.975467680356e-03
588 1.975467680356e-03
589 1.975467680356e-03
590 1.975467680356e-03
591 2.088744427515e-03
592 2.088744427515e-03
593 2.088744427515e-03
594 2.088744427515e-03
595 2.088744427515e-03
596 2.088744427515e-03
597 2.088744427515e-03
598 2.088744427515e-03
599 2.088744427515e-03
600 2.088744427515e-03
601 2.243939003713e-03
602 2.243939003713e-03
603 2.243939003713e-03
604 2.243939003713e-03
605 2.243939003713e-03
606 2.243939003713e-03
607 2.243939003713e-03
608 2.243939003713e-03
609 2.243939003713e-03
610 2.243939003713e-03
611 2.425349550518e-03
612 2.425349550518e-03
613 2.425349550518e-03
614 2.425349550518e-03
615 2.425349550518e-03
616 2.425349550518e-03
617 2.425349550518e-03
618 2.425349550518e-03
619 2.425349550518e-03
620 2.425349550518e-03
621 2.578052543726e-03
622 2.578052543726e-03
623 2.578052543726e-03
624 2.578052543726e-03
625 2.578052543726e-03
626 2.578052543726e-03
627 2.578052543726e-03
628 2.578052543726e-03
629 2.578052543726e-03
630 2.578052543726e-03
631 2.696628725289e-03
632 2.696628725289e-03
633 2.696628725289e-03
634 2.696628725289e-03
635 2.696628725289e-03
636 2.696628725289e-03
637 2.696628725289e-03
638 2.696628725289e-03
639 2.696628725289e-03
640 2.696628725289e-03
641 2.822573130370e-03
642 2.822573130370e-03
643 2.822573130370e-03
644 2.822573130370e-03
645 2.822573130370e-03
646 2.822573130370e-03
647 2.822573130370e-03
648 2.822573130370e-03
649 2.822573130370e-03
650 2.822573130370e-03
651 2.991652162813e-03
652 2.991652162813e-03
653 2.991652162813e-03
654 2.991652162813e-03
655 2.991652162813e-03
656 2.991652162813e-03
657 2.991652162813e-03
658 2.991652162813e-03
659 2.991652162813e-03
660 2.991652162813e-03
661 3.221213693272e-03
662 3.221213693272e-03
663 3.221213693272e-03
664 3.221213693272e-03
665 3.221213693272e-03
666 3.221213693272e-03
667 3.221213693272e-03
668 3.221213693272e-03
669 3.221213693272e-03
670 3.221213693272e-03
671 3.495900322180e-03
672 3.495900322180e-03
673 3.495900322180e-03
674 3.495900322180e-03
675 3.495900322180e-03
676 3.495900322180e-03
677 3.495900322180e-03
678 3.495900322180e-03
679 3.495900322180e-03
680 3.495900322180e-03
681 3.751509240722e-03
682 3.751509240722e-03
683 3.751509240722e-03
684 3.751509240722e-03
685 3.751509240722e-03
686 3.751509240722e-03
687 3.751509240722e-03
688 3.751509240722e-03
689 3.751509240722e-03
690 3.751509240722e-03
691 3.948070404095e-03
692 3.948070404095e-03
693 3.948070404095e-03
694 3.948070404095e-03
695 3.948070404095e-03
696 3.948070404095e-03
697 3.948070404095e-03
698 3.948070404095e-03
699 3.948070404095e-03
700 3.948070404095e-03
701 4.124449852953e-03
702 4.124449852953e-03
703 4.124449852953e-03
704 4.124449852953e-03
705 4.124449852953e-03
706 4.124449852953e-03
707 4.124449852953e-03
708 4.124449852953e-03
709 4.124449852953e-03
710 4.124449852953e-03
711 4.348809326947e-03
712 4.348809326947e-03
713 4.348809326947e-03
714 4.348809326947e-03
715 4.348809326947e-03
716 4.348809326947e-03
717 4.348809326947e-03
718 4.348809326947e-03
719 4.348809326947e-03
720 4.348809326947e-03
721 4.654235412591e-03
722 4.654235412591e-03
723 4.654235412591e-03
724 4.654235412591e-03
725 4.654235412591e-03
726 4.654235412591e-03
727 4.654235412591e-03
728 4.654235412591e-03
729 4.654235412591e-03
730 4.654235412591e-03
731 4.988750121370e-03
732 4.988750121370e-03
733 4.988750121370e-03
734 4.988750121370e-03
735 4.988750121370e-03
736 4.988750121370e-03
737 4.988750121370e-03
738 4.988750121370e-03
739 4.988750121370e-03
740 4.988750121370e-03
741 5.282633565394e-03
742 5.282633565394e-03
743 5.282633565394e-03
744 5.282633565394e-03
745 5.282633565394e-03
746 5.282633565394e-03
747 5.282633565394e-03
748 5.282633565394e-03
749 5.282633565394e-03
750 5.282633565394e-03
751 5.508613136072e-03
752 5.508613136072e-03
753 5.508613136072e-03
754 5.508613136072e-03
755 5.508613136072e-03
756 5.508613136072e-03
757 5.508613136072e-03
758 5.508613136072e-03
759 5.508613136072e-03
760 5.508613136072e-03
761 5.689327190928e-03
762 5.689327190928e-03
763 5.689327190928e-03
764 5.689327190928e-03
765 5.689327190928e-03
766 5.689327190928e-03
767 5.689327190928e-03
768 5.689327190928e-03
769 5.689327190928e-03
770 5.689327190928e-03
771 5.863182721059e-03
772 5.863182721059e-03
773 5.863182721059e-03
774 5.863182721059e-03
775 5.863182721059e-03
776 5.863182721059e-03
777 5.863182721059e-03
778 5.863182721059e-03
779 5.863182721059e-03
780 5.863182721059e-03
781 6.062953568057e-03
782 6.062953568057e-03
783 6.062953568057e-03
784 6.062953568057e-03
785 6.062953568057e-03
786 6.062953568057e-03
787 6.062953568057e-03
788 6.062953568057e-03
789 6.062953568057e-03
790 6.062953568057e-03
791 6.320351374719e-03
792 6.320351374719e-03
793 6.320351374719e-03
794 6.320351374719e-03
795 6.320351374719e-03
796 6.320351374719e-03
797 6.320351374719e-03
798 6.320351374719e-03
799 6.320351374719e-03
800 6.320351374719e-03
801 6.642143676198e-03
802 6.642143676198e-03
803 6.642143676198e-03
804 6.642143676198e-03
805 6.642143676198e-03
806 6.642143676198e-03
807 6.642143676198e-03
808 6.642143676198e-03
809 6.642143676198e-03
810 6.642143676198e-03
811 6.994632919418e-03
812 6.994632919418e-03
813 6.994632919418e-03
814 6.994632919418e-03
815 6.994632919418e-03
816 6.994632919418e-03
817 6.994632919418e-03
818 6.994632919418e-03
819 6.994632919418e-03
820 6.994632919418e-03
821 7.331046909946e-03
822 7.331046909946e-03
823 7.331046909946e-03
824 7.331046909946e-03
825 7.331046909946e-03
826 7.331046909946e-03
827 7.331046909946e-03
828 7.331046909946e-03
829 7.331046909946e-03
830 7.331046909946e-03
831 7.618763710267e-03
832 7.618763710267e-03
833 7.618763710267e-03
834 7.618763710267e-03
835 7.618763710267e-03
836 7.618763710267e-03
837 7.618763710267e-03
838 7.618763710267e-03
839 7.618763710267e-03
840 7.618763710267e-03
841 7.831977744050e-03
842 7.831977744050e-03
843 7.831977744050e-03
844 7.831977744050e-03
845 7.831977744050e-03
846 7.831977744050e-03
847 7.831977744050e-03
848 7.831977744050e-03
849 7.831977744050e-03
850 7.831977744050e-03
851 7.983802429417e-03
852 7.983802429417e-03
853 7.983802429417e-03
854 7.983802429417e-03
855 7.983802429417e-03
856 7.983802429417e-03
857 7.983802429417e-03
858 7.983802429417e-03
859 7.983802429417e-03
860 7.983802429417e-03
861 8.145566981879e-03
862 8.145566981879e-03
863 8.145566981879e-03
864 8.145566981879e-03
865 8.145566981879e-03
866 8.145566981879e-03
867 8.145566981879e-03
868 8.145566981879e-03
869 8.145566981879e-03
870 8.145566981879e-03
871 8.389201510775e-03
872 8.389201510775e-03
873 8.389201510775e-03
874 8.389201510775e-03
875 8.389201510775e-03
876 8.389201510775e-03
877 8.389201510775e-03
878 8.389201510775e-03
879 8.389201510775e-03
880 8.389201510775e-03
881 8.693816341725e-03
882 8.693816341725e-03
883 8.693816341725e-03
884 8.693816341725e-03
885 8.693816341725e-03
886 8.693816341725e-03
887 8.693816341725e-03
888 8.693816341725e-03
889 8.693816341725e-03
890 8.693816341725e-03
891 8.976247262739e-03
892 8.976247262739e-03
893 8.976247262739e-03
894 8.976247262739e-03
895 8.976247262739e-03
896 8.976247262739e-03
897 8.976247262739e-03
898 8.976247262739e-03
899 8.976247262739e-03
900 8.976247262739e-03
901 9.169167422226e-03
902 9.169167422226e-03
903 9.169167422226e-03
904 9.169167422226e-03
905 9.169167422226e-03
906 9.169167422226e-03
907 9.169167422226e-03
908 9.169167422226e-03
909 9.169167422226e-03
910 9.169167422226e-03
911 9.311569344181e-03
912 9.311569344181e-03
913 9.311569344181e-03
914 9.311569344181e-03
915 9.311569344181e-03
916 9.311569344181e-03
917 9.311569344181e-03
918 9.311569344181e-03
919 9.311569344181e-03
920 9.311569344181e-03
921 9.514528947498e-03
922 9.514528947498e-03
923 9.514528947498e-03
924 9.514528947498e-03
925 9.514528947498e-03
926 9.514528947498e-03
927 9.514528947498e-03
928 9.514528947498e-03
929 9.514528947498e-03
930 9.514528947498e-03
931 9.814766993649e-03
932 9.814766993649e-03
933 9.814766993649e-03
934 9.814766993649e-03
935 9.814766993649e-03
936 9.814766993649e-03
937 9.814766993649e-03
938 9.814766993649e-03
939 9.814766993649e-03
940 9.814766993649e-03
941 1.018299747439e-02
942 1.018299747439e-02
943 1.018299747439e-02
944 1.018299747439e-02
945 1.018299747439e-02
946 1.018299747439e-02
947 1.018299747439e-02
948 1.018299747439e-02
949 1.018299747439e-02
950 1.018299747439e-02
951 1.053392784610e-02
952 1.053392784610e-02
953 1.053392784610e-02
954 1.053392784610e-02
955 1.053392784610e-02
956 1.053392784610e-02
957 1.053392784610e-02
958 1.053392784610e-02
959 1.053392784610e-02
960 1.053392784610e-02
961 1.081493588847e-02
962 1.081493588847e-02
963 1.081493588847e-02
964 1.081493588847e-02
965 1.081493588847e-02
966 1.081493588847e-02
967 1.081493588847e-02
968 1.081493588847e-02
969 1.081493588847e-02
970 1.081493588847e-02
971 1.103673428257e-02
972 1.103673428257e-02
973 1.103673428257e-02
974 1.103673428257e-02
975 1.103673428257e-02
976 1.103673428257e-02
977 1.103673428257e-02
978 1.103673428257e-02
979 1.103673428257e-02
980 1.103673428257e-02
981 1.128078359501e-02
982 1.128078359501e-02
983 1.128078359501e-02
984 1.128078359501e-02
985 1.128078359501e-02
986 1.128078359501e-02
987 1.128078359501e-02
988 1.128078359501e-02
989 1.128078359501e-02
990 1.128078359501e-02
991 1.159014661168e-02
992 1.159014661168e-02
993 1.159014661168e-02
994 1.159014661168e-02
995 1.159014661168e-02
996 1.159014661168e-02
997 1.159014661168e-02
998 1.159014661168e-02
999 1.159014661168e-02
1000 1.159014661168e-02
1001 1.192768017658e-02
1002 1.192768017658e-02
1003 1.192768017658e-02
1004 1.192768017658e-02
1005 1.192768017658e-02
1006 1.192768017658e-02
1007 1.192768017658e-02
1008 1.192768017658e-02
1009 1.192768017658e-02
1010 1.192768017658e-02
1011 1.223612988671e-02
1012 1.223612988671e-02
1013 1.223612988671e-02
1014 1.223612988671e-02
1015 1.223612988671e-02
1016 1.223612988671e-02
1017 1.223612988671e-02
1018 1.223612988671e-02
1019 1.223612988671e-02
1020 1.223612988671e-02
1021 1.246010008901e-02
1022 1.246010008901e-02
1023 1.246010008901e-02
1024 1.246010008901e-02
1025 1.246010008901e-02
1026 1.246010008901e-02
1027 1.246010008901e-02
1028 1.246010008901e-02
1029 1.246010008901e-02
1030 1.246010008901e-02
1031 1.263730081719e-02
1032 1.263730081719e-02
1033 1.263730081719e-02
1034 1.263730081719e-02
1035 1.263730081719e-02
1036 1.263730081719e-02
1037 1.263730081719e-02
1038 1.263730081719e-02
1039 1.263730081719e-02
1040 1.263730081719e-02
1041 1.288180155439e-02
1042 1.288180155439e-02
1043 1.288180155439e-02
1044 1.288180155439e-02
1045 1.288180155439e-02
1046 1.288180155439e-02
1047 1.288180155439e-02
1048 1.288180155439e-02
1049 1.288180155439e-02
1050 1.288180155439e-02
1051 1.328176695042e-02
1052 1.328176695042e-02
1053 1.328176695042e-02
1054 1.328176695042e-02
1055 1.328176695042e-02
1056 1.328176695042e-02
1057 1.328176695042e-02
1058 1.328176695042e-02
1059 1.328176695042e-02
1060 1.328176695042e-02
1061 1.375427507127e-02
1062 1.375427507127e-02
1063 1.375427507127e-02
1064 1.375427507127e-02
1065 1.375427507127e-02
1066 1.375427507127e-02
1067 1.375427507127e-02
1068 1.375427507127e-02
1069 1.375427507127e-02
1070 1.375427507127e-02
1071 1.416382527283e-02
1072 1.416382527283e-02
1073 1.416382527283e-02
1074 1.416382527283e-02
1075 1.416382527283e-02
1076 1.416382527283e-02
1077 1.416382527283e-02
1078 1.416382527283e-02
1079 1.416382527283e-02
1080 1.416382527283e-02
1081 1.449776646121e-02
1082 1.449776646121e-02
1083 1.449776646121e-02
1084 1.449776646121e-02
1085 1.449776646121e-02
1086 1.449776646121e-02
1087 1.449776646121e-02
1088 1.449776646121e-02
1089 1.449776646121e-02
1090 1.449776646121e-02
1091 1.488372268075e-02
1092 1.488372268075e-02
1093 1.488372268075e-02
1094 1.488372268075e-02
1095 1.488372268075e-02
1096 1.488372268075e-02
1097 1.488372268075e-02
1098 1.488372268075e-02
1099 1.488372268075e-02
1100 1.488372268075e-02
1101 1.535816925092e-02
1102 1.535816925092e-02
1103 1.535816925092e-02
1104 1.535816925092e-02
1105 1.535816925092e-02
1106 1.535816925092e-02
1107 1.535816925092e-02
1108 1.535816925092e-02
1109 1.535816925092e-02
1110 1.535816925092e-02
1111 1.582330587852e-02
1112 1.582330587852e-02
1113 1.582330587852e-02
1114 1.582330587852e-02
1115 1.582330587852e-02
1116 1.582330587852e-02
1117 1.582330587852e-02
1118 1.582330587852e-02
1119 1.582330587852e-02
1120 1.582330587852e-02
1121 1.620545045398e-02
1122 1.620545045398e-02
1123 1.620545045398e-02
1124 1.620545045398e-02
1125 1.620545045398e-02
1126 1.620545045398e-02
1127 1.620545045398e-02
1128 1.620545045398e-02
1129 1.620545045398e-02
1130 1.620545045398e-02
1131 1.648636873782e-02
1132 1.648636873782e-02
1133 1.648636873782e-02
1134 1.648636873782e-02
1135 1.648636873782e-02
1136 1.648636873782e-02
1137 1.648636873782e-02
1138 1.648636873782e-02
1139 1.648636873782e-02
1140 1.648636873782e-02
1141 1.672205002250e-02
1142 1.672205002250e-02
1143 1.672205002250e-02
1144 1.672205002250e-02
1145 1.672205002250e-02
1146 1.672205002250e-02
1147 1.672205002250e-02
1148 1.672205002250e-02
1149 1.672205002250e-02
1150 1.672205002250e-02
1151 1.697484881570e-02
1152 1.697484881570e-02
1153 1.697484881570e-02
1154 1.697484881570e-02
1155 1.697484881570e-02
1156 1.697484881570e-02
1157 1.697484881570e-02
1158 1.697484881570e-02
1159 1.697484881570e-02
1160 1.697484881570e-02
1161 1.728163293101e-02
1162 1.728163293101e-02
1163 1.728163293101e-02
1164 1.728163293101e-02
1165 1.728163293101e-02
1166 1.728163293101e-02
1167 1.728163293101e-02
1168 1.728163293101e-02
1169 1.728163293101e-02
1170 1.728163293101e-02
1171 1.764216738851e-02
1172 1.764216738851e-02
1173 1.764216738851e-02
1174 1.764216738851e-02
1175 1.764216738851e-02
1176 1.764216738851e-02
1177 1.764216738851e-02
1178 1.764216738851e-02
1179 1.764216738851e-02
1180 1.764216738851e-02
1181 1.795175509374e-02
1182 1.795175509374e-02
1183 1.795175509374e-02
1184 1.795175509374e-02
1185 1.795175509374e-02
1186 1.795175509374e-02
1187 1.795175509374e-02
1188 1.795175509374e-02
1189 1.795175509374e-02
1190 1.795175509374e-02
1191 1.818454655599e-02
1192 1.818454655599e-02
1193 1.818454655599e-02
1194 1.818454655599e-02
1195 1.818454655599e-02
1196 1.818454655599e-02
1197 1.818454655599e-02
1198 1.818454655599e-02
1199 1.818454655599e-02
1200 1.818454655599e-02
1201 1.835407298168e-02
1202 1.835407298168e-02
1203 1.835407298168e-02
1204 1.835407298168e-02
1205 1.835407298168e-02
1206 1.835407298168e-02
1207 1.835407298168e-02
1208 1.835407298168e-02
1209 1.835407298168e-02
1210 1.835407298168e-02
1211 1.854980448050e-02
1212 1.854980448050e-02
1213 1.854980448050e-02
1214 1.854980448050e-02
1215 1.854980448050e-02
1216 1.854980448050e-02
1217 1.854980448050e-02
1218 1.854980448050e-02
1219 1.854980448050e-02
1220 1.854980448050e-02
1221 1.885420147756e-02
1222 1.885420147756e-02
1223 1.885420147756e-02
1224 1.885420147756e-02
1225 1.885420147756e-02
1226 1.885420147756e-02
1227 1.885420147756e-02
1228 1.885420147756e-02
1229 1.885420147756e-02
1230 1.885420147756e-02
1231 1.924587288098e-02
1232 1.924587288098e-02
1233 1.924587288098e-02
1234 1.924587288098e-02
1235 1.924587288098e-02
1236 1.924587288098e-02
1237 1.924587288098e-02
1238 1.924587288098e-02
1239 1.924587288098e-02
1240 1.924587288098e-02
1241 1.969201619456e-02
1242 1.969201619456e-02
1243 1.969201619456e-02
1244 1.969201619456e-02
1245 1.969201619456e-02
1246 1.969201619456e-02
1247 1.969201619456e-02
1248 1.969201619456e-02
1249 1.969201619456e-02
1250 1.969201619456e-02
1251 2.011759188086e-02
1252 2.011759188086e-02
1253 2.011759188086e-02
1254 2.011759188086e-02
1255 2.011759188086e-02
1256 2.011759188086e-02
1257 2.011759188086e-02
1258 2.011759188086e-02
1259 2.011759188086e-02
1260 2.011759188086e-02
1261 2.048102683874e-02
1262 2.048102683874e-02
1263 2.048102683874e-02
1264 2.048102683874e-02
1265 2.048102683874e-02
1266 2.048102683874e-02
1267 2.048102683874e-02
1268 2.048102683874e-02
1269 2.048102683874e-02
1270 2.048102683874e-02
1271 2.082670540752e-02
1272 2.082670540752e-02
1273 2.082670540752e-02
1274 2.082670540752e-02
1275 2.082670540752e-02
1276 2.082670540752e-02
1277 2.082670540752e-02
1278 2.082670540752e-02
1279 2.082670540752e-02
1280 2.082670540752e-02
1281 2.118811483950e-02
1282 2.118811483950e-02
1283 2.118811483950e-02
1284 2.118811483950e-02
1285 2.118811483950e-02
1286 2.118811483950e-02
1287 2.118811483950e-02
1288 2.118811483950e-02
1289 2.118811483950e-02
1290 2.118811483950e-02
1291 2.159948078075e-02
1292 2.159948078075e-02
1293 2.159948078075e-02
1294 2.159948078075e-02
1295 2.159948078075e-02
1296 2.159948078075e-02
1297 2.159948078075e-02
1298 2.159948078075e-02
1299 2.159948078075e-02
1300 2.159948078075e-02
1301 2.209970305267e-02
1302 2.209970305267e-02
1303 2.209970305267e-02
1304 2.209970305267e-02
1305 2.209970305267e-02
1306 2.209970305267e-02
1307 2.209970305267e-02
1308 2.209970305267e-02
1309 2.209970305267e-02
1310 2.209970305267e-02
1311 2.267910581737e-02
1312 2.267910581737e-02
1313 2.267910581737e-02
1314 2.267910581737e-02
1315 2.267910581737e-02
1316 2.267910581737e-02
1317 2.267910581737e-02
1318 2.267910581737e-02
1319 2.267910581737e-02
1320 2.267910581737e-02
1321 2.327655749962e-02
1322 2.327655749962e-02
1323 2.327655749962e-02
1324 2.327655749962e-02
1325 2.327655749962e-02
1326 2.327655749962e-02
1327 2.327655749962e-02
1328 2.327655749962e-02
1329 2.327655749962e-02
1330 2.327655749962e-02
1331 2.380856680648e-02
1332 2.380856680648e-02
1333 2.380856680648e-02
1334 2.380856680648e-02
1335 2.380856680648e-02
1336 2.380856680648e-02
1337 2.380856680648e-02
1338 2.380856680648e-02
1339 2.380856680648e-02
1340 2.380856680648e-02
1341 2.424934537843e-02
1342 2.424934537843e-02
1343 2.424934537843e-02
1344 2.424934537843e-02
1345 2.424934537843e-02
1346 2.424934537843e-02
1347 2.424934537843e-02
1348 2.424934537843e-02
1349 2.424934537843e-02
1350 2.424934537843e-02
1351 2.463018719753e-02
1352 2.463018719753e-02
1353 2.463018719753e-02
1354 2.463018719753e-02
1355 2.463018719753e-02
1356 2.463018719753e-02
1357 2.463018719753e-02
1358 2.463018719753e-02
1359 2.463018719753e-02
1360 2.463018719753e-02
1361 2.503712179736e-02
1362 2.503712179736e-02
1363 2.503712179736e-02
1364 2.503712179736e-02
1365 2.503712179736e-02
1366 2.503712179736e-02
1367 2.503712179736e-02
1368 2.503712179736e-02
1369 2.503712179736e-02
1370 2.503712179736e-02
1371 2.554199089848e-02
1372 2.554199089848e-02
1373 2.554199089848e-02
1374 2.554199089848e-02
1375 2.554199089848e-02
1376 2.554199089848e-02
1377 2.554199089848e-02
1378 2.554199089848e-02
1379 2.554199089848e-02
1380 2.554199089848e-02
1381 2.610956566199e-02
1382 2.610956566199e-02
1383 2.610956566199e-02
1384 2.610956566199e-02
1385 2.610956566199e-02
1386 2.610956566199e-02
1387 2.610956566199e-02
1388 2.610956566199e-02
1389 2.610956566199e-02
1390 2.610956566199e-02
1391 2.667488856000e-02
1392 2.667488856000e-02
1393 2.667488856000e-02
1394 2.667488856000e-02
1395 2.667488856000e-02
1396 2.667488856000e-02
1397 2.667488856000e-02
1398 2.667488856000e-02
1399 2.667488856000e-02
1400 2.667488856000e-02
1401 2.721252169221e-02
1402 2.721252169221e-02
1403 2.721252169221e-02
1404 2.721252169221e-02
1405 2.721252169221e-02
1406 2.721252169221e-02
1407 2.721252169221e-02
1408 2.721252169221e-02
1409 2.721252169221e-02
1410 2.721252169221e-02
1411 2.772262419664e-02
1412 2.772262419664e-02
1413 2.772262419664e-02
1414 2.772262419664e-02
1415 2.772262419664e-02
1416 2.772262419664e-02
1417 2.772262419664e-02
1418 2.772262419664e-02
1419 2.772262419664e-02
1420 2.772262419664e-02
1421 2.812132029080e-02
1422 2.812132029080e-02
1423 2.812132029080e-02
1424 2.812132029080e-02
1425 2.812132029080e-02
1426 2.812132029080e-02
1427 2.812132029080e-02
1428 2.812132029080e-02
1429 2.812132029080e-02
1430 2.812132029080e-02
1431 2.833491707474e-02
1432 2.833491707474e-02
1433 2.833491707474e-02
1434 2.833491707474e-02
1435 2.833491707474e-02
1436 2.833491707474e-02
1437 2.833491707474e-02
1438 2.833491707474e-02
1439 2.833491707474e-02
1440 2.833491707474e-02
1441 2.847714757464e-02
1442 2.847714757464e-02
1443 2.847714757464e-02
1444 2.847714757464e-02
1445 2.847714757464e-02
1446 2.847714757464e-02
1447 2.847714757464e-02
1448 2.847714757464e-02
1449 2.847714757464e-02
1450 2.847714757464e-02
1451 2.868245706148e-02
1452 2.868245706148e-02
1453 2.868245706148e-02
1454 2.868245706148e-02
1455 2.868245706148e-02
1456 2.868245706148e-02
1457 2.868245706148e-02
1458 2.868245706148e-02
1459 2.868245706148e-02
1460 2.868245706148e-02
1461 2.899542718322e-02
1462 2.899542718322e-02
1463 2.899542718322e-02
1464 2.899542718322e-02
1465 2.899542718322e-02
1466 2.899542718322e-02
1467 2.899542718322e-02
1468 2.899542718322e-02
1469 2.899542718322e-02
1470 2.899542718322e-02
1471 2.937265285082e-02
1472 2.937265285082e-02
1473 2.937265285082e-02
1474 2.937265285082e-02
1475 2.937265285082e-02
1476 2.937265285082e-02
1477 2.937265285082e-02
1478 2.937265285082e-02
1479 2.937265285082e-02
1480 2.937265285082e-02
1481 2.975429922325e-02
1482 2.975429922325e-02
1483 2.975429922325e-02
1484 2.975429922325e-02
1485 2.975429922325e-02
1486 2.975429922325e-02
1487 2.975429922325e-02
1488 2.975429922325e-02
1489 2.975429922325e-02
1490 2.975429922325e-02
1491 3.014705483773e-02
1492 3.014705483773e-02
1493 3.014705483773e-02
1494 3.014705483773e-02
1495 3.014705483773e-02
1496 3.014705483773e-02
1497 3.014705483773e-02
1498 3.014705483773e-02
1499 3.014705483773e-02
1500 3.014705483773e-02
1501 3.059013882442e-02
1502 3.059013882442e-02
1503 3.059013882442e-02
1504 3.059013882442e-02
1505 3.059013882442e-02
1506 3.059013882442e-02
1507 3.059013882442e-02
1508 3.059013882442e-02
1509 3.059013882442e-02
1510 3.059013882442e-02
1511 3.110567734996e-02
1512 3.110567734996e-02
1513 3.110567734996e-02
1514 3.110567734996e-02
1515 3.110567734996e-02
1516 3.110567734996e-02
1517 3.110567734996e-02
1518 3.110567734996e-02
1519 3.110567734996e-02
1520 3.110567734996e-02
1521 3.163564590232e-02
1522 3.163564590232e-02
1523 3.163564590232e-02
1524 3.163564590232e-02
1525 3.163564590232e-02
1526 3.163564590232e-02
1527 3.163564590232e-02
1528 3.163564590232e-02
1529 3.163564590232e-02
1530 3.163564590232e-02
1531 3.204085988960e-02
1532 3.204085988960e-02
1533 3.204085988960e-02
1534 3.204085988960e-02
1535 3.204085988960e-02
1536 3.204085988960e-02
1537 3.204085988960e-02
1538 3.204085988960e-02
1539 3.204085988960e-02
1540 3.204085988960e-02
1541 3.234964612563e-02
1542 3.234964612563e-02
1543 3.234964612563e-02
1544 3.234964612563e-02
1545 3.234964612563e-02
1546 3.234964612563e-02
1547 3.234964612563e-02
1548 3.234964612563e-02
1549 3.234964612563e-02
1550 3.234964612563e-02
1551 3.272480013049e-02
1552 3.272480013049e-02
1553 3.272480013049e-02
1554 3.272480013049e-02
1555 3.272480013049e-02
1556 3.272480013049e-02
1557 3.272480013049e-02
1558 3.272480013049e-02
1559 3.272480013049e-02
1560 3.272480013049e-02
1561 3.326106154172e-02
1562 3.326106154172e-02
1563 3.326106154172e-02
1564 3.326106154172e-02
1565 3.326106154172e-02
1566 3.326106154172e-02
1567 3.326106154172e-02
1568 3.326106154172e-02
1569 3.326106154172e-02
1570 3.326106154172e-02
1571 3.390204755111e-02
1572 3.390204755111e-02
1573 3.390204755111e-02
1574 3.390204755111e-02
1575 3.390204755111e-02
1576 3.390204755111e-02
1577 3.390204755111e-02
1578 3.390204755111e-02
1579 3.390204755111e-02
1580 3.390204755111e-02
1581 3.455614126035e-02
1582 3.455614126035e-02
1583 3.455614126035e-02
1584 3.455614126035e-02
1585 3.455614126035e-02
1586 3.455614126035e-02
1587 3.455614126035e-02
1588 3.455614126035e-02
1589 3.455614126035e-02
1590 3.455614126035e-02
1591 3.519696963636e-02
1592 3.519696963636e-02
1593 3.519696963636e-02
1594 3.519696963636e-02
1595 3.519696963636e-02
1596 3.519696963636e-02
1597 3.519696963636e-02
1598 3.519696963636e-02
1599 3.519696963636e-02
1600 3.519696963636e-02
1601 3.579889516558e-02
1602 3.579889516558e-02
1603 3.579889516558e-02
1604 3.579889516558e-02
1605 3.579889516558e-02
1606 3.579889516558e-02
1607 3.579889516558e-02
1608 3.579889516558e-02
1609 3.579889516558e-02
1610 3.579889516558e-02
1611 3.630868997127e-02
1612 3.630868997127e-02
1613 3.630868997127e-02
1614 3.630868997127e-02
1615 3.630868997127e-02
1616 3.630868997127e-02
1617 3.630868997127e-02
1618 3.630868997127e-02
1619 3.630868997127e-02
1620 3.630868997127e-02
1621 3.667768098891e-02
1622 3.667768098891e-02
1623 3.667768098891e-02
1624 3.667768098891e-02
1625 3.667768098891e-02
1626 3.667768098891e-02
1627 3.667768098891e-02
1628 3.667768098891e-02
1629 3.667768098891e-02
1630 3.667768098891e-02
1631 3.695686648951e-02
1632 3.695686648951e-02
1633 3.695686648951e-02
1634 3.695686648951e-02
1635 3.695686648951e-02
1636 3.695686648951e-02
1637 3.695686648951e-02
1638 3.695686648951e-02
1639 3.695686648951e-02
1640 3.695686648951e-02
1641 3.730015480267e-02
1642 3.730015480267e-02
1643 3.730015480267e-02
1644 3.730015480267e-02
1645 3.730015480267e-02
1646 3.730015480267e-02
1647 3.730015480267e-02
1648 3.730015480267e-02
1649 3.730015480267e-02
1650 3.730015480267e-02
1651 3.775550714167e-02
1652 3.775550714167e-02
1653 3.775550714167e-02
1654 3.775550714167e-02
1655 3.775550714167e-02
1656 3.775550714167e-02
1657 3.775550714167e-02
1658 3.775550714167e-02
1659 3.775550714167e-02
1660 3.775550714167e-02
1661 3.815818041957e-02
1662 3.815818041957e-02
1663 3.815818041957e-02
1664 3.815818041957e-02
1665 3.815818041957e-02
1666 3.815818041957e-02
1667 3.815818041957e-02
1668 3.815818041957e-02
1669 3.815818041957e-02
1670 3.815818041957e-02
1671 3.835138596904e-02
1672 3.835138596904e-02
1673 3.835138596904e-02
1674 3.835138596904e-02
1675 3.835138596904e-02
1676 3.835138596904e-02
1677 3.835138596904e-02
1678 3.835138596904e-02
1679 3.835138596904e-02
1680 3.835138596904e-02
1681 3.841795625634e-02
1682 3.841795625634e-02
1683 3.841795625634e-02
1684 3.841795625634e-02
1685 3.841795625634e-02
1686 3.841795625634e-02
1687 3.841795625634e-02
1688 3.841795625634e-02
1689 3.841795625634e-02
1690 3.841795625634e-02
1691 3.849047636752e-02
1692 3.849047636752e-02
1693 3.849047636752e-02
1694 3.849047636752e-02
1695 3.849047636752e-02
1696 3.849047636752e-02
1697 3.849047636752e-02
1698 3.849047636752e-02
1699 3.849047636752e-02
1700 3.849047636752e-02
1701 3.856623799504e-02
1702 3.856623799504e-02
1703 3.856623799504e-02
1704 3.856623799504e-02
1705 3.856623799504e-02
1706 3.856623799504e-02
1707 3.856623799504e-02
1708 3.856623799504e-02
1709 3.856623799504e-02
1710 3.856623799504e-02
1711 3.853176132413e-02
1712 3.853176132413e-02
1713 3.853176132413e-02
1714 3.853176132413e-02
1715 3.853176132413e-02
1716 3.853176132413e-02
1717 3.853176132413e-02
1718 3.853176132413e-02
1719 3.853176132413e-02
1720 3.853176132413e-02
1721 3.837276267351e-02
1722 3.837276267351e-02
1723 3.837276267351e-02
1724 3.837276267351e-02
1725 3.837276267351e-02
1726 3.837276267351e-02
1727 3.837276267351e-02
1728 3.837276267351e-02
1729 3.837276267351e-02
1730 3.837276267351e-02
1731 3.824622042278e-02
1732 3.824622042278e-02
1733 3.824622042278e-02
1734 3.824622042278e-02
1735 3.824622042278e-02
1736 3.824622042278e-02
1737 3.824622042278e-02
1738 3.824622042278e-02
1739 3.824622042278e-02
1740 3.824622042278e-02
1741 3.826258021002e-02
1742 3.826258021002e-02
1743 3.826258021002e-02
1744 3.826258021002e-02
1745 3.826258021002e-02
1746 3.826258021002e-02
1747 3.826258021002e-02
1748 3.826258021002e-02
1749 3.826258021002e-02
1750 3.826258021002e-02
1751 3.835581321485e-02
1752 3.835581321485e-02
1753 3.835581321485e-02
1754 3.835581321485e-02
1755 3.835581321485e-02
1756 3.835581321485e-02
1757 3.835581321485e-02
1758 3.835581321485e-02
1759 3.835581321485e-02
1760 3.835581321485e-02
1761 3.842212411922e-02
1762 3.842212411922e-02
1763 3.842212411922e-02
1764 3.842212411922e-02
1765 3.842212411922e-02
1766 3.842212411922e-02
1767 3.842212411922e-02
1768 3.842212411922e-02
1769 3.842212411922e-02
1770 3.842212411922e-02
1771 3.837653732617e-02
1772 3.837653732617e-02
1773 3.837653732617e-02
1774 3.837653732617e-02
1775 3.837653732617e-02
1776 3.837653732617e-02
1777 3.837653732617e-02
1778 3.837653732617e-02
1779 3.837653732617e-02
1780 3.837653732617e-02
1781 3.824676792000e-02
1782 3.824676792000e-02
1783 3.824676792000e-02
1784 3.824676792000e-02
1785 3.824676792000e-02
1786 3.824676792000e-02
1787 3.824676792000e-02
1788 3.824676792000e-02
1789 3.824676792000e-02
1790 3.824676792000e-02
1791 3.813307806370e-02
1792 3.813307806370e-02
1793 3.813307806370e-02
1794 3.813307806370e-02
1795 3.813307806370e-02
1796 3.813307806370e-02
1797 3.813307806370e-02
1798 3.813307806370e-02
1799 3.813307806370e-02
1800 3.813307806370e-02
1801 3.814812099065e-02
1802 3.814812099065e-02
1803 3.814812099065e-02
1804 3.814812099065e-02
1805 3.814812099065e-02
1806 3.814812099065e-02
1807 3.814812099065e-02
1808 3.814812099065e-02
1809 3.814812099065e-02
1810 3.814812099065e-02
1811 3.827669093684e-02
1812 3.827669093684e-02
1813 3.827669093684e-02
1814 3.827669093684e-02
1815 3.827669093684e-02
1816 3.827669093684e-02
1817 3.827669093684e-02
1818 3.827669093684e-02
1819 3.827669093684e-02
1820 3.827669093684e-02
1821 3.841334818303e-02
1822 3.841334818303e-02
1823 3.841334818303e-02
1824 3.841334818303e-02
1825 3.841334818303e-02
1826 3.841334818303e-02
1827 3.841334818303e-02
1828 3.841334818303e-02
1829 3.841334818303e-02
1830 3.841334818303e-02
1831 3.853755857935e-02
1832 3.853755857935e-02
1833 3.853755857935e-02
1834 3.853755857935e-02
1835 3.853755857935e-02
1836 3.853755857935e-02
1837 3.853755857935e-02
1838 3.853755857935e-02
1839 3.853755857935e-02
1840 3.853755857935e-02
1841 3.863604703720e-02
1842 3.863604703720e-02
1843 3.863604703720e-02
1844 3.863604703720e-02
1845 3.863604703720e-02
1846 3.863604703720e-02
1847 3.863604703720e-02
1848 3.863604703720e-02
1849 3.863604703720e-02
1850 3.863604703720e-02
1851 3.875918589522e-02
1852 3.875918589522e-02
1853 3.875918589522e-02
1854 3.875918589522e-02
1855 3.875918589522e-02
1856 3.875918589522e-02
1857 3.875918589522e-02
1858 3.875918589522e-02
1859 3.875918589522e-02
1860 3.875918589522e-02
1861 3.895654028829e-02
1862 3.895654028829e-02
1863 3.895654028829e-02
1864 3.895654028829e-02
1865 3.895654028829e-02
1866 3.895654028829e-02
1867 3.895654028829e-02
1868 3.895654028829e-02
1869 3.895654028829e-02
1870 3.895654028829e-02
1871 3.924713935338e-02
1872 3.924713935338e-02
1873 3.924713935338e-02
1874 3.924713935338e-02
1875 3.924713935338e-02
1876 3.924713935338e-02
1877 3.924713935338e-02
1878 3.924713935338e-02
1879 3.924713935338e-02
1880 3.924713935338e-02
1881 3.955158855326e-02
1882 3.955158855326e-02
1883 3.955158855326e-02
1884 3.955158855326e-02
1885 3.955158855326e-02
1886 3.955158855326e-02
1887 3.955158855326e-02
1888 3.955158855326e-02
1889 3.955158855326e-02
1890 3.955158855326e-02
1891 3.977576474228e-02
1892 3.977576474228e-02
1893 3.977576474228e-02
1894 3.977576474228e-02
1895 3.977576474228e-02
1896 3.977576474228e-02
1897 3.977576474228e-02
1898 3.977576474228e-02
1899 3.977576474228e-02
1900 3.977576474228e-02
1901 3.987090480385e-02
1902 3.987090480385e-02
1903 3.987090480385e-02
1904 3.987090480385e-02
1905 3.987090480385e-02
1906 3.987090480385e-02
1907 3.987090480385e-02
1908 3.987090480385e-02
1909 3.987090480385e-02
1910 3.987090480385e-02
1911 3.993602144064e-02
1912 3.993602144064e-02
1913 3.993602144064e-02
1914 3.993602144064e-02
1915 3.993602144064e-02
1916 3.993602144064e-02
1917 3.993602144064e-02
1918 3.993602144064e-02
1919 3.993602144064e-02
1920 3.993602144064e-02
1921 4.019409494189e-02
1922 4.019409494189e-02
1923 4.019409494189e-02
1924 4.019409494189e-02
1925 4.019409494189e-02
1926 4.019409494189e-02
1927 4.019409494189e-02
1928 4.019409494189e-02
1929 4.019409494189e-02
1930 4.019409494189e-02
1931 4.080850404490e-02
1932 4.080850404490e-02
1933 4.080850404490e-02
1934 4.080850404490e-02
1935 4.080850404490e-02
1936 4.080850404490e-02
1937 4.080850404490e-02
1938 4.080850404490e-02
1939 4.080850404490e-02
1940 4.080850404490e-02
1941 4.156930734502e-02
1942 4.156930734502e-02
1943 4.156930734502e-02
1944 4.156930734502e-02
1945 4.156930734502e-02
1946 4.156930734502e-02
1947 4.156930734502e-02
1948 4.156930734502e-02
1949 4.156930734502e-02
1950 4.156930734502e-02
1951 4.214043073453e-02
1952 4.214043073453e-02
1953 4.214043073453e-02
1954 4.214043073453e-02
1955 4.214043073453e-02
1956 4.214043073453e-02
1957 4.214043073453e-02
1958 4.214043073453e-02
1959 4.214043073453e-02
1960 4.214043073453e-02
1961 4.239804032966e-02
1962 4.239804032966e-02
1963 4.239804032966e-02
1964 4.239804032966e-02
1965 4.239804032966e-02
1966 4.239804032966e-02
1967 4.239804032966e-02
1968 4.239804032966e-02
1969 4.239804032966e-02
1970 4.239804032966e-02
1971 4.252813351096e-02
1972 4.252813351096e-02
1973 4.252813351096e-02
1974 4.252813351096e-02
1975 4.252813351096e-02
1976 4.252813351096e-02
1977 4.252813351096e-02
1978 4.252813351096e-02
1979 4.252813351096e-02
1980 4.252813351096e-02
1981 4.279431034300e-02
1982 4.279431034300e-02
1983 4.279431034300e-02
1984 4.279431034300e-02
1985 4.279431034300e-02
1986 4.279431034300e-02
1987 4.279431034300e-02
1988 4.279431034300e-02
1989 4.279431034300e-02
1990 4.279431034300e-02
1991 4.311911523481e-02
1992 4.311911523481e-02
1993 4.311911523481e-02
1994 4.311911523481e-02
1995 4.311911523481e-02
1996 4.311911523481e-02
1997 4.311911523481e-02
1998 4.311911523481e-02
1999 4.311911523481e-02
2000 4.311911523481e-02
2001 4.320486025618e-02
2002 4.320486025618e-02
2003 4.320486025618e-02
2004 4.320486025618e-02
2005 4.320486025618e-02
2006 4.320486025618e-02
2007 4.320486025618e-02
2008 4.320486025618e-02
2009 4.320486025618e-02
2010 4.320486025618e-02
2011 4.305918669811e-02
2012 4.305918669811e-02
2013 4.305918669811e-02
2014 4.305918669811e-02
2015 4.305918669811e-02
2016 4.305918669811e-02
2017 4.305918669811e-02
2018 4.305918669811e-02
2019 4.305918669811e-02
2020 4.305918669811e-02
2021 4.292113550258e-02
2022 4.292113550258e-02
2023 4.292113550258e-02
2024 4.292113550258e-02
2025 4.292113550258e-02
2026 4.292113550258e-02
2027 4.292113550258e-02
2028 4.292113550258e-02
2029 4.292113550258e-02
2030 4.292113550258e-02
2031 4.296607975214e-02
2032 4.296607975214e-02
2033 4.296607975214e-02
2034 4.296607975214e-02
2035 4.296607975214e-02
2036 4.296607975214e-02
2037 4.296607975214e-02
2038 4.296607975214e-02
2039 4.296607975214e-02
2040 4.296607975214e-02
2041 4.318308811856e-02
2042 4.318308811856e-02
2043 4.318308811856e-02
2044 4.318308811856e-02
2045 4.318308811856e-02
2046 4.318308811856e-02
2047 4.318308811856e-02
2048 4.318308811856e-02
2049 4.318308811856e-02
2050 4.318308811856e-02
2051 4.340446660234e-02
2052 4.340446660234e-02
2053 4.340446660234e-02
2054 4.340446660234e-02
2055 4.340446660234e-02
2056 4.340446660234e-02
2057 4.340446660234e-02
2058 4.340446660234e-02
2059 4.340446660234e-02
2060 4.340446660234e-02
2061 4.348694647094e-02
2062 4.348694647094e-02
2063 4.348694647094e-02
2064 4.348694647094e-02
2065 4.348694647094e-02
2066 4.348694647094e-02
2067 4.348694647094e-02
2068 4.348694647094e-02
2069 4.348694647094e-02
2070 4.348694647094e-02
2071 4.350757829465e-02
2072 4.350757829465e-02
2073 4.350757829465e-02
2074 4.350757829465e-02
2075 4.350757829465e-02
2076 4.350757829465e-02
2077 4.350757829465e-02
2078 4.350757829465e-02
2079 4.350757829465e-02
2080 4.350757829465e-02
2081 4.356853667996e-02
2082 4.356853667996e-02
2083 4.356853667996e-02
2084 4.356853667996e-02
2085 4.356853667996e-02
2086 4.356853667996e-02
2087 4.356853667996e-02
2088 4.356853667996e-02
2089 4.356853667996e-02
2090 4.356853667996e-02
2091 4.373756274768e-02
2092 4.373756274768e-02
2093 4.373756274768e-02
2094 4.373756274768e-02
2095 4.373756274768e-02
2096 4.373756274768e-02
2097 4.373756274768e-02
2098 4.373756274768e-02
2099 4.373756274768e-02
2100 4.373756274768e-02
2101 4.395440924955e-02
2102 4.395440924955e-02
2103 4.395440924955e-02
2104 4.395440924955e-02
2105 4.395440924955e-02
2106 4.395440924955e-02
2107 4.395440924955e-02
2108 4.395440924955e-02
2109 4.395440924955e-02
2110 4.395440924955e-02
2111 4.407817527621e-02
2112 4.407817527621e-02
2113 4.407817527621e-02
2114 4.407817527621e-02
2115 4.407817527621e-02
2116 4.407817527621e-02
2117 4.407817527621e-02
2118 4.407817527621e-02
2119 4.407817527621e-02
2120 4.407817527621e-02
2121 4.394042771004e-02
2122 4.394042771004e-02
2123 4.394042771004e-02
2124 4.394042771004e-02
2125 4.394042771004e-02
2126 4.394042771004e-02
2127 4.394042771004e-02
2128 4.394042771004e-02
2129 4.394042771004e-02
2130 4.394042771004e-02
2131 4.358848498251e-02
2132 4.358848498251e-02
2133 4.358848498251e-02
2134 4.358848498251e-02
2135 4.358848498251e-02
2136 4.358848498251e-02
2137 4.358848498251e-02
2138 4.358848498251e-02
2139 4.358848498251e-02
2140 4.358848498251e-02
2141 4.328785222012e-02
2142 4.328785222012e-02
2143 4.328785222012e-02
2144 4.328785222012e-02
2145 4.328785222012e-02
2146 4.328785222012e-02
2147 4.328785222012e-02
2148 4.328785222012e-02
2149 4.328785222012e-02
2150 4.328785222012e-02
2151 4.318502909223e-02
2152 4.318502909223e-02
2153 4.318502909223e-02
2154 4.318502909223e-02
2155 4.318502909223e-02
2156 4.318502909223e-02
2157 4.318502909223e-02
2158 4.318502909223e-02
2159 4.318502909223e-02
2160 4.318502909223e-02
2161 4.322337025699e-02
2162 4.322337025699e-02
2163 4.322337025699e-02
2164 4.322337025699e-02
2165 4.322337025699e-02
2166 4.322337025699e-02
2167 4.322337025699e-02
2168 4.322337025699e-02
2169 4.322337025699e-02
2170 4.322337025699e-02
2171 4.340204181115e-02
2172 4.340204181115e-02
2173 4.340204181115e-02
2174 4.340204181115e-02
2175 4.340204181115e-02
2176 4.340204181115e-02
2177 4.340204181115e-02
2178 4.340204181115e-02
2179 4.340204181115e-02
2180 4.340204181115e-02
2181 4.352971669949e-02
2182 4.352971669949e-02
2183 4.352971669949e-02
2184 4.352971669949e-02
2185 4.352971669949e-02
2186 4.352971669949e-02
2187 4.352971669949e-02
2188 4.352971669949e-02
2189 4.352971669949e-02
2190 4.352971669949e-02
2191 4.341115216148e-02
2192 4.341115216148e-02
2193 4.341115216148e-02
2194 4.341115216148e-02
2195 4.341115216148e-02
2196 4.341115216148e-02
2197 4.341115216148e-02
2198 4.341115216148e-02
2199 4.341115216148e-02
2200 4.341115216148e-02
2201 4.333619080977e-02
2202 4.333619080977e-02
2203 4.333619080977e-02
2204 4.333619080977e-02
2205 4.333619080977e-02
2206 4.333619080977e-02
2207 4.333619080977e-02
2208 4.333619080977e-02
2209 4.333619080977e-02
2210 4.333619080977e-02
2211 4.362585435000e-02
2212 4.362585435000e-02
2213 4.362585435000e-02
2214 4.362585435000e-02
2215 4.362585435000e-02
2216 4.362585435000e-02
2217 4.362585435000e-02
2218 4.362585435000e-02
2219 4.362585435000e-02
2220 4.362585435000e-02
2221 4.419513204442e-02
2222 4.419513204442e-02
2223 4.419513204442e-02
2224 4.419513204442e-02
2225 4.419513204442e-02
2226 4.419513204442e-02
2227 4.419513204442e-02
2228 4.419513204442e-02
2229 4.419513204442e-02
2230 4.419513204442e-02
2231 4.476246298251e-02
2232 4.476246298251e-02
2233 4.476246298251e-02
2234 4.476246298251e-02
2235 4.476246298251e-02
2236 4.476246298251e-02
2237 4.476246298251e-02
2238 4.476246298251e-02
2239 4.476246298251e-02
2240 4.476246298251e-02
2241 4.506040018349e-02
2242 4.506040018349e-02
2243 4.506040018349e-02
2244 4.506040018349e-02
2245 4.506040018349e-02
2246 4.506040018349e-02
2247 4.506040018349e-02
2248 4.506040018349e-02
2249 4.506040018349e-02
2250 4.506040018349e-02
2251 4.499748520165e-02
2252 4.499748520165e-02
2253 4.499748520165e-02
2254 4.499748520165e-02
2255 4.499748520165e-02
2256 4.499748520165e-02
2257 4.499748520165e-02
2258 4.499748520165e-02
2259 4.499748520165e-02
2260 4.499748520165e-02
2261 4.493952056200e-02
2262 4.493952056200e-02
2263 4.493952056200e-02
2264 4.493952056200e-02
2265 4.493952056200e-02
2266 4.493952056200e-02
2267 4.493952056200e-02
2268 4.493952056200e-02
2269 4.493952056200e-02
2270 4.493952056200e-02
2271 4.525098311739e-02
2272 4.525098311739e-02
2273 4.525098311739e-02
2274 4.525098311739e-02
2275 4.525098311739e-02
2276 4.525098311739e-02
2277 4.525098311739e-02
2278 4.525098311739e-02
2279 4.525098311739e-02
2280 4.525098311739e-02
2281 4.574262146193e-02
2282 4.574262146193e-02
2283 4.574262146193e-02
2284 4.574262146193e-02
2285 4.574262146193e-02
2286 4.574262146193e-02
2287 4.574262146193e-02
2288 4.574262146193e-02
2289 4.574262146193e-02
2290 4.574262146193e-02
2291 4.611106411811e-02
2292 4.611106411811e-02
2293 4.611106411811e-02
2294 4.611106411811e-02
2295 4.611106411811e-02
2296 4.611106411811e-02
2297 4.611106411811e-02
2298 4.611106411811e-02
2299 4.611106411811e-02
2300 4.611106411811e-02
2301 4.633457198748e-02
2302 4.633457198748e-02
2303 4.633457198748e-02
2304 4.633457198748e-02
2305 4.633457198748e-02
2306 4.633457198748e-02
2307 4.633457198748e-02
2308 4.633457198748e-02
2309 4.633457198748e-02
2310 4.633457198748e-02
2311 4.650610538679e-02
2312 4.650610538679e-02
2313 4.650610538679e-02
2314 4.650610538679e-02
2315 4.650610538679e-02
2316 4.650610538679e-02
2317 4.650610538679e-02
2318 4.650610538679e-02
2319 4.650610538679e-02
2320 4.650610538679e-02
2321 4.682090957739e-02
2322 4.682090957739e-02
2323 4.682090957739e-02
2324 4.682090957739e-02
2325 4.682090957739e-02
2326 4.682090957739e-02
2327 4.682090957739e-02
2328 4.682090957739e-02
2329 4.682090957739e-02
2330 4.682090957739e-02
2331 4.738599825945e-02
2332 4.738599825945e-02
2333 4.738599825945e-02
2334 4.738599825945e-02
2335 4.738599825945e-02
2336 4.738599825945e-02
2337 4.738599825945e-02
2338 4.738599825945e-02
2339 4.738599825945e-02
2340 4.738599825945e-02
2341 4.809106419350e-02
2342 4.809106419350e-02
2343 4.809106419350e-02
2344 4.809106419350e-02
2345 4.809106419350e-02
2346 4.809106419350e-02
2347 4.809106419350e-02
2348 4.809106419350e-02
2349 4.809106419350e-02
2350 4.809106419350e-02
2351 4.857533087424e-02
2352 4.857533087424e-02
2353 4.857533087424e-02
2354 4.857533087424e-02
2355 4.857533087424e-02
2356 4.857533087424e-02
2357 4.857533087424e-02
2358 4.857533087424e-02
2359 4.857533087424e-02
2360 4.857533087424e-02
2361 4.889496437859e-02
2362 4.889496437859e-02
2363 4.889496437859e-02
2364 4.889496437859e-02
2365 4.889496437859e-02
2366 4.889496437859e-02
2367 4.889496437859e-02
2368 4.889496437859e-02
2369 4.889496437859e-02
2370 4.889496437859e-02
2371 4.912009138680e-02
2372 4.912009138680e-02
2373 4.912009138680e-02
2374 4.912009138680e-02
2375 4.912009138680e-02
2376 4.912009138680e-02
2377 4.912009138680e-02
2378 4.912009138680e-02
2379 4.912009138680e-02
2380 4.912009138680e-02
2381 4.940384298392e-02
2382 4.940384298392e-02
2383 4.940384298392e-02
2384 4.940384298392e-02
2385 4.940384298392e-02
2386 4.940384298392e-02
2387 4.940384298392e-02
2388 4.940384298392e-02
2389 4.940384298392e-02
2390 4.940384298392e-02
2391 4.981790752141e-02
2392 4.981790752141e-02
2393 4.981790752141e-02
2394 4.981790752141e-02
2395 4.981790752141e-02
2396 4.981790752141e-02
2397 4.981790752141e-02
2398 4.981790752141e-02
2399 4.981790752141e-02
2400 4.981790752141e-02
2401 5.037530563011e-02
2402 5.037530563011e-02
2403 5.037530563011e-02
2404 5.037530563011e-02
2405 5.037530563011e-02
2406 5.037530563011e-02
2407 5.037530563011e-02
2408 5.037530563011e-02
2409 5.037530563011e-02
2410 5.037530563011e-02
2411 5.089340558645e-02
2412 5.089340558645e-02
2413 5.089340558645e-02
2414 5.089340558645e-02
2415 5.089340558645e-02
2416 5.089340558645e-02
2417 5.089340558645e-02
2418 5.089340558645e-02
2419 5.089340558645e-02
2420 5.089340558645e-02
2421 5.108411600308e-02
2422 5.108411600308e-02
2423 5.108411600308e-02
2424 5.108411600308e-02
2425 5.108411600308e-02
2426 5.108411600308e-02
2427 5.108411600308e-02
2428 5.108411600308e-02
2429 5.108411600308e-02
2430 5.108411600308e-02
2431 5.125557217561e-02
2432 5.125557217561e-02
2433 5.125557217561e-02
2434 5.125557217561e-02
2435 5.125557217561e-02
2436 5.125557217561e-02
2437 5.125557217561e-02
2438 5.125557217561e-02
2439 5.125557217561e-02
2440 5.125557217561e-02
2441 5.155810933708e-02
2442 5.155810933708e-02
2443 5.155810933708e-02
2444 5.155810933708e-02
2445 5.155810933708e-02
2446 5.155810933708e-02
2447 5.155810933708e-02
2448 5.155810933708e-02
2449 5.155810933708e-02
2450 5.155810933708e-02
2451 5.205408211762e-02
2452 5.205408211762e-02
2453 5.205408211762e-02
2454 5.205408211762e-02
2455 5.205408211762e-02
2456 5.205408211762e-02
2457 5.205408211762e-02
2458 5.205408211762e-02
2459 5.205408211762e-02
2460 5.205408211762e-02
2461 5.252088144362e-02
2462 5.252088144362e-02
2463 5.252088144362e-02
2464 5.252088144362e-02
2465 5.252088144362e-02
2466 5.252088144362e-02
2467 5.252088144362e-02
2468 5.252088144362e-02
2469 5.252088144362e-02
2470 5.252088144362e-02
2471 5.272600637355e-02
2472 5.272600637355e-02
2473 5.272600637355e-02
2474 5.272600637355e-02
2475 5.272600637355e-02
2476 5.272600637355e-02
2477 5.272600637355e-02
2478 5.272600637355e-02
2479 5.272600637355e-02
2480 5.272600637355e-02
2481 5.260659060498e-02
2482 5.260659060498e-02
2483 5.260659060498e-02
2484 5.260659060498e-02
2485 5.260659060498e-02
2486 5.260659060498e-02
2487 5.260659060498e-02
2488 5.260659060498e-02
2489 5.260659060498e-02
2490 5.260659060498e-02
2491 5.241083364313e-02
2492 5.241083364313e-02
2493 5.241083364313e-02
2494 5.241083364313e-02
2495 5.241083364313e-02
2496 5.241083364313e-02
2497 5.241083364313e-02
2498 5.241083364313e-02
2499 5.241083364313e-02
2500 5.241083364313e-02
2501 5.271666405321e-02
2502 5.271666405321e-02
2503 5.271666405321e-02
2504 5.271666405321e-02
2505 5.271666405321e-02
2506 5.271666405321e-02
2507 5.271666405321e-02
2508 5.271666405321e-02
2509 5.271666405321e-02
2510 5.271666405321e-02
2511 5.329964533710e-02
2512 5.329964533710e-02
2513 5.329964533710e-02
2514 5.329964533710e-02
2515 5.329964533710e-02
2516 5.329964533710e-02
2517 5.329964533710e-02
2518 5.329964533710e-02
2519 5.329964533710e-02
2520 5.329964533710e-02
2521 5.390268602697e-02
2522 5.390268602697e-02
2523 5.390268602697e-02
2524 5.390268602697e-02
2525 5.390268602697e-02
2526 5.390268602697e-02
2527 5.390268602697e-02
2528 5.390268602697e-02
2529 5.390268602697e-02
2530 5.390268602697e-02
2531 5.425058046481e-02
2532 5.425058046481e-02
2533 5.425058046481e-02
2534 5.425058046481e-02
2535 5.425058046481e-02
2536 5.425058046481e-02
2537 5.425058046481e-02
2538 5.425058046481e-02
2539 5.425058046481e-02
2540 5.425058046481e-02
2541 5.441361854969e-02
2542 5.441361854969e-02
2543 5.441361854969e-02
2544 5.441361854969e-02
2545 5.441361854969e-02
2546 5.441361854969e-02
2547 5.441361854969e-02
2548 5.441361854969e-02
2549 5.441361854969e-02
2550 5.441361854969e-02
2551 5.456035461251e-02
2552 5.456035461251e-02
2553 5.456035461251e-02
2554 5.456035461251e-02
2555 5.456035461251e-02
2556 5.456035461251e-02
2557 5.456035461251e-02
2558 5.456035461251e-02
2559 5.456035461251e-02
2560 5.456035461251e-02
2561 5.481301505877e-02
2562 5.481301505877e-02
2563 5.481301505877e-02
2564 5.481301505877e-02
2565 5.481301505877e-02
2566 5.481301505877e-02
2567 5.481301505877e-02
2568 5.481301505877e-02
2569 5.481301505877e-02
2570 5.481301505877e-02
2571 5.526925802836e-02
2572 5.526925802836e-02
2573 5.526925802836e-02
2574 5.526925802836e-02
2575 5.526925802836e-02
2576 5.526925802836e-02
2577 5.526925802836e-02
2578 5.526925802836e-02
2579 5.526925802836e-02
2580 5.526925802836e-02
2581 5.552225700030e-02
2582 5.552225700030e-02
2583 5.552225700030e-02
2584 5.552225700030e-02
2585 5.552225700030e-02
2586 5.552225700030e-02
2587 5.552225700030e-02
2588 5.552225700030e-02
2589 5.552225700030e-02
2590 5.552225700030e-02
2591 5.584444283117e-02
2592 5.584444283117e-02
2593 5.584444283117e-02
2594 5.584444283117e-02
2595 5.584444283117e-02
2596 5.584444283117e-02
2597 5.584444283117e-02
2598 5.584444283117e-02
2599 5.584444283117e-02
2600 5.584444283117e-02
2601 5.623837304206e-02
2602 5.623837304206e-02
2603 5.623837304206e-02
2604 5.623837304206e-02
2605 5.623837304206e-02
2606 5.623837304206e-02
2607 5.623837304206e-02
2608 5.623837304206e-02
2609 5.623837304206e-02
2610 5.623837304206e-02
2611 5.662142829706e-02
2612 5.662142829706e-02
2613 5.662142829706e-02
2614 5.662142829706e-02
2615 5.662142829706e-02
2616 5.662142829706e-02
2617 5.662142829706e-02
2618 5.662142829706e-02
2619 5.662142829706e-02
2620 5.662142829706e-02
2621 5.711480224373e-02
2622 5.711480224373e-02
2623 5.711480224373e-02
2624 5.711480224373e-02
2625 5.711480224373e-02
2626 5.711480224373e-02
2627 5.711480224373e-02
2628 5.711480224373e-02
2629 5.711480224373e-02
2630 5.711480224373e-02
2631 5.756863941117e-02
2632 5.756863941117e-02
2633 5.756863941117e-02
2634 5.756863941117e-02
2635 5.756863941117e-02
2636 5.756863941117e-02
2637 5.756863941117e-02
2638 5.756863941117e-02
2639 5.756863941117e-02
2640 5.756863941117e-02
2641 5.804173916805e-02
2642 5.804173916805e-02
2643 5.804173916805e-02
2644 5.804173916805e-02
2645 5.804173916805e-02
2646 5.804173916805e-02
2647 5.804173916805e-02
2648 5.804173916805e-02
2649 5.804173916805e-02
2650 5.804173916805e-02
2651 5.830332258112e-02
2652 5.830332258112e-02
2653 5.830332258112e-02
2654 5.830332258112e-02
2655 5.830332258112e-02
2656 5.830332258112e-02
2657 5.830332258112e-02
2658 5.830332258112e-02
2659 5.830332258112e-02
2660 5.830332258112e-02
2661 5.861583695757e-02
2662 5.861583695757e-02
2663 5.861583695757e-02
2664 5.861583695757e-02
2665 5.861583695757e-02
2666 5.861583695757e-02
2667 5.861583695757e-02
2668 5.861583695757e-02
2669 5.861583695757e-02
2670 5.861583695757e-02
2671 5.886067177023e-02
2672 5.886067177023e-02
2673 5.886067177023e-02
2674 5.886067177023e-02
2675 5.886067177023e-02
2676 5.886067177023e-02
2677 5.886067177023e-02
2678 5.886067177023e-02
2679 5.886067177023e-02
2680 5.886067177023e-02
2681 5.907201937408e-02
2682 5.907201937408e-02
2683 5.907201937408e-02
2684 5.907201937408e-02
2685 5.907201937408e-02
2686 5.907201937408e-02
2687 5.907201937408e-02
2688 5.907201937408e-02
2689 5.907201937408e-02
2690 5.907201937408e-02
2691 5.946254134298e-02
2692 5.946254134298e-02
2693 5.946254134298e-02
2694 5.946254134298e-02
2695 5.946254134298e-02
2696 5.946254134298e-02
2697 5.946254134298e-02
2698 5.946254134298e-02
2699 5.946254134298e-02
2700 5.946254134298e-02
2701 5.976554154474e-02
2702 5.976554154474e-02
2703 5.976554154474e-02
2704 5.976554154474e-02
2705 5.976554154474e-02
2706 5.976554154474e-02
2707 5.976554154474e-02
2708 5.976554154474e-02
2709 5.976554154474e-02
2710 5.976554154474e-02
2711 5.996014750001e-02
2712 5.996014750001e-02
2713 5.996014750001e-02
2714 5.996014750001e-02
2715 5.996014750001e-02
2716 5.996014750001e-02
2717 5.996014750001e-02
2718 5.996014750001e-02
2719 5.996014750001e-02
2720 5.996014750001e-02
2721 6.001996865265e-02
2722 6.001996865265e-02
2723 6.001996865265e-02
2724 6.001996865265e-02
2725 6.001996865265e-02
2726 6.001996865265e-02
2727 6.001996865265e-02
2728 6.001996865265e-02
2729 6.001996865265e-02
2730 6.001996865265e-02
2731 6.018886869084e-02
2732 6.018886869084e-02
2733 6.018886869084e-02
2734 6.018886869084e-02
2735 6.018886869084e-02
2736 6.018886869084e-02
2737 6.018886869084e-02
2738 6.018886869084e-02
2739 6.018886869084e-02
2740 6.018886869084e-02
2741 6.047473053235e-02
2742 6.047473053235e-02
2743 6.047473053235e-02
2744 6.047473053235e-02
2745 6.047473053235e-02
2746 6.047473053235e-02
2747 6.047473053235e-02
2748 6.047473053235e-02
2749 6.047473053235e-02
2750 6.047473053235e-02
2751 6.083846827517e-02
2752 6.083846827517e-02
2753 6.083846827517e-02
2754 6.083846827517e-02
2755 6.083846827517e-02
2756 6.083846827517e-02
2757 6.083846827517e-02
2758 6.083846827517e-02
2759 6.083846827517e-02
2760 6.083846827517e-02
2761 6.127637508914e-02
2762 6.127637508914e-02
2763 6.127637508914e-02
2764 6.127637508914e-02
2765 6.127637508914e-02
2766 6.127637508914e-02
2767 6.127637508914e-02
2768 6.127637508914e-02
2769 6.127637508914e-02
2770 6.127637508914e-02
2771 6.151205462328e-02
2772 6.151205462328e-02
2773 6.151205462328e-02
2774 6.151205462328e-02
2775 6.151205462328e-02
2776 6.151205462328e-02
2777 6.151205462328e-02
2778 6.151205462328e-02
2779 6.151205462328e-02
2780 6.151205462328e-02
2781 6.176981453091e-02
2782 6.176981453091e-02
2783 6.176981453091e-02
2784 6.176981453091e-02
2785 6.176981453091e-02
2786 6.176981453091e-02
2787 6.176981453091e-02
2788 6.176981453091e-02
2789 6.176981453091e-02
2790 6.176981453091e-02
2791 6.212552087718e-02
2792 6.212552087718e-02
2793 6.212552087718e-02
2794 6.212552087718e-02
2795 6.212552087718e-02
2796 6.212552087718e-02
2797 6.212552087718e-02
2798 6.212552087718e-02
2799 6.212552087718e-02
2800 6.212552087718e-02
2801 6.263278933821e-02
2802 6.263278933821e-02
2803 6.263278933821e-02
2804 6.263278933821e-02
2805 6.263278933821e-02
2806 6.263278933821e-02
2807 6.263278933821e-02
2808 6.263278933821e-02
2809 6.263278933821e-02
2810 6.263278933821e-02
2811 6.307977247250e-02
2812 6.307977247250e-02
2813 6.307977247250e-02
2814 6.307977247250e-02
2815 6.307977247250e-02
2816 6.307977247250e-02
2817 6.307977247250e-02
2818 6.307977247250e-02
2819 6.307977247250e-02
2820 6.307977247250e-02
2821 6.338730889033e-02
2822 6.338730889033e-02
2823 6.338730889033e-02
2824 6.338730889033e-02
2825 6.338730889033e-02
2826 6.338730889033e-02
2827 6.338730889033e-02
2828 6.338730889033e-02
2829 6.338730889033e-02
2830 6.338730889033e-02
2831 6.368737419410e-02
2832 6.368737419410e-02
2833 6.368737419410e-02
2834 6.368737419410e-02
2835 6.368737419410e-02
2836 6.368737419410e-02
2837 6.368737419410e-02
2838 6.368737419410e-02
2839 6.368737419410e-02
2840 6.368737419410e-02
2841 6.383446177549e-02
2842 6.383446177549e-02
2843 6.383446177549e-02
2844 6.383446177549e-02
2845 6.383446177549e-02
2846 6.383446177549e-02
2847 6.383446177549e-02
2848 6.383446177549e-02
2849 6.383446177549e-02
2850 6.383446177549e-02
2851 6.412630442434e-02
2852 6.412630442434e-02
2853 6.412630442434e-02
2854 6.412630442434e-02
2855 6.412630442434e-02
2856 6.412630442434e-02
2857 6.412630442434e-02
2858 6.412630442434e-02
2859 6.412630442434e-02
2860 6.412630442434e-02
2861 6.457858801276e-02
2862 6.457858801276e-02
2863 6.457858801276e-02
2864 6.457858801276e-02
2865 6.457858801276e-02
2866 6.457858801276e-02
2867 6.457858801276e-02
2868 6.457858801276e-02
2869 6.457858801276e-02
2870 6.457858801276e-02
2871 6.484230558173e-02
2872 6.484230558173e-02
2873 6.484230558173e-02
2874 6.484230558173e-02
2875 6.484230558173e-02
2876 6.484230558173e-02
2877 6.484230558173e-02
2878 6.484230558173e-02
2879 6.484230558173e-02
2880 6.484230558173e-02
2881 6.509251079877e-02
2882 6.509251079877e-02
2883 6.509251079877e-02
2884 6.509251079877e-02
2885 6.509251079877e-02
2886 6.509251079877e-02
2887 6.509251079877e-02
2888 6.509251079877e-02
2889 6.509251079877e-02
2890 6.509251079877e-02
2891 6.549802587483e-02
2892 6.549802587483e-02
2893 6.549802587483e-02
2894 6.549802587483e-02
2895 6.549802587483e-02
2896 6.549802587483e-02
2897 6.549802587483e-02
2898 6.549802587483e-02
2899 6.549802587483e-02
2900 6.549802587483e-02
2901 6.611417401405e-02
2902 6.611417401405e-02
2903 6.611417401405e-02
2904 6.611417401405e-02
2905 6.611417401405e-02
2906 6.611417401405e-02
2907 6.611417401405e-02
2908 6.611417401405e-02
2909 6.611417401405e-02
2910 6.611417401405e-02
2911 6.674696366290e-02
2912 6.674696366290e-02
2913 6.674696366290e-02
2914 6.674696366290e-02
2915 6.674696366290e-02
2916 6.674696366290e-02
2917 6.674696366290e-02
2918 6.674696366290e-02
2919 6.674696366290e-02
2920 6.674696366290e-02
2921 6.733742140782e-02
2922 6.733742140782e-02
2923 6.733742140782e-02
2924 6.733742140782e-02
2925 6.733742140782e-02
2926 6.733742140782e-02
2927 6.733742140782e-02
2928 6.733742140782e-02
2929 6.733742140782e-02
2930 6.733742140782e-02
2931 6.786922542066e-02
2932 6.786922542066e-02
2933 6.786922542066e-02
2934 6.786922542066e-02
2935 6.786922542066e-02
2936 6.786922542066e-02
2937 6.786922542066e-02
2938 6.786922542066e-02
2939 6.786922542066e-02
2940 6.786922542066e-02
2941 6.821957052616e-02
2942 6.821957052616e-02
2943 6.821957052616e-02
2944 6.821957052616e-02
2945 6.821957052616e-02
2946 6.821957052616e-02
2947 6.821957052616e-02
2948 6.821957052616e-02
2949 6.821957052616e-02
2950 6.821957052616e-02
2951 6.870159509182e-02
2952 6.870159509182e-02
2953 6.870159509182e-02
2954 6.870159509182e-02
2955 6.870159509182e-02
2956 6.870159509182e-02
2957 6.870159509182e-02
2958 6.870159509182e-02
2959 6.870159509182e-02
2960 6.870159509182e-02
2961 6.924660830679e-02
2962 6.924660830679e-02
2963 6.924660830679e-02
2964 6.924660830679e-02
2965 6.924660830679e-02
2966 6.924660830679e-02
2967 6.924660830679e-02
2968 6.924660830679e-02
2969 6.924660830679e-02
2970 6.924660830679e-02
2971 6.961496289622e-02
2972 6.961496289622e-02
2973 6.961496289622e-02
2974 6.961496289622e-02
2975 6.961496289622e-02
2976 6.961496289622e-02
2977 6.961496289622e-02
2978 6.961496289622e-02
2979 6.961496289622e-02
2980 6.961496289622e-02
2981 7.008487548147e-02
2982 7.008487548147e-02
2983 7.008487548147e-02
2984 7.008487548147e-02
2985 7.008487548147e-02
2986 7.008487548147e-02
2987 7.008487548147e-02
2988 7.008487548147e-02
2989 7.008487548147e-02
2990 7.008487548147e-02
2991 7.057711323667e-02
2992 7.057711323667e-02
2993 7.057711323667e-02
2994 7.057711323667e-02
2995 7.057711323667e-02
2996 7.057711323667e-02
2997 7.057711323667e-02
2998 7.057711323667e-02
2999 7.057711323667e-02
3000 7.057711323667e-02
3001 7.099763784291e-02
3002 7.099763784291e-02
3003 7.099763784291e-02
3004 7.099763784291e-02
3005 7.099763784291e-02
3006 7.099763784291e-02
3007 7.099763784291e-02
3008 7.099763784291e-02
3009 7.099763784291e-02
3010 7.099763784291e-02
3011 7.147683030907e-02
3012 7.147683030907e-02
3013 7.147683030907e-02
3014 7.147683030907e-02
3015 7.147683030907e-02
3016 7.147683030907e-02
3017 7.147683030907e-02
3018 7.147683030907e-02
3019 7.147683030907e-02
3020 7.147683030907e-02
3021 7.196753878635e-02
3022 7.196753878635e-02
3023 7.196753878635e-02
3024 7.196753878635e-02
3025 7.196753878635e-02
3026 7.196753878635e-02
3027 7.196753878635e-02
3028 7.196753878635e-02
3029 7.196753878635e-02
3030 7.196753878635e-02
3031 7.237839777201e-02
3032 7.237839777201e-02
3033 7.237839777201e-02
3034 7.237839777201e-02
3035 7.237839777201e-02
3036 7.237839777201e-02
3037 7.237839777201e-02
3038 7.237839777201e-02
3039 7.237839777201e-02
3040 7.237839777201e-02
3041 7.274115569115e-02
3042 7.274115569115e-02
3043 7.274115569115e-02
3044 7.274115569115e-02
3045 7.274115569115e-02
3046 7.274115569115e-02
3047 7.274115569115e-02
3048 7.274115569115e-02
3049 7.274115569115e-02
3050 7.274115569115e-02
3051 7.319801132623e-02
3052 7.319801132623e-02
3053 7.319801132623e-02
3054 7.319801132623e-02
3055 7.319801132623e-02
3056 7.319801132623e-02
3057 7.319801132623e-02
3058 7.319801132623e-02
3059 7.319801132623e-02
3060 7.319801132623e-02
3061 7.362788018348e-02
3062 7.362788018348e-02
3063 7.362788018348e-02
3064 7.362788018348e-02
3065 7.362788018348e-02
3066 7.362788018348e-02
3067 7.362788018348e-02
3068 7.362788018348e-02
3069 7.362788018348e-02
3070 7.362788018348e-02
3071 7.406395185670e-02
3072 7.406395185670e-02
3073 7.406395185670e-02
3074 7.406395185670e-02
3075 7.406395185670e-02
3076 7.406395185670e-02
3077 7.406395185670e-02
3078 7.406395185670e-02
3079 7.406395185670e-02
3080 7.406395185670e-02
3081 7.467410380024e-02
3082 7.467410380024e-02
3083 7.467410380024e-02
3084 7.467410380024e-02
3085 7.467410380024e-02
3086 7.467410380024e-02
3087 7.467410380024e-02
3088 7.467410380024e-02
3089 7.467410380024e-02
3090 7.467410380024e-02
3091 7.516129630649e-02
3092 7.516129630649e-02
3093 7.516129630649e-02
3094 7.516129630649e-02
3095 7.516129630649e-02
3096 7.516129630649e-02
3097 7.516129630649e-02
3098 7.516129630649e-02
3099 7.516129630649e-02
3100 7.516129630649e-02
3101 7.555491485949e-02
3102 7.555491485949e-02
3103 7.555491485949e-02
3104 7.555491485949e-02
3105 7.555491485949e-02
3106 7.555491485949e-02
3107 7.555491485949e-02
3108 7.555491485949e-02
3109 7.555491485949e-02
3110 7.555491485949e-02
3111 7.600527062130e-02
3112 7.600527062130e-02
3113 7.600527062130e-02
3114 7.600527062130e-02
3115 7.600527062130e-02
3116 7.600527062130e-02
3117 7.600527062130e-02
3118 7.600527062130e-02
3119 7.600527062130e-02
3120 7.600527062130e-02
3121 7.632912278165e-02
3122 7.632912278165e-02
3123 7.632912278165e-02
3124 7.632912278165e-02
3125 7.632912278165e-02
3126 7.632912278165e-02
3127 7.632912278165e-02
3128 7.632912278165e-02
3129 7.632912278165e-02
3130 7.632912278165e-02
3131 7.665244071690e-02
3132 7.665244071690e-02
3133 7.665244071690e-02
3134 7.665244071690e-02
3135 7.665244071690e-02
3136 7.665244071690e-02
3137 7.665244071690e-02
3138 7.665244071690e-02
3139 7.665244071690e-02
3140 7.665244071690e-02
3141 7.712339543743e-02
3142 7.712339543743e-02
3143 7.712339543743e-02
3144 7.712339543743e-02
3145 7.712339543743e-02
3146 7.712339543743e-02
3147 7.712339543743e-02
3148 7.712339543743e-02
3149 7.712339543743e-02
3150 7.712339543743e-02
3151 7.764939252659e-02
3152 7.764939252659e-02
3153 7.764939252659e-02
3154 7.764939252659e-02
3155 7.764939252659e-02
3156 7.764939252659e-02
3157 7.764939252659e-02
3158 7.764939252659e-02
3159 7.764939252659e-02
3160 7.764939252659e-02
3161 7.819275910387e-02
3162 7.819275910387e-02
3163 7.819275910387e-02
3164 7.819275910387e-02
3165 7.819275910387e-02
3166 7.819275910387e-02
3167 7.819275910387e-02
3168 7.819275910387e-02
3169 7.819275910387e-02
3170 7.819275910387e-02
3171 7.868811994288e-02
3172 7.868811994288e-02
3173 7.868811994288e-02
3174 7.868811994288e-02
3175 7.868811994288e-02
3176 7.868811994288e-02
3177 7.868811994288e-02
3178 7.868811994288e-02
3179 7.868811994288e-02
3180 7.868811994288e-02
3181 7.916115268114e-02
3182 7.916115268114e-02
3183 7.916115268114e-02
3184 7.916115268114e-02
3185 7.916115268114e-02
3186 7.916115268114e-02
3187 7.916115268114e-02
3188 7.916115268114e-02
3189 7.916115268114e-02
3190 7.916115268114e-02
3191 7.965426889949e-02
3192 7.965426889949e-02
3193 7.965426889949e-02
3194 7.965426889949e-02
3195 7.965426889949e-02
3196 7.965426889949e-02
3197 7.965426889949e-02
3198 7.965426889949e-02
3199 7.965426889949e-02
3200 7.965426889949e-02
3201 8.021648488037e-02
3202 8.021648488037e-02
3203 8.021648488037e-02
3204 8.021648488037e-02
3205 8.021648488037e-02
3206 8.021648488037e-02
3207 8.021648488037e-02
3208 8.021648488037e-02
3209 8.021648488037e-02
3210 8.021648488037e-02
3211 8.093458387082e-02
3212 8.093458387082e-02
3213 8.093458387082e-02
3214 8.093458387082e-02
3215 8.093458387082e-02
3216 8.093458387082e-02
3217 8.093458387082e-02
3218 8.093458387082e-02
3219 8.093458387082e-02
3220 8.093458387082e-02
3221 8.163567963069e-02
3222 8.163567963069e-02
3223 8.163567963069e-02
3224 8.163567963069e-02
3225 8.163567963069e-02
3226 8.163567963069e-02
3227 8.163567963069e-02
3228 8.163567963069e-02
3229 8.163567963069e-02
3230 8.163567963069e-02
3231 8.224139393227e-02
3232 8.224139393227e-02
3233 8.224139393227e-02
3234 8.224139393227e-02
3235 8.224139393227e-02
3236 8.224139393227e-02
3237 8.224139393227e-02
3238 8.224139393227e-02
3239 8.224139393227e-02
3240 8.224139393227e-02
3241 8.282194278541e-02
3242 8.282194278541e-02
3243 8.282194278541e-02
3244 8.282194278541e-02
