1 -3.069575825325e+03
2 -3.069575824315e+03
3 -3.069575816298e+03
4 -3.069575789607e+03
5 -3.069575727506e+03
6 -3.069575608972e+03
7 -3.069575409534e+03
8 -3.069575102048e+03
9 -3.069574657297e+03
10 -3.069574044345e+03
11 -3.069573230611e+03
12 -3.069572181680e+03
13 -3.069570860892e+03
14 -3.069569228802e+03
15 -3.069567242598e+03
16 -3.069564855576e+03
17 -3.069562016767e+03
18 -3.069558670771e+03
19 -3.069554757867e+03
20 -3.069550214385e+03
21 -3.069544973341e+03
22 -3.069538965286e+03
23 -3.069532119294e+03
24 -3.069524364027e+03
25 -3.069515628765e+03
26 -3.069505844345e+03
27 -3.069494943911e+03
28 -3.069482863449e+03
29 -3.069469542057e+03
30 -3.069454921960e+03
31 -3.069438948281e+03
32 -3.069421568633e+03
33 -3.069402732574e+03
34 -3.069382391027e+03
35 -3.069360495721e+03
36 -3.069336998769e+03
37 -3.069311852413e+03
38 -3.069285009030e+03
39 -3.069256421405e+03
40 -3.069226043295e+03
41 -3.069193830272e+03
42 -3.069159740762e+03
43 -3.069123737264e+03
44 -3.069085787590e+03
45 -3.069045866051e+03
46 -3.069003954458e+03
47 -3.068960042841e+03
48 -3.068914129799e+03
49 -3.068866222446e+03
50 -3.068816335962e+03
51 -3.068764492807e+03
52 -3.068710721635e+03
53 -3.068655056204e+03
54 -3.068597534210e+03
55 -3.068538196344e+03
56 -3.068477085640e+03
57 -3.068414247206e+03
58 -3.068349728366e+03
59 -3.068283579188e+03
60 -3.068215853339e+03
61 -3.068146609183e+03
62 -3.068075910661e+03
63 -3.068003828636e+03
64 -3.067930441449e+03
65 -3.067855835429e+03
66 -3.067780104952e+03
67 -3.067703352105e+03
68 -3.067625685965e+03
69 -3.067547221585e+03
70 -3.067468078748e+03
71 -3.067388380832e+03
72 -3.067308252617e+03
73 -3.067227820280e+03
74 -3.067147209507e+03
75 -3.067066544895e+03
76 -3.066985949459e+03
77 -3.066905544458e+03
78 -3.066825449520e+03
79 -3.066745782991e+03
80 -3.066666662373e+03
81 -3.066588205402e+03
82 -3.066510527968e+03
83 -3.066433747874e+03
84 -3.066357982315e+03
85 -3.066283347909e+03
86 -3.066209959981e+03
87 -3.066137931580e+03
88 -3.066067372310e+03
89 -3.065998387232e+03
90 -3.065931075793e+03
91 -3.065865532283e+03
92 -3.065801840058e+03
93 -3.065740078910e+03
94 -3.065680319855e+03
95 -3.065622626565e+03
96 -3.065567055637e+03
97 -3.065513656951e+03
98 -3.065462474075e+03
99 -3.065413544560e+03
100 -3.065366900286e+03
101 -3.065322569596e+03
102 -3.065280569144e+03
103 -3.065240916162e+03
104 -3.065203620041e+03
105 -3.065168684009e+03
106 -3.065136104778e+03
107 -3.065105872132e+03
108 -3.065077968525e+03
109 -3.065052368770e+03
110 -3.065029039854e+03
111 -3.065007943773e+03
112 -3.064989026239e+03
113 -3.064972234128e+03
114 -3.064957504510e+03
115 -3.064944768036e+03
116 -3.064933949510e+03
117 -3.064924968460e+03
118 -3.064917739655e+03
119 -3.064912173553e+03
120 -3.064908176660e+03
121 -3.064905655456e+03
122 -3.064904502019e+03
123 -3.064904616061e+03
124 -3.064905890493e+03
125 -3.064908215206e+03
126 -3.064911477238e+03
127 -3.064915560977e+03
128 -3.064920348402e+03
129 -3.064925719383e+03
130 -3.064931552021e+03
131 -3.064937727530e+03
132 -3.064944112561e+03
133 -3.064950586716e+03
134 -3.064957024853e+03
135 -3.064963301967e+03
136 -3.064969293500e+03
137 -3.064974875597e+03
138 -3.064979925295e+03
139 -3.064984320657e+03
140 -3.064987940854e+03
141 -3.064990671366e+03
142 -3.064992383474e+03
143 -3.064992965198e+03
144 -3.064992300858e+03
145 -3.064990276413e+03
146 -3.064986779714e+03
147 -3.064981700798e+03
148 -3.064974932206e+03
149 -3.064966369296e+03
150 -3.064955910518e+03
151 -3.064943462471e+03
152 -3.064928920732e+03
153 -3.064912198930e+03
154 -3.064893209461e+03
155 -3.064871868315e+03
156 -3.064848095050e+03
157 -3.064821812776e+03
158 -3.064792948166e+03
159 -3.064761431503e+03
160 -3.064727196793e+03
161 -3.064690185286e+03
162 -3.064650332301e+03
163 -3.064607587627e+03
164 -3.064561902473e+03
165 -3.064513233192e+03
166 -3.064461541675e+03
167 -3.064406795740e+03
168 -3.064348969493e+03
169 -3.064288043657e+03
170 -3.064224005834e+03
171 -3.064156852475e+03
172 -3.064086582040e+03
173 -3.064013205608e+03
174 -3.063936739965e+03
175 -3.063857209410e+03
176 -3.063774645816e+03
177 -3.063689088690e+03
178 -3.063600585253e+03
179 -3.063509190533e+03
180 -3.063414967470e+03
181 -3.063317988510e+03
182 -3.063218329794e+03
183 -3.063116080153e+03
184 -3.063011335216e+03
185 -3.062904198903e+03
186 -3.062794783367e+03
187 -3.062683208841e+03
188 -3.062569603401e+03
189 -3.062454102614e+03
190 -3.062336849087e+03
191 -3.062217995528e+03
192 -3.062097689602e+03
193 -3.061976095028e+03
194 -3.061853376278e+03
195 -3.061729701487e+03
196 -3.061605241760e+03
197 -3.061480170548e+03
198 -3.061354663106e+03
199 -3.061228896051e+03
200 -3.061103046986e+03
201 -3.060977302907e+03
202 -3.060851824968e+03
203 -3.060726800600e+03
204 -3.060602408113e+03
205 -3.060478824973e+03
206 -3.060356227234e+03
207 -3.060234788874e+03
208 -3.060114681066e+03
209 -3.059996071415e+03
210 -3.059879123180e+03
211 -3.059764010666e+03
212 -3.059650853884e+03
213 -3.059539814891e+03
214 -3.059431032497e+03
215 -3.059324637901e+03
216 -3.059220754233e+03
217 -3.059119496148e+03
218 -3.059020969497e+03
219 -3.058925271060e+03
220 -3.058832488349e+03
221 -3.058742722725e+03
222 -3.058655996380e+03
223 -3.058572391958e+03
224 -3.058491959611e+03
225 -3.058414740391e+03
226 -3.058340766467e+03
227 -3.058270061354e+03
228 -3.058202640114e+03
229 -3.058138509528e+03
230 -3.058077668317e+03
231 -3.058020133840e+03
232 -3.057965836476e+03
233 -3.057914778725e+03
234 -3.057866929775e+03
235 -3.057822252398e+03
236 -3.057780703422e+03
237 -3.057742234221e+03
238 -3.057706791184e+03
239 -3.057674316152e+03
240 -3.057644746798e+03
241 -3.057618041901e+03
242 -3.057594081843e+03
243 -3.057572818443e+03
244 -3.057554175487e+03
245 -3.057538073836e+03
246 -3.057524431595e+03
247 -3.057513164275e+03
248 -3.057504184923e+03
249 -3.057497404237e+03
250 -3.057492730653e+03
251 -3.057490090259e+03
252 -3.057489347557e+03
253 -3.057490424413e+03
254 -3.057493220972e+03
255 -3.057497635518e+03
256 -3.057503564580e+03
257 -3.057510903017e+03
258 -3.057519544119e+03
259 -3.057529379698e+03
260 -3.057540300192e+03
261 -3.057552206491e+03
262 -3.057564963271e+03
263 -3.057578469281e+03
264 -3.057592610839e+03
265 -3.057607273661e+03
266 -3.057622343040e+03
267 -3.057637703991e+03
268 -3.057653241379e+03
269 -3.057668840027e+03
270 -3.057684384811e+03
271 -3.057699762134e+03
272 -3.057714854600e+03
273 -3.057729549314e+03
274 -3.057743732712e+03
275 -3.057757292175e+03
276 -3.057770116357e+03
277 -3.057782095566e+03
278 -3.057793122177e+03
279 -3.057803091076e+03
280 -3.057811900110e+03
281 -3.057819443234e+03
282 -3.057825640212e+03
283 -3.057830393144e+03
284 -3.057833616141e+03
285 -3.057835228358e+03
286 -3.057835154307e+03
287 -3.057833324117e+03
288 -3.057829673737e+03
289 -3.057824145072e+03
290 -3.057816686064e+03
291 -3.057807241111e+03
292 -3.057795789380e+03
293 -3.057782287177e+03
294 -3.057766706126e+03
295 -3.057749023378e+03
296 -3.057729221344e+03
297 -3.057707287394e+03
298 -3.057683213505e+03
299 -3.057656995870e+03
300 -3.057628634465e+03
301 -3.057598126958e+03
302 -3.057565490747e+03
303 -3.057530728731e+03
304 -3.057493851308e+03
305 -3.057454870331e+03
306 -3.057413798707e+03
307 -3.057370650076e+03
308 -3.057325438571e+03
309 -3.057278178653e+03
310 -3.057228885054e+03
311 -3.057177574468e+03
312 -3.057124259049e+03
313 -3.057068956535e+03
314 -3.057011683928e+03
315 -3.056952459480e+03
316 -3.056891303091e+03
317 -3.056828236736e+03
318 -3.056763284910e+03
319 -3.056696475079e+03
320 -3.056627838127e+03
321 -3.056557419063e+03
322 -3.056485236354e+03
323 -3.056411343740e+03
324 -3.056335789681e+03
325 -3.056258627863e+03
326 -3.056179917473e+03
327 -3.056099723462e+03
328 -3.056018116793e+03
329 -3.055935174659e+03
330 -3.055850980674e+03
331 -3.055765640053e+03
332 -3.055679219688e+03
333 -3.055591837808e+03
334 -3.055503604202e+03
335 -3.055414634784e+03
336 -3.055325051159e+03
337 -3.055234980053e+03
338 -3.055144552643e+03
339 -3.055053903801e+03
340 -3.054963171308e+03
341 -3.054872506520e+03
342 -3.054782027970e+03
343 -3.054691888833e+03
344 -3.054602231059e+03
345 -3.054513196065e+03
346 -3.054424924247e+03
347 -3.054337554520e+03
348 -3.054251223895e+03
349 -3.054166067061e+03
350 -3.054082215967e+03
351 -3.053999802309e+03
352 -3.053918945491e+03
353 -3.053839769380e+03
354 -3.053762390442e+03
355 -3.053686920051e+03
356 -3.053613463974e+03
357 -3.053542121834e+03
358 -3.053472986574e+03
359 -3.053406143918e+03
360 -3.053341671845e+03
361 -3.053279636567e+03
362 -3.053220106294e+03
363 -3.053163129439e+03
364 -3.053108748656e+03
365 -3.053056997039e+03
366 -3.053007898034e+03
367 -3.052961465435e+03
368 -3.052917703498e+03
369 -3.052876607140e+03
370 -3.052838162234e+03
371 -3.052802346842e+03
372 -3.052769128344e+03
373 -3.052738468640e+03
374 -3.052710321682e+03
375 -3.052684634772e+03
376 -3.052661349171e+03
377 -3.052640400740e+03
378 -3.052621720590e+03
379 -3.052605235749e+03
380 -3.052590869821e+03
381 -3.052578559071e+03
382 -3.052568191485e+03
383 -3.052559699339e+03
384 -3.052552998626e+03
385 -3.052548004751e+03
386 -3.052544632951e+03
387 -3.052542798650e+03
388 -3.052542417765e+03
389 -3.052543406952e+03
390 -3.052545683808e+03
391 -3.052549195364e+03
392 -3.052553804981e+03
393 -3.052559462077e+03
394 -3.052566089295e+03
395 -3.052573610751e+03
396 -3.052581952070e+03
397 -3.052591040407e+03
398 -3.052600804418e+03
399 -3.052611174191e+03
400 -3.052622081122e+03
401 -3.052633490279e+03
402 -3.052645270083e+03
403 -3.052657387208e+03
404 -3.052669776322e+03
405 -3.052682372403e+03
406 -3.052695110611e+03
407 -3.052707926224e+03
408 -3.052720754652e+03
409 -3.052733531500e+03
410 -3.052746192672e+03
411 -3.052758705132e+03
412 -3.052770944450e+03
413 -3.052782878832e+03
414 -3.052794446571e+03
415 -3.052805586774e+03
416 -3.052816239426e+03
417 -3.052826345422e+03
418 -3.052835846609e+03
419 -3.052844685831e+03
420 -3.052852806970e+03
421 -3.052860183239e+03
422 -3.052866704279e+03
423 -3.052872345705e+03
424 -3.052877056171e+03
425 -3.052880785713e+03
426 -3.052883485850e+03
427 -3.052885109694e+03
428 -3.052885612087e+03
429 -3.052884949746e+03
430 -3.052883081425e+03
431 -3.052879999321e+03
432 -3.052875604287e+03
433 -3.052869893380e+03
434 -3.052862835055e+03
435 -3.052854400476e+03
436 -3.052844563565e+03
437 -3.052833301008e+03
438 -3.052820592227e+03
439 -3.052806419316e+03
440 -3.052790766949e+03
441 -3.052773664526e+03
442 -3.052755017010e+03
443 -3.052734858223e+03
444 -3.052713181752e+03
445 -3.052689982978e+03
446 -3.052665258882e+03
447 -3.052639007859e+03
448 -3.052611229534e+03
449 -3.052581924603e+03
450 -3.052551094695e+03
451 -3.052518797432e+03
452 -3.052484925780e+03
453 -3.052449538801e+03
454 -3.052412641264e+03
455 -3.052374238842e+03
456 -3.052334338302e+03
457 -3.052292947773e+03
458 -3.052250077097e+03
459 -3.052205738263e+03
460 -3.052159945887e+03
461 -3.052112780450e+03
462 -3.052064137948e+03
463 -3.052014106691e+03
464 -3.051962716841e+03
465 -3.051910003433e+03
466 -3.051856006570e+03
467 -3.051800771475e+03
468 -3.051744348420e+03
469 -3.051686792533e+03
470 -3.051628163516e+03
471 -3.051568593959e+03
472 -3.051508014079e+03
473 -3.051446563783e+03
474 -3.051384317124e+03
475 -3.051321350699e+03
476 -3.051257743262e+03
477 -3.051193575379e+03
478 -3.051128929107e+03
479 -3.051063887735e+03
480 -3.050998535562e+03
481 -3.050933045187e+03
482 -3.050867327430e+03
483 -3.050801556518e+03
484 -3.050735819772e+03
485 -3.050670205242e+03
486 -3.050604801743e+03
487 -3.050539698861e+03
488 -3.050474986905e+03
489 -3.050410756783e+03
490 -3.050347099773e+03
491 -3.050284227328e+03
492 -3.050221989771e+03
493 -3.050160597419e+03
494 -3.050100138594e+03
495 -3.050040699294e+03
496 -3.049982362448e+03
497 -3.049925207160e+03
498 -3.049869307981e+03
499 -3.049814734243e+03
500 -3.049761549482e+03
501 -3.049709952434e+03
502 -3.049659710376e+03
503 -3.049611009144e+03
504 -3.049563885877e+03
505 -3.049518370999e+03
506 -3.049474488415e+03
507 -3.049432255800e+03
508 -3.049391684953e+03
509 -3.049352782195e+03
510 -3.049315548807e+03
511 -3.049280109867e+03
512 -3.049246200747e+03
513 -3.049213939277e+03
514 -3.049183311433e+03
515 -3.049154300662e+03
516 -3.049126888407e+03
517 -3.049101054567e+03
518 -3.049076777900e+03
519 -3.049054036298e+03
520 -3.049032806941e+03
521 -3.049013163278e+03
522 -3.048994886802e+03
523 -3.048978049162e+03
524 -3.048962623431e+03
525 -3.048948580825e+03
526 -3.048935890275e+03
527 -3.048924518029e+03
528 -3.048914427294e+03
529 -3.048905577960e+03
530 -3.048897926408e+03
531 -3.048891510614e+03
532 -3.048886109398e+03
533 -3.048881753620e+03
534 -3.048878385787e+03
535 -3.048875945542e+03
536 -3.048874370134e+03
537 -3.048873594976e+03
538 -3.048873554295e+03
539 -3.048874181822e+03
540 -3.048875411507e+03
541 -3.048877283731e+03
542 -3.048879524080e+03
543 -3.048882176622e+03
544 -3.048885182817e+03
545 -3.048888487352e+03
546 -3.048892038518e+03
547 -3.048895788484e+03
548 -3.048899693462e+03
549 -3.048903713771e+03
550 -3.048907813771e+03
551 -3.048912092319e+03
552 -3.048916260047e+03
553 -3.048920422352e+03
554 -3.048924556699e+03
555 -3.048928642486e+03
556 -3.048932660332e+03
557 -3.048936591362e+03
558 -3.048940416500e+03
559 -3.048944115842e+03
560 -3.048947668113e+03
561 -3.048951179658e+03
562 -3.048954366582e+03
563 -3.048957330821e+03
564 -3.048960042695e+03
565 -3.048962470295e+03
566 -3.048964579636e+03
567 -3.048966334884e+03
568 -3.048967698639e+03
569 -3.048968632263e+03
570 -3.048969096240e+03
571 -3.048969160357e+03
572 -3.048968564844e+03
573 -3.048967379607e+03
574 -3.048965565347e+03
575 -3.048963083712e+03
576 -3.048959897613e+03
577 -3.048955971521e+03
578 -3.048951271730e+03
579 -3.048945766585e+03
580 -3.048939426666e+03
581 -3.048932323378e+03
582 -3.048924235138e+03
583 -3.048915238181e+03
584 -3.048905312602e+03
585 -3.048894440694e+03
586 -3.048882606762e+03
587 -3.048869796916e+03
588 -3.048855998844e+03
589 -3.048841201603e+03
590 -3.048825395438e+03
591 -3.048808683678e+03
592 -3.048790834716e+03
593 -3.048771953522e+03
594 -3.048752034125e+03
595 -3.048731071465e+03
596 -3.048709061433e+03
597 -3.048686000926e+03
598 -3.048661887887e+03
599 -3.048636721348e+03
600 -3.048610501442e+03
601 -3.048583380436e+03
602 -3.048555058863e+03
603 -3.048525690669e+03
604 -3.048495279986e+03
605 -3.048463831717e+03
606 -3.048431351440e+03
607 -3.048397845339e+03
608 -3.048363320204e+03
609 -3.048327783502e+03
610 -3.048291243541e+03
611 -3.048253886807e+03
612 -3.048215370133e+03
613 -3.048175883036e+03
614 -3.048135440275e+03
615 -3.048094059124e+03
616 -3.048051759672e+03
617 -3.048008565052e+03
618 -3.047964501581e+03
619 -3.047919598833e+03
620 -3.047873889636e+03
621 -3.047827565621e+03
622 -3.047780355213e+03
623 -3.047732455942e+03
624 -3.047683912958e+03
625 -3.047634774183e+03
626 -3.047585090140e+03
627 -3.047534913757e+03
628 -3.047484300135e+03
629 -3.047433306289e+03
630 -3.047381990877e+03
631 -3.047330535604e+03
632 -3.047278758951e+03
633 -3.047226843695e+03
634 -3.047174852173e+03
635 -3.047122846977e+03
636 -3.047070890712e+03
637 -3.047019045770e+03
638 -3.046967374113e+03
639 -3.046915937090e+03
640 -3.046864795292e+03
641 -3.046814125683e+03
642 -3.046763753457e+03
643 -3.046713853165e+03
644 -3.046664482166e+03
645 -3.046615697266e+03
646 -3.046567554886e+03
647 -3.046520111214e+03
648 -3.046473422298e+03
649 -3.046427544049e+03
650 -3.046382532147e+03
651 -3.046338593163e+03
652 -3.046295479381e+03
653 -3.046253395067e+03
654 -3.046212392017e+03
655 -3.046172519994e+03
656 -3.046133826282e+03
657 -3.046096355251e+03
658 -3.046060147972e+03
659 -3.046025241856e+03
660 -3.045991670346e+03
661 -3.045959675341e+03
662 -3.045928856548e+03
663 -3.045899446467e+03
664 -3.045871460545e+03
665 -3.045844909497e+03
666 -3.045819799320e+03
667 -3.045796131348e+03
668 -3.045773902319e+03
669 -3.045753104461e+03
670 -3.045733725565e+03
671 -3.045716011983e+03
672 -3.045699417588e+03
673 -3.045684179483e+03
674 -3.045670268341e+03
675 -3.045657650785e+03
676 -3.045646289538e+03
677 -3.045636143629e+03
678 -3.045627168637e+03
679 -3.045619316989e+03
680 -3.045612538293e+03
681 -3.045607027464e+03
682 -3.045602234764e+03
683 -3.045598350543e+03
684 -3.045595316900e+03
685 -3.045593075073e+03
686 -3.045591565837e+03
687 -3.045590729889e+03
688 -3.045590508205e+03
689 -3.045590842369e+03
690 -3.045591674867e+03
691 -3.045593141068e+03
692 -3.045594802864e+03
693 -3.045596798253e+03
694 -3.045599075625e+03
695 -3.045601585293e+03
696 -3.045604279599e+03
697 -3.045607112980e+03
698 -3.045610041958e+03
699 -3.045613025089e+03
700 -3.045616022827e+03
701 -3.045619171999e+03
702 -3.045622086946e+03
703 -3.045624907336e+03
704 -3.045627599233e+03
705 -3.045630129622e+03
706 -3.045632466309e+03
707 -3.045634577881e+03
708 -3.045636433752e+03
709 -3.045638004282e+03
710 -3.045639260960e+03
711 -3.045640401014e+03
712 -3.045640950173e+03
713 -3.045641109251e+03
714 -3.045640856866e+03
715 -3.045640174094e+03
716 -3.045639044675e+03
717 -3.045637455156e+03
718 -3.045635394956e+03
719 -3.045632856356e+03
720 -3.045629834420e+03
721 -3.045626630950e+03
722 -3.045622637915e+03
723 -3.045618161751e+03
724 -3.045613206806e+03
725 -3.045607779172e+03
726 -3.045601886450e+03
727 -3.045595537515e+03
728 -3.045588742310e+03
729 -3.045581511674e+03
730 -3.045573857223e+03
731 -3.045566122267e+03
732 -3.045557657726e+03
733 -3.045548808488e+03
734 -3.045539589232e+03
735 -3.045530015654e+03
736 -3.045520104638e+03
737 -3.045509874425e+03
738 -3.045499344741e+03
739 -3.045488536866e+03
740 -3.045477473594e+03
741 -3.045466468177e+03
742 -3.045454967467e+03
743 -3.045443286657e+03
744 -3.045431451882e+03
745 -3.045419488829e+03
746 -3.045407422076e+03
747 -3.045395274404e+03
748 -3.045383066142e+03
749 -3.045370814565e+03
750 -3.045358533398e+03
751 -3.045346452316e+03
752 -3.045334137211e+03
753 -3.045321809678e+03
754 -3.045309467468e+03
755 -3.045297104731e+03
756 -3.045284712484e+03
757 -3.045272279167e+03
758 -3.045259791247e+03
759 -3.045247233824e+03
760 -3.045234591200e+03
761 -3.045222020166e+03
762 -3.045209158991e+03
763 -3.045196165395e+03
764 -3.045183024934e+03
765 -3.045169724292e+03
766 -3.045156251535e+03
767 -3.045142596325e+03
768 -3.045128750111e+03
769 -3.045114706284e+03
770 -3.045100460298e+03
771 -3.045086175174e+03
772 -3.045071519339e+03
773 -3.045056660896e+03
774 -3.045041604456e+03
775 -3.045026357160e+03
776 -3.045010928817e+03
777 -3.044995332050e+03
778 -3.044979582460e+03
779 -3.044963698779e+03
780 -3.044947703023e+03
781 -3.044931812132e+03
782 -3.044915671319e+03
783 -3.044899505155e+03
784 -3.044883349740e+03
785 -3.044867244770e+03
786 -3.044851233452e+03
787 -3.044835362337e+03
788 -3.044819681055e+03
789 -3.044804241915e+03
790 -3.044789099365e+03
791 -3.044774556347e+03
792 -3.044760174794e+03
793 -3.044746258293e+03
794 -3.044732861559e+03
795 -3.044720036776e+03
796 -3.044707832458e+03
797 -3.044696292371e+03
798 -3.044685454528e+03
799 -3.044675350350e+03
800 -3.044666003994e+03
801 -3.044657741507e+03
802 -3.044649951582e+03
803 -3.044642944733e+03
804 -3.044636713572e+03
805 -3.044631243236e+03
806 -3.044626511875e+03
807 -3.044622491242e+03
808 -3.044619147356e+03
809 -3.044616441210e+03
810 -3.044614329495e+03
811 -3.044613108315e+03
812 -3.044612041503e+03
813 -3.044611420499e+03
814 -3.044611191934e+03
815 -3.044611301652e+03
816 -3.044611695355e+03
817 -3.044612319244e+03
818 -3.044613120686e+03
819 -3.044614048902e+03
820 -3.044615055662e+03
821 -3.044616426473e+03
822 -3.044617459318e+03
823 -3.044618447772e+03
824 -3.044619360085e+03
825 -3.044620169841e+03
826 -3.044620856191e+03
827 -3.044621403904e+03
828 -3.044621803262e+03
829 -3.044622049770e+03
830 -3.044622143732e+03
831 -3.044622372205e+03
832 -3.044622178827e+03
833 -3.044621856652e+03
834 -3.044621419037e+03
835 -3.044620880918e+03
836 -3.044620258197e+03
837 -3.044619567189e+03
838 -3.044618824138e+03
839 -3.044618044829e+03
840 -3.044617244259e+03
841 -3.044616645271e+03
842 -3.044615843057e+03
843 -3.044615057725e+03
844 -3.044614299415e+03
845 -3.044613576951e+03
846 -3.044612897907e+03
847 -3.044612268716e+03
848 -3.044611694825e+03
849 -3.044611180872e+03
850 -3.044610730890e+03
851 -3.044610498964e+03
852 -3.044610187641e+03
853 -3.044609950928e+03
854 -3.044609792603e+03
855 -3.044609716841e+03
856 -3.044609728311e+03
857 -3.044609832221e+03
858 -3.044610034286e+03
859 -3.044610340630e+03
860 -3.044610757607e+03
861 -3.044611453853e+03
862 -3.044612110982e+03
863 -3.044612896653e+03
864 -3.044613815383e+03
865 -3.044614870444e+03
866 -3.044616063599e+03
867 -3.044617394906e+03
868 -3.044618862588e+03
869 -3.044620462999e+03
870 -3.044622190670e+03
871 -3.044624280929e+03
872 -3.044626240358e+03
873 -3.044628301431e+03
874 -3.044630453457e+03
875 -3.044632685312e+03
876 -3.044634985910e+03
877 -3.044637344715e+03
878 -3.044639752281e+03
879 -3.044642200796e+03
880 -3.044644684618e+03
881 -3.044647500757e+03
882 -3.044650049431e+03
883 -3.044652633811e+03
884 -3.044655260849e+03
885 -3.044657941101e+03
886 -3.044660688641e+03
887 -3.044663520839e+03
888 -3.044666458009e+03
889 -3.044669522934e+03
890 -3.044672740304e+03
891 -3.044676408414e+03
892 -3.044680009627e+03
893 -3.044683842084e+03
894 -3.044687931272e+03
895 -3.044692301039e+03
896 -3.044696972875e+03
897 -3.044701965216e+03
898 -3.044707292806e+03
899 -3.044712966118e+03
900 -3.044718990881e+03
901 -3.044725541993e+03
902 -3.044732267227e+03
903 -3.044739329869e+03
904 -3.044746714555e+03
905 -3.044754400804e+03
906 -3.044762363379e+03
907 -3.044770572787e+03
908 -3.044778995899e+03
909 -3.044787596641e+03
910 -3.044796336743e+03
911 -3.044805297459e+03
912 -3.044814197131e+03
913 -3.044823115710e+03
914 -3.044832013471e+03
915 -3.044840851944e+03
916 -3.044849594413e+03
917 -3.044858206339e+03
918 -3.044866655701e+03
919 -3.044874913334e+03
920 -3.044882953263e+03
921 -3.044890936453e+03
922 -3.044898477969e+03
923 -3.044905747045e+03
924 -3.044912734538e+03
925 -3.044919436515e+03
926 -3.044925854504e+03
927 -3.044931995612e+03
928 -3.044937872456e+03
929 -3.044943502865e+03
930 -3.044948909303e+03
931 -3.044954404029e+03
932 -3.044959444504e+03
933 -3.044964346925e+03
934 -3.044969142197e+03
935 -3.044973860391e+03
936 -3.044978529619e+03
937 -3.044983175049e+03
938 -3.044987818074e+03
939 -3.044992475698e+03
940 -3.044997160123e+03
941 -3.045002233335e+03
942 -3.045006989048e+03
943 -3.045011778395e+03
944 -3.045016594039e+03
945 -3.045021424433e+03
946 -3.045026254323e+03
947 -3.045031065330e+03
948 -3.045035836611e+03
949 -3.045040545564e+03
950 -3.045045168579e+03
951 -3.045050016100e+03
952 -3.045054397237e+03
953 -3.045058623241e+03
954 -3.045062673917e+03
955 -3.045066531669e+03
956 -3.045070182055e+03
957 -3.045073614215e+03
958 -3.045076821133e+03
959 -3.045079799706e+03
960 -3.045082550620e+03
961 -3.045085346538e+03
962 -3.045087657770e+03
963 -3.045089762254e+03
964 -3.045091671330e+03
965 -3.045093397546e+03
966 -3.045094954160e+03
967 -3.045096354736e+03
968 -3.045097612825e+03
969 -3.045098741694e+03
970 -3.045099754099e+03
971 -3.045100878669e+03
972 -3.045101693339e+03
973 -3.045102425313e+03
974 -3.045103083935e+03
975 -3.045103677568e+03
976 -3.045104213611e+03
977 -3.045104698543e+03
978 -3.045105137974e+03
979 -3.045105536708e+03
980 -3.045105898804e+03
981 -3.045106469105e+03
982 -3.045106767534e+03
983 -3.045107037796e+03
984 -3.045107281671e+03
985 -3.045107500610e+03
986 -3.045107695848e+03
987 -3.045107868506e+03
988 -3.045108019655e+03
989 -3.045108150371e+03
990 -3.045108261744e+03
991 -3.045108662430e+03
992 -3.045108738573e+03
993 -3.045108798769e+03
994 -3.045108844227e+03
995 -3.045108876270e+03
996 -3.045108896409e+03
997 -3.045108906445e+03
998 -3.045108908584e+03
999 -3.045108905572e+03
1000 -3.045108900844e+03
1001 -3.045109236963e+03
1002 -3.045109242515e+03
1003 -3.045109262078e+03
1004 -3.045109302998e+03
1005 -3.045109373703e+03
1006 -3.045109483633e+03
1007 -3.045109643111e+03
1008 -3.045109863163e+03
1009 -3.045110155279e+03
1010 -3.045110531145e+03
1011 -3.045111313263e+03
1012 -3.045111891190e+03
1013 -3.045112586255e+03
1014 -3.045113408080e+03
1015 -3.045114365123e+03
1016 -3.045115464513e+03
1017 -3.045116711924e+03
1018 -3.045118111527e+03
1019 -3.045119666001e+03
1020 -3.045121376609e+03
1021 -3.045123466849e+03
1022 -3.045125488930e+03
1023 -3.045127663990e+03
1024 -3.045129989418e+03
1025 -3.045132462289e+03
1026 -3.045135079659e+03
1027 -3.045137838861e+03
1028 -3.045140737794e+03
1029 -3.045143775199e+03
1030 -3.045146950921e+03
1031 -3.045150437657e+03
1032 -3.045153895530e+03
1033 -3.045157499921e+03
1034 -3.045161257123e+03
1035 -3.045165175402e+03
1036 -3.045169264991e+03
1037 -3.045173537956e+03
1038 -3.045178007927e+03
1039 -3.045182689678e+03
1040 -3.045187598585e+03
1041 -3.045192982781e+03
1042 -3.045198391921e+03
1043 -3.045204070961e+03
1044 -3.045210030644e+03
1045 -3.045216278815e+03
1046 -3.045222819883e+03
1047 -3.045229654417e+03
1048 -3.045236778899e+03
1049 -3.045244185612e+03
1050 -3.045251862681e+03
1051 -3.045260173281e+03
1052 -3.045268340361e+03
1053 -3.045276719078e+03
1054 -3.045285283323e+03
1055 -3.045294004377e+03
1056 -3.045302851356e+03
1057 -3.045311791653e+03
1058 -3.045320791360e+03
1059 -3.045329815665e+03
1060 -3.045338829223e+03
1061 -3.045348238640e+03
1062 -3.045357124461e+03
1063 -3.045365893596e+03
1064 -3.045374512040e+03
1065 -3.045382947107e+03
1066 -3.045391167932e+03
1067 -3.045399146034e+03
1068 -3.045406855906e+03
1069 -3.045414275613e+03
1070 -3.045421387336e+03
1071 -3.045428558092e+03
1072 -3.045435019082e+03
1073 -3.045441146908e+03
1074 -3.045446943252e+03
1075 -3.045452414784e+03
1076 -3.045457572994e+03
1077 -3.045462433976e+03
1078 -3.045467018178e+03
1079 -3.045471350149e+03
1080 -3.045475458271e+03
1081 -3.045479690885e+03
1082 -3.045483450772e+03
1083 -3.045487091468e+03
1084 -3.045490652937e+03
1085 -3.045494176563e+03
1086 -3.045497704255e+03
1087 -3.045501277390e+03
1088 -3.045504935652e+03
1089 -3.045508715799e+03
1090 -3.045512650440e+03
1091 -3.045517143236e+03
1092 -3.045521462918e+03
1093 -3.045525998952e+03
1094 -3.045530757391e+03
1095 -3.045535736243e+03
1096 -3.045540925471e+03
1097 -3.045546307308e+03
1098 -3.045551856850e+03
1099 -3.045557542872e+03
1100 -3.045563328824e+03
1101 -3.045569639444e+03
1102 -3.045575499916e+03
1103 -3.045581329714e+03
1104 -3.045587082282e+03
1105 -3.045592711362e+03
1106 -3.045598172042e+03
1107 -3.045603421769e+03
1108 -3.045608421356e+03
1109 -3.045613135948e+03
1110 -3.045617535923e+03
1111 -3.045622055572e+03
1112 -3.045625762057e+03
1113 -3.045629103203e+03
1114 -3.045632076123e+03
1115 -3.045634684890e+03
1116 -3.045636940107e+03
1117 -3.045638858252e+03
1118 -3.045640460827e+03
1119 -3.045641773372e+03
1120 -3.045642824396e+03
1121 -3.045644023865e+03
1122 -3.045644643980e+03
1123 -3.045645095060e+03
1124 -3.045645406995e+03
1125 -3.045645607826e+03
1126 -3.045645723135e+03
1127 -3.045645775599e+03
1128 -3.045645784714e+03
1129 -3.045645766660e+03
1130 -3.045645734315e+03
1131 -3.045645978286e+03
1132 -3.045645943810e+03
1133 -3.045645915678e+03
1134 -3.045645895850e+03
1135 -3.045645884497e+03
1136 -3.045645880449e+03
1137 -3.045645881659e+03
1138 -3.045645885650e+03
1139 -3.045645889948e+03
1140 -3.045645892476e+03
1141 -3.045646127548e+03
1142 -3.045646123529e+03
1143 -3.045646117026e+03
1144 -3.045646110389e+03
1145 -3.045646107430e+03
1146 -3.045646113411e+03
1147 -3.045646134975e+03
1148 -3.045646180020e+03
1149 -3.045646257533e+03
1150 -3.045646377419e+03
1151 -3.045646801191e+03
1152 -3.045647038173e+03
1153 -3.045647351014e+03
1154 -3.045647751599e+03
1155 -3.045648251927e+03
1156 -3.045648863974e+03
1157 -3.045649599561e+03
1158 -3.045650470246e+03
1159 -3.045651487228e+03
1160 -3.045652661275e+03
1161 -3.045654300300e+03
1162 -3.045655819142e+03
1163 -3.045657524351e+03
1164 -3.045659424416e+03
1165 -3.045661527053e+03
1166 -3.045663839085e+03
1167 -3.045666366298e+03
1168 -3.045669113291e+03
1169 -3.045672083334e+03
1170 -3.045675278259e+03
1171 -3.045679043132e+03
1172 -3.045682687923e+03
1173 -3.045686553643e+03
1174 -3.045690635728e+03
1175 -3.045694928043e+03
1176 -3.045699422913e+03
1177 -3.045704111133e+03
1178 -3.045708981954e+03
1179 -3.045714023043e+03
1180 -3.045719220437e+03
1181 -3.045724853602e+03
1182 -3.045730315572e+03
1183 -3.045735881440e+03
1184 -3.045741530221e+03
1185 -3.045747239169e+03
1186 -3.045752983804e+03
1187 -3.045758737968e+03
1188 -3.045764473920e+03
1189 -3.045770162468e+03
1190 -3.045775773170e+03
1191 -3.045781495369e+03
1192 -3.045786856215e+03
1193 -3.045792043330e+03
1194 -3.045797024531e+03
1195 -3.045801768289e+03
1196 -3.045806244265e+03
1197 -3.045810423878e+03
1198 -3.045814280919e+03
1199 -3.045817792184e+03
1200 -3.045820938146e+03
1201 -3.045823867498e+03
1202 -3.045826244203e+03
1203 -3.045828225980e+03
1204 -3.045829814461e+03
1205 -3.045831017799e+03
1206 -3.045831850916e+03
1207 -3.045832335551e+03
1208 -3.045832500122e+03
1209 -3.045832379350e+03
1210 -3.045832013669e+03
1211 -3.045831634961e+03
1212 -3.045830921156e+03
1213 -3.045830108680e+03
1214 -3.045829250212e+03
1215 -3.045828397806e+03
1216 -3.045827601157e+03
1217 -3.045826905861e+03
1218 -3.045826351726e+03
1219 -3.045825971251e+03
1220 -3.045825788349e+03
1221 -3.045826097111e+03
1222 -3.045826343455e+03
1223 -3.045826800266e+03
1224 -3.045827451798e+03
1225 -3.045828273280e+03
1226 -3.045829232144e+03
1227 -3.045830289579e+03
1228 -3.045831402308e+03
1229 -3.045832524492e+03
1230 -3.045833609638e+03
1231 -3.045834970218e+03
1232 -3.045835848546e+03
1233 -3.045836563390e+03
1234 -3.045837081383e+03
1235 -3.045837375038e+03
1236 -3.045837423135e+03
1237 -3.045837210764e+03
1238 -3.045836729094e+03
1239 -3.045835974912e+03
1240 -3.045834950039e+03
1241 -3.045834070718e+03
1242 -3.045832527345e+03
1243 -3.045830742450e+03
1244 -3.045828731626e+03
1245 -3.045826512582e+03
1246 -3.045824104771e+03
1247 -3.045821529065e+03
1248 -3.045818807448e+03
1249 -3.045815962697e+03
1250 -3.045813018040e+03
1251 -3.045810389571e+03
1252 -3.045807315293e+03
1253 -3.045804209716e+03
1254 -3.045801093947e+03
1255 -3.045797987655e+03
1256 -3.045794908832e+03
1257 -3.045791873644e+03
1258 -3.045788896374e+03
1259 -3.045785989479e+03
1260 -3.045783163731e+03
1261 -3.045780770496e+03
1262 -3.045778134107e+03
1263 -3.045775603447e+03
1264 -3.045773184961e+03
1265 -3.045770884667e+03
1266 -3.045768708300e+03
1267 -3.045766661349e+03
1268 -3.045764748974e+03
1269 -3.045762975832e+03
1270 -3.045761345842e+03
1271 -3.045760199073e+03
1272 -3.045758862953e+03
1273 -3.045757674775e+03
1274 -3.045756633147e+03
1275 -3.045755735051e+03
1276 -3.045754975864e+03
1277 -3.045754349445e+03
1278 -3.045753848281e+03
1279 -3.045753463686e+03
1280 -3.045753186022e+03
1281 -3.045753365509e+03
1282 -3.045753270157e+03
1283 -3.045753249446e+03
1284 -3.045753292200e+03
1285 -3.045753387352e+03
1286 -3.045753524104e+03
1287 -3.045753692055e+03
1288 -3.045753881323e+03
1289 -3.045754082630e+03
1290 -3.045754287388e+03
1291 -3.045754898624e+03
1292 -3.045755087622e+03
1293 -3.045755258969e+03
1294 -3.045755407349e+03
1295 -3.045755528345e+03
1296 -3.045755618473e+03
1297 -3.045755675207e+03
1298 -3.045755697016e+03
1299 -3.045755683392e+03
1300 -3.045755634877e+03
1301 -3.045756046344e+03
1302 -3.045755934140e+03
1303 -3.045755795299e+03
1304 -3.045755634966e+03
1305 -3.045755459516e+03
1306 -3.045755276577e+03
1307 -3.045755095048e+03
1308 -3.045754925109e+03
1309 -3.045754778190e+03
1310 -3.045754666907e+03
1311 -3.045755166932e+03
1312 -3.045755168726e+03
1313 -3.045755249412e+03
1314 -3.045755424268e+03
1315 -3.045755708222e+03
1316 -3.045756115293e+03
1317 -3.045756657984e+03
1318 -3.045757346657e+03
1319 -3.045758188921e+03
1320 -3.045759189058e+03
1321 -3.045760916444e+03
1322 -3.045762229199e+03
1323 -3.045763688636e+03
1324 -3.045765282459e+03
1325 -3.045766994183e+03
1326 -3.045768803509e+03
1327 -3.045770686890e+03
1328 -3.045772618250e+03
1329 -3.045774569858e+03
1330 -3.045776513300e+03
1331 -3.045778917921e+03
1332 -3.045780761884e+03
1333 -3.045782518697e+03
1334 -3.045784167534e+03
1335 -3.045785691785e+03
1336 -3.045787079744e+03
1337 -3.045788325113e+03
1338 -3.045789427276e+03
1339 -3.045790391331e+03
1340 -3.045791227852e+03
1341 -3.045792364667e+03
1342 -3.045792997418e+03
1343 -3.045793561090e+03
1344 -3.045794081223e+03
1345 -3.045794584598e+03
1346 -3.045795098112e+03
1347 -3.045795647711e+03
1348 -3.045796257428e+03
1349 -3.045796948573e+03
1350 -3.045797739095e+03
1351 -3.045799004441e+03
1352 -3.045800032544e+03
1353 -3.045801189484e+03
1354 -3.045802476589e+03
1355 -3.045803890998e+03
1356 -3.045805425862e+03
1357 -3.045807070609e+03
1358 -3.045808811253e+03
1359 -3.045810630741e+03
1360 -3.045812509317e+03
1361 -3.045814810408e+03
1362 -3.045816739255e+03
1363 -3.045818655878e+03
1364 -3.045820534516e+03
1365 -3.045822349529e+03
1366 -3.045824076134e+03
1367 -3.045825691129e+03
1368 -3.045827173549e+03
1369 -3.045828505220e+03
1370 -3.045829671166e+03
1371 -3.045831138071e+03
1372 -3.045831940468e+03
1373 -3.045832552722e+03
1374 -3.045832973449e+03
1375 -3.045833204289e+03
1376 -3.045833249614e+03
1377 -3.045833116229e+03
1378 -3.045832813105e+03
1379 -3.045832351158e+03
1380 -3.045831743093e+03
1381 -3.045831552211e+03
1382 -3.045830695307e+03
1383 -3.045829740159e+03
1384 -3.045828706049e+03
1385 -3.045827613925e+03
1386 -3.045826486282e+03
1387 -3.045825346923e+03
1388 -3.045824220568e+03
1389 -3.045823132318e+03
1390 -3.045822106995e+03
1391 -3.045821732603e+03
1392 -3.045820902176e+03
1393 -3.045820199739e+03
1394 -3.045819641357e+03
1395 -3.045819239172e+03
1396 -3.045819000911e+03
1397 -3.045818929559e+03
1398 -3.045819023271e+03
1399 -3.045819275508e+03
1400 -3.045819675424e+03
1401 -3.045820754079e+03
1402 -3.045821403239e+03
1403 -3.045822148596e+03
1404 -3.045822969596e+03
1405 -3.045823845552e+03
1406 -3.045824756461e+03
1407 -3.045825683697e+03
1408 -3.045826610523e+03
1409 -3.045827522419e+03
1410 -3.045828407253e+03
1411 -3.045829770871e+03
1412 -3.045830575076e+03
1413 -3.045831329612e+03
1414 -3.045832030776e+03
1415 -3.045832676263e+03
1416 -3.045833264809e+03
1417 -3.045833795856e+03
1418 -3.045834269227e+03
1419 -3.045834684860e+03
1420 -3.045835042572e+03
1421 -3.045835741665e+03
1422 -3.045835981730e+03
1423 -3.045836161196e+03
1424 -3.045836278245e+03
1425 -3.045836330650e+03
1426 -3.045836315890e+03
1427 -3.045836231339e+03
1428 -3.045836074512e+03
1429 -3.045835843372e+03
1430 -3.045835536683e+03
1431 -3.045835367442e+03
1432 -3.045834911409e+03
1433 -3.045834384920e+03
1434 -3.045833793816e+03
1435 -3.045833146489e+03
1436 -3.045832454031e+03
1437 -3.045831730241e+03
1438 -3.045830991478e+03
1439 -3.045830256359e+03
1440 -3.045829545294e+03
1441 -3.045829020818e+03
1442 -3.045828423996e+03
1443 -3.045827916716e+03
1444 -3.045827519611e+03
1445 -3.045827251447e+03
1446 -3.045827128470e+03
1447 -3.045827163875e+03
1448 -3.045827367449e+03
1449 -3.045827745393e+03
1450 -3.045828300315e+03
1451 -3.045829233292e+03
1452 -3.045830137107e+03
1453 -3.045831206258e+03
1454 -3.045832431523e+03
1455 -3.045833801731e+03
1456 -3.045835304178e+03
1457 -3.045836925000e+03
1458 -3.045838649479e+03
1459 -3.045840462279e+03
1460 -3.045842347602e+03
1461 -3.045844594348e+03
1462 -3.045846575479e+03
1463 -3.045848579438e+03
1464 -3.045850588778e+03
1465 -3.045852585410e+03
1466 -3.045854550434e+03
1467 -3.045856463957e+03
1468 -3.045858304926e+03
1469 -3.045860051044e+03
1470 -3.045861678805e+03
1471 -3.045863524923e+03
1472 -3.045864841297e+03
1473 -3.045865964495e+03
1474 -3.045866869802e+03
1475 -3.045867533733e+03
1476 -3.045867934796e+03
1477 -3.045868054236e+03
1478 -3.045867876689e+03
1479 -3.045867390719e+03
1480 -3.045866589162e+03
1481 -3.045865824733e+03
1482 -3.045864389070e+03
1483 -3.045862642942e+03
1484 -3.045860596134e+03
1485 -3.045858261837e+03
1486 -3.045855656210e+03
1487 -3.045852797951e+03
1488 -3.045849707944e+03
1489 -3.045846409000e+03
1490 -3.045842925706e+03
1491 -3.045839639377e+03
1492 -3.045835869643e+03
1493 -3.045831998898e+03
1494 -3.045828057145e+03
1495 -3.045824074702e+03
1496 -3.045820081397e+03
1497 -3.045816105628e+03
1498 -3.045812173333e+03
1499 -3.045808307008e+03
1500 -3.045804524863e+03
1501 -3.045801235727e+03
1502 -3.045797657967e+03
1503 -3.045794188264e+03
1504 -3.045790824075e+03
1505 -3.045787558275e+03
1506 -3.045784379937e+03
1507 -3.045781275258e+03
1508 -3.045778228572e+03
1509 -3.045775223370e+03
1510 -3.045772243246e+03
1511 -3.045769734770e+03
1512 -3.045766760371e+03
1513 -3.045763769978e+03
1514 -3.045760754399e+03
1515 -3.045757707239e+03
1516 -3.045754625076e+03
1517 -3.045751507571e+03
1518 -3.045748357518e+03
1519 -3.045745180839e+03
1520 -3.045741986522e+03
1521 -3.045739267815e+03
1522 -3.045736076812e+03
1523 -3.045732911876e+03
1524 -3.045729792017e+03
1525 -3.045726737616e+03
1526 -3.045723769742e+03
1527 -3.045720909366e+03
1528 -3.045718176491e+03
1529 -3.045715589256e+03
1530 -3.045713163039e+03
1531 -3.045711276157e+03
1532 -3.045709203643e+03
1533 -3.045707314562e+03
1534 -3.045705606914e+03
1535 -3.045704073846e+03
1536 -3.045702703956e+03
1537 -3.045701481814e+03
1538 -3.045700388673e+03
1539 -3.045699403293e+03
1540 -3.045698502862e+03
1541 -3.045697940822e+03
1542 -3.045697140864e+03
1543 -3.045696357160e+03
1544 -3.045695569586e+03
1545 -3.045694760690e+03
1546 -3.045693916286e+03
1547 -3.045693025897e+03
1548 -3.045692083055e+03
1549 -3.045691085408e+03
1550 -3.045690034654e+03
1551 -3.045689292318e+03
1552 -3.045688155843e+03
1553 -3.045686992223e+03
1554 -3.045685815384e+03
1555 -3.045684640825e+03
1556 -3.045683484927e+03
1557 -3.045682364281e+03
1558 -3.045681295073e+03
1559 -3.045680292541e+03
1560 -3.045679370531e+03
1561 -3.045679071578e+03
1562 -3.045678345143e+03
1563 -3.045677729091e+03
1564 -3.045677228906e+03
1565 -3.045676847680e+03
1566 -3.045676586117e+03
1567 -3.045676442586e+03
1568 -3.045676413234e+03
1569 -3.045676492125e+03
1570 -3.045676671430e+03
1571 -3.045677584203e+03
1572 -3.045677934220e+03
1573 -3.045678352069e+03
1574 -3.045678824736e+03
1575 -3.045679338540e+03
1576 -3.045679879365e+03
1577 -3.045680432855e+03
1578 -3.045680984595e+03
1579 -3.045681520251e+03
1580 -3.045682025694e+03
1581 -3.045683145510e+03
1582 -3.045683549659e+03
1583 -3.045683883517e+03
1584 -3.045684134744e+03
1585 -3.045684291619e+03
1586 -3.045684343105e+03
1587 -3.045684278922e+03
1588 -3.045684089613e+03
1589 -3.045683766613e+03
1590 -3.045683302309e+03
1591 -3.045683327213e+03
1592 -3.045682563265e+03
1593 -3.045681641576e+03
1594 -3.045680558907e+03
1595 -3.045679313207e+03
1596 -3.045677903646e+03
1597 -3.045676330634e+03
1598 -3.045674595832e+03
1599 -3.045672702139e+03
1600 -3.045670653660e+03
1601 -3.045669038033e+03
1602 -3.045666699426e+03
1603 -3.045664225043e+03
1604 -3.045661623088e+03
1605 -3.045658902505e+03
1606 -3.045656072861e+03
1607 -3.045653144218e+03
1608 -3.045650126997e+03
1609 -3.045647031837e+03
1610 -3.045643869441e+03
1611 -3.045641127319e+03
1612 -3.045637863402e+03
1613 -3.045634562998e+03
1614 -3.045631235207e+03
1615 -3.045627888146e+03
1616 -3.045624528665e+03
1617 -3.045621162033e+03
1618 -3.045617791589e+03
1619 -3.045614418396e+03
1620 -3.045611040917e+03
1621 -3.045607980796e+03
1622 -3.045604577581e+03
1623 -3.045601147574e+03
1624 -3.045597677442e+03
1625 -3.045594151397e+03
1626 -3.045590551754e+03
1627 -3.045586859686e+03
1628 -3.045583056126e+03
1629 -3.045579122763e+03
1630 -3.045575043096e+03
1631 -3.045571037540e+03
1632 -3.045566626094e+03
1633 -3.045562039179e+03
1634 -3.045557276732e+03
1635 -3.045552344356e+03
1636 -3.045547253485e+03
1637 -3.045542021286e+03
1638 -3.045536670343e+03
1639 -3.045531228126e+03
1640 -3.045525726296e+03
1641 -3.045520503952e+03
1642 -3.045514989666e+03
1643 -3.045509527199e+03
1644 -3.045504156436e+03
1645 -3.045498917213e+03
1646 -3.045493848613e+03
1647 -3.045488988383e+03
1648 -3.045484372452e+03
1649 -3.045480034537e+03
1650 -3.045476005792e+03
1651 -3.045472726393e+03
1652 -3.045469397064e+03
1653 -3.045466450830e+03
1654 -3.045463904511e+03
1655 -3.045461770058e+03
1656 -3.045460053953e+03
1657 -3.045458756640e+03
1658 -3.045457872052e+03
1659 -3.045457387287e+03
1660 -3.045457282497e+03
1661 -3.045457885995e+03
1662 -3.045458453559e+03
1663 -3.045459302110e+03
1664 -3.045460387964e+03
1665 -3.045461663847e+03
1666 -3.045463080254e+03
1667 -3.045464586943e+03
1668 -3.045466134465e+03
1669 -3.045467675660e+03
1670 -3.045469167035e+03
1671 -3.045470732399e+03
1672 -3.045472012695e+03
1673 -3.045473144951e+03
1674 -3.045474109442e+03
1675 -3.045474893268e+03
1676 -3.045475490165e+03
1677 -3.045475900128e+03
1678 -3.045476128878e+03
1679 -3.045476187220e+03
1680 -3.045476090320e+03
1681 -3.045475916435e+03
1682 -3.045475567463e+03
1683 -3.045475126855e+03
1684 -3.045474619230e+03
1685 -3.045474069553e+03
1686 -3.045473502379e+03
1687 -3.045472941151e+03
1688 -3.045472407564e+03
1689 -3.045471920983e+03
1690 -3.045471497941e+03
1691 -3.045471227527e+03
1692 -3.045470967504e+03
1693 -3.045470800012e+03
1694 -3.045470727317e+03
1695 -3.045470747984e+03
1696 -3.045470857070e+03
1697 -3.045471046446e+03
1698 -3.045471305216e+03
1699 -3.045471620234e+03
1700 -3.045471976685e+03
1701 -3.045472438363e+03
1702 -3.045472829390e+03
1703 -3.045473214017e+03
1704 -3.045473577445e+03
1705 -3.045473906496e+03
1706 -3.045474190125e+03
1707 -3.045474419820e+03
1708 -3.045474589857e+03
1709 -3.045474697400e+03
1710 -3.045474742453e+03
1711 -3.045474692874e+03
1712 -3.045474623254e+03
1713 -3.045474505637e+03
1714 -3.045474348238e+03
1715 -3.045474160098e+03
1716 -3.045473950532e+03
1717 -3.045473728592e+03
1718 -3.045473502575e+03
1719 -3.045473279602e+03
1720 -3.045473065290e+03
1721 -3.045472692402e+03
1722 -3.045472505463e+03
1723 -3.045472333169e+03
1724 -3.045472173777e+03
1725 -3.045472023924e+03
1726 -3.045471878923e+03
1727 -3.045471733163e+03
1728 -3.045471580564e+03
1729 -3.045471415078e+03
1730 -3.045471231192e+03
1731 -3.045470872892e+03
1732 -3.045470639798e+03
1733 -3.045470379482e+03
1734 -3.045470092731e+03
1735 -3.045469782585e+03
1736 -3.045469454448e+03
1737 -3.045469116155e+03
1738 -3.045468777994e+03
1739 -3.045468452716e+03
1740 -3.045468155512e+03
1741 -3.045467890159e+03
1742 -3.045467703126e+03
1743 -3.045467603313e+03
1744 -3.045467614155e+03
1745 -3.045467760262e+03
1746 -3.045468066789e+03
1747 -3.045468558711e+03
1748 -3.045469260017e+03
1749 -3.045470192881e+03
1750 -3.045471376863e+03
1751 -3.045472886134e+03
1752 -3.045474616351e+03
1753 -3.045476634057e+03
1754 -3.045478941997e+03
1755 -3.045481537703e+03
1756 -3.045484413408e+03
1757 -3.045487556127e+03
1758 -3.045490947915e+03
1759 -3.045494566282e+03
1760 -3.045498384744e+03
1761 -3.045502394744e+03
1762 -3.045506522396e+03
1763 -3.045510754386e+03
1764 -3.045515055608e+03
1765 -3.045519390871e+03
1766 -3.045523725740e+03
1767 -3.045528027377e+03
1768 -3.045532265355e+03
1769 -3.045536412439e+03
1770 -3.045540445325e+03
1771 -3.045544252475e+03
1772 -3.045548007429e+03
1773 -3.045551607809e+03
1774 -3.045555051235e+03
1775 -3.045558341146e+03
1776 -3.045561486576e+03
1777 -3.045564501648e+03
1778 -3.045567404778e+03
1779 -3.045570217613e+03
1780 -3.045572963733e+03
1781 -3.045575497367e+03
1782 -3.045578180760e+03
1783 -3.045580864351e+03
1784 -3.045583564322e+03
1785 -3.045586291608e+03
1786 -3.045589051000e+03
1787 -3.045591840625e+03
1788 -3.045594651816e+03
1789 -3.045597469395e+03
1790 -3.045600272308e+03
1791 -3.045602886257e+03
1792 -3.045605577692e+03
1793 -3.045608166239e+03
1794 -3.045610618246e+03
1795 -3.045612899967e+03
1796 -3.045614978608e+03
1797 -3.045616823206e+03
1798 -3.045618405300e+03
1799 -3.045619699418e+03
1800 -3.045620683408e+03
1801 -3.045621313437e+03
1802 -3.045621625229e+03
1803 -3.045621581946e+03
1804 -3.045621176000e+03
1805 -3.045620403545e+03
1806 -3.045619264510e+03
1807 -3.045617762633e+03
1808 -3.045615905480e+03
1809 -3.045613704449e+03
1810 -3.045611174726e+03
1811 -3.045608415380e+03
1812 -3.045605288422e+03
1813 -3.045601899926e+03
1814 -3.045598278760e+03
1815 -3.045594456458e+03
1816 -3.045590466754e+03
1817 -3.045586345008e+03
1818 -3.045582127556e+03
1819 -3.045577850974e+03
1820 -3.045573551325e+03
1821 -3.045569356046e+03
1822 -3.045565112284e+03
1823 -3.045560943512e+03
1824 -3.045556877005e+03
1825 -3.045552936726e+03
1826 -3.045549143169e+03
1827 -3.045545513330e+03
1828 -3.045542060789e+03
1829 -3.045538795859e+03
1830 -3.045535725799e+03
1831 -3.045532951771e+03
1832 -3.045530282040e+03
1833 -3.045527813208e+03
1834 -3.045525542760e+03
1835 -3.045523466390e+03
1836 -3.045521578241e+03
1837 -3.045519871135e+03
1838 -3.045518336797e+03
1839 -3.045516966086e+03
1840 -3.045515749229e+03
1841 -3.045514766206e+03
1842 -3.045513826525e+03
1843 -3.045513010170e+03
1844 -3.045512307362e+03
1845 -3.045511708925e+03
1846 -3.045511206434e+03
1847 -3.045510792293e+03
1848 -3.045510459705e+03
1849 -3.045510202558e+03
1850 -3.045510015230e+03
1851 -3.045510015130e+03
1852 -3.045509951182e+03
1853 -3.045509940293e+03
1854 -3.045509975953e+03
1855 -3.045510050795e+03
1856 -3.045510156472e+03
1857 -3.045510283624e+03
1858 -3.045510421944e+03
1859 -3.045510560319e+03
1860 -3.045510687057e+03
1861 -3.045510987907e+03
1862 -3.045511055177e+03
1863 -3.045511074981e+03
1864 -3.045511036130e+03
1865 -3.045510928232e+03
1866 -3.045510741906e+03
1867 -3.045510468930e+03
1868 -3.045510102355e+03
1869 -3.045509636564e+03
1870 -3.045509067301e+03
1871 -3.045508684699e+03
1872 -3.045507901574e+03
1873 -3.045507010353e+03
1874 -3.045506012187e+03
1875 -3.045504909555e+03
1876 -3.045503706249e+03
1877 -3.045502407331e+03
1878 -3.045501019056e+03
1879 -3.045499548729e+03
1880 -3.045498004503e+03
1881 -3.045496701015e+03
1882 -3.045495037054e+03
1883 -3.045493325714e+03
1884 -3.045491575094e+03
1885 -3.045489792162e+03
1886 -3.045487982313e+03
1887 -3.045486149005e+03
1888 -3.045484293466e+03
1889 -3.045482414535e+03
1890 -3.045480508633e+03
1891 -3.045478789561e+03
1892 -3.045476812357e+03
1893 -3.045474785178e+03
1894 -3.045472697548e+03
1895 -3.045470538558e+03
1896 -3.045468297540e+03
1897 -3.045465964724e+03
1898 -3.045463531835e+03
1899 -3.045460992576e+03
1900 -3.045458342980e+03
1901 -3.045455664443e+03
1902 -3.045452793136e+03
1903 -3.045449814863e+03
1904 -3.045446735485e+03
1905 -3.045443562781e+03
1906 -3.045440306075e+03
1907 -3.045436975818e+03
1908 -3.045433583172e+03
1909 -3.045430139611e+03
1910 -3.045426656570e+03
1911 -3.045423184156e+03
1912 -3.045419652952e+03
1913 -3.045416113831e+03
1914 -3.045412575895e+03
1915 -3.045409047441e+03
1916 -3.045405535956e+03
1917 -3.045402048100e+03
1918 -3.045398589620e+03
1919 -3.045395165195e+03
1920 -3.045391778211e+03
1921 -3.045388649687e+03
1922 -3.045385338343e+03
1923 -3.045382064310e+03
1924 -3.045378823362e+03
1925 -3.045375609128e+03
1926 -3.045372413313e+03
1927 -3.045369226117e+03
1928 -3.045366036825e+03
1929 -3.045362834541e+03
1930 -3.045359609021e+03
1931 -3.045356922500e+03
1932 -3.045353624428e+03
1933 -3.045350284703e+03
1934 -3.045346903439e+03
1935 -3.045343484494e+03
1936 -3.045340035484e+03
1937 -3.045336567526e+03
1938 -3.045333094730e+03
1939 -3.045329633476e+03
1940 -3.045326201543e+03
1941 -3.045323534934e+03
1942 -3.045320214096e+03
1943 -3.045316975291e+03
1944 -3.045313833351e+03
1945 -3.045310800892e+03
1946 -3.045307888088e+03
1947 -3.045305102570e+03
1948 -3.045302449408e+03
1949 -3.045299931147e+03
1950 -3.045297547885e+03
1951 -3.045295825017e+03
1952 -3.045293701604e+03
1953 -3.045291699924e+03
1954 -3.045289811792e+03
1955 -3.045288027700e+03
1956 -3.045286337322e+03
1957 -3.045284730057e+03
1958 -3.045283195565e+03
1959 -3.045281724248e+03
1960 -3.045280307674e+03
1961 -3.045279155979e+03
1962 -3.045277829767e+03
1963 -3.045276542884e+03
1964 -3.045275294217e+03
1965 -3.045274084689e+03
1966 -3.045272917122e+03
1967 -3.045271795981e+03
1968 -3.045270727042e+03
1969 -3.045269717030e+03
1970 -3.045268773204e+03
1971 -3.045268003572e+03
1972 -3.045267213736e+03
1973 -3.045266510193e+03
1974 -3.045265897698e+03
1975 -3.045265379390e+03
1976 -3.045264956548e+03
1977 -3.045264628422e+03
1978 -3.045264392172e+03
1979 -3.045264242896e+03
1980 -3.045264173779e+03
1981 -3.045264429411e+03
1982 -3.045264493545e+03
1983 -3.045264608516e+03
1984 -3.045264762845e+03
1985 -3.045264944893e+03
1986 -3.045265143283e+03
1987 -3.045265347283e+03
1988 -3.045265547154e+03
1989 -3.045265734431e+03
1990 -3.045265902129e+03
1991 -3.045266368435e+03
1992 -3.045266482363e+03
1993 -3.045266565466e+03
1994 -3.045266617060e+03
1995 -3.045266637717e+03
1996 -3.045266629002e+03
1997 -3.045266593184e+03
1998 -3.045266532949e+03
1999 -3.045266451119e+03
2000 -3.045266350413e+03
2001 -3.045266316153e+03
2002 -3.045266184601e+03
2003 -3.045266039908e+03
2004 -3.045265882775e+03
2005 -3.045265713205e+03
2006 -3.045265530517e+03
2007 -3.045265333407e+03
2008 -3.045265120067e+03
2009 -3.045264888343e+03
2010 -3.045264635951e+03
2011 -3.045264201382e+03
2012 -3.045263901940e+03
2013 -3.045263576983e+03
2014 -3.045263226442e+03
2015 -3.045262851486e+03
2016 -3.045262454762e+03
2017 -3.045262040611e+03
2018 -3.045261615218e+03
2019 -3.045261186714e+03
2020 -3.045260765199e+03
2021 -3.045260200749e+03
2022 -3.045259831458e+03
2023 -3.045259510169e+03
2024 -3.045259253090e+03
2025 -3.045259076904e+03
2026 -3.045258998149e+03
2027 -3.045259032546e+03
2028 -3.045259194323e+03
2029 -3.045259495592e+03
2030 -3.045259945831e+03
2031 -3.045260563971e+03
2032 -3.045261328741e+03
2033 -3.045262252147e+03
2034 -3.045263330746e+03
2035 -3.045264557889e+03
2036 -3.045265923968e+03
2037 -3.045267416759e+03
2038 -3.045269021801e+03
2039 -3.045270722800e+03
2040 -3.045272502060e+03
2041 -3.045274512126e+03
2042 -3.045276393177e+03
2043 -3.045278296129e+03
2044 -3.045280202156e+03
2045 -3.045282092915e+03
2046 -3.045283950687e+03
2047 -3.045285758427e+03
2048 -3.045287499697e+03
2049 -3.045289158545e+03
2050 -3.045290719311e+03
2051 -3.045292322875e+03
2052 -3.045293644192e+03
2053 -3.045294820396e+03
2054 -3.045295834378e+03
2055 -3.045296667886e+03
2056 -3.045297301208e+03
2057 -3.045297712856e+03
2058 -3.045297879309e+03
2059 -3.045297774876e+03
2060 -3.045297371735e+03
2061 -3.045296642167e+03
2062 -3.045295553523e+03
2063 -3.045294073406e+03
2064 -3.045292170447e+03
2065 -3.045289815087e+03
2066 -3.045286981037e+03
2067 -3.045283646765e+03
2068 -3.045279796935e+03
2069 -3.045275423675e+03
2070 -3.045270527617e+03
2071 -3.045265054120e+03
2072 -3.045259150187e+03
2073 -3.045252781132e+03
2074 -3.045245984951e+03
2075 -3.045238808004e+03
2076 -3.045231303888e+03
2077 -3.045223532045e+03
2078 -3.045215556143e+03
2079 -3.045207442320e+03
2080 -3.045199257354e+03
2081 -3.045191058305e+03
2082 -3.045182924550e+03
2083 -3.045174906318e+03
2084 -3.045167055977e+03
2085 -3.045159419068e+03
2086 -3.045152033624e+03
2087 -3.045144929837e+03
2088 -3.045138130070e+03
2089 -3.045131649158e+03
2090 -3.045125494954e+03
2091 -3.045119792397e+03
2092 -3.045114293412e+03
2093 -3.045109111195e+03
2094 -3.045104234263e+03
2095 -3.045099648852e+03
2096 -3.045095339982e+03
2097 -3.045091292455e+03
2098 -3.045087491720e+03
2099 -3.045083924573e+03
2100 -3.045080579614e+03
2101 -3.045077638321e+03
2102 -3.045074714084e+03
2103 -3.045071989966e+03
2104 -3.045069461800e+03
2105 -3.045067126297e+03
2106 -3.045064980494e+03
2107 -3.045063021230e+03
2108 -3.045061244684e+03
2109 -3.045059646027e+03
2110 -3.045058219200e+03
2111 -3.045057069165e+03
2112 -3.045055963347e+03
2113 -3.045055003620e+03
2114 -3.045054179219e+03
2115 -3.045053478709e+03
2116 -3.045052890256e+03
2117 -3.045052401904e+03
2118 -3.045052001825e+03
2119 -3.045051678521e+03
2120 -3.045051420979e+03
2121 -3.045051077382e+03
2122 -3.045050920406e+03
2123 -3.045050800039e+03
2124 -3.045050707953e+03
2125 -3.045050636636e+03
2126 -3.045050579460e+03
2127 -3.045050530762e+03
2128 -3.045050485934e+03
2129 -3.045050441513e+03
2130 -3.045050395250e+03
2131 -3.045049992581e+03
2132 -3.045049940739e+03
2133 -3.045049887822e+03
2134 -3.045049836347e+03
2135 -3.045049789784e+03
2136 -3.045049752382e+03
2137 -3.045049729010e+03
2138 -3.045049725002e+03
2139 -3.045049746037e+03
2140 -3.045049798058e+03
2141 -3.045049587884e+03
2142 -3.045049720538e+03
2143 -3.045049903262e+03
2144 -3.045050142899e+03
2145 -3.045050446581e+03
2146 -3.045050821748e+03
2147 -3.045051276127e+03
2148 -3.045051817676e+03
2149 -3.045052454458e+03
2150 -3.045053194460e+03
2151 -3.045053951545e+03
2152 -3.045054920001e+03
2153 -3.045056012418e+03
2154 -3.045057233647e+03
2155 -3.045058587002e+03
2156 -3.045060074045e+03
2157 -3.045061694452e+03
2158 -3.045063445982e+03
2159 -3.045065324544e+03
2160 -3.045067324362e+03
2161 -3.045069492888e+03
2162 -3.045071712236e+03
2163 -3.045074028025e+03
2164 -3.045076430491e+03
2165 -3.045078909626e+03
2166 -3.045081455425e+03
2167 -3.045084058085e+03
2168 -3.045086708142e+03
2169 -3.045089396542e+03
2170 -3.045092114645e+03
2171 -3.045095047428e+03
2172 -3.045097801105e+03
2173 -3.045100560186e+03
2174 -3.045103316609e+03
2175 -3.045106062021e+03
2176 -3.045108787634e+03
2177 -3.045111484133e+03
2178 -3.045114141670e+03
2179 -3.045116749957e+03
2180 -3.045119298460e+03
2181 -3.045121908641e+03
2182 -3.045124307129e+03
2183 -3.045126615636e+03
2184 -3.045128826175e+03
2185 -3.045130932522e+03
2186 -3.045132930664e+03
2187 -3.045134819226e+03
2188 -3.045136599813e+03
2189 -3.045138277287e+03
2190 -3.045139859926e+03
2191 -3.045141233001e+03
2192 -3.045142663752e+03
2193 -3.045144044396e+03
2194 -3.045145396105e+03
2195 -3.045146742404e+03
2196 -3.045148108570e+03
2197 -3.045149520900e+03
2198 -3.045151005927e+03
2199 -3.045152589576e+03
2200 -3.045154296356e+03
2201 -3.045156060599e+03
2202 -3.045158076872e+03
2203 -3.045160273924e+03
2204 -3.045162663920e+03
2205 -3.045165254780e+03
2206 -3.045168049975e+03
2207 -3.045171048451e+03
2208 -3.045174244707e+03
2209 -3.045177629010e+03
2210 -3.045181187785e+03
2211 -3.045185198036e+03
2212 -3.045189053134e+03
2213 -3.045193024954e+03
2214 -3.045197090909e+03
2215 -3.045201227943e+03
2216 -3.045205413156e+03
2217 -3.045209624300e+03
2218 -3.045213840129e+03
2219 -3.045218040608e+03
2220 -3.045222207033e+03
2221 -3.045226908042e+03
2222 -3.045230957247e+03
2223 -3.045234924572e+03
2224 -3.045238796851e+03
2225 -3.045242562276e+03
2226 -3.045246210344e+03
2227 -3.045249731755e+03
2228 -3.045253118256e+03
2229 -3.045256362453e+03
2230 -3.045259457616e+03
2231 -3.045262957488e+03
2232 -3.045265736882e+03
2233 -3.045268349539e+03
2234 -3.045270790440e+03
2235 -3.045273055206e+03
2236 -3.045275140332e+03
2237 -3.045277043418e+03
2238 -3.045278763385e+03
2239 -3.045280300609e+03
2240 -3.045281656982e+03
2241 -3.045283101955e+03
2242 -3.045284107816e+03
2243 -3.045284946894e+03
2244 -3.045285626241e+03
2245 -3.045286153739e+03
2246 -3.045286537902e+03
2247 -3.045286787683e+03
2248 -3.045286912306e+03
2249 -3.045286921097e+03
2250 -3.045286823346e+03
2251 -3.045286537382e+03
2252 -3.045286253184e+03
2253 -3.045285888894e+03
2254 -3.045285452695e+03
2255 -3.045284952327e+03
2256 -3.045284395066e+03
2257 -3.045283787725e+03
2258 -3.045283136682e+03
2259 -3.045282447918e+03
2260 -3.045281727100e+03
2261 -3.045280905017e+03
2262 -3.045280136059e+03
2263 -3.045279351223e+03
2264 -3.045278556190e+03
2265 -3.045277757000e+03
2266 -3.045276960147e+03
2267 -3.045276172633e+03
2268 -3.045275401931e+03
2269 -3.045274655881e+03
2270 -3.045273942505e+03
2271 -3.045273573492e+03
2272 -3.045272948799e+03
2273 -3.045272379548e+03
2274 -3.045271872115e+03
2275 -3.045271431969e+03
2276 -3.045271063596e+03
2277 -3.045270770516e+03
2278 -3.045270555367e+03
2279 -3.045270420064e+03
2280 -3.045270366012e+03
2281 -3.045270885987e+03
2282 -3.045270997858e+03
2283 -3.045271194537e+03
2284 -3.045271477650e+03
2285 -3.045271849269e+03
2286 -3.045272311922e+03
2287 -3.045272868486e+03
2288 -3.045273521987e+03
2289 -3.045274275330e+03
2290 -3.045275131029e+03
2291 -3.045276458033e+03
2292 -3.045277523190e+03
2293 -3.045278693181e+03
2294 -3.045279966442e+03
2295 -3.045281340075e+03
2296 -3.045282809906e+03
2297 -3.045284370628e+03
2298 -3.045286016018e+03
2299 -3.045287739202e+03
2300 -3.045289532942e+03
2301 -3.045291611097e+03
2302 -3.045293523568e+03
2303 -3.045295485655e+03
2304 -3.045297491403e+03
2305 -3.045299535594e+03
2306 -3.045301613813e+03
2307 -3.045303722451e+03
2308 -3.045305858653e+03
2309 -3.045308020223e+03
2310 -3.045310205493e+03
2311 -3.045312587952e+03
2312 -3.045314817100e+03
2313 -3.045317067126e+03
2314 -3.045319337091e+03
2315 -3.045321625773e+03
2316 -3.045323931498e+03
2317 -3.045326251972e+03
2318 -3.045328584119e+03
2319 -3.045330923939e+03
2320 -3.045333266383e+03
2321 -3.045335904652e+03
2322 -3.045338235599e+03
2323 -3.045340547715e+03
2324 -3.045342831467e+03
2325 -3.045345076414e+03
2326 -3.045347271482e+03
2327 -3.045349405327e+03
2328 -3.045351466748e+03
2329 -3.045353445145e+03
2330 -3.045355330967e+03
2331 -3.045357616948e+03
2332 -3.045359298032e+03
2333 -3.045360868596e+03
2334 -3.045362326776e+03
2335 -3.045363673073e+03
2336 -3.045364910407e+03
2337 -3.045366044135e+03
2338 -3.045367081990e+03
2339 -3.045368033953e+03
2340 -3.045368912008e+03
2341 -3.045370341878e+03
2342 -3.045371115410e+03
2343 -3.045371858918e+03
2344 -3.045372586952e+03
2345 -3.045373312682e+03
2346 -3.045374047004e+03
2347 -3.045374797745e+03
2348 -3.045375569025e+03
2349 -3.045376360827e+03
2350 -3.045377168818e+03
2351 -3.045378378237e+03
2352 -3.045379188650e+03
2353 -3.045379977579e+03
2354 -3.045380726034e+03
2355 -3.045381413021e+03
2356 -3.045382016432e+03
2357 -3.045382513939e+03
2358 -3.045382883863e+03
2359 -3.045383105945e+03
2360 -3.045383161974e+03
2361 -3.045383257266e+03
2362 -3.045382935284e+03
2363 -3.045382408297e+03
2364 -3.045381668933e+03
2365 -3.045380712356e+03
2366 -3.045379536014e+03
2367 -3.045378139383e+03
2368 -3.045376523742e+03
2369 -3.045374691997e+03
2370 -3.045372648575e+03
2371 -3.045370526708e+03
2372 -3.045368080694e+03
2373 -3.045365445307e+03
2374 -3.045362630495e+03
2375 -3.045359647405e+03
2376 -3.045356508250e+03
2377 -3.045353226158e+03
2378 -3.045349814994e+03
2379 -3.045346289167e+03
2380 -3.045342663452e+03
2381 -3.045339167480e+03
2382 -3.045335389544e+03
2383 -3.045331556275e+03
2384 -3.045327682105e+03
2385 -3.045323780974e+03
2386 -3.045319866210e+03
2387 -3.045315950419e+03
2388 -3.045312045412e+03
2389 -3.045308162182e+03
2390 -3.045304310933e+03
2391 -3.045300872034e+03
2392 -3.045297113372e+03
2393 -3.045293413388e+03
2394 -3.045289780470e+03
2395 -3.045286223117e+03
2396 -3.045282750163e+03
2397 -3.045279370863e+03
2398 -3.045276094857e+03
2399 -3.045272932055e+03
2400 -3.045269892405e+03
2401 -3.045267508574e+03
2402 -3.045264743427e+03
2403 -3.045262128206e+03
2404 -3.045259669662e+03
2405 -3.045257373062e+03
2406 -3.045255242070e+03
2407 -3.045253278700e+03
2408 -3.045251483300e+03
2409 -3.045249854572e+03
2410 -3.045248389623e+03
2411 -3.045247583999e+03
2412 -3.045246431969e+03
2413 -3.045245426643e+03
2414 -3.045244559939e+03
2415 -3.045243822993e+03
2416 -3.045243206448e+03
2417 -3.045242700768e+03
2418 -3.045242296577e+03
2419 -3.045241984991e+03
2420 -3.045241757947e+03
2421 -3.045241797727e+03
2422 -3.045241720291e+03
2423 -3.045241710838e+03
2424 -3.045241766969e+03
2425 -3.045241887999e+03
2426 -3.045242074895e+03
2427 -3.045242330110e+03
2428 -3.045242657323e+03
2429 -3.045243061119e+03
2430 -3.045243546601e+03
2431 -3.045244290070e+03
2432 -3.045244954414e+03
2433 -3.045245714846e+03
2434 -3.045246574687e+03
2435 -3.045247536083e+03
2436 -3.045248599851e+03
2437 -3.045249765390e+03
2438 -3.045251030653e+03
2439 -3.045252392147e+03
2440 -3.045253844986e+03
2441 -3.045255686006e+03
2442 -3.045257302078e+03
2443 -3.045258987554e+03
2444 -3.045260733448e+03
2445 -3.045262530328e+03
2446 -3.045264368577e+03
2447 -3.045266238653e+03
2448 -3.045268131331e+03
2449 -3.045270037931e+03
2450 -3.045271950527e+03
2451 -3.045274366910e+03
2452 -3.045276272220e+03
2453 -3.045278166078e+03
2454 -3.045280045541e+03
2455 -3.045281909264e+03
2456 -3.045283757536e+03
2457 -3.045285592179e+03
2458 -3.045287416270e+03
2459 -3.045289233708e+03
2460 -3.045291048663e+03
2461 -3.045293332432e+03
2462 -3.045295153764e+03
2463 -3.045296980944e+03
2464 -3.045298813718e+03
2465 -3.045300649706e+03
2466 -3.045302484218e+03
2467 -3.045304310178e+03
2468 -3.045306118141e+03
2469 -3.045307896397e+03
2470 -3.045309631192e+03
2471 -3.045311486959e+03
2472 -3.045313087232e+03
2473 -3.045314594051e+03
2474 -3.045315989739e+03
2475 -3.045317257194e+03
2476 -3.045318380615e+03
2477 -3.045319346197e+03
2478 -3.045320142754e+03
2479 -3.045320762214e+03
2480 -3.045321199966e+03
2481 -3.045321287238e+03
2482 -3.045321361148e+03
2483 -3.045321260322e+03
2484 -3.045320993716e+03
2485 -3.045320572786e+03
2486 -3.045320010888e+03
2487 -3.045319322594e+03
2488 -3.045318522981e+03
2489 -3.045317626921e+03
2490 -3.045316648433e+03
2491 -3.045315346839e+03
2492 -3.045314238947e+03
2493 -3.045313080382e+03
2494 -3.045311877568e+03
2495 -3.045310634677e+03
2496 -3.045309353828e+03
2497 -3.045308035412e+03
2498 -3.045306678501e+03
2499 -3.045305281286e+03
2500 -3.045303841494e+03
2501 -3.045302603357e+03
2502 -3.045301070927e+03
2503 -3.045299489569e+03
2504 -3.045297857978e+03
2505 -3.045296175388e+03
2506 -3.045294441629e+03
2507 -3.045292657168e+03
2508 -3.045290823153e+03
2509 -3.045288941441e+03
2510 -3.045287014595e+03
2511 -3.045285590622e+03
2512 -3.045283582026e+03
2513 -3.045281539397e+03
2514 -3.045279467073e+03
2515 -3.045277369342e+03
2516 -3.045275250238e+03
2517 -3.045273113375e+03
2518 -3.045270961852e+03
2519 -3.045268798261e+03
2520 -3.045266624810e+03
2521 -3.045265026823e+03
2522 -3.045262838385e+03
2523 -3.045260646853e+03
2524 -3.045258456027e+03
2525 -3.045256271053e+03
2526 -3.045254098654e+03
2527 -3.045251947229e+03
2528 -3.045249826802e+03
2529 -3.045247748844e+03
2530 -3.045245725973e+03
2531 -3.045244093505e+03
2532 -3.045242220528e+03
2533 -3.045240443086e+03
2534 -3.045238774162e+03
2535 -3.045237225711e+03
2536 -3.045235808267e+03
2537 -3.045234530608e+03
2538 -3.045233399488e+03
2539 -3.045232419439e+03
2540 -3.045231592642e+03
2541 -3.045231053340e+03
2542 -3.045230529538e+03
2543 -3.045230150827e+03
2544 -3.045229909634e+03
2545 -3.045229796153e+03
2546 -3.045229798527e+03
2547 -3.045229903106e+03
2548 -3.045230094797e+03
2549 -3.045230357509e+03
2550 -3.045230674685e+03
2551 -3.045231167705e+03
2552 -3.045231544819e+03
2553 -3.045231929605e+03
2554 -3.045232309176e+03
2555 -3.045232672638e+03
2556 -3.045233011278e+03
2557 -3.045233318601e+03
2558 -3.045233590237e+03
2559 -3.045233823734e+03
2560 -3.045234018267e+03
2561 -3.045234428654e+03
2562 -3.045234547360e+03
2563 -3.045234630776e+03
2564 -3.045234680900e+03
2565 -3.045234699467e+03
2566 -3.045234687602e+03
2567 -3.045234645530e+03
2568 -3.045234572382e+03
2569 -3.045234466119e+03
2570 -3.045234323558e+03
2571 -3.045234591512e+03
2572 -3.045234363189e+03
2573 -3.045234083802e+03
2574 -3.045233747551e+03
2575 -3.045233348782e+03
2576 -3.045232882350e+03
2577 -3.045232343951e+03
2578 -3.045231730416e+03
2579 -3.045231039953e+03
2580 -3.045230272309e+03
2581 -3.045229663255e+03
2582 -3.045228746979e+03
2583 -3.045227761981e+03
2584 -3.045226713593e+03
2585 -3.045225607852e+03
2586 -3.045224451081e+03
2587 -3.045223249480e+03
2588 -3.045222008762e+03
2589 -3.045220733889e+03
2590 -3.045219428918e+03
2591 -3.045218376801e+03
2592 -3.045217019612e+03
2593 -3.045215639682e+03
2594 -3.045214238622e+03
2595 -3.045212818218e+03
2596 -3.045211380855e+03
2597 -3.045209929922e+03
2598 -3.045208470146e+03
2599 -3.045207007805e+03
2600 -3.045205550797e+03
2601 -3.045204438013e+03
2602 -3.045203020686e+03
2603 -3.045201640648e+03
2604 -3.045200309555e+03
2605 -3.045199038519e+03
2606 -3.045197837375e+03
2607 -3.045196713973e+03
2608 -3.045195673545e+03
2609 -3.045194718214e+03
2610 -3.045193846657e+03
2611 -3.045193378132e+03
2612 -3.045192657530e+03
2613 -3.045191995929e+03
2614 -3.045191378404e+03
2615 -3.045190787370e+03
2616 -3.045190203107e+03
2617 -3.045189604342e+03
2618 -3.045188968841e+03
2619 -3.045188273993e+03
2620 -3.045187497358e+03
2621 -3.045187045976e+03
2622 -3.045186044579e+03
2623 -3.045184900006e+03
2624 -3.045183595307e+03
2625 -3.045182115985e+03
2626 -3.045180450343e+03
2627 -3.045178589785e+03
2628 -3.045176529052e+03
2629 -3.045174266387e+03
2630 -3.045171803645e+03
2631 -3.045169503469e+03
2632 -3.045166662130e+03
2633 -3.045163648293e+03
2634 -3.045160478324e+03
2635 -3.045157172006e+03
2636 -3.045153752356e+03
2637 -3.045150245358e+03
2638 -3.045146679614e+03
2639 -3.045143085888e+03
2640 -3.045139496545e+03
2641 -3.045136290877e+03
2642 -3.045132810391e+03
2643 -3.045129434098e+03
2644 -3.045126193380e+03
2645 -3.045123117416e+03
2646 -3.045120232422e+03
2647 -3.045117560957e+03
2648 -3.045115121330e+03
2649 -3.045112927150e+03
2650 -3.045110987044e+03
2651 -3.045109441562e+03
2652 -3.045108014603e+03
2653 -3.045106837624e+03
2654 -3.045105900753e+03
2655 -3.045105191001e+03
2656 -3.045104693173e+03
2657 -3.045104390826e+03
2658 -3.045104267200e+03
2659 -3.045104306046e+03
2660 -3.045104492275e+03
2661 -3.045105017903e+03
2662 -3.045105460538e+03
2663 -3.045106015128e+03
2664 -3.045106673275e+03
2665 -3.045107427677e+03
2666 -3.045108271608e+03
2667 -3.045109198344e+03
2668 -3.045110200612e+03
2669 -3.045111270087e+03
2670 -3.045112397022e+03
2671 -3.045113737642e+03
2672 -3.045114944803e+03
2673 -3.045116170128e+03
2674 -3.045117397678e+03
2675 -3.045118610687e+03
2676 -3.045119792111e+03
2677 -3.045120925231e+03
2678 -3.045121994242e+03
2679 -3.045122984795e+03
2680 -3.045123884436e+03
2681 -3.045124845289e+03
2682 -3.045125535107e+03
2683 -3.045126110647e+03
2684 -3.045126569082e+03
2685 -3.045126910010e+03
2686 -3.045127135339e+03
2687 -3.045127249141e+03
2688 -3.045127257489e+03
2689 -3.045127168282e+03
2690 -3.045126991025e+03
2691 -3.045127103192e+03
2692 -3.045126783051e+03
2693 -3.045126410261e+03
2694 -3.045125997812e+03
2695 -3.045125558712e+03
2696 -3.045125105650e+03
2697 -3.045124650696e+03
2698 -3.045124205058e+03
2699 -3.045123778894e+03
2700 -3.045123381194e+03
2701 -3.045123313760e+03
2702 -3.045122994655e+03
2703 -3.045122723195e+03
2704 -3.045122503025e+03
2705 -3.045122336434e+03
2706 -3.045122224422e+03
2707 -3.045122166777e+03
2708 -3.045122162206e+03
2709 -3.045122208470e+03
2710 -3.045122302547e+03
2711 -3.045122638604e+03
2712 -3.045122816897e+03
2713 -3.045123030856e+03
2714 -3.045123275989e+03
2715 -3.045123547853e+03
2716 -3.045123842204e+03
2717 -3.045124155143e+03
2718 -3.045124483243e+03
2719 -3.045124823659e+03
2720 -3.045125174206e+03
2721 -3.045125601298e+03
2722 -3.045125967596e+03
2723 -3.045126341412e+03
2724 -3.045126723064e+03
2725 -3.045127113187e+03
2726 -3.045127512576e+03
2727 -3.045127922027e+03
2728 -3.045128342175e+03
2729 -3.045128773358e+03
2730 -3.045129215459e+03
2731 -3.045129839312e+03
2732 -3.045130299337e+03
2733 -3.045130765247e+03
2734 -3.045131232960e+03
2735 -3.045131696643e+03
2736 -3.045132148410e+03
2737 -3.045132578101e+03
2738 -3.045132973158e+03
2739 -3.045133318648e+03
2740 -3.045133597403e+03
2741 -3.045134073065e+03
2742 -3.045134159582e+03
2743 -3.045134117709e+03
2744 -3.045133925146e+03
2745 -3.045133559718e+03
2746 -3.045133000052e+03
2747 -3.045132226265e+03
2748 -3.045131220598e+03
2749 -3.045129967972e+03
2750 -3.045128456408e+03
2751 -3.045127036572e+03
2752 -3.045124985414e+03
2753 -3.045122659321e+03
2754 -3.045120059319e+03
2755 -3.045117188935e+03
2756 -3.045114053681e+03
2757 -3.045110660537e+03
2758 -3.045107017502e+03
2759 -3.045103133260e+03
2760 -3.045099016987e+03
2761 -3.045095095882e+03
2762 -3.045090544319e+03
2763 -3.045085791238e+03
2764 -3.045080848488e+03
2765 -3.045075728888e+03
2766 -3.045070446173e+03
2767 -3.045065014772e+03
2768 -3.045059449402e+03
2769 -3.045053764514e+03
2770 -3.045047973633e+03
2771 -3.045042284967e+03
2772 -3.045036313869e+03
2773 -3.045030264801e+03
2774 -3.045024141453e+03
2775 -3.045017944146e+03
2776 -3.045011669875e+03
2777 -3.045005312600e+03
2778 -3.044998863770e+03
2779 -3.044992313114e+03
2780 -3.044985649646e+03
2781 -3.044979069294e+03
2782 -3.044972148399e+03
2783 -3.044965088782e+03
2784 -3.044957888524e+03
2785 -3.044950550553e+03
2786 -3.044943083220e+03
2787 -3.044935500541e+03
2788 -3.044927822064e+03
2789 -3.044920072389e+03
2790 -3.044912280401e+03
2791 -3.044904786010e+03
2792 -3.044897006854e+03
2793 -3.044889287654e+03
2794 -3.044881664250e+03
2795 -3.044874171643e+03
2796 -3.044866843153e+03
2797 -3.044859709672e+03
2798 -3.044852799013e+03
2799 -3.044846135351e+03
2800 -3.044839738740e+03
2801 -3.044834092417e+03
2802 -3.044828270854e+03
2803 -3.044822748622e+03
2804 -3.044817526410e+03
2805 -3.044812599965e+03
2806 -3.044807960353e+03
2807 -3.044803594352e+03
2808 -3.044799484989e+03
2809 -3.044795612194e+03
2810 -3.044791953583e+03
2811 -3.044788906503e+03
2812 -3.044785603304e+03
2813 -3.044782442749e+03
2814 -3.044779403159e+03
2815 -3.044776465841e+03
2816 -3.044773616013e+03
2817 -3.044770843540e+03
2818 -3.044768143424e+03
2819 -3.044765515987e+03
2820 -3.044762966720e+03
2821 -3.044760794257e+03
2822 -3.044758435158e+03
2823 -3.044756195346e+03
2824 -3.044754093686e+03
2825 -3.044752149702e+03
2826 -3.044750382365e+03
2827 -3.044748808928e+03
2828 -3.044747443867e+03
2829 -3.044746297983e+03
2830 -3.044745377700e+03
2831 -3.044744969789e+03
2832 -3.044744500262e+03
2833 -3.044744245886e+03
2834 -3.044744193543e+03
2835 -3.044744325926e+03
2836 -3.044744622160e+03
2837 -3.044745058547e+03
2838 -3.044745609391e+03
2839 -3.044746247832e+03
2840 -3.044746946585e+03
2841 -3.044747820340e+03
2842 -3.044748559325e+03
2843 -3.044749280314e+03
2844 -3.044749960142e+03
2845 -3.044750577744e+03
2846 -3.044751114412e+03
2847 -3.044751553979e+03
2848 -3.044751882890e+03
2849 -3.044752090183e+03
2850 -3.044752167368e+03
2851 -3.044752399952e+03
2852 -3.044752200256e+03
2853 -3.044751857428e+03
2854 -3.044751370164e+03
2855 -3.044750738041e+03
2856 -3.044749961148e+03
2857 -3.044749039744e+03
2858 -3.044747973965e+03
2859 -3.044746763604e+03
2860 -3.044745407937e+03
2861 -3.044744349728e+03
2862 -3.044742699344e+03
2863 -3.044740897969e+03
2864 -3.044738942733e+03
2865 -3.044736830625e+03
2866 -3.044734558817e+03
2867 -3.044732125029e+03
2868 -3.044729527965e+03
2869 -3.044726767757e+03
2870 -3.044723846384e+03
2871 -3.044721008051e+03
2872 -3.044717779532e+03
2873 -3.044714410194e+03
2874 -3.044710912591e+03
2875 -3.044707302349e+03
2876 -3.044703598175e+03
2877 -3.044699821768e+03
2878 -3.044695997625e+03
2879 -3.044692152765e+03
2880 -3.044688316344e+03
2881 -3.044684727225e+03
2882 -3.044681000532e+03
2883 -3.044677377712e+03
2884 -3.044673891092e+03
2885 -3.044670571987e+03
2886 -3.044667449911e+03
2887 -3.044664551773e+03
2888 -3.044661901075e+03
2889 -3.044659517116e+03
2890 -3.044657414229e+03
2891 -3.044655956845e+03
2892 -3.044654436137e+03
2893 -3.044653203735e+03
2894 -3.044652248336e+03
2895 -3.044651551611e+03
2896 -3.044651088511e+03
2897 -3.044650827900e+03
2898 -3.044650733493e+03
2899 -3.044650765046e+03
2900 -3.044650879768e+03
2901 -3.044651601895e+03
2902 -3.044651752408e+03
2903 -3.044651858204e+03
2904 -3.044651882166e+03
2905 -3.044651792375e+03
2906 -3.044651563346e+03
2907 -3.044651176989e+03
2908 -3.044650623225e+03
2909 -3.044649900213e+03
2910 -3.044649014144e+03
2911 -3.044648545305e+03
2912 -3.044647380140e+03
2913 -3.044646110783e+03
2914 -3.044644766054e+03
2915 -3.044643376714e+03
2916 -3.044641973743e+03
2917 -3.044640586647e+03
2918 -3.044639241848e+03
2919 -3.044637961249e+03
2920 -3.044636761034e+03
2921 -3.044636136317e+03
2922 -3.044635119783e+03
2923 -3.044634190689e+03
2924 -3.044633336551e+03
2925 -3.044632538055e+03
2926 -3.044631769826e+03
2927 -3.044631001455e+03
2928 -3.044630198707e+03
2929 -3.044629324876e+03
2930 -3.044628342219e+03
2931 -3.044627614146e+03
2932 -3.044626304389e+03
2933 -3.044624780130e+03
2934 -3.044623013337e+03
2935 -3.044620981440e+03
2936 -3.044618668126e+03
2937 -3.044616063918e+03
2938 -3.044613166514e+03
2939 -3.044609980887e+03
2940 -3.044606519138e+03
2941 -3.044603026605e+03
2942 -3.044599072939e+03
2943 -3.044594917190e+03
2944 -3.044590595247e+03
2945 -3.044586147000e+03
2946 -3.044581615238e+03
2947 -3.044577044415e+03
2948 -3.044572479343e+03
2949 -3.044567963860e+03
2950 -3.044563539526e+03
2951 -3.044559630772e+03
2952 -3.044555496569e+03
2953 -3.044551553239e+03
2954 -3.044547822804e+03
2955 -3.044544320714e+03
2956 -3.044541055709e+03
2957 -3.044538029992e+03
2958 -3.044535239686e+03
2959 -3.044532675582e+03
2960 -3.044530324103e+03
2961 -3.044528656239e+03
2962 -3.044526678890e+03
2963 -3.044524859335e+03
2964 -3.044523178339e+03
2965 -3.044521617981e+03
2966 -3.044520162369e+03
2967 -3.044518798107e+03
2968 -3.044517514502e+03
2969 -3.044516303559e+03
2970 -3.044515159799e+03
2971 -3.044514423479e+03
2972 -3.044513407113e+03
2973 -3.044512452796e+03
2974 -3.044511561269e+03
2975 -3.044510733778e+03
2976 -3.044509971670e+03
2977 -3.044509276055e+03
2978 -3.044508647534e+03
2979 -3.044508086004e+03
2980 -3.044507590542e+03
2981 -3.044507618953e+03
2982 -3.044507249403e+03
2983 -3.044506938074e+03
2984 -3.044506680988e+03
2985 -3.044506473636e+03
2986 -3.044506311093e+03
2987 -3.044506188125e+03
2988 -3.044506099286e+03
2989 -3.044506039013e+03
2990 -3.044506001734e+03
2991 -3.044506471895e+03
2992 -3.044506464339e+03
2993 -3.044506464032e+03
2994 -3.044506466285e+03
2995 -3.044506466764e+03
2996 -3.044506461495e+03
2997 -3.044506446811e+03
2998 -3.044506419282e+03
2999 -3.044506375628e+03
3000 -3.044506312618e+03
3001 -3.044506657176e+03
3002 -3.044506545782e+03
3003 -3.044506405045e+03
3004 -3.044506231601e+03
3005 -3.044506022204e+03
3006 -3.044505773880e+03
3007 -3.044505484114e+03
3008 -3.044505151065e+03
3009 -3.044504773784e+03
3010 -3.044504352427e+03
3011 -3.044504380355e+03
3012 -3.044503876874e+03
3013 -3.044503338023e+03
3014 -3.044502769487e+03
3015 -3.044502178088e+03
3016 -3.044501571457e+03
3017 -3.044500957592e+03
3018 -3.044500344364e+03
3019 -3.044499739011e+03
3020 -3.044499147668e+03
3021 -3.044499072541e+03
3022 -3.044498521922e+03
3023 -3.044497993923e+03
3024 -3.044497487586e+03
3025 -3.044497000154e+03
3026 -3.044496527292e+03
3027 -3.044496063441e+03
3028 -3.044495602244e+03
3029 -3.044495137064e+03
3030 -3.044494661552e+03
3031 -3.044494578697e+03
3032 -3.044494068235e+03
3033 -3.044493536133e+03
3034 -3.044492983373e+03
3035 -3.044492414082e+03
3036 -3.044491835786e+03
3037 -3.044491259471e+03
3038 -3.044490699435e+03
3039 -3.044490172943e+03
3040 -3.044489699695e+03
3041 -3.044489650779e+03
3042 -3.044489349971e+03
3043 -3.044489168607e+03
3044 -3.044489128034e+03
3045 -3.044489247479e+03
3046 -3.044489542993e+03
3047 -3.044490026465e+03
3048 -3.044490704783e+03
3049 -3.044491579208e+03
3050 -3.044492645042e+03
3051 -3.044494331092e+03
3052 -3.044495742075e+03
3053 -3.044497296649e+03
3054 -3.044498970023e+03
3055 -3.044500735017e+03
3056 -3.044502563568e+03
3057 -3.044504428304e+03
3058 -3.044506304049e+03
3059 -3.044508169193e+03
3060 -3.044510006841e+03
3061 -3.044512216919e+03
3062 -3.044513968294e+03
3063 -3.044515676804e+03
3064 -3.044517350339e+03
3065 -3.044519003005e+03
3066 -3.044520654549e+03
3067 -3.044522329546e+03
3068 -3.044524056371e+03
3069 -3.044525866042e+03
3070 -3.044527790974e+03
3071 -3.044530264504e+03
3072 -3.044532512257e+03
3073 -3.044534968628e+03
3074 -3.044537659550e+03
3075 -3.044540606705e+03
3076 -3.044543826767e+03
3077 -3.044547330817e+03
3078 -3.044551123914e+03
3079 -3.044555204830e+03
3080 -3.044559565941e+03
3081 -3.044564755232e+03
3082 -3.044569627465e+03
3083 -3.044574720448e+03
3084 -3.044580002744e+03
3085 -3.044585438153e+03
3086 -3.044590986475e+03
3087 -3.044596604396e+03
3088 -3.044602246449e+03
3089 -3.044607866011e+03
3090 -3.044613416313e+03
3091 -3.044619316286e+03
3092 -3.044624593237e+03
3093 -3.044629669718e+03
3094 -3.044634507852e+03
3095 -3.044639074169e+03
3096 -3.044643340312e+03
3097 -3.044647283613e+03
3098 -3.044650887533e+03
3099 -3.044654141925e+03
3100 -3.044657043109e+03
3101 -3.044659990133e+03
3102 -3.044662200024e+03
3103 -3.044664082317e+03
3104 -3.044665656279e+03
3105 -3.044666945394e+03
3106 -3.044667976515e+03
3107 -3.044668778976e+03
3108 -3.044669383681e+03
3109 -3.044669822193e+03
3110 -3.044670125831e+03
3111 -3.044670778151e+03
3112 -3.044670901192e+03
3113 -3.044670973588e+03
3114 -3.044671017809e+03
3115 -3.044671052702e+03
3116 -3.044671093236e+03
3117 -3.044671150422e+03
3118 -3.044671231397e+03
3119 -3.044671339646e+03
3120 -3.044671475357e+03
3121 -3.044671959624e+03
3122 -3.044672140246e+03
3123 -3.044672333965e+03
3124 -3.044672532994e+03
3125 -3.044672729132e+03
3126 -3.044672914415e+03
3127 -3.044673081713e+03
3128 -3.044673225280e+03
3129 -3.044673341210e+03
3130 -3.044673427779e+03
3131 -3.044673809625e+03
3132 -3.044673841929e+03
3133 -3.044673854133e+03
3134 -3.044673853960e+03
3135 -3.044673851010e+03
3136 -3.044673856379e+03
3137 -3.044673882224e+03
3138 -3.044673941309e+03
3139 -3.044674046545e+03
3140 -3.044674210531e+03
3141 -3.044674913471e+03
3142 -3.044675229444e+03
3143 -3.044675635859e+03
3144 -3.044676139885e+03
3145 -3.044676746491e+03
3146 -3.044677458253e+03
3147 -3.044678275278e+03
3148 -3.044679195243e+03
3149 -3.044680213539e+03
3150 -3.044681323513e+03
3151 -3.044683030293e+03
3152 -3.044684297500e+03
3153 -3.044685627457e+03
3154 -3.044687008930e+03
3155 -3.044688430614e+03
3156 -3.044689881568e+03
3157 -3.044691351637e+03
3158 -3.044692831852e+03
3159 -3.044694314805e+03
3160 -3.044695794958e+03
3161 -3.044697780071e+03
3162 -3.044699247402e+03
3163 -3.044700708340e+03
3164 -3.044702166320e+03
3165 -3.044703626847e+03
3166 -3.044705097200e+03
3167 -3.044706586051e+03
3168 -3.044708102957e+03
3169 -3.044709657785e+03
3170 -3.044711260034e+03
3171 -3.044713360415e+03
3172 -3.044715081022e+03
3173 -3.044716867925e+03
3174 -3.044718721852e+03
3175 -3.044720639690e+03
3176 -3.044722614100e+03
3177 -3.044724633345e+03
3178 -3.044726681351e+03
3179 -3.044728737993e+03
3180 -3.044730779604e+03
3181 -3.044733194534e+03
3182 -3.044735123331e+03
3183 -3.044736952234e+03
3184 -3.044738651350e+03
3185 -3.044740191608e+03
3186 -3.044741545761e+03
3187 -3.044742689362e+03
3188 -3.044743601651e+03
3189 -3.044744266353e+03
3190 -3.044744672324e+03
3191 -3.044745245823e+03
3192 -3.044745122340e+03
3193 -3.044744741156e+03
3194 -3.044744114269e+03
3195 -3.044743259088e+03
3196 -3.044742197983e+03
3197 -3.044740957767e+03
3198 -3.044739569128e+03
3199 -3.044738066044e+03
3200 -3.044736485150e+03
3201 -3.044735348548e+03
3202 -3.044733727730e+03
3203 -3.044732147586e+03
3204 -3.044730647254e+03
3205 -3.044729263812e+03
3206 -3.044728031011e+03
3207 -3.044726978043e+03
3208 -3.044726128435e+03
3209 -3.044725499171e+03
3210 -3.044725100125e+03
3211 -3.044725558835e+03
3212 -3.044725620382e+03
3213 -3.044725898652e+03
3214 -3.044726376287e+03
3215 -3.044727030986e+03
3216 -3.044727836655e+03
3217 -3.044728764628e+03
3218 -3.044729784934e+03
3219 -3.044730867521e+03
3220 -3.044731983418e+03
3221 -3.044733715301e+03
3222 -3.044734821523e+03
3223 -3.044735890048e+03
3224 -3.044736904963e+03
3225 -3.044737854784e+03
3226 -3.044738732434e+03
3227 -3.044739534980e+03
3228 -3.044740263154e+03
3229 -3.044740920731e+03
3230 -3.044741513797e+03
3231 -3.044742571747e+03
3232 -3.044743061694e+03
3233 -3.044743511805e+03
3234 -3.044743929967e+03
3235 -3.044744322967e+03
3236 -3.044744696121e+03
3237 -3.044745053034e+03
3238 -3.044745395489e+03
3239 -3.044745723461e+03
3240 -3.044746035228e+03
3241 -3.044746842889e+03
3242 -3.044747112142e+03
3243 -3.044747351983e+03
3244 -3.044747556327e+03
