10	-1.441150685320e-02 2.080677747508e-01 4.340715588125e+00 3.288262943843e+00 -6.445620934514e-01 1.916963253891e+00 -4.368445841999e+00 -2.326179406213e-01 -3.306840916022e+00 -1.941622607192e+00 6.089614677715e-01 4.084974198779e+00 -4.118984955729e+00 1.022568331747e+01 1.157345802903e+01
20	-1.441150685320e-02 2.080677747508e-01 4.340715588125e+00 3.288262943843e+00 -6.445620934514e-01 1.916963253891e+00 -4.368445841999e+00 -2.326179406213e-01 -3.306840916022e+00 -1.941622607192e+00 6.089614677715e-01 4.084974198779e+00 -4.118984955729e+00 1.022568336209e+01 1.157345796692e+01
30	-1.441150685320e-02 2.080677747508e-01 4.340715588125e+00 3.288262943843e+00 -6.445620934514e-01 1.916963253891e+00 -4.368445841999e+00 -2.326179406213e-01 -3.306840916022e+00 -1.941622607192e+00 6.089614677715e-01 4.084974198779e+00 -4.118984955729e+00 1.022568339482e+01 1.157345789804e+01
40	-1.441150685320e-02 2.080677747508e-01 4.340715588125e+00 3.288262943843e+00 -6.445620934514e-01 1.916963253891e+00 -4.368445841999e+00 -2.326179406213e-01 -3.306840916022e+00 -1.941622607192e+00 6.089614677715e-01 4.084974198779e+00 -4.118984955729e+00 1.022568334323e+01 1.157345800383e+01
50	-1.441150685320e-02 2.080677747508e-01 4.340715588125e+00 3.288262943843e+00 -6.445620934514e-01 1.916963253891e+00 -4.368445841999e+00 -2.326179406213e-01 -3.306840916022e+00 -1.941622607192e+00 6.089614677715e-01 4.084974198779e+00 -4.118984955729e+00 1.022568304397e+01 1.157345869652e+01
60	-1.441150685320e-02 2.080677747508e-01 4.340715588125e+00 3.288262943843e+00 -6.445620934514e-01 1.916963253891e+00 -4.368445841999e+00 -2.326179406213e-01 -3.306840916022e+00 -1.941622607192e+00 6.089614677715e-01 4.084974198779e+00 -4.118984955729e+00 1.022568193982e+01 1.157346087266e+01
70	-1.441150685320e-02 2.080677747508e-01 4.340715588125e+00 3.288262943843e+00 -6.445620934514e-01 1.916963253891e+00 -4.368445841999e+00 -2.326179406213e-01 -3.306840916022e+00 -1.941622607192e+00 6.089614677715e-01 4.084974198779e+00 -4.118984955729e+00 1.022567880573e+01 1.157346609171e+01
80	-1.441150685320e-02 2.080677747508e-01 4.340715588125e+00 3.288262943843e+00 -6.445620934514e-01 1.916963253891e+00 -4.368445841999e+00 -2.326179406213e-01 -3.306840916022e+00 -1.941622607192e+00 6.089614677715e-01 4.084974198779e+00 -4.118984955729e+00 1.022567175281e+01 1.157347649034e+01
90	-1.441150685320e-02 2.080677747508e-01 4.340715588125e+00 3.288262943843e+00 -6.445620934514e-01 1.916963253891e+00 -4.368445841999e+00 -2.326179406213e-01 -3.306840916022e+00 -1.941622607192e+00 6.089614677715e-01 4.084974198779e+00 -4.118984955729e+00 1.022565862774e+01 1.157349438196e+01
100	-1.441150685320e-02 2.080677747508e-01 4.340715588125e+00 3.288262943843e+00 -6.445620934514e-01 1.916963253891e+00 -4.368445841999e+00 -2.326179406213e-01 -3.306840916022e+00 -1.941622607192e+00 6.089614677715e-01 4.084974198779e+00 -4.118984955729e+00 1.022563768379e+01 1.157352158592e+01
110	-1.441150685320e-02 2.080677747508e-01 4.340715588125e+00 3.288262943843e+00 -6.445620934514e-01 1.916963253891e+00 -4.368445841999e+00 -2.326179406213e-01 -3.306840916022e+00 -1.941622607192e+00 6.089614677715e-01 4.084974198779e+00 -4.118984955729e+00 1.022560805052e+01 1.157355891367e+01
120	-1.441150685320e-02 2.080677747508e-01 4.340715588125e+00 3.288262943843e+00 -6.445620934514e-01 1.916963253891e+00 -4.368445841999e+00 -2.326179406213e-01 -3.306840916022e+00 -1.941622607192e+00 6.089614677715e-01 4.084974198779e+00 -4.118984955729e+00 1.022556959059e+01 1.157360630887e+01
130	-1.441150685320e-02 2.080677747508e-01 4.340715588125e+00 3.288262943843e+00 -6.445620934514e-01 1.916963253891e+00 -4.368445841999e+00 -2.326179406213e-01 -3.306840916022e+00 -1.941622607192e+00 6.089614677715e-01 4.084974198779e+00 -4.118984955729e+00 1.022552220931e+01 1.157366350675e+01
140	-1.441150685320e-02 2.080677747508e-01 4.340715588125e+00 3.288262943843e+00 -6.445620934514e-01 1.916963253891e+00 -4.368445841999e+00 -2.326179406213e-01 -3.306840916022e+00 -1.941622607192e+00 6.089614677715e-01 4.084974198779e+00 -4.118984955729e+00 1.022546559404e+01 1.157373030914e+01
150	-1.441150685320e-02 2.080677747508e-01 4.340715588125e+00 3.288262943843e+00 -6.445620934514e-01 1.916963253891e+00 -4.368445841999e+00 -2.326179406213e-01 -3.306840916022e+00 -1.941622607192e+00 6.089614677715e-01 4.084974198779e+00 -4.118984955729e+00 1.022539985926e+01 1.157380613848e+01
160	-1.441150685320e-02 2.080677747508e-01 4.340715588125e+00 3.288262943843e+00 -6.445620934514e-01 1.916963253891e+00 -4.368445841999e+00 -2.326179406213e-01 -3.306840916022e+00 -1.941622607192e+00 6.089614677715e-01 4.084974198779e+00 -4.118984955729e+00 1.022532656337e+01 1.157388927773e+01
170	-1.441150685320e-02 2.080677747508e-01 4.340715588125e+00 3.288262943843e+00 -6.445620934514e-01 1.916963253891e+00 -4.368445841999e+00 -2.326179406213e-01 -3.306840916022e+00 -1.941622607192e+00 6.089614677715e-01 4.084974198779e+00 -4.118984955729e+00 1.022524854883e+01 1.157397706719e+01
180	-1.441150685320e-02 2.080677747508e-01 4.340715588125e+00 3.288262943843e+00 -6.445620934514e-01 1.916963253891e+00 -4.368445841999e+00 -2.326179406213e-01 -3.306840916022e+00 -1.941622607192e+00 6.089614677715e-01 4.084974198779e+00 -4.118984955729e+00 1.022516842366e+01 1.157406718406e+01
190	-1.441150685320e-02 2.080677747508e-01 4.340715588125e+00 3.288262943843e+00 -6.445620934514e-01 1.916963253891e+00 -4.368445841999e+00 -2.326179406213e-01 -3.306840916022e+00 -1.941622607192e+00 6.089614677715e-01 4.084974198779e+00 -4.118984955729e+00 1.022508660538e+01 1.157415938852e+01
200	-1.441150685320e-02 2.080677747508e-01 4.340715588125e+00 3.288262943843e+00 -6.445620934514e-01 1.916963253891e+00 -4.368445841999e+00 -2.326179406213e-01 -3.306840916022e+00 -1.941622607192e+00 6.089614677715e-01 4.084974198779e+00 -4.118984955729e+00 1.022500000164e+01 1.157425698535e+01
210	-1.441150685320e-02 2.080677747508e-01 4.340715588125e+00 3.288262943843e+00 -6.445620934514e-01 1.916963253891e+00 -4.368445841999e+00 -2.326179406213e-01 -3.306840916022e+00 -1.941622607192e+00 6.089614677715e-01 4.084974198779e+00 -4.118984955729e+00 1.022490249721e+01 1.157436680095e+01
220	-1.441150685320e-02 2.080677747508e-01 4.340715588125e+00 3.288262943843e+00 -6.445620934514e-01 1.916963253891e+00 -4.368445841999e+00 -2.326179406213e-01 -3.306840916022e+00 -1.941622607192e+00 6.089614677715e-01 4.084974198779e+00 -4.118984955729e+00 1.022478793905e+01 1.157449665542e+01
230	-1.441150685320e-02 2.080677747508e-01 4.340715588125e+00 3.288262943843e+00 -6.445620934514e-01 1.916963253891e+00 -4.368445841999e+00 -2.326179406213e-01 -3.306840916022e+00 -1.941622607192e+00 6.089614677715e-01 4.084974198779e+00 -4.118984955729e+00 1.022465354355e+01 1.157465170407e+01
240	-1.441150685320e-02 2.080677747508e-01 4.340715588125e+00 3.288262943843e+00 -6.445620934514e-01 1.916963253891e+00 -4.368445841999e+00 -2.326179406213e-01 -3.306840916022e+00 -1.941622607192e+00 6.089614677715e-01 4.084974198779e+00 -4.118984955729e+00 1.022450062635e+01 1.157483271035e+01
250	-1.441150685320e-02 2.080677747508e-01 4.340715588125e+00 3.288262943843e+00 -6.445620934514e-01 1.916963253891e+00 -4.368445841999e+00 -2.326179406213e-01 -3.306840916022e+00 -1.941622607192e+00 6.089614677715e-01 4.084974198779e+00 -4.118984955729e+00 1.022433312162e+01 1.157503676175e+01
260	-1.441150685320e-02 2.080677747508e-01 4.340715588125e+00 3.288262943843e+00 -6.445620934514e-01 1.916963253891e+00 -4.368445841999e+00 -2.326179406213e-01 -3.306840916022e+00 -1.941622607192e+00 6.089614677715e-01 4.084974198779e+00 -4.118984955729e+00 1.022415587484e+01 1.157525868871e+01
270	-1.441150685320e-02 2.080677747508e-01 4.340715588125e+00 3.288262943843e+00 -6.445620934514e-01 1.916963253891e+00 -4.368445841999e+00 -2.326179406213e-01 -3.306840916022e+00 -1.941622607192e+00 6.089614677715e-01 4.084974198779e+00 -4.118984955729e+00 1.022397395874e+01 1.157549163826e+01
280	-1.441150685320e-02 2.080677747508e-01 4.340715588125e+00 3.288262943843e+00 -6.445620934514e-01 1.916963253891e+00 -4.368445841999e+00 -2.326179406213e-01 -3.306840916022e+00 -1.941622607192e+00 6.089614677715e-01 4.084974198779e+00 -4.118984955729e+00 1.022379246200e+01 1.157572784153e+01
290	-1.441150685320e-02 2.080677747508e-01 4.340715588125e+00 3.288262943843e+00 -6.445620934514e-01 1.916963253891e+00 -4.368445841999e+00 -2.326179406213e-01 -3.306840916022e+00 -1.941622607192e+00 6.089614677715e-01 4.084974198779e+00 -4.118984955729e+00 1.022361565467e+01 1.157596081510e+01
300	-1.441150685320e-02 2.080677747508e-01 4.340715588125e+00 3.288262943843e+00 -6.445620934514e-01 1.916963253891e+00 -4.368445841999e+00 -2.326179406213e-01 -3.306840916022e+00 -1.941622607192e+00 6.089614677715e-01 4.084974198779e+00 -4.118984955729e+00 1.022344502976e+01 1.157618844899e+01
310	-1.441150685320e-02 2.080677747508e-01 4.340715588125e+00 3.288262943843e+00 -6.445620934514e-01 1.916963253891e+00 -4.368445841999e+00 -2.326179406213e-01 -3.306840916022e+00 -1.941622607192e+00 6.089614677715e-01 4.084974198779e+00 -4.118984955729e+00 1.022327844243e+01 1.157641376851e+01
320	-1.441150685320e-02 2.080677747508e-01 4.340715588125e+00 3.288262943843e+00 -6.445620934514e-01 1.916963253891e+00 -4.368445841999e+00 -2.326179406213e-01 -3.306840916022e+00 -1.941622607192e+00 6.089614677715e-01 4.084974198779e+00 -4.118984955729e+00 1.022311139185e+01 1.157664247887e+01
330	-1.441150685320e-02 2.080677747508e-01 4.340715588125e+00 3.288262943843e+00 -6.445620934514e-01 1.916963253891e+00 -4.368445841999e+00 -2.326179406213e-01 -3.306840916022e+00 -1.941622607192e+00 6.089614677715e-01 4.084974198779e+00 -4.118984955729e+00 1.022293889805e+01 1.157687972921e+01
340	-1.441150685320e-02 2.080677747508e-01 4.340715588125e+00 3.288262943843e+00 -6.445620934514e-01 1.916963253891e+00 -4.368445841999e+00 -2.326179406213e-01 -3.306840916022e+00 -1.941622607192e+00 6.089614677715e-01 4.084974198779e+00 -4.118984955729e+00 1.022275913793e+01 1.157712646695e+01
350	-1.441150685320e-02 2.080677747508e-01 4.340715588125e+00 3.288262943843e+00 -6.445620934514e-01 1.916963253891e+00 -4.368445841999e+00 -2.326179406213e-01 -3.306840916022e+00 -1.941622607192e+00 6.089614677715e-01 4.084974198779e+00 -4.118984955729e+00 1.022257489381e+01 1.157737936462e+01
360	-1.441150685320e-02 2.080677747508e-01 4.340715588125e+00 3.288262943843e+00 -6.445620934514e-01 1.916963253891e+00 -4.368445841999e+00 -2.326179406213e-01 -3.306840916022e+00 -1.941622607192e+00 6.089614677715e-01 4.084974198779e+00 -4.118984955729e+00 1.022239091438e+01 1.157763449727e+01
370	-1.441150685320e-02 2.080677747508e-01 4.340715588125e+00 3.288262943843e+00 -6.445620934514e-01 1.916963253891e+00 -4.368445841999e+00 -2.326179406213e-01 -3.306840916022e+00 -1.941622607192e+00 6.089614677715e-01 4.084974198779e+00 -4.118984955729e+00 1.022221106708e+01 1.157789050204e+01
380	-1.441150685320e-02 2.080677747508e-01 4.340715588125e+00 3.288262943843e+00 -6.445620934514e-01 1.916963253891e+00 -4.368445841999e+00 -2.326179406213e-01 -3.306840916022e+00 -1.941622607192e+00 6.089614677715e-01 4.084974198779e+00 -4.118984955729e+00 1.022203407471e+01 1.157815084645e+01
390	-1.441150685320e-02 2.080677747508e-01 4.340715588125e+00 3.288262943843e+00 -6.445620934514e-01 1.916963253891e+00 -4.368445841999e+00 -2.326179406213e-01 -3.306840916022e+00 -1.941622607192e+00 6.089614677715e-01 4.084974198779e+00 -4.118984955729e+00 1.022185217500e+01 1.157842270757e+01
400	-1.441150685320e-02 2.080677747508e-01 4.340715588125e+00 3.288262943843e+00 -6.445620934514e-01 1.916963253891e+00 -4.368445841999e+00 -2.326179406213e-01 -3.306840916022e+00 -1.941622607192e+00 6.089614677715e-01 4.084974198779e+00 -4.118984955729e+00 1.022165788586e+01 1.157871111809e+01
410	-1.441150685320e-02 2.080677747508e-01 4.340715588125e+00 3.288262943843e+00 -6.445620934514e-01 1.916963253891e+00 -4.368445841999e+00 -2.326179406213e-01 -3.306840916022e+00 -1.941622607192e+00 6.089614677715e-01 4.084974198779e+00 -4.118984955729e+00 1.022144863661e+01 1.157901607632e+01
420	-1.441150685320e-02 2.080677747508e-01 4.340715588125e+00 3.288262943843e+00 -6.445620934514e-01 1.916963253891e+00 -4.368445841999e+00 -2.326179406213e-01 -3.306840916022e+00 -1.941622607192e+00 6.089614677715e-01 4.084974198779e+00 -4.118984955729e+00 1.022122552041e+01 1.157933448958e+01
430	-1.441150685320e-02 2.080677747508e-01 4.340715588125e+00 3.288262943843e+00 -6.445620934514e-01 1.916963253891e+00 -4.368445841999e+00 -2.326179406213e-01 -3.306840916022e+00 -1.941622607192e+00 6.089614677715e-01 4.084974198779e+00 -4.118984955729e+00 1.022099057286e+01 1.157966343541e+01
440	-1.441150685320e-02 2.080677747508e-01 4.340715588125e+00 3.288262943843e+00 -6.445620934514e-01 1.916963253891e+00 -4.368445841999e+00 -2.326179406213e-01 -3.306840916022e+00 -1.941622607192e+00 6.089614677715e-01 4.084974198779e+00 -4.118984955729e+00 1.022074369772e+01 1.158000295613e+01
450	-1.441150685320e-02 2.080677747508e-01 4.340715588125e+00 3.288262943843e+00 -6.445620934514e-01 1.916963253891e+00 -4.368445841999e+00 -2.326179406213e-01 -3.306840916022e+00 -1.941622607192e+00 6.089614677715e-01 4.084974198779e+00 -4.118984955729e+00 1.022048194515e+01 1.158035633868e+01
460	-1.441150685320e-02 2.080677747508e-01 4.340715588125e+00 3.288262943843e+00 -6.445620934514e-01 1.916963253891e+00 -4.368445841999e+00 -2.326179406213e-01 -3.306840916022e+00 -1.941622607192e+00 6.089614677715e-01 4.084974198779e+00 -4.118984955729e+00 1.022020187458e+01 1.158072781152e+01
470	-1.441150685320e-02 2.080677747508e-01 4.340715588125e+00 3.288262943843e+00 -6.445620934514e-01 1.916963253891e+00 -4.368445841999e+00 -2.326179406213e-01 -3.306840916022e+00 -1.941622607192e+00 6.089614677715e-01 4.084974198779e+00 -4.118984955729e+00 1.021990210964e+01 1.158112017897e+01
480	-1.441150685320e-02 2.080677747508e-01 4.340715588125e+00 3.288262943843e+00 -6.445620934514e-01 1.916963253891e+00 -4.368445841999e+00 -2.326179406213e-01 -3.306840916022e+00 -1.941622607192e+00 6.089614677715e-01 4.084974198779e+00 -4.118984955729e+00 1.021958188921e+01 1.158153627575e+01
490	-1.441150685320e-02 2.080677747508e-01 4.340715588125e+00 3.288262943843e+00 -6.445620934514e-01 1.916963253891e+00 -4.368445841999e+00 -2.326179406213e-01 -3.306840916022e+00 -1.941622607192e+00 6.089614677715e-01 4.084974198779e+00 -4.118984955729e+00 1.021923718073e+01 1.158198223651e+01
500	-1.441150685320e-02 2.080677747508e-01 4.340715588125e+00 3.288262943843e+00 -6.445620934514e-01 1.916963253891e+00 -4.368445841999e+00 -2.326179406213e-01 -3.306840916022e+00 -1.941622607192e+00 6.089614677715e-01 4.084974198779e+00 -4.118984955729e+00 1.021886076254e+01 1.158246657076e+01
510	-1.441150685320e-02 2.080677747508e-01 4.340715588125e+00 3.288262943843e+00 -6.445620934514e-01 1.916963253891e+00 -4.368445841999e+00 -2.326179406213e-01 -3.306840916022e+00 -1.941622607192e+00 6.089614677715e-01 4.084974198779e+00 -4.118984955729e+00 1.021844942937e+01 1.158299273291e+01
520	-1.441150685320e-02 2.080677747508e-01 4.340715588125e+00 3.288262943843e+00 -6.445620934514e-01 1.916963253891e+00 -4.368445841999e+00 -2.326179406213e-01 -3.306840916022e+00 -1.941622607192e+00 6.089614677715e-01 4.084974198779e+00 -4.118984955729e+00 1.021800862905e+01 1.158355459402e+01
530	-1.441150685320e-02 2.080677747508e-01 4.340715588125e+00 3.288262943843e+00 -6.445620934514e-01 1.916963253891e+00 -4.368445841999e+00 -2.326179406213e-01 -3.306840916022e+00 -1.941622607192e+00 6.089614677715e-01 4.084974198779e+00 -4.118984955729e+00 1.021754695360e+01 1.158414213150e+01
540	-1.441150685320e-02 2.080677747508e-01 4.340715588125e+00 3.288262943843e+00 -6.445620934514e-01 1.916963253891e+00 -4.368445841999e+00 -2.326179406213e-01 -3.306840916022e+00 -1.941622607192e+00 6.089614677715e-01 4.084974198779e+00 -4.118984955729e+00 1.021706813298e+01 1.158475063971e+01
550	-1.441150685320e-02 2.080677747508e-01 4.340715588125e+00 3.288262943843e+00 -6.445620934514e-01 1.916963253891e+00 -4.368445841999e+00 -2.326179406213e-01 -3.306840916022e+00 -1.941622607192e+00 6.089614677715e-01 4.084974198779e+00 -4.118984955729e+00 1.021656970301e+01 1.158538310838e+01
560	-1.441150685320e-02 2.080677747508e-01 4.340715588125e+00 3.288262943843e+00 -6.445620934514e-01 1.916963253891e+00 -4.368445841999e+00 -2.326179406213e-01 -3.306840916022e+00 -1.941622607192e+00 6.089614677715e-01 4.084974198779e+00 -4.118984955729e+00 1.021604891805e+01 1.158604357961e+01
570	-1.441150685320e-02 2.080677747508e-01 4.340715588125e+00 3.288262943843e+00 -6.445620934514e-01 1.916963253891e+00 -4.368445841999e+00 -2.326179406213e-01 -3.306840916022e+00 -1.941622607192e+00 6.089614677715e-01 4.084974198779e+00 -4.118984955729e+00 1.021550737892e+01 1.158673100402e+01
580	-1.441150685320e-02 2.080677747508e-01 4.340715588125e+00 3.288262943843e+00 -6.445620934514e-01 1.916963253891e+00 -4.368445841999e+00 -2.326179406213e-01 -3.306840916022e+00 -1.941622607192e+00 6.089614677715e-01 4.084974198779e+00 -4.118984955729e+00 1.021494883954e+01 1.158744122616e+01
590	-1.441150685320e-02 2.080677747508e-01 4.340715588125e+00 3.288262943843e+00 -6.445620934514e-01 1.916963253891e+00 -4.368445841999e+00 -2.326179406213e-01 -3.306840916022e+00 -1.941622607192e+00 6.089614677715e-01 4.084974198779e+00 -4.118984955729e+00 1.021437554005e+01 1.158817178876e+01
600	-1.441150685320e-02 2.080677747508e-01 4.340715588125e+00 3.288262943843e+00 -6.445620934514e-01 1.916963253891e+00 -4.368445841999e+00 -2.326179406213e-01 -3.306840916022e+00 -1.941622607192e+00 6.089614677715e-01 4.084974198779e+00 -4.118984955729e+00 1.021378651934e+01 1.158892410524e+01
610	-1.441150685320e-02 2.080677747508e-01 4.340715588125e+00 3.288262943843e+00 -6.445620934514e-01 1.916963253891e+00 -4.368445841999e+00 -2.326179406213e-01 -3.306840916022e+00 -1.941622607192e+00 6.089614677715e-01 4.084974198779e+00 -4.118984955729e+00 1.021317689773e+01 1.158970408365e+01
620	-1.441150685320e-02 2.080677747508e-01 4.340715588125e+00 3.288262943843e+00 -6.445620934514e-01 1.916963253891e+00 -4.368445841999e+00 -2.326179406213e-01 -3.306840916022e+00 -1.941622607192e+00 6.089614677715e-01 4.084974198779e+00 -4.118984955729e+00 1.021254308125e+01 1.159051556374e+01
630	-1.441150685320e-02 2.080677747508e-01 4.340715588125e+00 3.288262943843e+00 -6.445620934514e-01 1.916963253891e+00 -4.368445841999e+00 -2.326179406213e-01 -3.306840916022e+00 -1.941622607192e+00 6.089614677715e-01 4.084974198779e+00 -4.118984955729e+00 1.021188747630e+01 1.159135299325e+01
640	-1.441150685320e-02 2.080677747508e-01 4.340715588125e+00 3.288262943843e+00 -6.445620934514e-01 1.916963253891e+00 -4.368445841999e+00 -2.326179406213e-01 -3.306840916022e+00 -1.941622607192e+00 6.089614677715e-01 4.084974198779e+00 -4.118984955729e+00 1.021121424368e+01 1.159220939900e+01
650	-1.441150685320e-02 2.080677747508e-01 4.340715588125e+00 3.288262943843e+00 -6.445620934514e-01 1.916963253891e+00 -4.368445841999e+00 -2.326179406213e-01 -3.306840916022e+00 -1.941622607192e+00 6.089614677715e-01 4.084974198779e+00 -4.118984955729e+00 1.021052406434e+01 1.159308491441e+01
660	-1.441150685320e-02 2.080677747508e-01 4.340715588125e+00 3.288262943843e+00 -6.445620934514e-01 1.916963253891e+00 -4.368445841999e+00 -2.326179406213e-01 -3.306840916022e+00 -1.941622607192e+00 6.089614677715e-01 4.084974198779e+00 -4.118984955729e+00 1.020981216928e+01 1.159398525447e+01
670	-1.441150685320e-02 2.080677747508e-01 4.340715588125e+00 3.288262943843e+00 -6.445620934514e-01 1.916963253891e+00 -4.368445841999e+00 -2.326179406213e-01 -3.306840916022e+00 -1.941622607192e+00 6.089614677715e-01 4.084974198779e+00 -4.118984955729e+00 1.020907107130e+01 1.159491812828e+01
680	-1.441150685320e-02 2.080677747508e-01 4.340715588125e+00 3.288262943843e+00 -6.445620934514e-01 1.916963253891e+00 -4.368445841999e+00 -2.326179406213e-01 -3.306840916022e+00 -1.941622607192e+00 6.089614677715e-01 4.084974198779e+00 -4.118984955729e+00 1.020829618324e+01 1.159588842010e+01
690	-1.441150685320e-02 2.080677747508e-01 4.340715588125e+00 3.288262943843e+00 -6.445620934514e-01 1.916963253891e+00 -4.368445841999e+00 -2.326179406213e-01 -3.306840916022e+00 -1.941622607192e+00 6.089614677715e-01 4.084974198779e+00 -4.118984955729e+00 1.020749197127e+01 1.159689184651e+01
700	-1.441150685320e-02 2.080677747508e-01 4.340715588125e+00 3.288262943843e+00 -6.445620934514e-01 1.916963253891e+00 -4.368445841999e+00 -2.326179406213e-01 -3.306840916022e+00 -1.941622607192e+00 6.089614677715e-01 4.084974198779e+00 -4.118984955729e+00 1.020666707620e+01 1.159791963299e+01
710	-1.441150685320e-02 2.080677747508e-01 4.340715588125e+00 3.288262943843e+00 -6.445620934514e-01 1.916963253891e+00 -4.368445841999e+00 -2.326179406213e-01 -3.306840916022e+00 -1.941622607192e+00 6.089614677715e-01 4.084974198779e+00 -4.118984955729e+00 1.020582481470e+01 1.159896893717e+01
720	-1.441150685320e-02 2.080677747508e-01 4.340715588125e+00 3.288262943843e+00 -6.445620934514e-01 1.916963253891e+00 -4.368445841999e+00 -2.326179406213e-01 -3.306840916022e+00 -1.941622607192e+00 6.089614677715e-01 4.084974198779e+00 -4.118984955729e+00 1.020496046439e+01 1.160004571512e+01
730	-1.441150685320e-02 2.080677747508e-01 4.340715588125e+00 3.288262943843e+00 -6.445620934514e-01 1.916963253891e+00 -4.368445841999e+00 -2.326179406213e-01 -3.306840916022e+00 -1.941622607192e+00 6.089614677715e-01 4.084974198779e+00 -4.118984955729e+00 1.020406519917e+01 1.160115937997e+01
740	-1.441150685320e-02 2.080677747508e-01 4.340715588125e+00 3.288262943843e+00 -6.445620934514e-01 1.916963253891e+00 -4.368445841999e+00 -2.326179406213e-01 -3.306840916022e+00 -1.941622607192e+00 6.089614677715e-01 4.084974198779e+00 -4.118984955729e+00 1.020313605256e+01 1.160231246270e+01
750	-1.441150685320e-02 2.080677747508e-01 4.340715588125e+00 3.288262943843e+00 -6.445620934514e-01 1.916963253891e+00 -4.368445841999e+00 -2.326179406213e-01 -3.306840916022e+00 -1.941622607192e+00 6.089614677715e-01 4.084974198779e+00 -4.118984955729e+00 1.020217787777e+01 1.160349973382e+01
760	-1.441150685320e-02 2.080677747508e-01 4.340715588125e+00 3.288262943843e+00 -6.445620934514e-01 1.916963253891e+00 -4.368445841999e+00 -2.326179406213e-01 -3.306840916022e+00 -1.941622607192e+00 6.089614677715e-01 4.084974198779e+00 -4.118984955729e+00 1.020119845135e+01 1.160471371757e+01
770	-1.441150685320e-02 2.080677747508e-01 4.340715588125e+00 3.288262943843e+00 -6.445620934514e-01 1.916963253891e+00 -4.368445841999e+00 -2.326179406213e-01 -3.306840916022e+00 -1.941622607192e+00 6.089614677715e-01 4.084974198779e+00 -4.118984955729e+00 1.020020293708e+01 1.160594954043e+01
780	-1.441150685320e-02 2.080677747508e-01 4.340715588125e+00 3.288262943843e+00 -6.445620934514e-01 1.916963253891e+00 -4.368445841999e+00 -2.326179406213e-01 -3.306840916022e+00 -1.941622607192e+00 6.089614677715e-01 4.084974198779e+00 -4.118984955729e+00 1.019919261149e+01 1.160720600459e+01
790	-1.441150685320e-02 2.080677747508e-01 4.340715588125e+00 3.288262943843e+00 -6.445620934514e-01 1.916963253891e+00 -4.368445841999e+00 -2.326179406213e-01 -3.306840916022e+00 -1.941622607192e+00 6.089614677715e-01 4.084974198779e+00 -4.118984955729e+00 1.019816573853e+01 1.160848527355e+01
800	-1.441150685320e-02 2.080677747508e-01 4.340715588125e+00 3.288262943843e+00 -6.445620934514e-01 1.916963253891e+00 -4.368445841999e+00 -2.326179406213e-01 -3.306840916022e+00 -1.941622607192e+00 6.089614677715e-01 4.084974198779e+00 -4.118984955729e+00 1.019711739586e+01 1.160979289035e+01
810	-1.441150685320e-02 2.080677747508e-01 4.340715588125e+00 3.288262943843e+00 -6.445620934514e-01 1.916963253891e+00 -4.368445841999e+00 -2.326179406213e-01 -3.306840916022e+00 -1.941622607192e+00 6.089614677715e-01 4.084974198779e+00 -4.118984955729e+00 1.019604187874e+01 1.161113497504e+01
820	-1.441150685320e-02 2.080677747508e-01 4.340715588125e+00 3.288262943843e+00 -6.445620934514e-01 1.916963253891e+00 -4.368445841999e+00 -2.326179406213e-01 -3.306840916022e+00 -1.941622607192e+00 6.089614677715e-01 4.084974198779e+00 -4.118984955729e+00 1.019493737035e+01 1.161251378546e+01
830	-1.441150685320e-02 2.080677747508e-01 4.340715588125e+00 3.288262943843e+00 -6.445620934514e-01 1.916963253891e+00 -4.368445841999e+00 -2.326179406213e-01 -3.306840916022e+00 -1.941622607192e+00 6.089614677715e-01 4.084974198779e+00 -4.118984955729e+00 1.019380731344e+01 1.161392644920e+01
840	-1.441150685320e-02 2.080677747508e-01 4.340715588125e+00 3.288262943843e+00 -6.445620934514e-01 1.916963253891e+00 -4.368445841999e+00 -2.326179406213e-01 -3.306840916022e+00 -1.941622607192e+00 6.089614677715e-01 4.084974198779e+00 -4.118984955729e+00 1.019265778432e+01 1.161536735664e+01
850	-1.441150685320e-02 2.080677747508e-01 4.340715588125e+00 3.288262943843e+00 -6.445620934514e-01 1.916963253891e+00 -4.368445841999e+00 -2.326179406213e-01 -3.306840916022e+00 -1.941622607192e+00 6.089614677715e-01 4.084974198779e+00 -4.118984955729e+00 1.019149525385e+01 1.161682925084e+01
860	-1.441150685320e-02 2.080677747508e-01 4.340715588125e+00 3.288262943843e+00 -6.445620934514e-01 1.916963253891e+00 -4.368445841999e+00 -2.326179406213e-01 -3.306840916022e+00 -1.941622607192e+00 6.089614677715e-01 4.084974198779e+00 -4.118984955729e+00 1.019032321937e+01 1.161830640555e+01
870	-1.441150685320e-02 2.080677747508e-01 4.340715588125e+00 3.288262943843e+00 -6.445620934514e-01 1.916963253891e+00 -4.368445841999e+00 -2.326179406213e-01 -3.306840916022e+00 -1.941622607192e+00 6.089614677715e-01 4.084974198779e+00 -4.118984955729e+00 1.018913926162e+01 1.161979943446e+01
880	-1.441150685320e-02 2.080677747508e-01 4.340715588125e+00 3.288262943843e+00 -6.445620934514e-01 1.916963253891e+00 -4.368445841999e+00 -2.326179406213e-01 -3.306840916022e+00 -1.941622607192e+00 6.089614677715e-01 4.084974198779e+00 -4.118984955729e+00 1.018793663645e+01 1.162131482006e+01
890	-1.441150685320e-02 2.080677747508e-01 4.340715588125e+00 3.288262943843e+00 -6.445620934514e-01 1.916963253891e+00 -4.368445841999e+00 -2.326179406213e-01 -3.306840916022e+00 -1.941622607192e+00 6.089614677715e-01 4.084974198779e+00 -4.118984955729e+00 1.018671119094e+01 1.162285720505e+01
900	-1.441150685320e-02 2.080677747508e-01 4.340715588125e+00 3.288262943843e+00 -6.445620934514e-01 1.916963253891e+00 -4.368445841999e+00 -2.326179406213e-01 -3.306840916022e+00 -1.941622607192e+00 6.089614677715e-01 4.084974198779e+00 -4.118984955729e+00 1.018546538264e+01 1.162442485318e+01
910	-1.441150685320e-02 2.080677747508e-01 4.340715588125e+00 3.288262943843e+00 -6.445620934514e-01 1.916963253891e+00 -4.368445841999e+00 -2.326179406213e-01 -3.306840916022e+00 -1.941622607192e+00 6.089614677715e-01 4.084974198779e+00 -4.118984955729e+00 1.018420669701e+01 1.162601023438e+01
920	-1.441150685320e-02 2.080677747508e-01 4.340715588125e+00 3.288262943843e+00 -6.445620934514e-01 1.916963253891e+00 -4.368445841999e+00 -2.326179406213e-01 -3.306840916022e+00 -1.941622607192e+00 6.089614677715e-01 4.084974198779e+00 -4.118984955729e+00 1.018293926303e+01 1.162760772745e+01
930	-1.441150685320e-02 2.080677747508e-01 4.340715588125e+00 3.288262943843e+00 -6.445620934514e-01 1.916963253891e+00 -4.368445841999e+00 -2.326179406213e-01 -3.306840916022e+00 -1.941622607192e+00 6.089614677715e-01 4.084974198779e+00 -4.118984955729e+00 1.018165903841e+01 1.162922049977e+01
940	-1.441150685320e-02 2.080677747508e-01 4.340715588125e+00 3.288262943843e+00 -6.445620934514e-01 1.916963253891e+00 -4.368445841999e+00 -2.326179406213e-01 -3.306840916022e+00 -1.941622607192e+00 6.089614677715e-01 4.084974198779e+00 -4.118984955729e+00 1.018035896339e+01 1.163085655975e+01
950	-1.441150685320e-02 2.080677747508e-01 4.340715588125e+00 3.288262943843e+00 -6.445620934514e-01 1.916963253891e+00 -4.368445841999e+00 -2.326179406213e-01 -3.306840916022e+00 -1.941622607192e+00 6.089614677715e-01 4.084974198779e+00 -4.118984955729e+00 1.017903457749e+01 1.163252271434e+01
960	-1.441150685320e-02 2.080677747508e-01 4.340715588125e+00 3.288262943843e+00 -6.445620934514e-01 1.916963253891e+00 -4.368445841999e+00 -2.326179406213e-01 -3.306840916022e+00 -1.941622607192e+00 6.089614677715e-01 4.084974198779e+00 -4.118984955729e+00 1.017768858181e+01 1.163421816274e+01
970	-1.441150685320e-02 2.080677747508e-01 4.340715588125e+00 3.288262943843e+00 -6.445620934514e-01 1.916963253891e+00 -4.368445841999e+00 -2.326179406213e-01 -3.306840916022e+00 -1.941622607192e+00 6.089614677715e-01 4.084974198779e+00 -4.118984955729e+00 1.017632856430e+01 1.163593741558e+01
980	-1.441150685320e-02 2.080677747508e-01 4.340715588125e+00 3.288262943843e+00 -6.445620934514e-01 1.916963253891e+00 -4.368445841999e+00 -2.326179406213e-01 -3.306840916022e+00 -1.941622607192e+00 6.089614677715e-01 4.084974198779e+00 -4.118984955729e+00 1.017495973251e+01 1.163767607575e+01
990	-1.441150685320e-02 2.080677747508e-01 4.340715588125e+00 3.288262943843e+00 -6.445620934514e-01 1.916963253891e+00 -4.368445841999e+00 -2.326179406213e-01 -3.306840916022e+00 -1.941622607192e+00 6.089614677715e-01 4.084974198779e+00 -4.118984955729e+00 1.017357925752e+01 1.163943602869e+01
1000	-1.441150685320e-02 2.080677747508e-01 4.340715588125e+00 3.288262943843e+00 -6.445620934514e-01 1.916963253891e+00 -4.368445841999e+00 -2.326179406213e-01 -3.306840916022e+00 -1.941622607192e+00 6.089614677715e-01 4.084974198779e+00 -4.118984955729e+00 1.017218129396e+01 1.164122204721e+01
1010	-1.441150685320e-02 2.080677747508e-01 4.340715588125e+00 3.288262943843e+00 -6.445620934514e-01 1.916963253891e+00 -4.368445841999e+00 -2.326179406213e-01 -3.306840916022e+00 -1.941622607192e+00 6.089614677715e-01 4.084974198779e+00 -4.118984955729e+00 1.017076377478e+01 1.164303544324e+01
1020	-1.441150685320e-02 2.080677747508e-01 4.340715588125e+00 3.288262943843e+00 -6.445620934514e-01 1.916963253891e+00 -4.368445841999e+00 -2.326179406213e-01 -3.306840916022e+00 -1.941622607192e+00 6.089614677715e-01 4.084974198779e+00 -4.118984955729e+00 1.016932928336e+01 1.164487316904e+01
1030	-1.441150685320e-02 2.080677747508e-01 4.340715588125e+00 3.288262943843e+00 -6.445620934514e-01 1.916963253891e+00 -4.368445841999e+00 -2.326179406213e-01 -3.306840916022e+00 -1.941622607192e+00 6.089614677715e-01 4.084974198779e+00 -4.118984955729e+00 1.016788425906e+01 1.164672853095e+01
1040	-1.441150685320e-02 2.080677747508e-01 4.340715588125e+00 3.288262943843e+00 -6.445620934514e-01 1.916963253891e+00 -4.368445841999e+00 -2.326179406213e-01 -3.306840916022e+00 -1.941622607192e+00 6.089614677715e-01 4.084974198779e+00 -4.118984955729e+00 1.016643239421e+01 1.164859759689e+01
1050	-1.441150685320e-02 2.080677747508e-01 4.340715588125e+00 3.288262943843e+00 -6.445620934514e-01 1.916963253891e+00 -4.368445841999e+00 -2.326179406213e-01 -3.306840916022e+00 -1.941622607192e+00 6.089614677715e-01 4.084974198779e+00 -4.118984955729e+00 1.016497010644e+01 1.165048478422e+01
1060	-1.441150685320e-02 2.080677747508e-01 4.340715588125e+00 3.288262943843e+00 -6.445620934514e-01 1.916963253891e+00 -4.368445841999e+00 -2.326179406213e-01 -3.306840916022e+00 -1.941622607192e+00 6.089614677715e-01 4.084974198779e+00 -4.118984955729e+00 1.016348876182e+01 1.165240134935e+01
1070	-1.441150685320e-02 2.080677747508e-01 4.340715588125e+00 3.288262943843e+00 -6.445620934514e-01 1.916963253891e+00 -4.368445841999e+00 -2.326179406213e-01 -3.306840916022e+00 -1.941622607192e+00 6.089614677715e-01 4.084974198779e+00 -4.118984955729e+00 1.016198484659e+01 1.165435291850e+01
1080	-1.441150685320e-02 2.080677747508e-01 4.340715588125e+00 3.288262943843e+00 -6.445620934514e-01 1.916963253891e+00 -4.368445841999e+00 -2.326179406213e-01 -3.306840916022e+00 -1.941622607192e+00 6.089614677715e-01 4.084974198779e+00 -4.118984955729e+00 1.016046250667e+01 1.165633536039e+01
1090	-1.441150685320e-02 2.080677747508e-01 4.340715588125e+00 3.288262943843e+00 -6.445620934514e-01 1.916963253891e+00 -4.368445841999e+00 -2.326179406213e-01 -3.306840916022e+00 -1.941622607192e+00 6.089614677715e-01 4.084974198779e+00 -4.118984955729e+00 1.015892616948e+01 1.165834314831e+01
1100	-1.441150685320e-02 2.080677747508e-01 4.340715588125e+00 3.288262943843e+00 -6.445620934514e-01 1.916963253891e+00 -4.368445841999e+00 -2.326179406213e-01 -3.306840916022e+00 -1.941622607192e+00 6.089614677715e-01 4.084974198779e+00 -4.118984955729e+00 1.015737207579e+01 1.166037883473e+01
1110	-1.441150685320e-02 2.080677747508e-01 4.340715588125e+00 3.288262943843e+00 -6.445620934514e-01 1.916963253891e+00 -4.368445841999e+00 -2.326179406213e-01 -3.306840916022e+00 -1.941622607192e+00 6.089614677715e-01 4.084974198779e+00 -4.118984955729e+00 1.015579393537e+01 1.166244764490e+01
1120	-1.441150685320e-02 2.080677747508e-01 4.340715588125e+00 3.288262943843e+00 -6.445620934514e-01 1.916963253891e+00 -4.368445841999e+00 -2.326179406213e-01 -3.306840916022e+00 -1.941622607192e+00 6.089614677715e-01 4.084974198779e+00 -4.118984955729e+00 1.015419152465e+01 1.166454856401e+01
1130	-1.441150685320e-02 2.080677747508e-01 4.340715588125e+00 3.288262943843e+00 -6.445620934514e-01 1.916963253891e+00 -4.368445841999e+00 -2.326179406213e-01 -3.306840916022e+00 -1.941622607192e+00 6.089614677715e-01 4.084974198779e+00 -4.118984955729e+00 1.015256969389e+01 1.166667501217e+01
1140	-1.441150685320e-02 2.080677747508e-01 4.340715588125e+00 3.288262943843e+00 -6.445620934514e-01 1.916963253891e+00 -4.368445841999e+00 -2.326179406213e-01 -3.306840916022e+00 -1.941622607192e+00 6.089614677715e-01 4.084974198779e+00 -4.118984955729e+00 1.015093448862e+01 1.166881969060e+01
1150	-1.441150685320e-02 2.080677747508e-01 4.340715588125e+00 3.288262943843e+00 -6.445620934514e-01 1.916963253891e+00 -4.368445841999e+00 -2.326179406213e-01 -3.306840916022e+00 -1.941622607192e+00 6.089614677715e-01 4.084974198779e+00 -4.118984955729e+00 1.014928801611e+01 1.167098082870e+01
1160	-1.441150685320e-02 2.080677747508e-01 4.340715588125e+00 3.288262943843e+00 -6.445620934514e-01 1.916963253891e+00 -4.368445841999e+00 -2.326179406213e-01 -3.306840916022e+00 -1.941622607192e+00 6.089614677715e-01 4.084974198779e+00 -4.118984955729e+00 1.014762881053e+01 1.167316110534e+01
1170	-1.441150685320e-02 2.080677747508e-01 4.340715588125e+00 3.288262943843e+00 -6.445620934514e-01 1.916963253891e+00 -4.368445841999e+00 -2.326179406213e-01 -3.306840916022e+00 -1.941622607192e+00 6.089614677715e-01 4.084974198779e+00 -4.118984955729e+00 1.014595495186e+01 1.167536315411e+01
1180	-1.441150685320e-02 2.080677747508e-01 4.340715588125e+00 3.288262943843e+00 -6.445620934514e-01 1.916963253891e+00 -4.368445841999e+00 -2.326179406213e-01 -3.306840916022e+00 -1.941622607192e+00 6.089614677715e-01 4.084974198779e+00 -4.118984955729e+00 1.014426536065e+01 1.167758885747e+01
1190	-1.441150685320e-02 2.080677747508e-01 4.340715588125e+00 3.288262943843e+00 -6.445620934514e-01 1.916963253891e+00 -4.368445841999e+00 -2.326179406213e-01 -3.306840916022e+00 -1.941622607192e+00 6.089614677715e-01 4.084974198779e+00 -4.118984955729e+00 1.014256263533e+01 1.167983485943e+01
1200	-1.441150685320e-02 2.080677747508e-01 4.340715588125e+00 3.288262943843e+00 -6.445620934514e-01 1.916963253891e+00 -4.368445841999e+00 -2.326179406213e-01 -3.306840916022e+00 -1.941622607192e+00 6.089614677715e-01 4.084974198779e+00 -4.118984955729e+00 1.014084992782e+01 1.168209580832e+01
1210	-1.441150685320e-02 2.080677747508e-01 4.340715588125e+00 3.288262943843e+00 -6.445620934514e-01 1.916963253891e+00 -4.368445841999e+00 -2.326179406213e-01 -3.306840916022e+00 -1.941622607192e+00 6.089614677715e-01 4.084974198779e+00 -4.118984955729e+00 1.013913258021e+01 1.168436696489e+01
1220	-1.441150685320e-02 2.080677747508e-01 4.340715588125e+00 3.288262943843e+00 -6.445620934514e-01 1.916963253891e+00 -4.368445841999e+00 -2.326179406213e-01 -3.306840916022e+00 -1.941622607192e+00 6.089614677715e-01 4.084974198779e+00 -4.118984955729e+00 1.013741175495e+01 1.168664924433e+01
1230	-1.441150685320e-02 2.080677747508e-01 4.340715588125e+00 3.288262943843e+00 -6.445620934514e-01 1.916963253891e+00 -4.368445841999e+00 -2.326179406213e-01 -3.306840916022e+00 -1.941622607192e+00 6.089614677715e-01 4.084974198779e+00 -4.118984955729e+00 1.013568085472e+01 1.168894916567e+01
1240	-1.441150685320e-02 2.080677747508e-01 4.340715588125e+00 3.288262943843e+00 -6.445620934514e-01 1.916963253891e+00 -4.368445841999e+00 -2.326179406213e-01 -3.306840916022e+00 -1.941622607192e+00 6.089614677715e-01 4.084974198779e+00 -4.118984955729e+00 1.013393326411e+01 1.169127225092e+01
1250	-1.441150685320e-02 2.080677747508e-01 4.340715588125e+00 3.288262943843e+00 -6.445620934514e-01 1.916963253891e+00 -4.368445841999e+00 -2.326179406213e-01 -3.306840916022e+00 -1.941622607192e+00 6.089614677715e-01 4.084974198779e+00 -4.118984955729e+00 1.013216646837e+01 1.169362164104e+01
1260	-1.441150685320e-02 2.080677747508e-01 4.340715588125e+00 3.288262943843e+00 -6.445620934514e-01 1.916963253891e+00 -4.368445841999e+00 -2.326179406213e-01 -3.306840916022e+00 -1.941622607192e+00 6.089614677715e-01 4.084974198779e+00 -4.118984955729e+00 1.013038325391e+01 1.169599549625e+01
1270	-1.441150685320e-02 2.080677747508e-01 4.340715588125e+00 3.288262943843e+00 -6.445620934514e-01 1.916963253891e+00 -4.368445841999e+00 -2.326179406213e-01 -3.306840916022e+00 -1.941622607192e+00 6.089614677715e-01 4.084974198779e+00 -4.118984955729e+00 1.012858786056e+01 1.169839071589e+01
1280	-1.441150685320e-02 2.080677747508e-01 4.340715588125e+00 3.288262943843e+00 -6.445620934514e-01 1.916963253891e+00 -4.368445841999e+00 -2.326179406213e-01 -3.306840916022e+00 -1.941622607192e+00 6.089614677715e-01 4.084974198779e+00 -4.118984955729e+00 1.012678094438e+01 1.170080765566e+01
1290	-1.441150685320e-02 2.080677747508e-01 4.340715588125e+00 3.288262943843e+00 -6.445620934514e-01 1.916963253891e+00 -4.368445841999e+00 -2.326179406213e-01 -3.306840916022e+00 -1.941622607192e+00 6.089614677715e-01 4.084974198779e+00 -4.118984955729e+00 1.012496168382e+01 1.170324718034e+01
1300	-1.441150685320e-02 2.080677747508e-01 4.340715588125e+00 3.288262943843e+00 -6.445620934514e-01 1.916963253891e+00 -4.368445841999e+00 -2.326179406213e-01 -3.306840916022e+00 -1.941622607192e+00 6.089614677715e-01 4.084974198779e+00 -4.118984955729e+00 1.012312706504e+01 1.170571099679e+01
1310	-1.441150685320e-02 2.080677747508e-01 4.340715588125e+00 3.288262943843e+00 -6.445620934514e-01 1.916963253891e+00 -4.368445841999e+00 -2.326179406213e-01 -3.306840916022e+00 -1.941622607192e+00 6.089614677715e-01 4.084974198779e+00 -4.118984955729e+00 1.012127028707e+01 1.170820369734e+01
1320	-1.441150685320e-02 2.080677747508e-01 4.340715588125e+00 3.288262943843e+00 -6.445620934514e-01 1.916963253891e+00 -4.368445841999e+00 -2.326179406213e-01 -3.306840916022e+00 -1.941622607192e+00 6.089614677715e-01 4.084974198779e+00 -4.118984955729e+00 1.011938549631e+01 1.171072935735e+01
1330	-1.441150685320e-02 2.080677747508e-01 4.340715588125e+00 3.288262943843e+00 -6.445620934514e-01 1.916963253891e+00 -4.368445841999e+00 -2.326179406213e-01 -3.306840916022e+00 -1.941622607192e+00 6.089614677715e-01 4.084974198779e+00 -4.118984955729e+00 1.011747267588e+01 1.171328765273e+01
1340	-1.441150685320e-02 2.080677747508e-01 4.340715588125e+00 3.288262943843e+00 -6.445620934514e-01 1.916963253891e+00 -4.368445841999e+00 -2.326179406213e-01 -3.306840916022e+00 -1.941622607192e+00 6.089614677715e-01 4.084974198779e+00 -4.118984955729e+00 1.011553770546e+01 1.171587394552e+01
1350	-1.441150685320e-02 2.080677747508e-01 4.340715588125e+00 3.288262943843e+00 -6.445620934514e-01 1.916963253891e+00 -4.368445841999e+00 -2.326179406213e-01 -3.306840916022e+00 -1.941622607192e+00 6.089614677715e-01 4.084974198779e+00 -4.118984955729e+00 1.011358644817e+01 1.171848441910e+01
1360	-1.441150685320e-02 2.080677747508e-01 4.340715588125e+00 3.288262943843e+00 -6.445620934514e-01 1.916963253891e+00 -4.368445841999e+00 -2.326179406213e-01 -3.306840916022e+00 -1.941622607192e+00 6.089614677715e-01 4.084974198779e+00 -4.118984955729e+00 1.011162205187e+01 1.172111765579e+01
1370	-1.441150685320e-02 2.080677747508e-01 4.340715588125e+00 3.288262943843e+00 -6.445620934514e-01 1.916963253891e+00 -4.368445841999e+00 -2.326179406213e-01 -3.306840916022e+00 -1.941622607192e+00 6.089614677715e-01 4.084974198779e+00 -4.118984955729e+00 1.010964389429e+01 1.172377512050e+01
1380	-1.441150685320e-02 2.080677747508e-01 4.340715588125e+00 3.288262943843e+00 -6.445620934514e-01 1.916963253891e+00 -4.368445841999e+00 -2.326179406213e-01 -3.306840916022e+00 -1.941622607192e+00 6.089614677715e-01 4.084974198779e+00 -4.118984955729e+00 1.010764735930e+01 1.172646168393e+01
1390	-1.441150685320e-02 2.080677747508e-01 4.340715588125e+00 3.288262943843e+00 -6.445620934514e-01 1.916963253891e+00 -4.368445841999e+00 -2.326179406213e-01 -3.306840916022e+00 -1.941622607192e+00 6.089614677715e-01 4.084974198779e+00 -4.118984955729e+00 1.010562811102e+01 1.172918088131e+01
1400	-1.441150685320e-02 2.080677747508e-01 4.340715588125e+00 3.288262943843e+00 -6.445620934514e-01 1.916963253891e+00 -4.368445841999e+00 -2.326179406213e-01 -3.306840916022e+00 -1.941622607192e+00 6.089614677715e-01 4.084974198779e+00 -4.118984955729e+00 1.010358558621e+01 1.173193191549e+01
1410	-1.441150685320e-02 2.080677747508e-01 4.340715588125e+00 3.288262943843e+00 -6.445620934514e-01 1.916963253891e+00 -4.368445841999e+00 -2.326179406213e-01 -3.306840916022e+00 -1.941622607192e+00 6.089614677715e-01 4.084974198779e+00 -4.118984955729e+00 1.010152244798e+01 1.173471119941e+01
1420	-1.441150685320e-02 2.080677747508e-01 4.340715588125e+00 3.288262943843e+00 -6.445620934514e-01 1.916963253891e+00 -4.368445841999e+00 -2.326179406213e-01 -3.306840916022e+00 -1.941622607192e+00 6.089614677715e-01 4.084974198779e+00 -4.118984955729e+00 1.009944088762e+01 1.173751658821e+01
1430	-1.441150685320e-02 2.080677747508e-01 4.340715588125e+00 3.288262943843e+00 -6.445620934514e-01 1.916963253891e+00 -4.368445841999e+00 -2.326179406213e-01 -3.306840916022e+00 -1.941622607192e+00 6.089614677715e-01 4.084974198779e+00 -4.118984955729e+00 1.009734614367e+01 1.174034427086e+01
1440	-1.441150685320e-02 2.080677747508e-01 4.340715588125e+00 3.288262943843e+00 -6.445620934514e-01 1.916963253891e+00 -4.368445841999e+00 -2.326179406213e-01 -3.306840916022e+00 -1.941622607192e+00 6.089614677715e-01 4.084974198779e+00 -4.118984955729e+00 1.009524792347e+01 1.174318635150e+01
1450	-1.441150685320e-02 2.080677747508e-01 4.340715588125e+00 3.288262943843e+00 -6.445620934514e-01 1.916963253891e+00 -4.368445841999e+00 -2.326179406213e-01 -3.306840916022e+00 -1.941622607192e+00 6.089614677715e-01 4.084974198779e+00 -4.118984955729e+00 1.009315102657e+01 1.174603847691e+01
1460	-1.441150685320e-02 2.080677747508e-01 4.340715588125e+00 3.288262943843e+00 -6.445620934514e-01 1.916963253891e+00 -4.368445841999e+00 -2.326179406213e-01 -3.306840916022e+00 -1.941622607192e+00 6.089614677715e-01 4.084974198779e+00 -4.118984955729e+00 1.009105183462e+01 1.174890279195e+01
1470	-1.441150685320e-02 2.080677747508e-01 4.340715588125e+00 3.288262943843e+00 -6.445620934514e-01 1.916963253891e+00 -4.368445841999e+00 -2.326179406213e-01 -3.306840916022e+00 -1.941622607192e+00 6.089614677715e-01 4.084974198779e+00 -4.118984955729e+00 1.008894324292e+01 1.175178440343e+01
1480	-1.441150685320e-02 2.080677747508e-01 4.340715588125e+00 3.288262943843e+00 -6.445620934514e-01 1.916963253891e+00 -4.368445841999e+00 -2.326179406213e-01 -3.306840916022e+00 -1.941622607192e+00 6.089614677715e-01 4.084974198779e+00 -4.118984955729e+00 1.008682237453e+01 1.175468595439e+01
1490	-1.441150685320e-02 2.080677747508e-01 4.340715588125e+00 3.288262943843e+00 -6.445620934514e-01 1.916963253891e+00 -4.368445841999e+00 -2.326179406213e-01 -3.306840916022e+00 -1.941622607192e+00 6.089614677715e-01 4.084974198779e+00 -4.118984955729e+00 1.008469098988e+01 1.175760717747e+01
1500	-1.441150685320e-02 2.080677747508e-01 4.340715588125e+00 3.288262943843e+00 -6.445620934514e-01 1.916963253891e+00 -4.368445841999e+00 -2.326179406213e-01 -3.306840916022e+00 -1.941622607192e+00 6.089614677715e-01 4.084974198779e+00 -4.118984955729e+00 1.008254933109e+01 1.176054853731e+01
1510	-1.441150685320e-02 2.080677747508e-01 4.340715588125e+00 3.288262943843e+00 -6.445620934514e-01 1.916963253891e+00 -4.368445841999e+00 -2.326179406213e-01 -3.306840916022e+00 -1.941622607192e+00 6.089614677715e-01 4.084974198779e+00 -4.118984955729e+00 1.008039422911e+01 1.176351175972e+01
1520	-1.441150685320e-02 2.080677747508e-01 4.340715588125e+00 3.288262943843e+00 -6.445620934514e-01 1.916963253891e+00 -4.368445841999e+00 -2.326179406213e-01 -3.306840916022e+00 -1.941622607192e+00 6.089614677715e-01 4.084974198779e+00 -4.118984955729e+00 1.007822237507e+01 1.176649845741e+01
1530	-1.441150685320e-02 2.080677747508e-01 4.340715588125e+00 3.288262943843e+00 -6.445620934514e-01 1.916963253891e+00 -4.368445841999e+00 -2.326179406213e-01 -3.306840916022e+00 -1.941622607192e+00 6.089614677715e-01 4.084974198779e+00 -4.118984955729e+00 1.007603394752e+01 1.176950870904e+01
1540	-1.441150685320e-02 2.080677747508e-01 4.340715588125e+00 3.288262943843e+00 -6.445620934514e-01 1.916963253891e+00 -4.368445841999e+00 -2.326179406213e-01 -3.306840916022e+00 -1.941622607192e+00 6.089614677715e-01 4.084974198779e+00 -4.118984955729e+00 1.007383428807e+01 1.177253784062e+01
1550	-1.441150685320e-02 2.080677747508e-01 4.340715588125e+00 3.288262943843e+00 -6.445620934514e-01 1.916963253891e+00 -4.368445841999e+00 -2.326179406213e-01 -3.306840916022e+00 -1.941622607192e+00 6.089614677715e-01 4.084974198779e+00 -4.118984955729e+00 1.007162743361e+01 1.177558257193e+01
1560	-1.441150685320e-02 2.080677747508e-01 4.340715588125e+00 3.288262943843e+00 -6.445620934514e-01 1.916963253891e+00 -4.368445841999e+00 -2.326179406213e-01 -3.306840916022e+00 -1.941622607192e+00 6.089614677715e-01 4.084974198779e+00 -4.118984955729e+00 1.006941141550e+01 1.177864630709e+01
1570	-1.441150685320e-02 2.080677747508e-01 4.340715588125e+00 3.288262943843e+00 -6.445620934514e-01 1.916963253891e+00 -4.368445841999e+00 -2.326179406213e-01 -3.306840916022e+00 -1.941622607192e+00 6.089614677715e-01 4.084974198779e+00 -4.118984955729e+00 1.006717959042e+01 1.178173544931e+01
1580	-1.441150685320e-02 2.080677747508e-01 4.340715588125e+00 3.288262943843e+00 -6.445620934514e-01 1.916963253891e+00 -4.368445841999e+00 -2.326179406213e-01 -3.306840916022e+00 -1.941622607192e+00 6.089614677715e-01 4.084974198779e+00 -4.118984955729e+00 1.006492553583e+01 1.178485379667e+01
1590	-1.441150685320e-02 2.080677747508e-01 4.340715588125e+00 3.288262943843e+00 -6.445620934514e-01 1.916963253891e+00 -4.368445841999e+00 -2.326179406213e-01 -3.306840916022e+00 -1.941622607192e+00 6.089614677715e-01 4.084974198779e+00 -4.118984955729e+00 1.006264699479e+01 1.178800125036e+01
1600	-1.441150685320e-02 2.080677747508e-01 4.340715588125e+00 3.288262943843e+00 -6.445620934514e-01 1.916963253891e+00 -4.368445841999e+00 -2.326179406213e-01 -3.306840916022e+00 -1.941622607192e+00 6.089614677715e-01 4.084974198779e+00 -4.118984955729e+00 1.006034535439e+01 1.179117621561e+01
1610	-1.441150685320e-02 2.080677747508e-01 4.340715588125e+00 3.288262943843e+00 -6.445620934514e-01 1.916963253891e+00 -4.368445841999e+00 -2.326179406213e-01 -3.306840916022e+00 -1.941622607192e+00 6.089614677715e-01 4.084974198779e+00 -4.118984955729e+00 1.005802386543e+01 1.179437681122e+01
1620	-1.441150685320e-02 2.080677747508e-01 4.340715588125e+00 3.288262943843e+00 -6.445620934514e-01 1.916963253891e+00 -4.368445841999e+00 -2.326179406213e-01 -3.306840916022e+00 -1.941622607192e+00 6.089614677715e-01 4.084974198779e+00 -4.118984955729e+00 1.005568663201e+01 1.179759963915e+01
1630	-1.441150685320e-02 2.080677747508e-01 4.340715588125e+00 3.288262943843e+00 -6.445620934514e-01 1.916963253891e+00 -4.368445841999e+00 -2.326179406213e-01 -3.306840916022e+00 -1.941622607192e+00 6.089614677715e-01 4.084974198779e+00 -4.118984955729e+00 1.005333873800e+01 1.180083879194e+01
1640	-1.441150685320e-02 2.080677747508e-01 4.340715588125e+00 3.288262943843e+00 -6.445620934514e-01 1.916963253891e+00 -4.368445841999e+00 -2.326179406213e-01 -3.306840916022e+00 -1.941622607192e+00 6.089614677715e-01 4.084974198779e+00 -4.118984955729e+00 1.005098397635e+01 1.180409024531e+01
1650	-1.441150685320e-02 2.080677747508e-01 4.340715588125e+00 3.288262943843e+00 -6.445620934514e-01 1.916963253891e+00 -4.368445841999e+00 -2.326179406213e-01 -3.306840916022e+00 -1.941622607192e+00 6.089614677715e-01 4.084974198779e+00 -4.118984955729e+00 1.004862015545e+01 1.180735719056e+01
1660	-1.441150685320e-02 2.080677747508e-01 4.340715588125e+00 3.288262943843e+00 -6.445620934514e-01 1.916963253891e+00 -4.368445841999e+00 -2.326179406213e-01 -3.306840916022e+00 -1.941622607192e+00 6.089614677715e-01 4.084974198779e+00 -4.118984955729e+00 1.004624206220e+01 1.181064526298e+01
1670	-1.441150685320e-02 2.080677747508e-01 4.340715588125e+00 3.288262943843e+00 -6.445620934514e-01 1.916963253891e+00 -4.368445841999e+00 -2.326179406213e-01 -3.306840916022e+00 -1.941622607192e+00 6.089614677715e-01 4.084974198779e+00 -4.118984955729e+00 1.004385084293e+01 1.181395198678e+01
1680	-1.441150685320e-02 2.080677747508e-01 4.340715588125e+00 3.288262943843e+00 -6.445620934514e-01 1.916963253891e+00 -4.368445841999e+00 -2.326179406213e-01 -3.306840916022e+00 -1.941622607192e+00 6.089614677715e-01 4.084974198779e+00 -4.118984955729e+00 1.004145471287e+01 1.181726784104e+01
1690	-1.441150685320e-02 2.080677747508e-01 4.340715588125e+00 3.288262943843e+00 -6.445620934514e-01 1.916963253891e+00 -4.368445841999e+00 -2.326179406213e-01 -3.306840916022e+00 -1.941622607192e+00 6.089614677715e-01 4.084974198779e+00 -4.118984955729e+00 1.003905895107e+01 1.182058759409e+01
1700	-1.441150685320e-02 2.080677747508e-01 4.340715588125e+00 3.288262943843e+00 -6.445620934514e-01 1.916963253891e+00 -4.368445841999e+00 -2.326179406213e-01 -3.306840916022e+00 -1.941622607192e+00 6.089614677715e-01 4.084974198779e+00 -4.118984955729e+00 1.003666347420e+01 1.182391258250e+01
1710	-1.441150685320e-02 2.080677747508e-01 4.340715588125e+00 3.288262943843e+00 -6.445620934514e-01 1.916963253891e+00 -4.368445841999e+00 -2.326179406213e-01 -3.306840916022e+00 -1.941622607192e+00 6.089614677715e-01 4.084974198779e+00 -4.118984955729e+00 1.003426897777e+01 1.182724361510e+01
1720	-1.441150685320e-02 2.080677747508e-01 4.340715588125e+00 3.288262943843e+00 -6.445620934514e-01 1.916963253891e+00 -4.368445841999e+00 -2.326179406213e-01 -3.306840916022e+00 -1.941622607192e+00 6.089614677715e-01 4.084974198779e+00 -4.118984955729e+00 1.003188135870e+01 1.183057606865e+01
1730	-1.441150685320e-02 2.080677747508e-01 4.340715588125e+00 3.288262943843e+00 -6.445620934514e-01 1.916963253891e+00 -4.368445841999e+00 -2.326179406213e-01 -3.306840916022e+00 -1.941622607192e+00 6.089614677715e-01 4.084974198779e+00 -4.118984955729e+00 1.002950684999e+01 1.183390517322e+01
1740	-1.441150685320e-02 2.080677747508e-01 4.340715588125e+00 3.288262943843e+00 -6.445620934514e-01 1.916963253891e+00 -4.368445841999e+00 -2.326179406213e-01 -3.306840916022e+00 -1.941622607192e+00 6.089614677715e-01 4.084974198779e+00 -4.118984955729e+00 1.002714495588e+01 1.183723267103e+01
1750	-1.441150685320e-02 2.080677747508e-01 4.340715588125e+00 3.288262943843e+00 -6.445620934514e-01 1.916963253891e+00 -4.368445841999e+00 -2.326179406213e-01 -3.306840916022e+00 -1.941622607192e+00 6.089614677715e-01 4.084974198779e+00 -4.118984955729e+00 1.002479069189e+01 1.184056426467e+01
1760	-1.441150685320e-02 2.080677747508e-01 4.340715588125e+00 3.288262943843e+00 -6.445620934514e-01 1.916963253891e+00 -4.368445841999e+00 -2.326179406213e-01 -3.306840916022e+00 -1.941622607192e+00 6.089614677715e-01 4.084974198779e+00 -4.118984955729e+00 1.002244177525e+01 1.184390282564e+01
1770	-1.441150685320e-02 2.080677747508e-01 4.340715588125e+00 3.288262943843e+00 -6.445620934514e-01 1.916963253891e+00 -4.368445841999e+00 -2.326179406213e-01 -3.306840916022e+00 -1.941622607192e+00 6.089614677715e-01 4.084974198779e+00 -4.118984955729e+00 1.002009848119e+01 1.184724747444e+01
1780	-1.441150685320e-02 2.080677747508e-01 4.340715588125e+00 3.288262943843e+00 -6.445620934514e-01 1.916963253891e+00 -4.368445841999e+00 -2.326179406213e-01 -3.306840916022e+00 -1.941622607192e+00 6.089614677715e-01 4.084974198779e+00 -4.118984955729e+00 1.001776361987e+01 1.185059441974e+01
1790	-1.441150685320e-02 2.080677747508e-01 4.340715588125e+00 3.288262943843e+00 -6.445620934514e-01 1.916963253891e+00 -4.368445841999e+00 -2.326179406213e-01 -3.306840916022e+00 -1.941622607192e+00 6.089614677715e-01 4.084974198779e+00 -4.118984955729e+00 1.001544098279e+01 1.185394054296e+01
1800	-1.441150685320e-02 2.080677747508e-01 4.340715588125e+00 3.288262943843e+00 -6.445620934514e-01 1.916963253891e+00 -4.368445841999e+00 -2.326179406213e-01 -3.306840916022e+00 -1.941622607192e+00 6.089614677715e-01 4.084974198779e+00 -4.118984955729e+00 1.001313109331e+01 1.185728591458e+01
1810	-1.441150685320e-02 2.080677747508e-01 4.340715588125e+00 3.288262943843e+00 -6.445620934514e-01 1.916963253891e+00 -4.368445841999e+00 -2.326179406213e-01 -3.306840916022e+00 -1.941622607192e+00 6.089614677715e-01 4.084974198779e+00 -4.118984955729e+00 1.001082863308e+01 1.186063515877e+01
1820	-1.441150685320e-02 2.080677747508e-01 4.340715588125e+00 3.288262943843e+00 -6.445620934514e-01 1.916963253891e+00 -4.368445841999e+00 -2.326179406213e-01 -3.306840916022e+00 -1.941622607192e+00 6.089614677715e-01 4.084974198779e+00 -4.118984955729e+00 1.000852818023e+01 1.186399290903e+01
1830	-1.441150685320e-02 2.080677747508e-01 4.340715588125e+00 3.288262943843e+00 -6.445620934514e-01 1.916963253891e+00 -4.368445841999e+00 -2.326179406213e-01 -3.306840916022e+00 -1.941622607192e+00 6.089614677715e-01 4.084974198779e+00 -4.118984955729e+00 1.000622877998e+01 1.186735995662e+01
1840	-1.441150685320e-02 2.080677747508e-01 4.340715588125e+00 3.288262943843e+00 -6.445620934514e-01 1.916963253891e+00 -4.368445841999e+00 -2.326179406213e-01 -3.306840916022e+00 -1.941622607192e+00 6.089614677715e-01 4.084974198779e+00 -4.118984955729e+00 1.000393108185e+01 1.187073605975e+01
1850	-1.441150685320e-02 2.080677747508e-01 4.340715588125e+00 3.288262943843e+00 -6.445620934514e-01 1.916963253891e+00 -4.368445841999e+00 -2.326179406213e-01 -3.306840916022e+00 -1.941622607192e+00 6.089614677715e-01 4.084974198779e+00 -4.118984955729e+00 1.000163633605e+01 1.187412003468e+01
1860	-1.441150685320e-02 2.080677747508e-01 4.340715588125e+00 3.288262943843e+00 -6.445620934514e-01 1.916963253891e+00 -4.368445841999e+00 -2.326179406213e-01 -3.306840916022e+00 -1.941622607192e+00 6.089614677715e-01 4.084974198779e+00 -4.118984955729e+00 9.999342928488e+00 1.187751205163e+01
1870	-1.441150685320e-02 2.080677747508e-01 4.340715588125e+00 3.288262943843e+00 -6.445620934514e-01 1.916963253891e+00 -4.368445841999e+00 -2.326179406213e-01 -3.306840916022e+00 -1.941622607192e+00 6.089614677715e-01 4.084974198779e+00 -4.118984955729e+00 9.997046511813e+00 1.188091330527e+01
1880	-1.441150685320e-02 2.080677747508e-01 4.340715588125e+00 3.288262943843e+00 -6.445620934514e-01 1.916963253891e+00 -4.368445841999e+00 -2.326179406213e-01 -3.306840916022e+00 -1.941622607192e+00 6.089614677715e-01 4.084974198779e+00 -4.118984955729e+00 9.994742092318e+00 1.188432612371e+01
1890	-1.441150685320e-02 2.080677747508e-01 4.340715588125e+00 3.288262943843e+00 -6.445620934514e-01 1.916963253891e+00 -4.368445841999e+00 -2.326179406213e-01 -3.306840916022e+00 -1.941622607192e+00 6.089614677715e-01 4.084974198779e+00 -4.118984955729e+00 9.992429200508e+00 1.188775117909e+01
1900	-1.441150685320e-02 2.080677747508e-01 4.340715588125e+00 3.288262943843e+00 -6.445620934514e-01 1.916963253891e+00 -4.368445841999e+00 -2.326179406213e-01 -3.306840916022e+00 -1.941622607192e+00 6.089614677715e-01 4.084974198779e+00 -4.118984955729e+00 9.990111662229e+00 1.189118629522e+01
1910	-1.441150685320e-02 2.080677747508e-01 4.340715588125e+00 3.288262943843e+00 -6.445620934514e-01 1.916963253891e+00 -4.368445841999e+00 -2.326179406213e-01 -3.306840916022e+00 -1.941622607192e+00 6.089614677715e-01 4.084974198779e+00 -4.118984955729e+00 9.987794900004e+00 1.189462662705e+01
1920	-1.441150685320e-02 2.080677747508e-01 4.340715588125e+00 3.288262943843e+00 -6.445620934514e-01 1.916963253891e+00 -4.368445841999e+00 -2.326179406213e-01 -3.306840916022e+00 -1.941622607192e+00 6.089614677715e-01 4.084974198779e+00 -4.118984955729e+00 9.985480200211e+00 1.189807052038e+01
1930	-1.441150685320e-02 2.080677747508e-01 4.340715588125e+00 3.288262943843e+00 -6.445620934514e-01 1.916963253891e+00 -4.368445841999e+00 -2.326179406213e-01 -3.306840916022e+00 -1.941622607192e+00 6.089614677715e-01 4.084974198779e+00 -4.118984955729e+00 9.983160269098e+00 1.190152553075e+01
1940	-1.441150685320e-02 2.080677747508e-01 4.340715588125e+00 3.288262943843e+00 -6.445620934514e-01 1.916963253891e+00 -4.368445841999e+00 -2.326179406213e-01 -3.306840916022e+00 -1.941622607192e+00 6.089614677715e-01 4.084974198779e+00 -4.118984955729e+00 9.980822143617e+00 1.190500578674e+01
1950	-1.441150685320e-02 2.080677747508e-01 4.340715588125e+00 3.288262943843e+00 -6.445620934514e-01 1.916963253891e+00 -4.368445841999e+00 -2.326179406213e-01 -3.306840916022e+00 -1.941622607192e+00 6.089614677715e-01 4.084974198779e+00 -4.118984955729e+00 9.978461214745e+00 1.190851641881e+01
1960	-1.441150685320e-02 2.080677747508e-01 4.340715588125e+00 3.288262943843e+00 -6.445620934514e-01 1.916963253891e+00 -4.368445841999e+00 -2.326179406213e-01 -3.306840916022e+00 -1.941622607192e+00 6.089614677715e-01 4.084974198779e+00 -4.118984955729e+00 9.976085526055e+00 1.191204898171e+01
1970	-1.441150685320e-02 2.080677747508e-01 4.340715588125e+00 3.288262943843e+00 -6.445620934514e-01 1.916963253891e+00 -4.368445841999e+00 -2.326179406213e-01 -3.306840916022e+00 -1.941622607192e+00 6.089614677715e-01 4.084974198779e+00 -4.118984955729e+00 9.973707869723e+00 1.191559131964e+01
1980	-1.441150685320e-02 2.080677747508e-01 4.340715588125e+00 3.288262943843e+00 -6.445620934514e-01 1.916963253891e+00 -4.368445841999e+00 -2.326179406213e-01 -3.306840916022e+00 -1.941622607192e+00 6.089614677715e-01 4.084974198779e+00 -4.118984955729e+00 9.971334739652e+00 1.191913982523e+01
1990	-1.441150685320e-02 2.080677747508e-01 4.340715588125e+00 3.288262943843e+00 -6.445620934514e-01 1.916963253891e+00 -4.368445841999e+00 -2.326179406213e-01 -3.306840916022e+00 -1.941622607192e+00 6.089614677715e-01 4.084974198779e+00 -4.118984955729e+00 9.968962977436e+00 1.192270118287e+01
2000	-1.441150685320e-02 2.080677747508e-01 4.340715588125e+00 3.288262943843e+00 -6.445620934514e-01 1.916963253891e+00 -4.368445841999e+00 -2.326179406213e-01 -3.306840916022e+00 -1.941622607192e+00 6.089614677715e-01 4.084974198779e+00 -4.118984955729e+00 9.966589998855e+00 1.192627879413e+01
2010	-1.441150685320e-02 2.080677747508e-01 4.340715588125e+00 3.288262943843e+00 -6.445620934514e-01 1.916963253891e+00 -4.368445841999e+00 -2.326179406213e-01 -3.306840916022e+00 -1.941622607192e+00 6.089614677715e-01 4.084974198779e+00 -4.118984955729e+00 9.964222186364e+00 1.192986375407e+01
2020	-1.441150685320e-02 2.080677747508e-01 4.340715588125e+00 3.288262943843e+00 -6.445620934514e-01 1.916963253891e+00 -4.368445841999e+00 -2.326179406213e-01 -3.306840916022e+00 -1.941622607192e+00 6.089614677715e-01 4.084974198779e+00 -4.118984955729e+00 9.961866056102e+00 1.193344659344e+01
2030	-1.441150685320e-02 2.080677747508e-01 4.340715588125e+00 3.288262943843e+00 -6.445620934514e-01 1.916963253891e+00 -4.368445841999e+00 -2.326179406213e-01 -3.306840916022e+00 -1.941622607192e+00 6.089614677715e-01 4.084974198779e+00 -4.118984955729e+00 9.959521500777e+00 1.193702643444e+01
2040	-1.441150685320e-02 2.080677747508e-01 4.340715588125e+00 3.288262943843e+00 -6.445620934514e-01 1.916963253891e+00 -4.368445841999e+00 -2.326179406213e-01 -3.306840916022e+00 -1.941622607192e+00 6.089614677715e-01 4.084974198779e+00 -4.118984955729e+00 9.957184070433e+00 1.194061027910e+01
2050	-1.441150685320e-02 2.080677747508e-01 4.340715588125e+00 3.288262943843e+00 -6.445620934514e-01 1.916963253891e+00 -4.368445841999e+00 -2.326179406213e-01 -3.306840916022e+00 -1.941622607192e+00 6.089614677715e-01 4.084974198779e+00 -4.118984955729e+00 9.954849656419e+00 1.194420607572e+01
2060	-1.441150685320e-02 2.080677747508e-01 4.340715588125e+00 3.288262943843e+00 -6.445620934514e-01 1.916963253891e+00 -4.368445841999e+00 -2.326179406213e-01 -3.306840916022e+00 -1.941622607192e+00 6.089614677715e-01 4.084974198779e+00 -4.118984955729e+00 9.952519666991e+00 1.194781402339e+01
2070	-1.441150685320e-02 2.080677747508e-01 4.340715588125e+00 3.288262943843e+00 -6.445620934514e-01 1.916963253891e+00 -4.368445841999e+00 -2.326179406213e-01 -3.306840916022e+00 -1.941622607192e+00 6.089614677715e-01 4.084974198779e+00 -4.118984955729e+00 9.950199642041e+00 1.195142787738e+01
2080	-1.441150685320e-02 2.080677747508e-01 4.340715588125e+00 3.288262943843e+00 -6.445620934514e-01 1.916963253891e+00 -4.368445841999e+00 -2.326179406213e-01 -3.306840916022e+00 -1.941622607192e+00 6.089614677715e-01 4.084974198779e+00 -4.118984955729e+00 9.947890068557e+00 1.195504598413e+01
2090	-1.441150685320e-02 2.080677747508e-01 4.340715588125e+00 3.288262943843e+00 -6.445620934514e-01 1.916963253891e+00 -4.368445841999e+00 -2.326179406213e-01 -3.306840916022e+00 -1.941622607192e+00 6.089614677715e-01 4.084974198779e+00 -4.118984955729e+00 9.945588101153e+00 1.195867113135e+01
2100	-1.441150685320e-02 2.080677747508e-01 4.340715588125e+00 3.288262943843e+00 -6.445620934514e-01 1.916963253891e+00 -4.368445841999e+00 -2.326179406213e-01 -3.306840916022e+00 -1.941622607192e+00 6.089614677715e-01 4.084974198779e+00 -4.118984955729e+00 9.943289383283e+00 1.196230718047e+01
2110	-1.441150685320e-02 2.080677747508e-01 4.340715588125e+00 3.288262943843e+00 -6.445620934514e-01 1.916963253891e+00 -4.368445841999e+00 -2.326179406213e-01 -3.306840916022e+00 -1.941622607192e+00 6.089614677715e-01 4.084974198779e+00 -4.118984955729e+00 9.940992727393e+00 1.196595505126e+01
2120	-1.441150685320e-02 2.080677747508e-01 4.340715588125e+00 3.288262943843e+00 -6.445620934514e-01 1.916963253891e+00 -4.368445841999e+00 -2.326179406213e-01 -3.306840916022e+00 -1.941622607192e+00 6.089614677715e-01 4.084974198779e+00 -4.118984955729e+00 9.938701952970e+00 1.196961041163e+01
2130	-1.441150685320e-02 2.080677747508e-01 4.340715588125e+00 3.288262943843e+00 -6.445620934514e-01 1.916963253891e+00 -4.368445841999e+00 -2.326179406213e-01 -3.306840916022e+00 -1.941622607192e+00 6.089614677715e-01 4.084974198779e+00 -4.118984955729e+00 9.936426388543e+00 1.197326272691e+01
2140	-1.441150685320e-02 2.080677747508e-01 4.340715588125e+00 3.288262943843e+00 -6.445620934514e-01 1.916963253891e+00 -4.368445841999e+00 -2.326179406213e-01 -3.306840916022e+00 -1.941622607192e+00 6.089614677715e-01 4.084974198779e+00 -4.118984955729e+00 9.934173460164e+00 1.197690373652e+01
2150	-1.441150685320e-02 2.080677747508e-01 4.340715588125e+00 3.288262943843e+00 -6.445620934514e-01 1.916963253891e+00 -4.368445841999e+00 -2.326179406213e-01 -3.306840916022e+00 -1.941622607192e+00 6.089614677715e-01 4.084974198779e+00 -4.118984955729e+00 9.931939440689e+00 1.198053605040e+01
2160	-1.441150685320e-02 2.080677747508e-01 4.340715588125e+00 3.288262943843e+00 -6.445620934514e-01 1.916963253891e+00 -4.368445841999e+00 -2.326179406213e-01 -3.306840916022e+00 -1.941622607192e+00 6.089614677715e-01 4.084974198779e+00 -4.118984955729e+00 9.929714558487e+00 1.198416751936e+01
2170	-1.441150685320e-02 2.080677747508e-01 4.340715588125e+00 3.288262943843e+00 -6.445620934514e-01 1.916963253891e+00 -4.368445841999e+00 -2.326179406213e-01 -3.306840916022e+00 -1.941622607192e+00 6.089614677715e-01 4.084974198779e+00 -4.118984955729e+00 9.927492276895e+00 1.198780295876e+01
2180	-1.441150685320e-02 2.080677747508e-01 4.340715588125e+00 3.288262943843e+00 -6.445620934514e-01 1.916963253891e+00 -4.368445841999e+00 -2.326179406213e-01 -3.306840916022e+00 -1.941622607192e+00 6.089614677715e-01 4.084974198779e+00 -4.118984955729e+00 9.925267266777e+00 1.199144748792e+01
2190	-1.441150685320e-02 2.080677747508e-01 4.340715588125e+00 3.288262943843e+00 -6.445620934514e-01 1.916963253891e+00 -4.368445841999e+00 -2.326179406213e-01 -3.306840916022e+00 -1.941622607192e+00 6.089614677715e-01 4.084974198779e+00 -4.118984955729e+00 9.923041561644e+00 1.199509889596e+01
2200	-1.441150685320e-02 2.080677747508e-01 4.340715588125e+00 3.288262943843e+00 -6.445620934514e-01 1.916963253891e+00 -4.368445841999e+00 -2.326179406213e-01 -3.306840916022e+00 -1.941622607192e+00 6.089614677715e-01 4.084974198779e+00 -4.118984955729e+00 9.920823245391e+00 1.199874720297e+01
2210	-1.441150685320e-02 2.080677747508e-01 4.340715588125e+00 3.288262943843e+00 -6.445620934514e-01 1.916963253891e+00 -4.368445841999e+00 -2.326179406213e-01 -3.306840916022e+00 -1.941622607192e+00 6.089614677715e-01 4.084974198779e+00 -4.118984955729e+00 9.918609674380e+00 1.200239270374e+01
2220	-1.441150685320e-02 2.080677747508e-01 4.340715588125e+00 3.288262943843e+00 -6.445620934514e-01 1.916963253891e+00 -4.368445841999e+00 -2.326179406213e-01 -3.306840916022e+00 -1.941622607192e+00 6.089614677715e-01 4.084974198779e+00 -4.118984955729e+00 9.916387532636e+00 1.200604899095e+01
2230	-1.441150685320e-02 2.080677747508e-01 4.340715588125e+00 3.288262943843e+00 -6.445620934514e-01 1.916963253891e+00 -4.368445841999e+00 -2.326179406213e-01 -3.306840916022e+00 -1.941622607192e+00 6.089614677715e-01 4.084974198779e+00 -4.118984955729e+00 9.914147940750e+00 1.200972790048e+01
2240	-1.441150685320e-02 2.080677747508e-01 4.340715588125e+00 3.288262943843e+00 -6.445620934514e-01 1.916963253891e+00 -4.368445841999e+00 -2.326179406213e-01 -3.306840916022e+00 -1.941622607192e+00 6.089614677715e-01 4.084974198779e+00 -4.118984955729e+00 9.911893726337e+00 1.201343034867e+01
2250	-1.441150685320e-02 2.080677747508e-01 4.340715588125e+00 3.288262943843e+00 -6.445620934514e-01 1.916963253891e+00 -4.368445841999e+00 -2.326179406213e-01 -3.306840916022e+00 -1.941622607192e+00 6.089614677715e-01 4.084974198779e+00 -4.118984955729e+00 9.909636396425e+00 1.201714673933e+01
2260	-1.441150685320e-02 2.080677747508e-01 4.340715588125e+00 3.288262943843e+00 -6.445620934514e-01 1.916963253891e+00 -4.368445841999e+00 -2.326179406213e-01 -3.306840916022e+00 -1.941622607192e+00 6.089614677715e-01 4.084974198779e+00 -4.118984955729e+00 9.907389795166e+00 1.202086310281e+01
2270	-1.441150685320e-02 2.080677747508e-01 4.340715588125e+00 3.288262943843e+00 -6.445620934514e-01 1.916963253891e+00 -4.368445841999e+00 -2.326179406213e-01 -3.306840916022e+00 -1.941622607192e+00 6.089614677715e-01 4.084974198779e+00 -4.118984955729e+00 9.905154904165e+00 1.202457956758e+01
2280	-1.441150685320e-02 2.080677747508e-01 4.340715588125e+00 3.288262943843e+00 -6.445620934514e-01 1.916963253891e+00 -4.368445841999e+00 -2.326179406213e-01 -3.306840916022e+00 -1.941622607192e+00 6.089614677715e-01 4.084974198779e+00 -4.118984955729e+00 9.902917885907e+00 1.202831107327e+01
2290	-1.441150685320e-02 2.080677747508e-01 4.340715588125e+00 3.288262943843e+00 -6.445620934514e-01 1.916963253891e+00 -4.368445841999e+00 -2.326179406213e-01 -3.306840916022e+00 -1.941622607192e+00 6.089614677715e-01 4.084974198779e+00 -4.118984955729e+00 9.900669789658e+00 1.203206421357e+01
2300	-1.441150685320e-02 2.080677747508e-01 4.340715588125e+00 3.288262943843e+00 -6.445620934514e-01 1.916963253891e+00 -4.368445841999e+00 -2.326179406213e-01 -3.306840916022e+00 -1.941622607192e+00 6.089614677715e-01 4.084974198779e+00 -4.118984955729e+00 9.898412506560e+00 1.203583355410e+01
2310	-1.441150685320e-02 2.080677747508e-01 4.340715588125e+00 3.288262943843e+00 -6.445620934514e-01 1.916963253891e+00 -4.368445841999e+00 -2.326179406213e-01 -3.306840916022e+00 -1.941622607192e+00 6.089614677715e-01 4.084974198779e+00 -4.118984955729e+00 9.896151708549e+00 1.203961366133e+01
2320	-1.441150685320e-02 2.080677747508e-01 4.340715588125e+00 3.288262943843e+00 -6.445620934514e-01 1.916963253891e+00 -4.368445841999e+00 -2.326179406213e-01 -3.306840916022e+00 -1.941622607192e+00 6.089614677715e-01 4.084974198779e+00 -4.118984955729e+00 9.893892285240e+00 1.204340322143e+01
2330	-1.441150685320e-02 2.080677747508e-01 4.340715588125e+00 3.288262943843e+00 -6.445620934514e-01 1.916963253891e+00 -4.368445841999e+00 -2.326179406213e-01 -3.306840916022e+00 -1.941622607192e+00 6.089614677715e-01 4.084974198779e+00 -4.118984955729e+00 9.891631651597e+00 1.204720769153e+01
2340	-1.441150685320e-02 2.080677747508e-01 4.340715588125e+00 3.288262943843e+00 -6.445620934514e-01 1.916963253891e+00 -4.368445841999e+00 -2.326179406213e-01 -3.306840916022e+00 -1.941622607192e+00 6.089614677715e-01 4.084974198779e+00 -4.118984955729e+00 9.889362643923e+00 1.205103565869e+01
2350	-1.441150685320e-02 2.080677747508e-01 4.340715588125e+00 3.288262943843e+00 -6.445620934514e-01 1.916963253891e+00 -4.368445841999e+00 -2.326179406213e-01 -3.306840916022e+00 -1.941622607192e+00 6.089614677715e-01 4.084974198779e+00 -4.118984955729e+00 9.887080692997e+00 1.205489244157e+01
2360	-1.441150685320e-02 2.080677747508e-01 4.340715588125e+00 3.288262943843e+00 -6.445620934514e-01 1.916963253891e+00 -4.368445841999e+00 -2.326179406213e-01 -3.306840916022e+00 -1.941622607192e+00 6.089614677715e-01 4.084974198779e+00 -4.118984955729e+00 9.884792076939e+00 1.205877069782e+01
2370	-1.441150685320e-02 2.080677747508e-01 4.340715588125e+00 3.288262943843e+00 -6.445620934514e-01 1.916963253891e+00 -4.368445841999e+00 -2.326179406213e-01 -3.306840916022e+00 -1.941622607192e+00 6.089614677715e-01 4.084974198779e+00 -4.118984955729e+00 9.882501826835e+00 1.206266371242e+01
2380	-1.441150685320e-02 2.080677747508e-01 4.340715588125e+00 3.288262943843e+00 -6.445620934514e-01 1.916963253891e+00 -4.368445841999e+00 -2.326179406213e-01 -3.306840916022e+00 -1.941622607192e+00 6.089614677715e-01 4.084974198779e+00 -4.118984955729e+00 9.880212259459e+00 1.206656751306e+01
2390	-1.441150685320e-02 2.080677747508e-01 4.340715588125e+00 3.288262943843e+00 -6.445620934514e-01 1.916963253891e+00 -4.368445841999e+00 -2.326179406213e-01 -3.306840916022e+00 -1.941622607192e+00 6.089614677715e-01 4.084974198779e+00 -4.118984955729e+00 9.877921016087e+00 1.207048425938e+01
2400	-1.441150685320e-02 2.080677747508e-01 4.340715588125e+00 3.288262943843e+00 -6.445620934514e-01 1.916963253891e+00 -4.368445841999e+00 -2.326179406213e-01 -3.306840916022e+00 -1.941622607192e+00 6.089614677715e-01 4.084974198779e+00 -4.118984955729e+00 9.875624511079e+00 1.207441829825e+01
2410	-1.441150685320e-02 2.080677747508e-01 4.340715588125e+00 3.288262943843e+00 -6.445620934514e-01 1.916963253891e+00 -4.368445841999e+00 -2.326179406213e-01 -3.306840916022e+00 -1.941622607192e+00 6.089614677715e-01 4.084974198779e+00 -4.118984955729e+00 9.873317956278e+00 1.207837378929e+01
2420	-1.441150685320e-02 2.080677747508e-01 4.340715588125e+00 3.288262943843e+00 -6.445620934514e-01 1.916963253891e+00 -4.368445841999e+00 -2.326179406213e-01 -3.306840916022e+00 -1.941622607192e+00 6.089614677715e-01 4.084974198779e+00 -4.118984955729e+00 9.871001779246e+00 1.208234810867e+01
2430	-1.441150685320e-02 2.080677747508e-01 4.340715588125e+00 3.288262943843e+00 -6.445620934514e-01 1.916963253891e+00 -4.368445841999e+00 -2.326179406213e-01 -3.306840916022e+00 -1.941622607192e+00 6.089614677715e-01 4.084974198779e+00 -4.118984955729e+00 9.868685996689e+00 1.208632958940e+01
2440	-1.441150685320e-02 2.080677747508e-01 4.340715588125e+00 3.288262943843e+00 -6.445620934514e-01 1.916963253891e+00 -4.368445841999e+00 -2.326179406213e-01 -3.306840916022e+00 -1.941622607192e+00 6.089614677715e-01 4.084974198779e+00 -4.118984955729e+00 9.866370758641e+00 1.209031820069e+01
2450	-1.441150685320e-02 2.080677747508e-01 4.340715588125e+00 3.288262943843e+00 -6.445620934514e-01 1.916963253891e+00 -4.368445841999e+00 -2.326179406213e-01 -3.306840916022e+00 -1.941622607192e+00 6.089614677715e-01 4.084974198779e+00 -4.118984955729e+00 9.864051778528e+00 1.209431859747e+01
2460	-1.441150685320e-02 2.080677747508e-01 4.340715588125e+00 3.288262943843e+00 -6.445620934514e-01 1.916963253891e+00 -4.368445841999e+00 -2.326179406213e-01 -3.306840916022e+00 -1.941622607192e+00 6.089614677715e-01 4.084974198779e+00 -4.118984955729e+00 9.861721930504e+00 1.209833787259e+01
2470	-1.441150685320e-02 2.080677747508e-01 4.340715588125e+00 3.288262943843e+00 -6.445620934514e-01 1.916963253891e+00 -4.368445841999e+00 -2.326179406213e-01 -3.306840916022e+00 -1.941622607192e+00 6.089614677715e-01 4.084974198779e+00 -4.118984955729e+00 9.859381089418e+00 1.210237558556e+01
2480	-1.441150685320e-02 2.080677747508e-01 4.340715588125e+00 3.288262943843e+00 -6.445620934514e-01 1.916963253891e+00 -4.368445841999e+00 -2.326179406213e-01 -3.306840916022e+00 -1.941622607192e+00 6.089614677715e-01 4.084974198779e+00 -4.118984955729e+00 9.857036472334e+00 1.210642279182e+01
2490	-1.441150685320e-02 2.080677747508e-01 4.340715588125e+00 3.288262943843e+00 -6.445620934514e-01 1.916963253891e+00 -4.368445841999e+00 -2.326179406213e-01 -3.306840916022e+00 -1.941622607192e+00 6.089614677715e-01 4.084974198779e+00 -4.118984955729e+00 9.854697530395e+00 1.211046774992e+01
2500	-1.441150685320e-02 2.080677747508e-01 4.340715588125e+00 3.288262943843e+00 -6.445620934514e-01 1.916963253891e+00 -4.368445841999e+00 -2.326179406213e-01 -3.306840916022e+00 -1.941622607192e+00 6.089614677715e-01 4.084974198779e+00 -4.118984955729e+00 9.852366559147e+00 1.211450675741e+01
2510	-1.441150685320e-02 2.080677747508e-01 4.340715588125e+00 3.288262943843e+00 -6.445620934514e-01 1.916963253891e+00 -4.368445841999e+00 -2.326179406213e-01 -3.306840916022e+00 -1.941622607192e+00 6.089614677715e-01 4.084974198779e+00 -4.118984955729e+00 9.850027058285e+00 1.211855643830e+01
2520	-1.441150685320e-02 2.080677747508e-01 4.340715588125e+00 3.288262943843e+00 -6.445620934514e-01 1.916963253891e+00 -4.368445841999e+00 -2.326179406213e-01 -3.306840916022e+00 -1.941622607192e+00 6.089614677715e-01 4.084974198779e+00 -4.118984955729e+00 9.847670764216e+00 1.212262580953e+01
2530	-1.441150685320e-02 2.080677747508e-01 4.340715588125e+00 3.288262943843e+00 -6.445620934514e-01 1.916963253891e+00 -4.368445841999e+00 -2.326179406213e-01 -3.306840916022e+00 -1.941622607192e+00 6.089614677715e-01 4.084974198779e+00 -4.118984955729e+00 9.845297949262e+00 1.212671437900e+01
2540	-1.441150685320e-02 2.080677747508e-01 4.340715588125e+00 3.288262943843e+00 -6.445620934514e-01 1.916963253891e+00 -4.368445841999e+00 -2.326179406213e-01 -3.306840916022e+00 -1.941622607192e+00 6.089614677715e-01 4.084974198779e+00 -4.118984955729e+00 9.842917171101e+00 1.213081326897e+01
2550	-1.441150685320e-02 2.080677747508e-01 4.340715588125e+00 3.288262943843e+00 -6.445620934514e-01 1.916963253891e+00 -4.368445841999e+00 -2.326179406213e-01 -3.306840916022e+00 -1.941622607192e+00 6.089614677715e-01 4.084974198779e+00 -4.118984955729e+00 9.840534915278e+00 1.213491717847e+01
2560	-1.441150685320e-02 2.080677747508e-01 4.340715588125e+00 3.288262943843e+00 -6.445620934514e-01 1.916963253891e+00 -4.368445841999e+00 -2.326179406213e-01 -3.306840916022e+00 -1.941622607192e+00 6.089614677715e-01 4.084974198779e+00 -4.118984955729e+00 9.838152690536e+00 1.213902710993e+01
2570	-1.441150685320e-02 2.080677747508e-01 4.340715588125e+00 3.288262943843e+00 -6.445620934514e-01 1.916963253891e+00 -4.368445841999e+00 -2.326179406213e-01 -3.306840916022e+00 -1.941622607192e+00 6.089614677715e-01 4.084974198779e+00 -4.118984955729e+00 9.835768199331e+00 1.214314835612e+01
2580	-1.441150685320e-02 2.080677747508e-01 4.340715588125e+00 3.288262943843e+00 -6.445620934514e-01 1.916963253891e+00 -4.368445841999e+00 -2.326179406213e-01 -3.306840916022e+00 -1.941622607192e+00 6.089614677715e-01 4.084974198779e+00 -4.118984955729e+00 9.833375514482e+00 1.214728827046e+01
2590	-1.441150685320e-02 2.080677747508e-01 4.340715588125e+00 3.288262943843e+00 -6.445620934514e-01 1.916963253891e+00 -4.368445841999e+00 -2.326179406213e-01 -3.306840916022e+00 -1.941622607192e+00 6.089614677715e-01 4.084974198779e+00 -4.118984955729e+00 9.830981131904e+00 1.215143982271e+01
2600	-1.441150685320e-02 2.080677747508e-01 4.340715588125e+00 3.288262943843e+00 -6.445620934514e-01 1.916963253891e+00 -4.368445841999e+00 -2.326179406213e-01 -3.306840916022e+00 -1.941622607192e+00 6.089614677715e-01 4.084974198779e+00 -4.118984955729e+00 9.828583471265e+00 1.215560532624e+01
2610	-1.441150685320e-02 2.080677747508e-01 4.340715588125e+00 3.288262943843e+00 -6.445620934514e-01 1.916963253891e+00 -4.368445841999e+00 -2.326179406213e-01 -3.306840916022e+00 -1.941622607192e+00 6.089614677715e-01 4.084974198779e+00 -4.118984955729e+00 9.826183086177e+00 1.215978720205e+01
2620	-1.441150685320e-02 2.080677747508e-01 4.340715588125e+00 3.288262943843e+00 -6.445620934514e-01 1.916963253891e+00 -4.368445841999e+00 -2.326179406213e-01 -3.306840916022e+00 -1.941622607192e+00 6.089614677715e-01 4.084974198779e+00 -4.118984955729e+00 9.823781795456e+00 1.216398524706e+01
2630	-1.441150685320e-02 2.080677747508e-01 4.340715588125e+00 3.288262943843e+00 -6.445620934514e-01 1.916963253891e+00 -4.368445841999e+00 -2.326179406213e-01 -3.306840916022e+00 -1.941622607192e+00 6.089614677715e-01 4.084974198779e+00 -4.118984955729e+00 9.821375116887e+00 1.216820290562e+01
2640	-1.441150685320e-02 2.080677747508e-01 4.340715588125e+00 3.288262943843e+00 -6.445620934514e-01 1.916963253891e+00 -4.368445841999e+00 -2.326179406213e-01 -3.306840916022e+00 -1.941622607192e+00 6.089614677715e-01 4.084974198779e+00 -4.118984955729e+00 9.818964025587e+00 1.217243838709e+01
2650	-1.441150685320e-02 2.080677747508e-01 4.340715588125e+00 3.288262943843e+00 -6.445620934514e-01 1.916963253891e+00 -4.368445841999e+00 -2.326179406213e-01 -3.306840916022e+00 -1.941622607192e+00 6.089614677715e-01 4.084974198779e+00 -4.118984955729e+00 9.816548674178e+00 1.217669203451e+01
2660	-1.441150685320e-02 2.080677747508e-01 4.340715588125e+00 3.288262943843e+00 -6.445620934514e-01 1.916963253891e+00 -4.368445841999e+00 -2.326179406213e-01 -3.306840916022e+00 -1.941622607192e+00 6.089614677715e-01 4.084974198779e+00 -4.118984955729e+00 9.814136061134e+00 1.218095801970e+01
2670	-1.441150685320e-02 2.080677747508e-01 4.340715588125e+00 3.288262943843e+00 -6.445620934514e-01 1.916963253891e+00 -4.368445841999e+00 -2.326179406213e-01 -3.306840916022e+00 -1.941622607192e+00 6.089614677715e-01 4.084974198779e+00 -4.118984955729e+00 9.811724184844e+00 1.218523884323e+01
2680	-1.441150685320e-02 2.080677747508e-01 4.340715588125e+00 3.288262943843e+00 -6.445620934514e-01 1.916963253891e+00 -4.368445841999e+00 -2.326179406213e-01 -3.306840916022e+00 -1.941622607192e+00 6.089614677715e-01 4.084974198779e+00 -4.118984955729e+00 9.809314204910e+00 1.218953164022e+01
2690	-1.441150685320e-02 2.080677747508e-01 4.340715588125e+00 3.288262943843e+00 -6.445620934514e-01 1.916963253891e+00 -4.368445841999e+00 -2.326179406213e-01 -3.306840916022e+00 -1.941622607192e+00 6.089614677715e-01 4.084974198779e+00 -4.118984955729e+00 9.806906040473e+00 1.219383426378e+01
2700	-1.441150685320e-02 2.080677747508e-01 4.340715588125e+00 3.288262943843e+00 -6.445620934514e-01 1.916963253891e+00 -4.368445841999e+00 -2.326179406213e-01 -3.306840916022e+00 -1.941622607192e+00 6.089614677715e-01 4.084974198779e+00 -4.118984955729e+00 9.804492228253e+00 1.219815215309e+01
2710	-1.441150685320e-02 2.080677747508e-01 4.340715588125e+00 3.288262943843e+00 -6.445620934514e-01 1.916963253891e+00 -4.368445841999e+00 -2.326179406213e-01 -3.306840916022e+00 -1.941622607192e+00 6.089614677715e-01 4.084974198779e+00 -4.118984955729e+00 9.802074637589e+00 1.220248279836e+01
2720	-1.441150685320e-02 2.080677747508e-01 4.340715588125e+00 3.288262943843e+00 -6.445620934514e-01 1.916963253891e+00 -4.368445841999e+00 -2.326179406213e-01 -3.306840916022e+00 -1.941622607192e+00 6.089614677715e-01 4.084974198779e+00 -4.118984955729e+00 9.799656797931e+00 1.220682250837e+01
2730	-1.441150685320e-02 2.080677747508e-01 4.340715588125e+00 3.288262943843e+00 -6.445620934514e-01 1.916963253891e+00 -4.368445841999e+00 -2.326179406213e-01 -3.306840916022e+00 -1.941622607192e+00 6.089614677715e-01 4.084974198779e+00 -4.118984955729e+00 9.797242157734e+00 1.221116639177e+01
2740	-1.441150685320e-02 2.080677747508e-01 4.340715588125e+00 3.288262943843e+00 -6.445620934514e-01 1.916963253891e+00 -4.368445841999e+00 -2.326179406213e-01 -3.306840916022e+00 -1.941622607192e+00 6.089614677715e-01 4.084974198779e+00 -4.118984955729e+00 9.794825741726e+00 1.221551757507e+01
2750	-1.441150685320e-02 2.080677747508e-01 4.340715588125e+00 3.288262943843e+00 -6.445620934514e-01 1.916963253891e+00 -4.368445841999e+00 -2.326179406213e-01 -3.306840916022e+00 -1.941622607192e+00 6.089614677715e-01 4.084974198779e+00 -4.118984955729e+00 9.792402805437e+00 1.221987918759e+01
2760	-1.441150685320e-02 2.080677747508e-01 4.340715588125e+00 3.288262943843e+00 -6.445620934514e-01 1.916963253891e+00 -4.368445841999e+00 -2.326179406213e-01 -3.306840916022e+00 -1.941622607192e+00 6.089614677715e-01 4.084974198779e+00 -4.118984955729e+00 9.789970911238e+00 1.222425345657e+01
2770	-1.441150685320e-02 2.080677747508e-01 4.340715588125e+00 3.288262943843e+00 -6.445620934514e-01 1.916963253891e+00 -4.368445841999e+00 -2.326179406213e-01 -3.306840916022e+00 -1.941622607192e+00 6.089614677715e-01 4.084974198779e+00 -4.118984955729e+00 9.787528461318e+00 1.222864223835e+01
2780	-1.441150685320e-02 2.080677747508e-01 4.340715588125e+00 3.288262943843e+00 -6.445620934514e-01 1.916963253891e+00 -4.368445841999e+00 -2.326179406213e-01 -3.306840916022e+00 -1.941622607192e+00 6.089614677715e-01 4.084974198779e+00 -4.118984955729e+00 9.785081774524e+00 1.223303809999e+01
2790	-1.441150685320e-02 2.080677747508e-01 4.340715588125e+00 3.288262943843e+00 -6.445620934514e-01 1.916963253891e+00 -4.368445841999e+00 -2.326179406213e-01 -3.306840916022e+00 -1.941622607192e+00 6.089614677715e-01 4.084974198779e+00 -4.118984955729e+00 9.782630551048e+00 1.223744076380e+01
2800	-1.441150685320e-02 2.080677747508e-01 4.340715588125e+00 3.288262943843e+00 -6.445620934514e-01 1.916963253891e+00 -4.368445841999e+00 -2.326179406213e-01 -3.306840916022e+00 -1.941622607192e+00 6.089614677715e-01 4.084974198779e+00 -4.118984955729e+00 9.780172980304e+00 1.224185303906e+01
2810	-1.441150685320e-02 2.080677747508e-01 4.340715588125e+00 3.288262943843e+00 -6.445620934514e-01 1.916963253891e+00 -4.368445841999e+00 -2.326179406213e-01 -3.306840916022e+00 -1.941622607192e+00 6.089614677715e-01 4.084974198779e+00 -4.118984955729e+00 9.777704232085e+00 1.224628107640e+01
2820	-1.441150685320e-02 2.080677747508e-01 4.340715588125e+00 3.288262943843e+00 -6.445620934514e-01 1.916963253891e+00 -4.368445841999e+00 -2.326179406213e-01 -3.306840916022e+00 -1.941622607192e+00 6.089614677715e-01 4.084974198779e+00 -4.118984955729e+00 9.775225192520e+00 1.225072392469e+01
2830	-1.441150685320e-02 2.080677747508e-01 4.340715588125e+00 3.288262943843e+00 -6.445620934514e-01 1.916963253891e+00 -4.368445841999e+00 -2.326179406213e-01 -3.306840916022e+00 -1.941622607192e+00 6.089614677715e-01 4.084974198779e+00 -4.118984955729e+00 9.772740333365e+00 1.225517668094e+01
2840	-1.441150685320e-02 2.080677747508e-01 4.340715588125e+00 3.288262943843e+00 -6.445620934514e-01 1.916963253891e+00 -4.368445841999e+00 -2.326179406213e-01 -3.306840916022e+00 -1.941622607192e+00 6.089614677715e-01 4.084974198779e+00 -4.118984955729e+00 9.770250086070e+00 1.225963966586e+01
2850	-1.441150685320e-02 2.080677747508e-01 4.340715588125e+00 3.288262943843e+00 -6.445620934514e-01 1.916963253891e+00 -4.368445841999e+00 -2.326179406213e-01 -3.306840916022e+00 -1.941622607192e+00 6.089614677715e-01 4.084974198779e+00 -4.118984955729e+00 9.767759956224e+00 1.226410941195e+01
2860	-1.441150685320e-02 2.080677747508e-01 4.340715588125e+00 3.288262943843e+00 -6.445620934514e-01 1.916963253891e+00 -4.368445841999e+00 -2.326179406213e-01 -3.306840916022e+00 -1.941622607192e+00 6.089614677715e-01 4.084974198779e+00 -4.118984955729e+00 9.765267354935e+00 1.226859081240e+01
2870	-1.441150685320e-02 2.080677747508e-01 4.340715588125e+00 3.288262943843e+00 -6.445620934514e-01 1.916963253891e+00 -4.368445841999e+00 -2.326179406213e-01 -3.306840916022e+00 -1.941622607192e+00 6.089614677715e-01 4.084974198779e+00 -4.118984955729e+00 9.762767598987e+00 1.227308882026e+01
2880	-1.441150685320e-02 2.080677747508e-01 4.340715588125e+00 3.288262943843e+00 -6.445620934514e-01 1.916963253891e+00 -4.368445841999e+00 -2.326179406213e-01 -3.306840916022e+00 -1.941622607192e+00 6.089614677715e-01 4.084974198779e+00 -4.118984955729e+00 9.760266034006e+00 1.227759772806e+01
2890	-1.441150685320e-02 2.080677747508e-01 4.340715588125e+00 3.288262943843e+00 -6.445620934514e-01 1.916963253891e+00 -4.368445841999e+00 -2.326179406213e-01 -3.306840916022e+00 -1.941622607192e+00 6.089614677715e-01 4.084974198779e+00 -4.118984955729e+00 9.757765210122e+00 1.228211770641e+01
2900	-1.441150685320e-02 2.080677747508e-01 4.340715588125e+00 3.288262943843e+00 -6.445620934514e-01 1.916963253891e+00 -4.368445841999e+00 -2.326179406213e-01 -3.306840916022e+00 -1.941622607192e+00 6.089614677715e-01 4.084974198779e+00 -4.118984955729e+00 9.755262902772e+00 1.228665399986e+01
2910	-1.441150685320e-02 2.080677747508e-01 4.340715588125e+00 3.288262943843e+00 -6.445620934514e-01 1.916963253891e+00 -4.368445841999e+00 -2.326179406213e-01 -3.306840916022e+00 -1.941622607192e+00 6.089614677715e-01 4.084974198779e+00 -4.118984955729e+00 9.752753740007e+00 1.229121261790e+01
2920	-1.441150685320e-02 2.080677747508e-01 4.340715588125e+00 3.288262943843e+00 -6.445620934514e-01 1.916963253891e+00 -4.368445841999e+00 -2.326179406213e-01 -3.306840916022e+00 -1.941622607192e+00 6.089614677715e-01 4.084974198779e+00 -4.118984955729e+00 9.750238690878e+00 1.229579406197e+01
2930	-1.441150685320e-02 2.080677747508e-01 4.340715588125e+00 3.288262943843e+00 -6.445620934514e-01 1.916963253891e+00 -4.368445841999e+00 -2.326179406213e-01 -3.306840916022e+00 -1.941622607192e+00 6.089614677715e-01 4.084974198779e+00 -4.118984955729e+00 9.747720614063e+00 1.230039702714e+01
2940	-1.441150685320e-02 2.080677747508e-01 4.340715588125e+00 3.288262943843e+00 -6.445620934514e-01 1.916963253891e+00 -4.368445841999e+00 -2.326179406213e-01 -3.306840916022e+00 -1.941622607192e+00 6.089614677715e-01 4.084974198779e+00 -4.118984955729e+00 9.745199334496e+00 1.230501960433e+01
2950	-1.441150685320e-02 2.080677747508e-01 4.340715588125e+00 3.288262943843e+00 -6.445620934514e-01 1.916963253891e+00 -4.368445841999e+00 -2.326179406213e-01 -3.306840916022e+00 -1.941622607192e+00 6.089614677715e-01 4.084974198779e+00 -4.118984955729e+00 9.742676970985e+00 1.230965703493e+01
2960	-1.441150685320e-02 2.080677747508e-01 4.340715588125e+00 3.288262943843e+00 -6.445620934514e-01 1.916963253891e+00 -4.368445841999e+00 -2.326179406213e-01 -3.306840916022e+00 -1.941622607192e+00 6.089614677715e-01 4.084974198779e+00 -4.118984955729e+00 9.740149476673e+00 1.231431379870e+01
2970	-1.441150685320e-02 2.080677747508e-01 4.340715588125e+00 3.288262943843e+00 -6.445620934514e-01 1.916963253891e+00 -4.368445841999e+00 -2.326179406213e-01 -3.306840916022e+00 -1.941622607192e+00 6.089614677715e-01 4.084974198779e+00 -4.118984955729e+00 9.737615771668e+00 1.231899184183e+01
2980	-1.441150685320e-02 2.080677747508e-01 4.340715588125e+00 3.288262943843e+00 -6.445620934514e-01 1.916963253891e+00 -4.368445841999e+00 -2.326179406213e-01 -3.306840916022e+00 -1.941622607192e+00 6.089614677715e-01 4.084974198779e+00 -4.118984955729e+00 9.735080287748e+00 1.232368587291e+01
2990	-1.441150685320e-02 2.080677747508e-01 4.340715588125e+00 3.288262943843e+00 -6.445620934514e-01 1.916963253891e+00 -4.368445841999e+00 -2.326179406213e-01 -3.306840916022e+00 -1.941622607192e+00 6.089614677715e-01 4.084974198779e+00 -4.118984955729e+00 9.732538154308e+00 1.232839707509e+01
3000	-1.441150685320e-02 2.080677747508e-01 4.340715588125e+00 3.288262943843e+00 -6.445620934514e-01 1.916963253891e+00 -4.368445841999e+00 -2.326179406213e-01 -3.306840916022e+00 -1.941622607192e+00 6.089614677715e-01 4.084974198779e+00 -4.118984955729e+00 9.729986775678e+00 1.233312429565e+01
3010	-1.441150685320e-02 2.080677747508e-01 4.340715588125e+00 3.288262943843e+00 -6.445620934514e-01 1.916963253891e+00 -4.368445841999e+00 -2.326179406213e-01 -3.306840916022e+00 -1.941622607192e+00 6.089614677715e-01 4.084974198779e+00 -4.118984955729e+00 9.727428064969e+00 1.233786555077e+01
3020	-1.441150685320e-02 2.080677747508e-01 4.340715588125e+00 3.288262943843e+00 -6.445620934514e-01 1.916963253891e+00 -4.368445841999e+00 -2.326179406213e-01 -3.306840916022e+00 -1.941622607192e+00 6.089614677715e-01 4.084974198779e+00 -4.118984955729e+00 9.724861809565e+00 1.234262206623e+01
3030	-1.441150685320e-02 2.080677747508e-01 4.340715588125e+00 3.288262943843e+00 -6.445620934514e-01 1.916963253891e+00 -4.368445841999e+00 -2.326179406213e-01 -3.306840916022e+00 -1.941622607192e+00 6.089614677715e-01 4.084974198779e+00 -4.118984955729e+00 9.722287494854e+00 1.234739252705e+01
3040	-1.441150685320e-02 2.080677747508e-01 4.340715588125e+00 3.288262943843e+00 -6.445620934514e-01 1.916963253891e+00 -4.368445841999e+00 -2.326179406213e-01 -3.306840916022e+00 -1.941622607192e+00 6.089614677715e-01 4.084974198779e+00 -4.118984955729e+00 9.719705692192e+00 1.235217343078e+01
3050	-1.441150685320e-02 2.080677747508e-01 4.340715588125e+00 3.288262943843e+00 -6.445620934514e-01 1.916963253891e+00 -4.368445841999e+00 -2.326179406213e-01 -3.306840916022e+00 -1.941622607192e+00 6.089614677715e-01 4.084974198779e+00 -4.118984955729e+00 9.717116909021e+00 1.235696351862e+01
3060	-1.441150685320e-02 2.080677747508e-01 4.340715588125e+00 3.288262943843e+00 -6.445620934514e-01 1.916963253891e+00 -4.368445841999e+00 -2.326179406213e-01 -3.306840916022e+00 -1.941622607192e+00 6.089614677715e-01 4.084974198779e+00 -4.118984955729e+00 9.714517911828e+00 1.236176599657e+01
3070	-1.441150685320e-02 2.080677747508e-01 4.340715588125e+00 3.288262943843e+00 -6.445620934514e-01 1.916963253891e+00 -4.368445841999e+00 -2.326179406213e-01 -3.306840916022e+00 -1.941622607192e+00 6.089614677715e-01 4.084974198779e+00 -4.118984955729e+00 9.711908651746e+00 1.236657972631e+01
3080	-1.441150685320e-02 2.080677747508e-01 4.340715588125e+00 3.288262943843e+00 -6.445620934514e-01 1.916963253891e+00 -4.368445841999e+00 -2.326179406213e-01 -3.306840916022e+00 -1.941622607192e+00 6.089614677715e-01 4.084974198779e+00 -4.118984955729e+00 9.709287757902e+00 1.237140389146e+01
3090	-1.441150685320e-02 2.080677747508e-01 4.340715588125e+00 3.288262943843e+00 -6.445620934514e-01 1.916963253891e+00 -4.368445841999e+00 -2.326179406213e-01 -3.306840916022e+00 -1.941622607192e+00 6.089614677715e-01 4.084974198779e+00 -4.118984955729e+00 9.706649821537e+00 1.237624275372e+01
3100	-1.441150685320e-02 2.080677747508e-01 4.340715588125e+00 3.288262943843e+00 -6.445620934514e-01 1.916963253891e+00 -4.368445841999e+00 -2.326179406213e-01 -3.306840916022e+00 -1.941622607192e+00 6.089614677715e-01 4.084974198779e+00 -4.118984955729e+00 9.703999528868e+00 1.238109389153e+01
3110	-1.441150685320e-02 2.080677747508e-01 4.340715588125e+00 3.288262943843e+00 -6.445620934514e-01 1.916963253891e+00 -4.368445841999e+00 -2.326179406213e-01 -3.306840916022e+00 -1.941622607192e+00 6.089614677715e-01 4.084974198779e+00 -4.118984955729e+00 9.701340229853e+00 1.238595670824e+01
3120	-1.441150685320e-02 2.080677747508e-01 4.340715588125e+00 3.288262943843e+00 -6.445620934514e-01 1.916963253891e+00 -4.368445841999e+00 -2.326179406213e-01 -3.306840916022e+00 -1.941622607192e+00 6.089614677715e-01 4.084974198779e+00 -4.118984955729e+00 9.698670718787e+00 1.239083353285e+01
3130	-1.441150685320e-02 2.080677747508e-01 4.340715588125e+00 3.288262943843e+00 -6.445620934514e-01 1.916963253891e+00 -4.368445841999e+00 -2.326179406213e-01 -3.306840916022e+00 -1.941622607192e+00 6.089614677715e-01 4.084974198779e+00 -4.118984955729e+00 9.695996479086e+00 1.239572116298e+01
3140	-1.441150685320e-02 2.080677747508e-01 4.340715588125e+00 3.288262943843e+00 -6.445620934514e-01 1.916963253891e+00 -4.368445841999e+00 -2.326179406213e-01 -3.306840916022e+00 -1.941622607192e+00 6.089614677715e-01 4.084974198779e+00 -4.118984955729e+00 9.693320829613e+00 1.240062128508e+01
3150	-1.441150685320e-02 2.080677747508e-01 4.340715588125e+00 3.288262943843e+00 -6.445620934514e-01 1.916963253891e+00 -4.368445841999e+00 -2.326179406213e-01 -3.306840916022e+00 -1.941622607192e+00 6.089614677715e-01 4.084974198779e+00 -4.118984955729e+00 9.690642653778e+00 1.240553911341e+01
3160	-1.441150685320e-02 2.080677747508e-01 4.340715588125e+00 3.288262943843e+00 -6.445620934514e-01 1.916963253891e+00 -4.368445841999e+00 -2.326179406213e-01 -3.306840916022e+00 -1.941622607192e+00 6.089614677715e-01 4.084974198779e+00 -4.118984955729e+00 9.687960366731e+00 1.241047579447e+01
3170	-1.441150685320e-02 2.080677747508e-01 4.340715588125e+00 3.288262943843e+00 -6.445620934514e-01 1.916963253891e+00 -4.368445841999e+00 -2.326179406213e-01 -3.306840916022e+00 -1.941622607192e+00 6.089614677715e-01 4.084974198779e+00 -4.118984955729e+00 9.685270939874e+00 1.241543147622e+01
3180	-1.441150685320e-02 2.080677747508e-01 4.340715588125e+00 3.288262943843e+00 -6.445620934514e-01 1.916963253891e+00 -4.368445841999e+00 -2.326179406213e-01 -3.306840916022e+00 -1.941622607192e+00 6.089614677715e-01 4.084974198779e+00 -4.118984955729e+00 9.682574895203e+00 1.242040453083e+01
3190	-1.441150685320e-02 2.080677747508e-01 4.340715588125e+00 3.288262943843e+00 -6.445620934514e-01 1.916963253891e+00 -4.368445841999e+00 -2.326179406213e-01 -3.306840916022e+00 -1.941622607192e+00 6.089614677715e-01 4.084974198779e+00 -4.118984955729e+00 9.679875761845e+00 1.242539526660e+01
3200	-1.441150685320e-02 2.080677747508e-01 4.340715588125e+00 3.288262943843e+00 -6.445620934514e-01 1.916963253891e+00 -4.368445841999e+00 -2.326179406213e-01 -3.306840916022e+00 -1.941622607192e+00 6.089614677715e-01 4.084974198779e+00 -4.118984955729e+00 9.677175920206e+00 1.243040537268e+01
3210	-1.441150685320e-02 2.080677747508e-01 4.340715588125e+00 3.288262943843e+00 -6.445620934514e-01 1.916963253891e+00 -4.368445841999e+00 -2.326179406213e-01 -3.306840916022e+00 -1.941622607192e+00 6.089614677715e-01 4.084974198779e+00 -4.118984955729e+00 9.674472877609e+00 1.243543577620e+01
3220	-1.441150685320e-02 2.080677747508e-01 4.340715588125e+00 3.288262943843e+00 -6.445620934514e-01 1.916963253891e+00 -4.368445841999e+00 -2.326179406213e-01 -3.306840916022e+00 -1.941622607192e+00 6.089614677715e-01 4.084974198779e+00 -4.118984955729e+00 9.671761021248e+00 1.244049065588e+01
3230	-1.441150685320e-02 2.080677747508e-01 4.340715588125e+00 3.288262943843e+00 -6.445620934514e-01 1.916963253891e+00 -4.368445841999e+00 -2.326179406213e-01 -3.306840916022e+00 -1.941622607192e+00 6.089614677715e-01 4.084974198779e+00 -4.118984955729e+00 9.669040683477e+00 1.244557073354e+01
3240	-1.441150685320e-02 2.080677747508e-01 4.340715588125e+00 3.288262943843e+00 -6.445620934514e-01 1.916963253891e+00 -4.368445841999e+00 -2.326179406213e-01 -3.306840916022e+00 -1.941622607192e+00 6.089614677715e-01 4.084974198779e+00 -4.118984955729e+00 9.666314366433e+00 1.245067347941e+01
