10	-1.123147850796e-01 7.386148099785e-02 4.815453290492e-01 3.133100011230e+00 -4.473776202533e+00 -4.223646163109e+00 -7.035163158995e-01 -2.962068225936e-01 -3.368811787652e+00 3.999829631174e+00 4.251525860871e+00 -2.112699898225e+00 1.870328545146e+00 1.041623383262e+00 1.119648108825e+00
20	-1.123147850796e-01 7.386148099785e-02 4.815453290492e-01 3.133100011230e+00 -4.473776202533e+00 -4.223646163109e+00 -7.035163158995e-01 -2.962068225936e-01 -3.368811787652e+00 3.999829631174e+00 4.251525860871e+00 -2.112699898225e+00 1.870328545146e+00 1.041623442876e+00 1.119648077675e+00
30	-1.123147850796e-01 7.386148099785e-02 4.815453290492e-01 3.133100011230e+00 -4.473776202533e+00 -4.223646163109e+00 -7.035163158995e-01 -2.962068225936e-01 -3.368811787652e+00 3.999829631174e+00 4.251525860871e+00 -2.112699898225e+00 1.870328545146e+00 1.041623580131e+00 1.119648024774e+00
40	-1.123147850796e-01 7.386148099785e-02 4.815453290492e-01 3.133100011230e+00 -4.473776202533e+00 -4.223646163109e+00 -7.035163158995e-01 -2.962068225936e-01 -3.368811787652e+00 3.999829631174e+00 4.251525860871e+00 -2.112699898225e+00 1.870328545146e+00 1.041623534943e+00 1.119648228117e+00
50	-1.123147850796e-01 7.386148099785e-02 4.815453290492e-01 3.133100011230e+00 -4.473776202533e+00 -4.223646163109e+00 -7.035163158995e-01 -2.962068225936e-01 -3.368811787652e+00 3.999829631174e+00 4.251525860871e+00 -2.112699898225e+00 1.870328545146e+00 1.041622489057e+00 1.119649545151e+00
60	-1.123147850796e-01 7.386148099785e-02 4.815453290492e-01 3.133100011230e+00 -4.473776202533e+00 -4.223646163109e+00 -7.035163158995e-01 -2.962068225936e-01 -3.368811787652e+00 3.999829631174e+00 4.251525860871e+00 -2.112699898225e+00 1.870328545146e+00 1.041619298051e+00 1.119653226800e+00
70	-1.123147850796e-01 7.386148099785e-02 4.815453290492e-01 3.133100011230e+00 -4.473776202533e+00 -4.223646163109e+00 -7.035163158995e-01 -2.962068225936e-01 -3.368811787652e+00 3.999829631174e+00 4.251525860871e+00 -2.112699898225e+00 1.870328545146e+00 1.041612862121e+00 1.119660559844e+00
80	-1.123147850796e-01 7.386148099785e-02 4.815453290492e-01 3.133100011230e+00 -4.473776202533e+00 -4.223646163109e+00 -7.035163158995e-01 -2.962068225936e-01 -3.368811787652e+00 3.999829631174e+00 4.251525860871e+00 -2.112699898225e+00 1.870328545146e+00 1.041602468213e+00 1.119672532423e+00
90	-1.123147850796e-01 7.386148099785e-02 4.815453290492e-01 3.133100011230e+00 -4.473776202533e+00 -4.223646163109e+00 -7.035163158995e-01 -2.962068225936e-01 -3.368811787652e+00 3.999829631174e+00 4.251525860871e+00 -2.112699898225e+00 1.870328545146e+00 1.041587948457e+00 1.119689632071e+00
100	-1.123147850796e-01 7.386148099785e-02 4.815453290492e-01 3.133100011230e+00 -4.473776202533e+00 -4.223646163109e+00 -7.035163158995e-01 -2.962068225936e-01 -3.368811787652e+00 3.999829631174e+00 4.251525860871e+00 -2.112699898225e+00 1.870328545146e+00 1.041569966129e+00 1.119711424832e+00
110	-1.123147850796e-01 7.386148099785e-02 4.815453290492e-01 3.133100011230e+00 -4.473776202533e+00 -4.223646163109e+00 -7.035163158995e-01 -2.962068225936e-01 -3.368811787652e+00 3.999829631174e+00 4.251525860871e+00 -2.112699898225e+00 1.870328545146e+00 1.041549695285e+00 1.119736765883e+00
120	-1.123147850796e-01 7.386148099785e-02 4.815453290492e-01 3.133100011230e+00 -4.473776202533e+00 -4.223646163109e+00 -7.035163158995e-01 -2.962068225936e-01 -3.368811787652e+00 3.999829631174e+00 4.251525860871e+00 -2.112699898225e+00 1.870328545146e+00 1.041528069947e+00 1.119764498270e+00
130	-1.123147850796e-01 7.386148099785e-02 4.815453290492e-01 3.133100011230e+00 -4.473776202533e+00 -4.223646163109e+00 -7.035163158995e-01 -2.962068225936e-01 -3.368811787652e+00 3.999829631174e+00 4.251525860871e+00 -2.112699898225e+00 1.870328545146e+00 1.041505717007e+00 1.119793520461e+00
140	-1.123147850796e-01 7.386148099785e-02 4.815453290492e-01 3.133100011230e+00 -4.473776202533e+00 -4.223646163109e+00 -7.035163158995e-01 -2.962068225936e-01 -3.368811787652e+00 3.999829631174e+00 4.251525860871e+00 -2.112699898225e+00 1.870328545146e+00 1.041482867518e+00 1.119823034304e+00
150	-1.123147850796e-01 7.386148099785e-02 4.815453290492e-01 3.133100011230e+00 -4.473776202533e+00 -4.223646163109e+00 -7.035163158995e-01 -2.962068225936e-01 -3.368811787652e+00 3.999829631174e+00 4.251525860871e+00 -2.112699898225e+00 1.870328545146e+00 1.041459632716e+00 1.119852504260e+00
160	-1.123147850796e-01 7.386148099785e-02 4.815453290492e-01 3.133100011230e+00 -4.473776202533e+00 -4.223646163109e+00 -7.035163158995e-01 -2.962068225936e-01 -3.368811787652e+00 3.999829631174e+00 4.251525860871e+00 -2.112699898225e+00 1.870328545146e+00 1.041436146263e+00 1.119881607879e+00
170	-1.123147850796e-01 7.386148099785e-02 4.815453290492e-01 3.133100011230e+00 -4.473776202533e+00 -4.223646163109e+00 -7.035163158995e-01 -2.962068225936e-01 -3.368811787652e+00 3.999829631174e+00 4.251525860871e+00 -2.112699898225e+00 1.870328545146e+00 1.041412759241e+00 1.119909991316e+00
180	-1.123147850796e-01 7.386148099785e-02 4.815453290492e-01 3.133100011230e+00 -4.473776202533e+00 -4.223646163109e+00 -7.035163158995e-01 -2.962068225936e-01 -3.368811787652e+00 3.999829631174e+00 4.251525860871e+00 -2.112699898225e+00 1.870328545146e+00 1.041389443505e+00 1.119937725386e+00
190	-1.123147850796e-01 7.386148099785e-02 4.815453290492e-01 3.133100011230e+00 -4.473776202533e+00 -4.223646163109e+00 -7.035163158995e-01 -2.962068225936e-01 -3.368811787652e+00 3.999829631174e+00 4.251525860871e+00 -2.112699898225e+00 1.870328545146e+00 1.041365415617e+00 1.119965554930e+00
200	-1.123147850796e-01 7.386148099785e-02 4.815453290492e-01 3.133100011230e+00 -4.473776202533e+00 -4.223646163109e+00 -7.035163158995e-01 -2.962068225936e-01 -3.368811787652e+00 3.999829631174e+00 4.251525860871e+00 -2.112699898225e+00 1.870328545146e+00 1.041339393913e+00 1.119994665822e+00
210	-1.123147850796e-01 7.386148099785e-02 4.815453290492e-01 3.133100011230e+00 -4.473776202533e+00 -4.223646163109e+00 -7.035163158995e-01 -2.962068225936e-01 -3.368811787652e+00 3.999829631174e+00 4.251525860871e+00 -2.112699898225e+00 1.870328545146e+00 1.041310102430e+00 1.120026359492e+00
220	-1.123147850796e-01 7.386148099785e-02 4.815453290492e-01 3.133100011230e+00 -4.473776202533e+00 -4.223646163109e+00 -7.035163158995e-01 -2.962068225936e-01 -3.368811787652e+00 3.999829631174e+00 4.251525860871e+00 -2.112699898225e+00 1.870328545146e+00 1.041276647474e+00 1.120061923952e+00
230	-1.123147850796e-01 7.386148099785e-02 4.815453290492e-01 3.133100011230e+00 -4.473776202533e+00 -4.223646163109e+00 -7.035163158995e-01 -2.962068225936e-01 -3.368811787652e+00 3.999829631174e+00 4.251525860871e+00 -2.112699898225e+00 1.870328545146e+00 1.041238615949e+00 1.120102479546e+00
240	-1.123147850796e-01 7.386148099785e-02 4.815453290492e-01 3.133100011230e+00 -4.473776202533e+00 -4.223646163109e+00 -7.035163158995e-01 -2.962068225936e-01 -3.368811787652e+00 3.999829631174e+00 4.251525860871e+00 -2.112699898225e+00 1.870328545146e+00 1.041196685300e+00 1.120147987816e+00
250	-1.123147850796e-01 7.386148099785e-02 4.815453290492e-01 3.133100011230e+00 -4.473776202533e+00 -4.223646163109e+00 -7.035163158995e-01 -2.962068225936e-01 -3.368811787652e+00 3.999829631174e+00 4.251525860871e+00 -2.112699898225e+00 1.870328545146e+00 1.041152089671e+00 1.120197589198e+00
260	-1.123147850796e-01 7.386148099785e-02 4.815453290492e-01 3.133100011230e+00 -4.473776202533e+00 -4.223646163109e+00 -7.035163158995e-01 -2.962068225936e-01 -3.368811787652e+00 3.999829631174e+00 4.251525860871e+00 -2.112699898225e+00 1.870328545146e+00 1.041106163835e+00 1.120250044036e+00
270	-1.123147850796e-01 7.386148099785e-02 4.815453290492e-01 3.133100011230e+00 -4.473776202533e+00 -4.223646163109e+00 -7.035163158995e-01 -2.962068225936e-01 -3.368811787652e+00 3.999829631174e+00 4.251525860871e+00 -2.112699898225e+00 1.870328545146e+00 1.041059903412e+00 1.120304092571e+00
280	-1.123147850796e-01 7.386148099785e-02 4.815453290492e-01 3.133100011230e+00 -4.473776202533e+00 -4.223646163109e+00 -7.035163158995e-01 -2.962068225936e-01 -3.368811787652e+00 3.999829631174e+00 4.251525860871e+00 -2.112699898225e+00 1.870328545146e+00 1.041013625576e+00 1.120358854502e+00
290	-1.123147850796e-01 7.386148099785e-02 4.815453290492e-01 3.133100011230e+00 -4.473776202533e+00 -4.223646163109e+00 -7.035163158995e-01 -2.962068225936e-01 -3.368811787652e+00 3.999829631174e+00 4.251525860871e+00 -2.112699898225e+00 1.870328545146e+00 1.040966703127e+00 1.120414526494e+00
300	-1.123147850796e-01 7.386148099785e-02 4.815453290492e-01 3.133100011230e+00 -4.473776202533e+00 -4.223646163109e+00 -7.035163158995e-01 -2.962068225936e-01 -3.368811787652e+00 3.999829631174e+00 4.251525860871e+00 -2.112699898225e+00 1.870328545146e+00 1.040918475471e+00 1.120471953401e+00
310	-1.123147850796e-01 7.386148099785e-02 4.815453290492e-01 3.133100011230e+00 -4.473776202533e+00 -4.223646163109e+00 -7.035163158995e-01 -2.962068225936e-01 -3.368811787652e+00 3.999829631174e+00 4.251525860871e+00 -2.112699898225e+00 1.870328545146e+00 1.040869177228e+00 1.120531440645e+00
320	-1.123147850796e-01 7.386148099785e-02 4.815453290492e-01 3.133100011230e+00 -4.473776202533e+00 -4.223646163109e+00 -7.035163158995e-01 -2.962068225936e-01 -3.368811787652e+00 3.999829631174e+00 4.251525860871e+00 -2.112699898225e+00 1.870328545146e+00 1.040819285510e+00 1.120592390152e+00
330	-1.123147850796e-01 7.386148099785e-02 4.815453290492e-01 3.133100011230e+00 -4.473776202533e+00 -4.223646163109e+00 -7.035163158995e-01 -2.962068225936e-01 -3.368811787652e+00 3.999829631174e+00 4.251525860871e+00 -2.112699898225e+00 1.870328545146e+00 1.040767579020e+00 1.120654201731e+00
340	-1.123147850796e-01 7.386148099785e-02 4.815453290492e-01 3.133100011230e+00 -4.473776202533e+00 -4.223646163109e+00 -7.035163158995e-01 -2.962068225936e-01 -3.368811787652e+00 3.999829631174e+00 4.251525860871e+00 -2.112699898225e+00 1.870328545146e+00 1.040709981062e+00 1.120717664781e+00
350	-1.123147850796e-01 7.386148099785e-02 4.815453290492e-01 3.133100011230e+00 -4.473776202533e+00 -4.223646163109e+00 -7.035163158995e-01 -2.962068225936e-01 -3.368811787652e+00 3.999829631174e+00 4.251525860871e+00 -2.112699898225e+00 1.870328545146e+00 1.040642875227e+00 1.120784581153e+00
360	-1.123147850796e-01 7.386148099785e-02 4.815453290492e-01 3.133100011230e+00 -4.473776202533e+00 -4.223646163109e+00 -7.035163158995e-01 -2.962068225936e-01 -3.368811787652e+00 3.999829631174e+00 4.251525860871e+00 -2.112699898225e+00 1.870328545146e+00 1.040567426673e+00 1.120856236376e+00
370	-1.123147850796e-01 7.386148099785e-02 4.815453290492e-01 3.133100011230e+00 -4.473776202533e+00 -4.223646163109e+00 -7.035163158995e-01 -2.962068225936e-01 -3.368811787652e+00 3.999829631174e+00 4.251525860871e+00 -2.112699898225e+00 1.870328545146e+00 1.040488693649e+00 1.120932156043e+00
380	-1.123147850796e-01 7.386148099785e-02 4.815453290492e-01 3.133100011230e+00 -4.473776202533e+00 -4.223646163109e+00 -7.035163158995e-01 -2.962068225936e-01 -3.368811787652e+00 3.999829631174e+00 4.251525860871e+00 -2.112699898225e+00 1.870328545146e+00 1.040409216012e+00 1.121012187385e+00
390	-1.123147850796e-01 7.386148099785e-02 4.815453290492e-01 3.133100011230e+00 -4.473776202533e+00 -4.223646163109e+00 -7.035163158995e-01 -2.962068225936e-01 -3.368811787652e+00 3.999829631174e+00 4.251525860871e+00 -2.112699898225e+00 1.870328545146e+00 1.040327960888e+00 1.121096839382e+00
400	-1.123147850796e-01 7.386148099785e-02 4.815453290492e-01 3.133100011230e+00 -4.473776202533e+00 -4.223646163109e+00 -7.035163158995e-01 -2.962068225936e-01 -3.368811787652e+00 3.999829631174e+00 4.251525860871e+00 -2.112699898225e+00 1.870328545146e+00 1.040243955277e+00 1.121185698571e+00
410	-1.123147850796e-01 7.386148099785e-02 4.815453290492e-01 3.133100011230e+00 -4.473776202533e+00 -4.223646163109e+00 -7.035163158995e-01 -2.962068225936e-01 -3.368811787652e+00 3.999829631174e+00 4.251525860871e+00 -2.112699898225e+00 1.870328545146e+00 1.040157606893e+00 1.121277318828e+00
420	-1.123147850796e-01 7.386148099785e-02 4.815453290492e-01 3.133100011230e+00 -4.473776202533e+00 -4.223646163109e+00 -7.035163158995e-01 -2.962068225936e-01 -3.368811787652e+00 3.999829631174e+00 4.251525860871e+00 -2.112699898225e+00 1.870328545146e+00 1.040069377429e+00 1.121370636306e+00
430	-1.123147850796e-01 7.386148099785e-02 4.815453290492e-01 3.133100011230e+00 -4.473776202533e+00 -4.223646163109e+00 -7.035163158995e-01 -2.962068225936e-01 -3.368811787652e+00 3.999829631174e+00 4.251525860871e+00 -2.112699898225e+00 1.870328545146e+00 1.039978840971e+00 1.121465537382e+00
440	-1.123147850796e-01 7.386148099785e-02 4.815453290492e-01 3.133100011230e+00 -4.473776202533e+00 -4.223646163109e+00 -7.035163158995e-01 -2.962068225936e-01 -3.368811787652e+00 3.999829631174e+00 4.251525860871e+00 -2.112699898225e+00 1.870328545146e+00 1.039885244800e+00 1.121562335776e+00
450	-1.123147850796e-01 7.386148099785e-02 4.815453290492e-01 3.133100011230e+00 -4.473776202533e+00 -4.223646163109e+00 -7.035163158995e-01 -2.962068225936e-01 -3.368811787652e+00 3.999829631174e+00 4.251525860871e+00 -2.112699898225e+00 1.870328545146e+00 1.039787754865e+00 1.121661934118e+00
460	-1.123147850796e-01 7.386148099785e-02 4.815453290492e-01 3.133100011230e+00 -4.473776202533e+00 -4.223646163109e+00 -7.035163158995e-01 -2.962068225936e-01 -3.368811787652e+00 3.999829631174e+00 4.251525860871e+00 -2.112699898225e+00 1.870328545146e+00 1.039686544889e+00 1.121764864793e+00
470	-1.123147850796e-01 7.386148099785e-02 4.815453290492e-01 3.133100011230e+00 -4.473776202533e+00 -4.223646163109e+00 -7.035163158995e-01 -2.962068225936e-01 -3.368811787652e+00 3.999829631174e+00 4.251525860871e+00 -2.112699898225e+00 1.870328545146e+00 1.039583002432e+00 1.121870944773e+00
480	-1.123147850796e-01 7.386148099785e-02 4.815453290492e-01 3.133100011230e+00 -4.473776202533e+00 -4.223646163109e+00 -7.035163158995e-01 -2.962068225936e-01 -3.368811787652e+00 3.999829631174e+00 4.251525860871e+00 -2.112699898225e+00 1.870328545146e+00 1.039479146632e+00 1.121979524756e+00
490	-1.123147850796e-01 7.386148099785e-02 4.815453290492e-01 3.133100011230e+00 -4.473776202533e+00 -4.223646163109e+00 -7.035163158995e-01 -2.962068225936e-01 -3.368811787652e+00 3.999829631174e+00 4.251525860871e+00 -2.112699898225e+00 1.870328545146e+00 1.039375932704e+00 1.122090710194e+00
500	-1.123147850796e-01 7.386148099785e-02 4.815453290492e-01 3.133100011230e+00 -4.473776202533e+00 -4.223646163109e+00 -7.035163158995e-01 -2.962068225936e-01 -3.368811787652e+00 3.999829631174e+00 4.251525860871e+00 -2.112699898225e+00 1.870328545146e+00 1.039273153145e+00 1.122205120787e+00
510	-1.123147850796e-01 7.386148099785e-02 4.815453290492e-01 3.133100011230e+00 -4.473776202533e+00 -4.223646163109e+00 -7.035163158995e-01 -2.962068225936e-01 -3.368811787652e+00 3.999829631174e+00 4.251525860871e+00 -2.112699898225e+00 1.870328545146e+00 1.039170411493e+00 1.122322827928e+00
520	-1.123147850796e-01 7.386148099785e-02 4.815453290492e-01 3.133100011230e+00 -4.473776202533e+00 -4.223646163109e+00 -7.035163158995e-01 -2.962068225936e-01 -3.368811787652e+00 3.999829631174e+00 4.251525860871e+00 -2.112699898225e+00 1.870328545146e+00 1.039067864152e+00 1.122443068667e+00
530	-1.123147850796e-01 7.386148099785e-02 4.815453290492e-01 3.133100011230e+00 -4.473776202533e+00 -4.223646163109e+00 -7.035163158995e-01 -2.962068225936e-01 -3.368811787652e+00 3.999829631174e+00 4.251525860871e+00 -2.112699898225e+00 1.870328545146e+00 1.038965339276e+00 1.122565793719e+00
540	-1.123147850796e-01 7.386148099785e-02 4.815453290492e-01 3.133100011230e+00 -4.473776202533e+00 -4.223646163109e+00 -7.035163158995e-01 -2.962068225936e-01 -3.368811787652e+00 3.999829631174e+00 4.251525860871e+00 -2.112699898225e+00 1.870328545146e+00 1.038861607228e+00 1.122692081748e+00
550	-1.123147850796e-01 7.386148099785e-02 4.815453290492e-01 3.133100011230e+00 -4.473776202533e+00 -4.223646163109e+00 -7.035163158995e-01 -2.962068225936e-01 -3.368811787652e+00 3.999829631174e+00 4.251525860871e+00 -2.112699898225e+00 1.870328545146e+00 1.038755090381e+00 1.122822690687e+00
560	-1.123147850796e-01 7.386148099785e-02 4.815453290492e-01 3.133100011230e+00 -4.473776202533e+00 -4.223646163109e+00 -7.035163158995e-01 -2.962068225936e-01 -3.368811787652e+00 3.999829631174e+00 4.251525860871e+00 -2.112699898225e+00 1.870328545146e+00 1.038644594231e+00 1.122957674613e+00
570	-1.123147850796e-01 7.386148099785e-02 4.815453290492e-01 3.133100011230e+00 -4.473776202533e+00 -4.223646163109e+00 -7.035163158995e-01 -2.962068225936e-01 -3.368811787652e+00 3.999829631174e+00 4.251525860871e+00 -2.112699898225e+00 1.870328545146e+00 1.038530801998e+00 1.123095838590e+00
580	-1.123147850796e-01 7.386148099785e-02 4.815453290492e-01 3.133100011230e+00 -4.473776202533e+00 -4.223646163109e+00 -7.035163158995e-01 -2.962068225936e-01 -3.368811787652e+00 3.999829631174e+00 4.251525860871e+00 -2.112699898225e+00 1.870328545146e+00 1.038416211840e+00 1.123235014938e+00
590	-1.123147850796e-01 7.386148099785e-02 4.815453290492e-01 3.133100011230e+00 -4.473776202533e+00 -4.223646163109e+00 -7.035163158995e-01 -2.962068225936e-01 -3.368811787652e+00 3.999829631174e+00 4.251525860871e+00 -2.112699898225e+00 1.870328545146e+00 1.038302567816e+00 1.123374005268e+00
600	-1.123147850796e-01 7.386148099785e-02 4.815453290492e-01 3.133100011230e+00 -4.473776202533e+00 -4.223646163109e+00 -7.035163158995e-01 -2.962068225936e-01 -3.368811787652e+00 3.999829631174e+00 4.251525860871e+00 -2.112699898225e+00 1.870328545146e+00 1.038187756751e+00 1.123514731685e+00
610	-1.123147850796e-01 7.386148099785e-02 4.815453290492e-01 3.133100011230e+00 -4.473776202533e+00 -4.223646163109e+00 -7.035163158995e-01 -2.962068225936e-01 -3.368811787652e+00 3.999829631174e+00 4.251525860871e+00 -2.112699898225e+00 1.870328545146e+00 1.038066457255e+00 1.123661287995e+00
620	-1.123147850796e-01 7.386148099785e-02 4.815453290492e-01 3.133100011230e+00 -4.473776202533e+00 -4.223646163109e+00 -7.035163158995e-01 -2.962068225936e-01 -3.368811787652e+00 3.999829631174e+00 4.251525860871e+00 -2.112699898225e+00 1.870328545146e+00 1.037937589293e+00 1.123814138327e+00
630	-1.123147850796e-01 7.386148099785e-02 4.815453290492e-01 3.133100011230e+00 -4.473776202533e+00 -4.223646163109e+00 -7.035163158995e-01 -2.962068225936e-01 -3.368811787652e+00 3.999829631174e+00 4.251525860871e+00 -2.112699898225e+00 1.870328545146e+00 1.037806427111e+00 1.123968299204e+00
640	-1.123147850796e-01 7.386148099785e-02 4.815453290492e-01 3.133100011230e+00 -4.473776202533e+00 -4.223646163109e+00 -7.035163158995e-01 -2.962068225936e-01 -3.368811787652e+00 3.999829631174e+00 4.251525860871e+00 -2.112699898225e+00 1.870328545146e+00 1.037675575573e+00 1.124120853895e+00
650	-1.123147850796e-01 7.386148099785e-02 4.815453290492e-01 3.133100011230e+00 -4.473776202533e+00 -4.223646163109e+00 -7.035163158995e-01 -2.962068225936e-01 -3.368811787652e+00 3.999829631174e+00 4.251525860871e+00 -2.112699898225e+00 1.870328545146e+00 1.037542277248e+00 1.124274739953e+00
660	-1.123147850796e-01 7.386148099785e-02 4.815453290492e-01 3.133100011230e+00 -4.473776202533e+00 -4.223646163109e+00 -7.035163158995e-01 -2.962068225936e-01 -3.368811787652e+00 3.999829631174e+00 4.251525860871e+00 -2.112699898225e+00 1.870328545146e+00 1.037404845074e+00 1.124432799318e+00
670	-1.123147850796e-01 7.386148099785e-02 4.815453290492e-01 3.133100011230e+00 -4.473776202533e+00 -4.223646163109e+00 -7.035163158995e-01 -2.962068225936e-01 -3.368811787652e+00 3.999829631174e+00 4.251525860871e+00 -2.112699898225e+00 1.870328545146e+00 1.037263937630e+00 1.124595755420e+00
680	-1.123147850796e-01 7.386148099785e-02 4.815453290492e-01 3.133100011230e+00 -4.473776202533e+00 -4.223646163109e+00 -7.035163158995e-01 -2.962068225936e-01 -3.368811787652e+00 3.999829631174e+00 4.251525860871e+00 -2.112699898225e+00 1.870328545146e+00 1.037120988364e+00 1.124763430181e+00
690	-1.123147850796e-01 7.386148099785e-02 4.815453290492e-01 3.133100011230e+00 -4.473776202533e+00 -4.223646163109e+00 -7.035163158995e-01 -2.962068225936e-01 -3.368811787652e+00 3.999829631174e+00 4.251525860871e+00 -2.112699898225e+00 1.870328545146e+00 1.036977672925e+00 1.124934270216e+00
700	-1.123147850796e-01 7.386148099785e-02 4.815453290492e-01 3.133100011230e+00 -4.473776202533e+00 -4.223646163109e+00 -7.035163158995e-01 -2.962068225936e-01 -3.368811787652e+00 3.999829631174e+00 4.251525860871e+00 -2.112699898225e+00 1.870328545146e+00 1.036835455820e+00 1.125106113637e+00
710	-1.123147850796e-01 7.386148099785e-02 4.815453290492e-01 3.133100011230e+00 -4.473776202533e+00 -4.223646163109e+00 -7.035163158995e-01 -2.962068225936e-01 -3.368811787652e+00 3.999829631174e+00 4.251525860871e+00 -2.112699898225e+00 1.870328545146e+00 1.036694588143e+00 1.125277876088e+00
720	-1.123147850796e-01 7.386148099785e-02 4.815453290492e-01 3.133100011230e+00 -4.473776202533e+00 -4.223646163109e+00 -7.035163158995e-01 -2.962068225936e-01 -3.368811787652e+00 3.999829631174e+00 4.251525860871e+00 -2.112699898225e+00 1.870328545146e+00 1.036553526332e+00 1.125450354870e+00
730	-1.123147850796e-01 7.386148099785e-02 4.815453290492e-01 3.133100011230e+00 -4.473776202533e+00 -4.223646163109e+00 -7.035163158995e-01 -2.962068225936e-01 -3.368811787652e+00 3.999829631174e+00 4.251525860871e+00 -2.112699898225e+00 1.870328545146e+00 1.036410463467e+00 1.125624990130e+00
740	-1.123147850796e-01 7.386148099785e-02 4.815453290492e-01 3.133100011230e+00 -4.473776202533e+00 -4.223646163109e+00 -7.035163158995e-01 -2.962068225936e-01 -3.368811787652e+00 3.999829631174e+00 4.251525860871e+00 -2.112699898225e+00 1.870328545146e+00 1.036265417207e+00 1.125801716137e+00
750	-1.123147850796e-01 7.386148099785e-02 4.815453290492e-01 3.133100011230e+00 -4.473776202533e+00 -4.223646163109e+00 -7.035163158995e-01 -2.962068225936e-01 -3.368811787652e+00 3.999829631174e+00 4.251525860871e+00 -2.112699898225e+00 1.870328545146e+00 1.036120034886e+00 1.125979269695e+00
760	-1.123147850796e-01 7.386148099785e-02 4.815453290492e-01 3.133100011230e+00 -4.473776202533e+00 -4.223646163109e+00 -7.035163158995e-01 -2.962068225936e-01 -3.368811787652e+00 3.999829631174e+00 4.251525860871e+00 -2.112699898225e+00 1.870328545146e+00 1.035976333408e+00 1.126156747808e+00
770	-1.123147850796e-01 7.386148099785e-02 4.815453290492e-01 3.133100011230e+00 -4.473776202533e+00 -4.223646163109e+00 -7.035163158995e-01 -2.962068225936e-01 -3.368811787652e+00 3.999829631174e+00 4.251525860871e+00 -2.112699898225e+00 1.870328545146e+00 1.035835169123e+00 1.126334622738e+00
780	-1.123147850796e-01 7.386148099785e-02 4.815453290492e-01 3.133100011230e+00 -4.473776202533e+00 -4.223646163109e+00 -7.035163158995e-01 -2.962068225936e-01 -3.368811787652e+00 3.999829631174e+00 4.251525860871e+00 -2.112699898225e+00 1.870328545146e+00 1.035696487991e+00 1.126513472209e+00
790	-1.123147850796e-01 7.386148099785e-02 4.815453290492e-01 3.133100011230e+00 -4.473776202533e+00 -4.223646163109e+00 -7.035163158995e-01 -2.962068225936e-01 -3.368811787652e+00 3.999829631174e+00 4.251525860871e+00 -2.112699898225e+00 1.870328545146e+00 1.035559811714e+00 1.126693374169e+00
800	-1.123147850796e-01 7.386148099785e-02 4.815453290492e-01 3.133100011230e+00 -4.473776202533e+00 -4.223646163109e+00 -7.035163158995e-01 -2.962068225936e-01 -3.368811787652e+00 3.999829631174e+00 4.251525860871e+00 -2.112699898225e+00 1.870328545146e+00 1.035425261268e+00 1.126874116869e+00
810	-1.123147850796e-01 7.386148099785e-02 4.815453290492e-01 3.133100011230e+00 -4.473776202533e+00 -4.223646163109e+00 -7.035163158995e-01 -2.962068225936e-01 -3.368811787652e+00 3.999829631174e+00 4.251525860871e+00 -2.112699898225e+00 1.870328545146e+00 1.035293780941e+00 1.127055335413e+00
820	-1.123147850796e-01 7.386148099785e-02 4.815453290492e-01 3.133100011230e+00 -4.473776202533e+00 -4.223646163109e+00 -7.035163158995e-01 -2.962068225936e-01 -3.368811787652e+00 3.999829631174e+00 4.251525860871e+00 -2.112699898225e+00 1.870328545146e+00 1.035166094900e+00 1.127236554136e+00
830	-1.123147850796e-01 7.386148099785e-02 4.815453290492e-01 3.133100011230e+00 -4.473776202533e+00 -4.223646163109e+00 -7.035163158995e-01 -2.962068225936e-01 -3.368811787652e+00 3.999829631174e+00 4.251525860871e+00 -2.112699898225e+00 1.870328545146e+00 1.035041735183e+00 1.127417798836e+00
840	-1.123147850796e-01 7.386148099785e-02 4.815453290492e-01 3.133100011230e+00 -4.473776202533e+00 -4.223646163109e+00 -7.035163158995e-01 -2.962068225936e-01 -3.368811787652e+00 3.999829631174e+00 4.251525860871e+00 -2.112699898225e+00 1.870328545146e+00 1.034918691462e+00 1.127600148128e+00
850	-1.123147850796e-01 7.386148099785e-02 4.815453290492e-01 3.133100011230e+00 -4.473776202533e+00 -4.223646163109e+00 -7.035163158995e-01 -2.962068225936e-01 -3.368811787652e+00 3.999829631174e+00 4.251525860871e+00 -2.112699898225e+00 1.870328545146e+00 1.034795582988e+00 1.127784005581e+00
860	-1.123147850796e-01 7.386148099785e-02 4.815453290492e-01 3.133100011230e+00 -4.473776202533e+00 -4.223646163109e+00 -7.035163158995e-01 -2.962068225936e-01 -3.368811787652e+00 3.999829631174e+00 4.251525860871e+00 -2.112699898225e+00 1.870328545146e+00 1.034672965165e+00 1.127968498285e+00
870	-1.123147850796e-01 7.386148099785e-02 4.815453290492e-01 3.133100011230e+00 -4.473776202533e+00 -4.223646163109e+00 -7.035163158995e-01 -2.962068225936e-01 -3.368811787652e+00 3.999829631174e+00 4.251525860871e+00 -2.112699898225e+00 1.870328545146e+00 1.034552625731e+00 1.128152320384e+00
880	-1.123147850796e-01 7.386148099785e-02 4.815453290492e-01 3.133100011230e+00 -4.473776202533e+00 -4.223646163109e+00 -7.035163158995e-01 -2.962068225936e-01 -3.368811787652e+00 3.999829631174e+00 4.251525860871e+00 -2.112699898225e+00 1.870328545146e+00 1.034435012530e+00 1.128335530277e+00
890	-1.123147850796e-01 7.386148099785e-02 4.815453290492e-01 3.133100011230e+00 -4.473776202533e+00 -4.223646163109e+00 -7.035163158995e-01 -2.962068225936e-01 -3.368811787652e+00 3.999829631174e+00 4.251525860871e+00 -2.112699898225e+00 1.870328545146e+00 1.034319334649e+00 1.128518582058e+00
900	-1.123147850796e-01 7.386148099785e-02 4.815453290492e-01 3.133100011230e+00 -4.473776202533e+00 -4.223646163109e+00 -7.035163158995e-01 -2.962068225936e-01 -3.368811787652e+00 3.999829631174e+00 4.251525860871e+00 -2.112699898225e+00 1.870328545146e+00 1.034204214073e+00 1.128702057767e+00
910	-1.123147850796e-01 7.386148099785e-02 4.815453290492e-01 3.133100011230e+00 -4.473776202533e+00 -4.223646163109e+00 -7.035163158995e-01 -2.962068225936e-01 -3.368811787652e+00 3.999829631174e+00 4.251525860871e+00 -2.112699898225e+00 1.870328545146e+00 1.034087971744e+00 1.128886669414e+00
920	-1.123147850796e-01 7.386148099785e-02 4.815453290492e-01 3.133100011230e+00 -4.473776202533e+00 -4.223646163109e+00 -7.035163158995e-01 -2.962068225936e-01 -3.368811787652e+00 3.999829631174e+00 4.251525860871e+00 -2.112699898225e+00 1.870328545146e+00 1.033968919536e+00 1.129073267517e+00
930	-1.123147850796e-01 7.386148099785e-02 4.815453290492e-01 3.133100011230e+00 -4.473776202533e+00 -4.223646163109e+00 -7.035163158995e-01 -2.962068225936e-01 -3.368811787652e+00 3.999829631174e+00 4.251525860871e+00 -2.112699898225e+00 1.870328545146e+00 1.033845755408e+00 1.129263757177e+00
940	-1.123147850796e-01 7.386148099785e-02 4.815453290492e-01 3.133100011230e+00 -4.473776202533e+00 -4.223646163109e+00 -7.035163158995e-01 -2.962068225936e-01 -3.368811787652e+00 3.999829631174e+00 4.251525860871e+00 -2.112699898225e+00 1.870328545146e+00 1.033719558886e+00 1.129459327452e+00
950	-1.123147850796e-01 7.386148099785e-02 4.815453290492e-01 3.133100011230e+00 -4.473776202533e+00 -4.223646163109e+00 -7.035163158995e-01 -2.962068225936e-01 -3.368811787652e+00 3.999829631174e+00 4.251525860871e+00 -2.112699898225e+00 1.870328545146e+00 1.033592083365e+00 1.129660032265e+00
960	-1.123147850796e-01 7.386148099785e-02 4.815453290492e-01 3.133100011230e+00 -4.473776202533e+00 -4.223646163109e+00 -7.035163158995e-01 -2.962068225936e-01 -3.368811787652e+00 3.999829631174e+00 4.251525860871e+00 -2.112699898225e+00 1.870328545146e+00 1.033463394254e+00 1.129865208082e+00
970	-1.123147850796e-01 7.386148099785e-02 4.815453290492e-01 3.133100011230e+00 -4.473776202533e+00 -4.223646163109e+00 -7.035163158995e-01 -2.962068225936e-01 -3.368811787652e+00 3.999829631174e+00 4.251525860871e+00 -2.112699898225e+00 1.870328545146e+00 1.033332244873e+00 1.130074175161e+00
980	-1.123147850796e-01 7.386148099785e-02 4.815453290492e-01 3.133100011230e+00 -4.473776202533e+00 -4.223646163109e+00 -7.035163158995e-01 -2.962068225936e-01 -3.368811787652e+00 3.999829631174e+00 4.251525860871e+00 -2.112699898225e+00 1.870328545146e+00 1.033197513691e+00 1.130286413104e+00
990	-1.123147850796e-01 7.386148099785e-02 4.815453290492e-01 3.133100011230e+00 -4.473776202533e+00 -4.223646163109e+00 -7.035163158995e-01 -2.962068225936e-01 -3.368811787652e+00 3.999829631174e+00 4.251525860871e+00 -2.112699898225e+00 1.870328545146e+00 1.033059282607e+00 1.130501643377e+00
1000	-1.123147850796e-01 7.386148099785e-02 4.815453290492e-01 3.133100011230e+00 -4.473776202533e+00 -4.223646163109e+00 -7.035163158995e-01 -2.962068225936e-01 -3.368811787652e+00 3.999829631174e+00 4.251525860871e+00 -2.112699898225e+00 1.870328545146e+00 1.032918659522e+00 1.130719328250e+00
1010	-1.123147850796e-01 7.386148099785e-02 4.815453290492e-01 3.133100011230e+00 -4.473776202533e+00 -4.223646163109e+00 -7.035163158995e-01 -2.962068225936e-01 -3.368811787652e+00 3.999829631174e+00 4.251525860871e+00 -2.112699898225e+00 1.870328545146e+00 1.032777118398e+00 1.130938708213e+00
1020	-1.123147850796e-01 7.386148099785e-02 4.815453290492e-01 3.133100011230e+00 -4.473776202533e+00 -4.223646163109e+00 -7.035163158995e-01 -2.962068225936e-01 -3.368811787652e+00 3.999829631174e+00 4.251525860871e+00 -2.112699898225e+00 1.870328545146e+00 1.032636179201e+00 1.131159220851e+00
1030	-1.123147850796e-01 7.386148099785e-02 4.815453290492e-01 3.133100011230e+00 -4.473776202533e+00 -4.223646163109e+00 -7.035163158995e-01 -2.962068225936e-01 -3.368811787652e+00 3.999829631174e+00 4.251525860871e+00 -2.112699898225e+00 1.870328545146e+00 1.032496347128e+00 1.131380945001e+00
1040	-1.123147850796e-01 7.386148099785e-02 4.815453290492e-01 3.133100011230e+00 -4.473776202533e+00 -4.223646163109e+00 -7.035163158995e-01 -2.962068225936e-01 -3.368811787652e+00 3.999829631174e+00 4.251525860871e+00 -2.112699898225e+00 1.870328545146e+00 1.032355454565e+00 1.131605529954e+00
1050	-1.123147850796e-01 7.386148099785e-02 4.815453290492e-01 3.133100011230e+00 -4.473776202533e+00 -4.223646163109e+00 -7.035163158995e-01 -2.962068225936e-01 -3.368811787652e+00 3.999829631174e+00 4.251525860871e+00 -2.112699898225e+00 1.870328545146e+00 1.032210055507e+00 1.131835385065e+00
1060	-1.123147850796e-01 7.386148099785e-02 4.815453290492e-01 3.133100011230e+00 -4.473776202533e+00 -4.223646163109e+00 -7.035163158995e-01 -2.962068225936e-01 -3.368811787652e+00 3.999829631174e+00 4.251525860871e+00 -2.112699898225e+00 1.870328545146e+00 1.032057231124e+00 1.132072604674e+00
1070	-1.123147850796e-01 7.386148099785e-02 4.815453290492e-01 3.133100011230e+00 -4.473776202533e+00 -4.223646163109e+00 -7.035163158995e-01 -2.962068225936e-01 -3.368811787652e+00 3.999829631174e+00 4.251525860871e+00 -2.112699898225e+00 1.870328545146e+00 1.031896776526e+00 1.132316867424e+00
1080	-1.123147850796e-01 7.386148099785e-02 4.815453290492e-01 3.133100011230e+00 -4.473776202533e+00 -4.223646163109e+00 -7.035163158995e-01 -2.962068225936e-01 -3.368811787652e+00 3.999829631174e+00 4.251525860871e+00 -2.112699898225e+00 1.870328545146e+00 1.031731215005e+00 1.132565843588e+00
1090	-1.123147850796e-01 7.386148099785e-02 4.815453290492e-01 3.133100011230e+00 -4.473776202533e+00 -4.223646163109e+00 -7.035163158995e-01 -2.962068225936e-01 -3.368811787652e+00 3.999829631174e+00 4.251525860871e+00 -2.112699898225e+00 1.870328545146e+00 1.031563859496e+00 1.132816914159e+00
1100	-1.123147850796e-01 7.386148099785e-02 4.815453290492e-01 3.133100011230e+00 -4.473776202533e+00 -4.223646163109e+00 -7.035163158995e-01 -2.962068225936e-01 -3.368811787652e+00 3.999829631174e+00 4.251525860871e+00 -2.112699898225e+00 1.870328545146e+00 1.031396838227e+00 1.133068275681e+00
1110	-1.123147850796e-01 7.386148099785e-02 4.815453290492e-01 3.133100011230e+00 -4.473776202533e+00 -4.223646163109e+00 -7.035163158995e-01 -2.962068225936e-01 -3.368811787652e+00 3.999829631174e+00 4.251525860871e+00 -2.112699898225e+00 1.870328545146e+00 1.031229350434e+00 1.133320012198e+00
1120	-1.123147850796e-01 7.386148099785e-02 4.815453290492e-01 3.133100011230e+00 -4.473776202533e+00 -4.223646163109e+00 -7.035163158995e-01 -2.962068225936e-01 -3.368811787652e+00 3.999829631174e+00 4.251525860871e+00 -2.112699898225e+00 1.870328545146e+00 1.031058080054e+00 1.133573969902e+00
1130	-1.123147850796e-01 7.386148099785e-02 4.815453290492e-01 3.133100011230e+00 -4.473776202533e+00 -4.223646163109e+00 -7.035163158995e-01 -2.962068225936e-01 -3.368811787652e+00 3.999829631174e+00 4.251525860871e+00 -2.112699898225e+00 1.870328545146e+00 1.030879725508e+00 1.133832379298e+00
1140	-1.123147850796e-01 7.386148099785e-02 4.815453290492e-01 3.133100011230e+00 -4.473776202533e+00 -4.223646163109e+00 -7.035163158995e-01 -2.962068225936e-01 -3.368811787652e+00 3.999829631174e+00 4.251525860871e+00 -2.112699898225e+00 1.870328545146e+00 1.030694290789e+00 1.134095492632e+00
1150	-1.123147850796e-01 7.386148099785e-02 4.815453290492e-01 3.133100011230e+00 -4.473776202533e+00 -4.223646163109e+00 -7.035163158995e-01 -2.962068225936e-01 -3.368811787652e+00 3.999829631174e+00 4.251525860871e+00 -2.112699898225e+00 1.870328545146e+00 1.030505468009e+00 1.134361194262e+00
1160	-1.123147850796e-01 7.386148099785e-02 4.815453290492e-01 3.133100011230e+00 -4.473776202533e+00 -4.223646163109e+00 -7.035163158995e-01 -2.962068225936e-01 -3.368811787652e+00 3.999829631174e+00 4.251525860871e+00 -2.112699898225e+00 1.870328545146e+00 1.030317445411e+00 1.134627244804e+00
1170	-1.123147850796e-01 7.386148099785e-02 4.815453290492e-01 3.133100011230e+00 -4.473776202533e+00 -4.223646163109e+00 -7.035163158995e-01 -2.962068225936e-01 -3.368811787652e+00 3.999829631174e+00 4.251525860871e+00 -2.112699898225e+00 1.870328545146e+00 1.030132025316e+00 1.134892948899e+00
1180	-1.123147850796e-01 7.386148099785e-02 4.815453290492e-01 3.133100011230e+00 -4.473776202533e+00 -4.223646163109e+00 -7.035163158995e-01 -2.962068225936e-01 -3.368811787652e+00 3.999829631174e+00 4.251525860871e+00 -2.112699898225e+00 1.870328545146e+00 1.029948462824e+00 1.135159373208e+00
1190	-1.123147850796e-01 7.386148099785e-02 4.815453290492e-01 3.133100011230e+00 -4.473776202533e+00 -4.223646163109e+00 -7.035163158995e-01 -2.962068225936e-01 -3.368811787652e+00 3.999829631174e+00 4.251525860871e+00 -2.112699898225e+00 1.870328545146e+00 1.029765478501e+00 1.135427665989e+00
1200	-1.123147850796e-01 7.386148099785e-02 4.815453290492e-01 3.133100011230e+00 -4.473776202533e+00 -4.223646163109e+00 -7.035163158995e-01 -2.962068225936e-01 -3.368811787652e+00 3.999829631174e+00 4.251525860871e+00 -2.112699898225e+00 1.870328545146e+00 1.029580552837e+00 1.135699846734e+00
1210	-1.123147850796e-01 7.386148099785e-02 4.815453290492e-01 3.133100011230e+00 -4.473776202533e+00 -4.223646163109e+00 -7.035163158995e-01 -2.962068225936e-01 -3.368811787652e+00 3.999829631174e+00 4.251525860871e+00 -2.112699898225e+00 1.870328545146e+00 1.029392184203e+00 1.135977350519e+00
1220	-1.123147850796e-01 7.386148099785e-02 4.815453290492e-01 3.133100011230e+00 -4.473776202533e+00 -4.223646163109e+00 -7.035163158995e-01 -2.962068225936e-01 -3.368811787652e+00 3.999829631174e+00 4.251525860871e+00 -2.112699898225e+00 1.870328545146e+00 1.029200709056e+00 1.136259798943e+00
1230	-1.123147850796e-01 7.386148099785e-02 4.815453290492e-01 3.133100011230e+00 -4.473776202533e+00 -4.223646163109e+00 -7.035163158995e-01 -2.962068225936e-01 -3.368811787652e+00 3.999829631174e+00 4.251525860871e+00 -2.112699898225e+00 1.870328545146e+00 1.029006175180e+00 1.136546813240e+00
1240	-1.123147850796e-01 7.386148099785e-02 4.815453290492e-01 3.133100011230e+00 -4.473776202533e+00 -4.223646163109e+00 -7.035163158995e-01 -2.962068225936e-01 -3.368811787652e+00 3.999829631174e+00 4.251525860871e+00 -2.112699898225e+00 1.870328545146e+00 1.028808367116e+00 1.136838090280e+00
1250	-1.123147850796e-01 7.386148099785e-02 4.815453290492e-01 3.133100011230e+00 -4.473776202533e+00 -4.223646163109e+00 -7.035163158995e-01 -2.962068225936e-01 -3.368811787652e+00 3.999829631174e+00 4.251525860871e+00 -2.112699898225e+00 1.870328545146e+00 1.028605772700e+00 1.137134189753e+00
1260	-1.123147850796e-01 7.386148099785e-02 4.815453290492e-01 3.133100011230e+00 -4.473776202533e+00 -4.223646163109e+00 -7.035163158995e-01 -2.962068225936e-01 -3.368811787652e+00 3.999829631174e+00 4.251525860871e+00 -2.112699898225e+00 1.870328545146e+00 1.028397918877e+00 1.137434996403e+00
1270	-1.123147850796e-01 7.386148099785e-02 4.815453290492e-01 3.133100011230e+00 -4.473776202533e+00 -4.223646163109e+00 -7.035163158995e-01 -2.962068225936e-01 -3.368811787652e+00 3.999829631174e+00 4.251525860871e+00 -2.112699898225e+00 1.870328545146e+00 1.028187223952e+00 1.137738962723e+00
1280	-1.123147850796e-01 7.386148099785e-02 4.815453290492e-01 3.133100011230e+00 -4.473776202533e+00 -4.223646163109e+00 -7.035163158995e-01 -2.962068225936e-01 -3.368811787652e+00 3.999829631174e+00 4.251525860871e+00 -2.112699898225e+00 1.870328545146e+00 1.027976608353e+00 1.138044314066e+00
1290	-1.123147850796e-01 7.386148099785e-02 4.815453290492e-01 3.133100011230e+00 -4.473776202533e+00 -4.223646163109e+00 -7.035163158995e-01 -2.962068225936e-01 -3.368811787652e+00 3.999829631174e+00 4.251525860871e+00 -2.112699898225e+00 1.870328545146e+00 1.027767407313e+00 1.138350269904e+00
1300	-1.123147850796e-01 7.386148099785e-02 4.815453290492e-01 3.133100011230e+00 -4.473776202533e+00 -4.223646163109e+00 -7.035163158995e-01 -2.962068225936e-01 -3.368811787652e+00 3.999829631174e+00 4.251525860871e+00 -2.112699898225e+00 1.870328545146e+00 1.027559899868e+00 1.138656719674e+00
1310	-1.123147850796e-01 7.386148099785e-02 4.815453290492e-01 3.133100011230e+00 -4.473776202533e+00 -4.223646163109e+00 -7.035163158995e-01 -2.962068225936e-01 -3.368811787652e+00 3.999829631174e+00 4.251525860871e+00 -2.112699898225e+00 1.870328545146e+00 1.027353897822e+00 1.138963842519e+00
1320	-1.123147850796e-01 7.386148099785e-02 4.815453290492e-01 3.133100011230e+00 -4.473776202533e+00 -4.223646163109e+00 -7.035163158995e-01 -2.962068225936e-01 -3.368811787652e+00 3.999829631174e+00 4.251525860871e+00 -2.112699898225e+00 1.870328545146e+00 1.027147935996e+00 1.139272898017e+00
1330	-1.123147850796e-01 7.386148099785e-02 4.815453290492e-01 3.133100011230e+00 -4.473776202533e+00 -4.223646163109e+00 -7.035163158995e-01 -2.962068225936e-01 -3.368811787652e+00 3.999829631174e+00 4.251525860871e+00 -2.112699898225e+00 1.870328545146e+00 1.026939746593e+00 1.139585535573e+00
1340	-1.123147850796e-01 7.386148099785e-02 4.815453290492e-01 3.133100011230e+00 -4.473776202533e+00 -4.223646163109e+00 -7.035163158995e-01 -2.962068225936e-01 -3.368811787652e+00 3.999829631174e+00 4.251525860871e+00 -2.112699898225e+00 1.870328545146e+00 1.026727209782e+00 1.139903144074e+00
1350	-1.123147850796e-01 7.386148099785e-02 4.815453290492e-01 3.133100011230e+00 -4.473776202533e+00 -4.223646163109e+00 -7.035163158995e-01 -2.962068225936e-01 -3.368811787652e+00 3.999829631174e+00 4.251525860871e+00 -2.112699898225e+00 1.870328545146e+00 1.026510179520e+00 1.140226051561e+00
1360	-1.123147850796e-01 7.386148099785e-02 4.815453290492e-01 3.133100011230e+00 -4.473776202533e+00 -4.223646163109e+00 -7.035163158995e-01 -2.962068225936e-01 -3.368811787652e+00 3.999829631174e+00 4.251525860871e+00 -2.112699898225e+00 1.870328545146e+00 1.026289510252e+00 1.140554261312e+00
1370	-1.123147850796e-01 7.386148099785e-02 4.815453290492e-01 3.133100011230e+00 -4.473776202533e+00 -4.223646163109e+00 -7.035163158995e-01 -2.962068225936e-01 -3.368811787652e+00 3.999829631174e+00 4.251525860871e+00 -2.112699898225e+00 1.870328545146e+00 1.026064602324e+00 1.140888529936e+00
1380	-1.123147850796e-01 7.386148099785e-02 4.815453290492e-01 3.133100011230e+00 -4.473776202533e+00 -4.223646163109e+00 -7.035163158995e-01 -2.962068225936e-01 -3.368811787652e+00 3.999829631174e+00 4.251525860871e+00 -2.112699898225e+00 1.870328545146e+00 1.025834480310e+00 1.141229450804e+00
1390	-1.123147850796e-01 7.386148099785e-02 4.815453290492e-01 3.133100011230e+00 -4.473776202533e+00 -4.223646163109e+00 -7.035163158995e-01 -2.962068225936e-01 -3.368811787652e+00 3.999829631174e+00 4.251525860871e+00 -2.112699898225e+00 1.870328545146e+00 1.025600473194e+00 1.141575825153e+00
1400	-1.123147850796e-01 7.386148099785e-02 4.815453290492e-01 3.133100011230e+00 -4.473776202533e+00 -4.223646163109e+00 -7.035163158995e-01 -2.962068225936e-01 -3.368811787652e+00 3.999829631174e+00 4.251525860871e+00 -2.112699898225e+00 1.870328545146e+00 1.025366605770e+00 1.141925033962e+00
1410	-1.123147850796e-01 7.386148099785e-02 4.815453290492e-01 3.133100011230e+00 -4.473776202533e+00 -4.223646163109e+00 -7.035163158995e-01 -2.962068225936e-01 -3.368811787652e+00 3.999829631174e+00 4.251525860871e+00 -2.112699898225e+00 1.870328545146e+00 1.025136910072e+00 1.142274978705e+00
1420	-1.123147850796e-01 7.386148099785e-02 4.815453290492e-01 3.133100011230e+00 -4.473776202533e+00 -4.223646163109e+00 -7.035163158995e-01 -2.962068225936e-01 -3.368811787652e+00 3.999829631174e+00 4.251525860871e+00 -2.112699898225e+00 1.870328545146e+00 1.024913978782e+00 1.142624158652e+00
1430	-1.123147850796e-01 7.386148099785e-02 4.815453290492e-01 3.133100011230e+00 -4.473776202533e+00 -4.223646163109e+00 -7.035163158995e-01 -2.962068225936e-01 -3.368811787652e+00 3.999829631174e+00 4.251525860871e+00 -2.112699898225e+00 1.870328545146e+00 1.024697811063e+00 1.142972211539e+00
1440	-1.123147850796e-01 7.386148099785e-02 4.815453290492e-01 3.133100011230e+00 -4.473776202533e+00 -4.223646163109e+00 -7.035163158995e-01 -2.962068225936e-01 -3.368811787652e+00 3.999829631174e+00 4.251525860871e+00 -2.112699898225e+00 1.870328545146e+00 1.024485526112e+00 1.143319869144e+00
1450	-1.123147850796e-01 7.386148099785e-02 4.815453290492e-01 3.133100011230e+00 -4.473776202533e+00 -4.223646163109e+00 -7.035163158995e-01 -2.962068225936e-01 -3.368811787652e+00 3.999829631174e+00 4.251525860871e+00 -2.112699898225e+00 1.870328545146e+00 1.024272749872e+00 1.143668481792e+00
1460	-1.123147850796e-01 7.386148099785e-02 4.815453290492e-01 3.133100011230e+00 -4.473776202533e+00 -4.223646163109e+00 -7.035163158995e-01 -2.962068225936e-01 -3.368811787652e+00 3.999829631174e+00 4.251525860871e+00 -2.112699898225e+00 1.870328545146e+00 1.024058010271e+00 1.144017949209e+00
1470	-1.123147850796e-01 7.386148099785e-02 4.815453290492e-01 3.133100011230e+00 -4.473776202533e+00 -4.223646163109e+00 -7.035163158995e-01 -2.962068225936e-01 -3.368811787652e+00 3.999829631174e+00 4.251525860871e+00 -2.112699898225e+00 1.870328545146e+00 1.023841775703e+00 1.144368162217e+00
1480	-1.123147850796e-01 7.386148099785e-02 4.815453290492e-01 3.133100011230e+00 -4.473776202533e+00 -4.223646163109e+00 -7.035163158995e-01 -2.962068225936e-01 -3.368811787652e+00 3.999829631174e+00 4.251525860871e+00 -2.112699898225e+00 1.870328545146e+00 1.023624001226e+00 1.144720726087e+00
1490	-1.123147850796e-01 7.386148099785e-02 4.815453290492e-01 3.133100011230e+00 -4.473776202533e+00 -4.223646163109e+00 -7.035163158995e-01 -2.962068225936e-01 -3.368811787652e+00 3.999829631174e+00 4.251525860871e+00 -2.112699898225e+00 1.870328545146e+00 1.023406025158e+00 1.145076664156e+00
1500	-1.123147850796e-01 7.386148099785e-02 4.815453290492e-01 3.133100011230e+00 -4.473776202533e+00 -4.223646163109e+00 -7.035163158995e-01 -2.962068225936e-01 -3.368811787652e+00 3.999829631174e+00 4.251525860871e+00 -2.112699898225e+00 1.870328545146e+00 1.023188113863e+00 1.145436629343e+00
1510	-1.123147850796e-01 7.386148099785e-02 4.815453290492e-01 3.133100011230e+00 -4.473776202533e+00 -4.223646163109e+00 -7.035163158995e-01 -2.962068225936e-01 -3.368811787652e+00 3.999829631174e+00 4.251525860871e+00 -2.112699898225e+00 1.870328545146e+00 1.022967861537e+00 1.145801225233e+00
1520	-1.123147850796e-01 7.386148099785e-02 4.815453290492e-01 3.133100011230e+00 -4.473776202533e+00 -4.223646163109e+00 -7.035163158995e-01 -2.962068225936e-01 -3.368811787652e+00 3.999829631174e+00 4.251525860871e+00 -2.112699898225e+00 1.870328545146e+00 1.022741293701e+00 1.146171866101e+00
1530	-1.123147850796e-01 7.386148099785e-02 4.815453290492e-01 3.133100011230e+00 -4.473776202533e+00 -4.223646163109e+00 -7.035163158995e-01 -2.962068225936e-01 -3.368811787652e+00 3.999829631174e+00 4.251525860871e+00 -2.112699898225e+00 1.870328545146e+00 1.022506361757e+00 1.146549817170e+00
1540	-1.123147850796e-01 7.386148099785e-02 4.815453290492e-01 3.133100011230e+00 -4.473776202533e+00 -4.223646163109e+00 -7.035163158995e-01 -2.962068225936e-01 -3.368811787652e+00 3.999829631174e+00 4.251525860871e+00 -2.112699898225e+00 1.870328545146e+00 1.022264848028e+00 1.146933782738e+00
1550	-1.123147850796e-01 7.386148099785e-02 4.815453290492e-01 3.133100011230e+00 -4.473776202533e+00 -4.223646163109e+00 -7.035163158995e-01 -2.962068225936e-01 -3.368811787652e+00 3.999829631174e+00 4.251525860871e+00 -2.112699898225e+00 1.870328545146e+00 1.022019609213e+00 1.147321231157e+00
1560	-1.123147850796e-01 7.386148099785e-02 4.815453290492e-01 3.133100011230e+00 -4.473776202533e+00 -4.223646163109e+00 -7.035163158995e-01 -2.962068225936e-01 -3.368811787652e+00 3.999829631174e+00 4.251525860871e+00 -2.112699898225e+00 1.870328545146e+00 1.021772919429e+00 1.147710476798e+00
1570	-1.123147850796e-01 7.386148099785e-02 4.815453290492e-01 3.133100011230e+00 -4.473776202533e+00 -4.223646163109e+00 -7.035163158995e-01 -2.962068225936e-01 -3.368811787652e+00 3.999829631174e+00 4.251525860871e+00 -2.112699898225e+00 1.870328545146e+00 1.021525163144e+00 1.148101636933e+00
1580	-1.123147850796e-01 7.386148099785e-02 4.815453290492e-01 3.133100011230e+00 -4.473776202533e+00 -4.223646163109e+00 -7.035163158995e-01 -2.962068225936e-01 -3.368811787652e+00 3.999829631174e+00 4.251525860871e+00 -2.112699898225e+00 1.870328545146e+00 1.021275955435e+00 1.148494534414e+00
1590	-1.123147850796e-01 7.386148099785e-02 4.815453290492e-01 3.133100011230e+00 -4.473776202533e+00 -4.223646163109e+00 -7.035163158995e-01 -2.962068225936e-01 -3.368811787652e+00 3.999829631174e+00 4.251525860871e+00 -2.112699898225e+00 1.870328545146e+00 1.021024567631e+00 1.148888484005e+00
1600	-1.123147850796e-01 7.386148099785e-02 4.815453290492e-01 3.133100011230e+00 -4.473776202533e+00 -4.223646163109e+00 -7.035163158995e-01 -2.962068225936e-01 -3.368811787652e+00 3.999829631174e+00 4.251525860871e+00 -2.112699898225e+00 1.870328545146e+00 1.020769791002e+00 1.149283848058e+00
1610	-1.123147850796e-01 7.386148099785e-02 4.815453290492e-01 3.133100011230e+00 -4.473776202533e+00 -4.223646163109e+00 -7.035163158995e-01 -2.962068225936e-01 -3.368811787652e+00 3.999829631174e+00 4.251525860871e+00 -2.112699898225e+00 1.870328545146e+00 1.020510678685e+00 1.149682074814e+00
1620	-1.123147850796e-01 7.386148099785e-02 4.815453290492e-01 3.133100011230e+00 -4.473776202533e+00 -4.223646163109e+00 -7.035163158995e-01 -2.962068225936e-01 -3.368811787652e+00 3.999829631174e+00 4.251525860871e+00 -2.112699898225e+00 1.870328545146e+00 1.020247564871e+00 1.150083660073e+00
1630	-1.123147850796e-01 7.386148099785e-02 4.815453290492e-01 3.133100011230e+00 -4.473776202533e+00 -4.223646163109e+00 -7.035163158995e-01 -2.962068225936e-01 -3.368811787652e+00 3.999829631174e+00 4.251525860871e+00 -2.112699898225e+00 1.870328545146e+00 1.019982554475e+00 1.150487004088e+00
1640	-1.123147850796e-01 7.386148099785e-02 4.815453290492e-01 3.133100011230e+00 -4.473776202533e+00 -4.223646163109e+00 -7.035163158995e-01 -2.962068225936e-01 -3.368811787652e+00 3.999829631174e+00 4.251525860871e+00 -2.112699898225e+00 1.870328545146e+00 1.019717661960e+00 1.150890701815e+00
1650	-1.123147850796e-01 7.386148099785e-02 4.815453290492e-01 3.133100011230e+00 -4.473776202533e+00 -4.223646163109e+00 -7.035163158995e-01 -2.962068225936e-01 -3.368811787652e+00 3.999829631174e+00 4.251525860871e+00 -2.112699898225e+00 1.870328545146e+00 1.019453981204e+00 1.151293944743e+00
1660	-1.123147850796e-01 7.386148099785e-02 4.815453290492e-01 3.133100011230e+00 -4.473776202533e+00 -4.223646163109e+00 -7.035163158995e-01 -2.962068225936e-01 -3.368811787652e+00 3.999829631174e+00 4.251525860871e+00 -2.112699898225e+00 1.870328545146e+00 1.019192025999e+00 1.151695975996e+00
1670	-1.123147850796e-01 7.386148099785e-02 4.815453290492e-01 3.133100011230e+00 -4.473776202533e+00 -4.223646163109e+00 -7.035163158995e-01 -2.962068225936e-01 -3.368811787652e+00 3.999829631174e+00 4.251525860871e+00 -2.112699898225e+00 1.870328545146e+00 1.018931407787e+00 1.152096744126e+00
1680	-1.123147850796e-01 7.386148099785e-02 4.815453290492e-01 3.133100011230e+00 -4.473776202533e+00 -4.223646163109e+00 -7.035163158995e-01 -2.962068225936e-01 -3.368811787652e+00 3.999829631174e+00 4.251525860871e+00 -2.112699898225e+00 1.870328545146e+00 1.018672029494e+00 1.152496382727e+00
1690	-1.123147850796e-01 7.386148099785e-02 4.815453290492e-01 3.133100011230e+00 -4.473776202533e+00 -4.223646163109e+00 -7.035163158995e-01 -2.962068225936e-01 -3.368811787652e+00 3.999829631174e+00 4.251525860871e+00 -2.112699898225e+00 1.870328545146e+00 1.018414278281e+00 1.152895335379e+00
1700	-1.123147850796e-01 7.386148099785e-02 4.815453290492e-01 3.133100011230e+00 -4.473776202533e+00 -4.223646163109e+00 -7.035163158995e-01 -2.962068225936e-01 -3.368811787652e+00 3.999829631174e+00 4.251525860871e+00 -2.112699898225e+00 1.870328545146e+00 1.018159438132e+00 1.153293491829e+00
1710	-1.123147850796e-01 7.386148099785e-02 4.815453290492e-01 3.133100011230e+00 -4.473776202533e+00 -4.223646163109e+00 -7.035163158995e-01 -2.962068225936e-01 -3.368811787652e+00 3.999829631174e+00 4.251525860871e+00 -2.112699898225e+00 1.870328545146e+00 1.017908028061e+00 1.153691385860e+00
1720	-1.123147850796e-01 7.386148099785e-02 4.815453290492e-01 3.133100011230e+00 -4.473776202533e+00 -4.223646163109e+00 -7.035163158995e-01 -2.962068225936e-01 -3.368811787652e+00 3.999829631174e+00 4.251525860871e+00 -2.112699898225e+00 1.870328545146e+00 1.017659634269e+00 1.154089903574e+00
1730	-1.123147850796e-01 7.386148099785e-02 4.815453290492e-01 3.133100011230e+00 -4.473776202533e+00 -4.223646163109e+00 -7.035163158995e-01 -2.962068225936e-01 -3.368811787652e+00 3.999829631174e+00 4.251525860871e+00 -2.112699898225e+00 1.870328545146e+00 1.017413462089e+00 1.154489418368e+00
1740	-1.123147850796e-01 7.386148099785e-02 4.815453290492e-01 3.133100011230e+00 -4.473776202533e+00 -4.223646163109e+00 -7.035163158995e-01 -2.962068225936e-01 -3.368811787652e+00 3.999829631174e+00 4.251525860871e+00 -2.112699898225e+00 1.870328545146e+00 1.017167521691e+00 1.154891011197e+00
1750	-1.123147850796e-01 7.386148099785e-02 4.815453290492e-01 3.133100011230e+00 -4.473776202533e+00 -4.223646163109e+00 -7.035163158995e-01 -2.962068225936e-01 -3.368811787652e+00 3.999829631174e+00 4.251525860871e+00 -2.112699898225e+00 1.870328545146e+00 1.016919955427e+00 1.155296210750e+00
1760	-1.123147850796e-01 7.386148099785e-02 4.815453290492e-01 3.133100011230e+00 -4.473776202533e+00 -4.223646163109e+00 -7.035163158995e-01 -2.962068225936e-01 -3.368811787652e+00 3.999829631174e+00 4.251525860871e+00 -2.112699898225e+00 1.870328545146e+00 1.016669376915e+00 1.155707275947e+00
1770	-1.123147850796e-01 7.386148099785e-02 4.815453290492e-01 3.133100011230e+00 -4.473776202533e+00 -4.223646163109e+00 -7.035163158995e-01 -2.962068225936e-01 -3.368811787652e+00 3.999829631174e+00 4.251525860871e+00 -2.112699898225e+00 1.870328545146e+00 1.016417010636e+00 1.156124721224e+00
1780	-1.123147850796e-01 7.386148099785e-02 4.815453290492e-01 3.133100011230e+00 -4.473776202533e+00 -4.223646163109e+00 -7.035163158995e-01 -2.962068225936e-01 -3.368811787652e+00 3.999829631174e+00 4.251525860871e+00 -2.112699898225e+00 1.870328545146e+00 1.016165880791e+00 1.156546417703e+00
1790	-1.123147850796e-01 7.386148099785e-02 4.815453290492e-01 3.133100011230e+00 -4.473776202533e+00 -4.223646163109e+00 -7.035163158995e-01 -2.962068225936e-01 -3.368811787652e+00 3.999829631174e+00 4.251525860871e+00 -2.112699898225e+00 1.870328545146e+00 1.015915857056e+00 1.156970723290e+00
1800	-1.123147850796e-01 7.386148099785e-02 4.815453290492e-01 3.133100011230e+00 -4.473776202533e+00 -4.223646163109e+00 -7.035163158995e-01 -2.962068225936e-01 -3.368811787652e+00 3.999829631174e+00 4.251525860871e+00 -2.112699898225e+00 1.870328545146e+00 1.015665280877e+00 1.157397054280e+00
1810	-1.123147850796e-01 7.386148099785e-02 4.815453290492e-01 3.133100011230e+00 -4.473776202533e+00 -4.223646163109e+00 -7.035163158995e-01 -2.962068225936e-01 -3.368811787652e+00 3.999829631174e+00 4.251525860871e+00 -2.112699898225e+00 1.870328545146e+00 1.015413939382e+00 1.157826473265e+00
1820	-1.123147850796e-01 7.386148099785e-02 4.815453290492e-01 3.133100011230e+00 -4.473776202533e+00 -4.223646163109e+00 -7.035163158995e-01 -2.962068225936e-01 -3.368811787652e+00 3.999829631174e+00 4.251525860871e+00 -2.112699898225e+00 1.870328545146e+00 1.015163601071e+00 1.158259508905e+00
1830	-1.123147850796e-01 7.386148099785e-02 4.815453290492e-01 3.133100011230e+00 -4.473776202533e+00 -4.223646163109e+00 -7.035163158995e-01 -2.962068225936e-01 -3.368811787652e+00 3.999829631174e+00 4.251525860871e+00 -2.112699898225e+00 1.870328545146e+00 1.014915748236e+00 1.158695738987e+00
1840	-1.123147850796e-01 7.386148099785e-02 4.815453290492e-01 3.133100011230e+00 -4.473776202533e+00 -4.223646163109e+00 -7.035163158995e-01 -2.962068225936e-01 -3.368811787652e+00 3.999829631174e+00 4.251525860871e+00 -2.112699898225e+00 1.870328545146e+00 1.014669085594e+00 1.159135857927e+00
1850	-1.123147850796e-01 7.386148099785e-02 4.815453290492e-01 3.133100011230e+00 -4.473776202533e+00 -4.223646163109e+00 -7.035163158995e-01 -2.962068225936e-01 -3.368811787652e+00 3.999829631174e+00 4.251525860871e+00 -2.112699898225e+00 1.870328545146e+00 1.014422600825e+00 1.159579288343e+00
1860	-1.123147850796e-01 7.386148099785e-02 4.815453290492e-01 3.133100011230e+00 -4.473776202533e+00 -4.223646163109e+00 -7.035163158995e-01 -2.962068225936e-01 -3.368811787652e+00 3.999829631174e+00 4.251525860871e+00 -2.112699898225e+00 1.870328545146e+00 1.014175700788e+00 1.160024809765e+00
1870	-1.123147850796e-01 7.386148099785e-02 4.815453290492e-01 3.133100011230e+00 -4.473776202533e+00 -4.223646163109e+00 -7.035163158995e-01 -2.962068225936e-01 -3.368811787652e+00 3.999829631174e+00 4.251525860871e+00 -2.112699898225e+00 1.870328545146e+00 1.013928065567e+00 1.160471199909e+00
1880	-1.123147850796e-01 7.386148099785e-02 4.815453290492e-01 3.133100011230e+00 -4.473776202533e+00 -4.223646163109e+00 -7.035163158995e-01 -2.962068225936e-01 -3.368811787652e+00 3.999829631174e+00 4.251525860871e+00 -2.112699898225e+00 1.870328545146e+00 1.013678967911e+00 1.160918370074e+00
1890	-1.123147850796e-01 7.386148099785e-02 4.815453290492e-01 3.133100011230e+00 -4.473776202533e+00 -4.223646163109e+00 -7.035163158995e-01 -2.962068225936e-01 -3.368811787652e+00 3.999829631174e+00 4.251525860871e+00 -2.112699898225e+00 1.870328545146e+00 1.013429227555e+00 1.161365644330e+00
1900	-1.123147850796e-01 7.386148099785e-02 4.815453290492e-01 3.133100011230e+00 -4.473776202533e+00 -4.223646163109e+00 -7.035163158995e-01 -2.962068225936e-01 -3.368811787652e+00 3.999829631174e+00 4.251525860871e+00 -2.112699898225e+00 1.870328545146e+00 1.013180947348e+00 1.161811233985e+00
1910	-1.123147850796e-01 7.386148099785e-02 4.815453290492e-01 3.133100011230e+00 -4.473776202533e+00 -4.223646163109e+00 -7.035163158995e-01 -2.962068225936e-01 -3.368811787652e+00 3.999829631174e+00 4.251525860871e+00 -2.112699898225e+00 1.870328545146e+00 1.012932720695e+00 1.162256000369e+00
1920	-1.123147850796e-01 7.386148099785e-02 4.815453290492e-01 3.133100011230e+00 -4.473776202533e+00 -4.223646163109e+00 -7.035163158995e-01 -2.962068225936e-01 -3.368811787652e+00 3.999829631174e+00 4.251525860871e+00 -2.112699898225e+00 1.870328545146e+00 1.012681033631e+00 1.162702174019e+00
1930	-1.123147850796e-01 7.386148099785e-02 4.815453290492e-01 3.133100011230e+00 -4.473776202533e+00 -4.223646163109e+00 -7.035163158995e-01 -2.962068225936e-01 -3.368811787652e+00 3.999829631174e+00 4.251525860871e+00 -2.112699898225e+00 1.870328545146e+00 1.012424994090e+00 1.163150574474e+00
1940	-1.123147850796e-01 7.386148099785e-02 4.815453290492e-01 3.133100011230e+00 -4.473776202533e+00 -4.223646163109e+00 -7.035163158995e-01 -2.962068225936e-01 -3.368811787652e+00 3.999829631174e+00 4.251525860871e+00 -2.112699898225e+00 1.870328545146e+00 1.012165427387e+00 1.163601491545e+00
1950	-1.123147850796e-01 7.386148099785e-02 4.815453290492e-01 3.133100011230e+00 -4.473776202533e+00 -4.223646163109e+00 -7.035163158995e-01 -2.962068225936e-01 -3.368811787652e+00 3.999829631174e+00 4.251525860871e+00 -2.112699898225e+00 1.870328545146e+00 1.011901783205e+00 1.164055770245e+00
1960	-1.123147850796e-01 7.386148099785e-02 4.815453290492e-01 3.133100011230e+00 -4.473776202533e+00 -4.223646163109e+00 -7.035163158995e-01 -2.962068225936e-01 -3.368811787652e+00 3.999829631174e+00 4.251525860871e+00 -2.112699898225e+00 1.870328545146e+00 1.011634095343e+00 1.164513842350e+00
1970	-1.123147850796e-01 7.386148099785e-02 4.815453290492e-01 3.133100011230e+00 -4.473776202533e+00 -4.223646163109e+00 -7.035163158995e-01 -2.962068225936e-01 -3.368811787652e+00 3.999829631174e+00 4.251525860871e+00 -2.112699898225e+00 1.870328545146e+00 1.011366523440e+00 1.164973430703e+00
1980	-1.123147850796e-01 7.386148099785e-02 4.815453290492e-01 3.133100011230e+00 -4.473776202533e+00 -4.223646163109e+00 -7.035163158995e-01 -2.962068225936e-01 -3.368811787652e+00 3.999829631174e+00 4.251525860871e+00 -2.112699898225e+00 1.870328545146e+00 1.011103077531e+00 1.165432603960e+00
1990	-1.123147850796e-01 7.386148099785e-02 4.815453290492e-01 3.133100011230e+00 -4.473776202533e+00 -4.223646163109e+00 -7.035163158995e-01 -2.962068225936e-01 -3.368811787652e+00 3.999829631174e+00 4.251525860871e+00 -2.112699898225e+00 1.870328545146e+00 1.010842864459e+00 1.165893007453e+00
2000	-1.123147850796e-01 7.386148099785e-02 4.815453290492e-01 3.133100011230e+00 -4.473776202533e+00 -4.223646163109e+00 -7.035163158995e-01 -2.962068225936e-01 -3.368811787652e+00 3.999829631174e+00 4.251525860871e+00 -2.112699898225e+00 1.870328545146e+00 1.010583595408e+00 1.166356035605e+00
2010	-1.123147850796e-01 7.386148099785e-02 4.815453290492e-01 3.133100011230e+00 -4.473776202533e+00 -4.223646163109e+00 -7.035163158995e-01 -2.962068225936e-01 -3.368811787652e+00 3.999829631174e+00 4.251525860871e+00 -2.112699898225e+00 1.870328545146e+00 1.010324578807e+00 1.166820890506e+00
2020	-1.123147850796e-01 7.386148099785e-02 4.815453290492e-01 3.133100011230e+00 -4.473776202533e+00 -4.223646163109e+00 -7.035163158995e-01 -2.962068225936e-01 -3.368811787652e+00 3.999829631174e+00 4.251525860871e+00 -2.112699898225e+00 1.870328545146e+00 1.010065313463e+00 1.167287110028e+00
2030	-1.123147850796e-01 7.386148099785e-02 4.815453290492e-01 3.133100011230e+00 -4.473776202533e+00 -4.223646163109e+00 -7.035163158995e-01 -2.962068225936e-01 -3.368811787652e+00 3.999829631174e+00 4.251525860871e+00 -2.112699898225e+00 1.870328545146e+00 1.009804673542e+00 1.167755386814e+00
2040	-1.123147850796e-01 7.386148099785e-02 4.815453290492e-01 3.133100011230e+00 -4.473776202533e+00 -4.223646163109e+00 -7.035163158995e-01 -2.962068225936e-01 -3.368811787652e+00 3.999829631174e+00 4.251525860871e+00 -2.112699898225e+00 1.870328545146e+00 1.009541811435e+00 1.168227573882e+00
2050	-1.123147850796e-01 7.386148099785e-02 4.815453290492e-01 3.133100011230e+00 -4.473776202533e+00 -4.223646163109e+00 -7.035163158995e-01 -2.962068225936e-01 -3.368811787652e+00 3.999829631174e+00 4.251525860871e+00 -2.112699898225e+00 1.870328545146e+00 1.009278055016e+00 1.168704841868e+00
2060	-1.123147850796e-01 7.386148099785e-02 4.815453290492e-01 3.133100011230e+00 -4.473776202533e+00 -4.223646163109e+00 -7.035163158995e-01 -2.962068225936e-01 -3.368811787652e+00 3.999829631174e+00 4.251525860871e+00 -2.112699898225e+00 1.870328545146e+00 1.009012959096e+00 1.169188890425e+00
2070	-1.123147850796e-01 7.386148099785e-02 4.815453290492e-01 3.133100011230e+00 -4.473776202533e+00 -4.223646163109e+00 -7.035163158995e-01 -2.962068225936e-01 -3.368811787652e+00 3.999829631174e+00 4.251525860871e+00 -2.112699898225e+00 1.870328545146e+00 1.008744689695e+00 1.169680353669e+00
2080	-1.123147850796e-01 7.386148099785e-02 4.815453290492e-01 3.133100011230e+00 -4.473776202533e+00 -4.223646163109e+00 -7.035163158995e-01 -2.962068225936e-01 -3.368811787652e+00 3.999829631174e+00 4.251525860871e+00 -2.112699898225e+00 1.870328545146e+00 1.008472612893e+00 1.170178335248e+00
2090	-1.123147850796e-01 7.386148099785e-02 4.815453290492e-01 3.133100011230e+00 -4.473776202533e+00 -4.223646163109e+00 -7.035163158995e-01 -2.962068225936e-01 -3.368811787652e+00 3.999829631174e+00 4.251525860871e+00 -2.112699898225e+00 1.870328545146e+00 1.008197363635e+00 1.170682168879e+00
2100	-1.123147850796e-01 7.386148099785e-02 4.815453290492e-01 3.133100011230e+00 -4.473776202533e+00 -4.223646163109e+00 -7.035163158995e-01 -2.962068225936e-01 -3.368811787652e+00 3.999829631174e+00 4.251525860871e+00 -2.112699898225e+00 1.870328545146e+00 1.007922308416e+00 1.171189874023e+00
2110	-1.123147850796e-01 7.386148099785e-02 4.815453290492e-01 3.133100011230e+00 -4.473776202533e+00 -4.223646163109e+00 -7.035163158995e-01 -2.962068225936e-01 -3.368811787652e+00 3.999829631174e+00 4.251525860871e+00 -2.112699898225e+00 1.870328545146e+00 1.007651151469e+00 1.171698490491e+00
2120	-1.123147850796e-01 7.386148099785e-02 4.815453290492e-01 3.133100011230e+00 -4.473776202533e+00 -4.223646163109e+00 -7.035163158995e-01 -2.962068225936e-01 -3.368811787652e+00 3.999829631174e+00 4.251525860871e+00 -2.112699898225e+00 1.870328545146e+00 1.007383866769e+00 1.172207025556e+00
2130	-1.123147850796e-01 7.386148099785e-02 4.815453290492e-01 3.133100011230e+00 -4.473776202533e+00 -4.223646163109e+00 -7.035163158995e-01 -2.962068225936e-01 -3.368811787652e+00 3.999829631174e+00 4.251525860871e+00 -2.112699898225e+00 1.870328545146e+00 1.007118289086e+00 1.172715949690e+00
2140	-1.123147850796e-01 7.386148099785e-02 4.815453290492e-01 3.133100011230e+00 -4.473776202533e+00 -4.223646163109e+00 -7.035163158995e-01 -2.962068225936e-01 -3.368811787652e+00 3.999829631174e+00 4.251525860871e+00 -2.112699898225e+00 1.870328545146e+00 1.006853211262e+00 1.173225566768e+00
2150	-1.123147850796e-01 7.386148099785e-02 4.815453290492e-01 3.133100011230e+00 -4.473776202533e+00 -4.223646163109e+00 -7.035163158995e-01 -2.962068225936e-01 -3.368811787652e+00 3.999829631174e+00 4.251525860871e+00 -2.112699898225e+00 1.870328545146e+00 1.006589493474e+00 1.173734924926e+00
2160	-1.123147850796e-01 7.386148099785e-02 4.815453290492e-01 3.133100011230e+00 -4.473776202533e+00 -4.223646163109e+00 -7.035163158995e-01 -2.962068225936e-01 -3.368811787652e+00 3.999829631174e+00 4.251525860871e+00 -2.112699898225e+00 1.870328545146e+00 1.006327897718e+00 1.174243580246e+00
2170	-1.123147850796e-01 7.386148099785e-02 4.815453290492e-01 3.133100011230e+00 -4.473776202533e+00 -4.223646163109e+00 -7.035163158995e-01 -2.962068225936e-01 -3.368811787652e+00 3.999829631174e+00 4.251525860871e+00 -2.112699898225e+00 1.870328545146e+00 1.006067472252e+00 1.174752738628e+00
2180	-1.123147850796e-01 7.386148099785e-02 4.815453290492e-01 3.133100011230e+00 -4.473776202533e+00 -4.223646163109e+00 -7.035163158995e-01 -2.962068225936e-01 -3.368811787652e+00 3.999829631174e+00 4.251525860871e+00 -2.112699898225e+00 1.870328545146e+00 1.005809346151e+00 1.175261120578e+00
2190	-1.123147850796e-01 7.386148099785e-02 4.815453290492e-01 3.133100011230e+00 -4.473776202533e+00 -4.223646163109e+00 -7.035163158995e-01 -2.962068225936e-01 -3.368811787652e+00 3.999829631174e+00 4.251525860871e+00 -2.112699898225e+00 1.870328545146e+00 1.005555494885e+00 1.175766633425e+00
2200	-1.123147850796e-01 7.386148099785e-02 4.815453290492e-01 3.133100011230e+00 -4.473776202533e+00 -4.223646163109e+00 -7.035163158995e-01 -2.962068225936e-01 -3.368811787652e+00 3.999829631174e+00 4.251525860871e+00 -2.112699898225e+00 1.870328545146e+00 1.005306208743e+00 1.176268620393e+00
2210	-1.123147850796e-01 7.386148099785e-02 4.815453290492e-01 3.133100011230e+00 -4.473776202533e+00 -4.223646163109e+00 -7.035163158995e-01 -2.962068225936e-01 -3.368811787652e+00 3.999829631174e+00 4.251525860871e+00 -2.112699898225e+00 1.870328545146e+00 1.005059140761e+00 1.176768157383e+00
2220	-1.123147850796e-01 7.386148099785e-02 4.815453290492e-01 3.133100011230e+00 -4.473776202533e+00 -4.223646163109e+00 -7.035163158995e-01 -2.962068225936e-01 -3.368811787652e+00 3.999829631174e+00 4.251525860871e+00 -2.112699898225e+00 1.870328545146e+00 1.004811185539e+00 1.177266748798e+00
2230	-1.123147850796e-01 7.386148099785e-02 4.815453290492e-01 3.133100011230e+00 -4.473776202533e+00 -4.223646163109e+00 -7.035163158995e-01 -2.962068225936e-01 -3.368811787652e+00 3.999829631174e+00 4.251525860871e+00 -2.112699898225e+00 1.870328545146e+00 1.004561705571e+00 1.177763889607e+00
2240	-1.123147850796e-01 7.386148099785e-02 4.815453290492e-01 3.133100011230e+00 -4.473776202533e+00 -4.223646163109e+00 -7.035163158995e-01 -2.962068225936e-01 -3.368811787652e+00 3.999829631174e+00 4.251525860871e+00 -2.112699898225e+00 1.870328545146e+00 1.004309508470e+00 1.178260397627e+00
2250	-1.123147850796e-01 7.386148099785e-02 4.815453290492e-01 3.133100011230e+00 -4.473776202533e+00 -4.223646163109e+00 -7.035163158995e-01 -2.962068225936e-01 -3.368811787652e+00 3.999829631174e+00 4.251525860871e+00 -2.112699898225e+00 1.870328545146e+00 1.004054687700e+00 1.178756992257e+00
2260	-1.123147850796e-01 7.386148099785e-02 4.815453290492e-01 3.133100011230e+00 -4.473776202533e+00 -4.223646163109e+00 -7.035163158995e-01 -2.962068225936e-01 -3.368811787652e+00 3.999829631174e+00 4.251525860871e+00 -2.112699898225e+00 1.870328545146e+00 1.003801189561e+00 1.179251547388e+00
2270	-1.123147850796e-01 7.386148099785e-02 4.815453290492e-01 3.133100011230e+00 -4.473776202533e+00 -4.223646163109e+00 -7.035163158995e-01 -2.962068225936e-01 -3.368811787652e+00 3.999829631174e+00 4.251525860871e+00 -2.112699898225e+00 1.870328545146e+00 1.003550124993e+00 1.179744982348e+00
2280	-1.123147850796e-01 7.386148099785e-02 4.815453290492e-01 3.133100011230e+00 -4.473776202533e+00 -4.223646163109e+00 -7.035163158995e-01 -2.962068225936e-01 -3.368811787652e+00 3.999829631174e+00 4.251525860871e+00 -2.112699898225e+00 1.870328545146e+00 1.003300744728e+00 1.180239289596e+00
2290	-1.123147850796e-01 7.386148099785e-02 4.815453290492e-01 3.133100011230e+00 -4.473776202533e+00 -4.223646163109e+00 -7.035163158995e-01 -2.962068225936e-01 -3.368811787652e+00 3.999829631174e+00 4.251525860871e+00 -2.112699898225e+00 1.870328545146e+00 1.003052745722e+00 1.180734796318e+00
2300	-1.123147850796e-01 7.386148099785e-02 4.815453290492e-01 3.133100011230e+00 -4.473776202533e+00 -4.223646163109e+00 -7.035163158995e-01 -2.962068225936e-01 -3.368811787652e+00 3.999829631174e+00 4.251525860871e+00 -2.112699898225e+00 1.870328545146e+00 1.002805401227e+00 1.181231905411e+00
2310	-1.123147850796e-01 7.386148099785e-02 4.815453290492e-01 3.133100011230e+00 -4.473776202533e+00 -4.223646163109e+00 -7.035163158995e-01 -2.962068225936e-01 -3.368811787652e+00 3.999829631174e+00 4.251525860871e+00 -2.112699898225e+00 1.870328545146e+00 1.002559373226e+00 1.181730242868e+00
2320	-1.123147850796e-01 7.386148099785e-02 4.815453290492e-01 3.133100011230e+00 -4.473776202533e+00 -4.223646163109e+00 -7.035163158995e-01 -2.962068225936e-01 -3.368811787652e+00 3.999829631174e+00 4.251525860871e+00 -2.112699898225e+00 1.870328545146e+00 1.002314022181e+00 1.182231360167e+00
2330	-1.123147850796e-01 7.386148099785e-02 4.815453290492e-01 3.133100011230e+00 -4.473776202533e+00 -4.223646163109e+00 -7.035163158995e-01 -2.962068225936e-01 -3.368811787652e+00 3.999829631174e+00 4.251525860871e+00 -2.112699898225e+00 1.870328545146e+00 1.002068272442e+00 1.182737334657e+00
2340	-1.123147850796e-01 7.386148099785e-02 4.815453290492e-01 3.133100011230e+00 -4.473776202533e+00 -4.223646163109e+00 -7.035163158995e-01 -2.962068225936e-01 -3.368811787652e+00 3.999829631174e+00 4.251525860871e+00 -2.112699898225e+00 1.870328545146e+00 1.001821884250e+00 1.183248884374e+00
2350	-1.123147850796e-01 7.386148099785e-02 4.815453290492e-01 3.133100011230e+00 -4.473776202533e+00 -4.223646163109e+00 -7.035163158995e-01 -2.962068225936e-01 -3.368811787652e+00 3.999829631174e+00 4.251525860871e+00 -2.112699898225e+00 1.870328545146e+00 1.001573453757e+00 1.183767795030e+00
2360	-1.123147850796e-01 7.386148099785e-02 4.815453290492e-01 3.133100011230e+00 -4.473776202533e+00 -4.223646163109e+00 -7.035163158995e-01 -2.962068225936e-01 -3.368811787652e+00 3.999829631174e+00 4.251525860871e+00 -2.112699898225e+00 1.870328545146e+00 1.001324164057e+00 1.184293539591e+00
2370	-1.123147850796e-01 7.386148099785e-02 4.815453290492e-01 3.133100011230e+00 -4.473776202533e+00 -4.223646163109e+00 -7.035163158995e-01 -2.962068225936e-01 -3.368811787652e+00 3.999829631174e+00 4.251525860871e+00 -2.112699898225e+00 1.870328545146e+00 1.001074576299e+00 1.184826046329e+00
2380	-1.123147850796e-01 7.386148099785e-02 4.815453290492e-01 3.133100011230e+00 -4.473776202533e+00 -4.223646163109e+00 -7.035163158995e-01 -2.962068225936e-01 -3.368811787652e+00 3.999829631174e+00 4.251525860871e+00 -2.112699898225e+00 1.870328545146e+00 1.000825064142e+00 1.185364850418e+00
2390	-1.123147850796e-01 7.386148099785e-02 4.815453290492e-01 3.133100011230e+00 -4.473776202533e+00 -4.223646163109e+00 -7.035163158995e-01 -2.962068225936e-01 -3.368811787652e+00 3.999829631174e+00 4.251525860871e+00 -2.112699898225e+00 1.870328545146e+00 1.000577477527e+00 1.185907995607e+00
2400	-1.123147850796e-01 7.386148099785e-02 4.815453290492e-01 3.133100011230e+00 -4.473776202533e+00 -4.223646163109e+00 -7.035163158995e-01 -2.962068225936e-01 -3.368811787652e+00 3.999829631174e+00 4.251525860871e+00 -2.112699898225e+00 1.870328545146e+00 1.000331778002e+00 1.186455666011e+00
2410	-1.123147850796e-01 7.386148099785e-02 4.815453290492e-01 3.133100011230e+00 -4.473776202533e+00 -4.223646163109e+00 -7.035163158995e-01 -2.962068225936e-01 -3.368811787652e+00 3.999829631174e+00 4.251525860871e+00 -2.112699898225e+00 1.870328545146e+00 1.000087229298e+00 1.187007631724e+00
2420	-1.123147850796e-01 7.386148099785e-02 4.815453290492e-01 3.133100011230e+00 -4.473776202533e+00 -4.223646163109e+00 -7.035163158995e-01 -2.962068225936e-01 -3.368811787652e+00 3.999829631174e+00 4.251525860871e+00 -2.112699898225e+00 1.870328545146e+00 9.998435158517e-01 1.187562141881e+00
2430	-1.123147850796e-01 7.386148099785e-02 4.815453290492e-01 3.133100011230e+00 -4.473776202533e+00 -4.223646163109e+00 -7.035163158995e-01 -2.962068225936e-01 -3.368811787652e+00 3.999829631174e+00 4.251525860871e+00 -2.112699898225e+00 1.870328545146e+00 9.996010446608e-01 1.188117247907e+00
2440	-1.123147850796e-01 7.386148099785e-02 4.815453290492e-01 3.133100011230e+00 -4.473776202533e+00 -4.223646163109e+00 -7.035163158995e-01 -2.962068225936e-01 -3.368811787652e+00 3.999829631174e+00 4.251525860871e+00 -2.112699898225e+00 1.870328545146e+00 9.993616901578e-01 1.188671303143e+00
2450	-1.123147850796e-01 7.386148099785e-02 4.815453290492e-01 3.133100011230e+00 -4.473776202533e+00 -4.223646163109e+00 -7.035163158995e-01 -2.962068225936e-01 -3.368811787652e+00 3.999829631174e+00 4.251525860871e+00 -2.112699898225e+00 1.870328545146e+00 9.991255690129e-01 1.189224637173e+00
2460	-1.123147850796e-01 7.386148099785e-02 4.815453290492e-01 3.133100011230e+00 -4.473776202533e+00 -4.223646163109e+00 -7.035163158995e-01 -2.962068225936e-01 -3.368811787652e+00 3.999829631174e+00 4.251525860871e+00 -2.112699898225e+00 1.870328545146e+00 9.988919660255e-01 1.189776993060e+00
2470	-1.123147850796e-01 7.386148099785e-02 4.815453290492e-01 3.133100011230e+00 -4.473776202533e+00 -4.223646163109e+00 -7.035163158995e-01 -2.962068225936e-01 -3.368811787652e+00 3.999829631174e+00 4.251525860871e+00 -2.112699898225e+00 1.870328545146e+00 9.986604324516e-01 1.190326902632e+00
2480	-1.123147850796e-01 7.386148099785e-02 4.815453290492e-01 3.133100011230e+00 -4.473776202533e+00 -4.223646163109e+00 -7.035163158995e-01 -2.962068225936e-01 -3.368811787652e+00 3.999829631174e+00 4.251525860871e+00 -2.112699898225e+00 1.870328545146e+00 9.984284152973e-01 1.190874914609e+00
2490	-1.123147850796e-01 7.386148099785e-02 4.815453290492e-01 3.133100011230e+00 -4.473776202533e+00 -4.223646163109e+00 -7.035163158995e-01 -2.962068225936e-01 -3.368811787652e+00 3.999829631174e+00 4.251525860871e+00 -2.112699898225e+00 1.870328545146e+00 9.981952378318e-01 1.191420415938e+00
2500	-1.123147850796e-01 7.386148099785e-02 4.815453290492e-01 3.133100011230e+00 -4.473776202533e+00 -4.223646163109e+00 -7.035163158995e-01 -2.962068225936e-01 -3.368811787652e+00 3.999829631174e+00 4.251525860871e+00 -2.112699898225e+00 1.870328545146e+00 9.979611111482e-01 1.191962905122e+00
2510	-1.123147850796e-01 7.386148099785e-02 4.815453290492e-01 3.133100011230e+00 -4.473776202533e+00 -4.223646163109e+00 -7.035163158995e-01 -2.962068225936e-01 -3.368811787652e+00 3.999829631174e+00 4.251525860871e+00 -2.112699898225e+00 1.870328545146e+00 9.977225472651e-01 1.192505848377e+00
2520	-1.123147850796e-01 7.386148099785e-02 4.815453290492e-01 3.133100011230e+00 -4.473776202533e+00 -4.223646163109e+00 -7.035163158995e-01 -2.962068225936e-01 -3.368811787652e+00 3.999829631174e+00 4.251525860871e+00 -2.112699898225e+00 1.870328545146e+00 9.974774242327e-01 1.193051080250e+00
2530	-1.123147850796e-01 7.386148099785e-02 4.815453290492e-01 3.133100011230e+00 -4.473776202533e+00 -4.223646163109e+00 -7.035163158995e-01 -2.962068225936e-01 -3.368811787652e+00 3.999829631174e+00 4.251525860871e+00 -2.112699898225e+00 1.870328545146e+00 9.972250381196e-01 1.193599004664e+00
2540	-1.123147850796e-01 7.386148099785e-02 4.815453290492e-01 3.133100011230e+00 -4.473776202533e+00 -4.223646163109e+00 -7.035163158995e-01 -2.962068225936e-01 -3.368811787652e+00 3.999829631174e+00 4.251525860871e+00 -2.112699898225e+00 1.870328545146e+00 9.969676235883e-01 1.194147910942e+00
2550	-1.123147850796e-01 7.386148099785e-02 4.815453290492e-01 3.133100011230e+00 -4.473776202533e+00 -4.223646163109e+00 -7.035163158995e-01 -2.962068225936e-01 -3.368811787652e+00 3.999829631174e+00 4.251525860871e+00 -2.112699898225e+00 1.870328545146e+00 9.967087474260e-01 1.194695912365e+00
2560	-1.123147850796e-01 7.386148099785e-02 4.815453290492e-01 3.133100011230e+00 -4.473776202533e+00 -4.223646163109e+00 -7.035163158995e-01 -2.962068225936e-01 -3.368811787652e+00 3.999829631174e+00 4.251525860871e+00 -2.112699898225e+00 1.870328545146e+00 9.964505939343e-01 1.195243256922e+00
2570	-1.123147850796e-01 7.386148099785e-02 4.815453290492e-01 3.133100011230e+00 -4.473776202533e+00 -4.223646163109e+00 -7.035163158995e-01 -2.962068225936e-01 -3.368811787652e+00 3.999829631174e+00 4.251525860871e+00 -2.112699898225e+00 1.870328545146e+00 9.961960689189e-01 1.195789646610e+00
2580	-1.123147850796e-01 7.386148099785e-02 4.815453290492e-01 3.133100011230e+00 -4.473776202533e+00 -4.223646163109e+00 -7.035163158995e-01 -2.962068225936e-01 -3.368811787652e+00 3.999829631174e+00 4.251525860871e+00 -2.112699898225e+00 1.870328545146e+00 9.959457867422e-01 1.196335956373e+00
2590	-1.123147850796e-01 7.386148099785e-02 4.815453290492e-01 3.133100011230e+00 -4.473776202533e+00 -4.223646163109e+00 -7.035163158995e-01 -2.962068225936e-01 -3.368811787652e+00 3.999829631174e+00 4.251525860871e+00 -2.112699898225e+00 1.870328545146e+00 9.956972983932e-01 1.196884621816e+00
2600	-1.123147850796e-01 7.386148099785e-02 4.815453290492e-01 3.133100011230e+00 -4.473776202533e+00 -4.223646163109e+00 -7.035163158995e-01 -2.962068225936e-01 -3.368811787652e+00 3.999829631174e+00 4.251525860871e+00 -2.112699898225e+00 1.870328545146e+00 9.954493604976e-01 1.197437059141e+00
2610	-1.123147850796e-01 7.386148099785e-02 4.815453290492e-01 3.133100011230e+00 -4.473776202533e+00 -4.223646163109e+00 -7.035163158995e-01 -2.962068225936e-01 -3.368811787652e+00 3.999829631174e+00 4.251525860871e+00 -2.112699898225e+00 1.870328545146e+00 9.952026954457e-01 1.197994469418e+00
2620	-1.123147850796e-01 7.386148099785e-02 4.815453290492e-01 3.133100011230e+00 -4.473776202533e+00 -4.223646163109e+00 -7.035163158995e-01 -2.962068225936e-01 -3.368811787652e+00 3.999829631174e+00 4.251525860871e+00 -2.112699898225e+00 1.870328545146e+00 9.949581631340e-01 1.198558101194e+00
2630	-1.123147850796e-01 7.386148099785e-02 4.815453290492e-01 3.133100011230e+00 -4.473776202533e+00 -4.223646163109e+00 -7.035163158995e-01 -2.962068225936e-01 -3.368811787652e+00 3.999829631174e+00 4.251525860871e+00 -2.112699898225e+00 1.870328545146e+00 9.947161334300e-01 1.199127984606e+00
2640	-1.123147850796e-01 7.386148099785e-02 4.815453290492e-01 3.133100011230e+00 -4.473776202533e+00 -4.223646163109e+00 -7.035163158995e-01 -2.962068225936e-01 -3.368811787652e+00 3.999829631174e+00 4.251525860871e+00 -2.112699898225e+00 1.870328545146e+00 9.944765033096e-01 1.199704283715e+00
2650	-1.123147850796e-01 7.386148099785e-02 4.815453290492e-01 3.133100011230e+00 -4.473776202533e+00 -4.223646163109e+00 -7.035163158995e-01 -2.962068225936e-01 -3.368811787652e+00 3.999829631174e+00 4.251525860871e+00 -2.112699898225e+00 1.870328545146e+00 9.942395820325e-01 1.200287440004e+00
2660	-1.123147850796e-01 7.386148099785e-02 4.815453290492e-01 3.133100011230e+00 -4.473776202533e+00 -4.223646163109e+00 -7.035163158995e-01 -2.962068225936e-01 -3.368811787652e+00 3.999829631174e+00 4.251525860871e+00 -2.112699898225e+00 1.870328545146e+00 9.940045926331e-01 1.200878056803e+00
2670	-1.123147850796e-01 7.386148099785e-02 4.815453290492e-01 3.133100011230e+00 -4.473776202533e+00 -4.223646163109e+00 -7.035163158995e-01 -2.962068225936e-01 -3.368811787652e+00 3.999829631174e+00 4.251525860871e+00 -2.112699898225e+00 1.870328545146e+00 9.937691114743e-01 1.201476877663e+00
2680	-1.123147850796e-01 7.386148099785e-02 4.815453290492e-01 3.133100011230e+00 -4.473776202533e+00 -4.223646163109e+00 -7.035163158995e-01 -2.962068225936e-01 -3.368811787652e+00 3.999829631174e+00 4.251525860871e+00 -2.112699898225e+00 1.870328545146e+00 9.935344777041e-01 1.202081281085e+00
2690	-1.123147850796e-01 7.386148099785e-02 4.815453290492e-01 3.133100011230e+00 -4.473776202533e+00 -4.223646163109e+00 -7.035163158995e-01 -2.962068225936e-01 -3.368811787652e+00 3.999829631174e+00 4.251525860871e+00 -2.112699898225e+00 1.870328545146e+00 9.933029740242e-01 1.202689417945e+00
2700	-1.123147850796e-01 7.386148099785e-02 4.815453290492e-01 3.133100011230e+00 -4.473776202533e+00 -4.223646163109e+00 -7.035163158995e-01 -2.962068225936e-01 -3.368811787652e+00 3.999829631174e+00 4.251525860871e+00 -2.112699898225e+00 1.870328545146e+00 9.930753925461e-01 1.203299856175e+00
2710	-1.123147850796e-01 7.386148099785e-02 4.815453290492e-01 3.133100011230e+00 -4.473776202533e+00 -4.223646163109e+00 -7.035163158995e-01 -2.962068225936e-01 -3.368811787652e+00 3.999829631174e+00 4.251525860871e+00 -2.112699898225e+00 1.870328545146e+00 9.928507435587e-01 1.203910866294e+00
2720	-1.123147850796e-01 7.386148099785e-02 4.815453290492e-01 3.133100011230e+00 -4.473776202533e+00 -4.223646163109e+00 -7.035163158995e-01 -2.962068225936e-01 -3.368811787652e+00 3.999829631174e+00 4.251525860871e+00 -2.112699898225e+00 1.870328545146e+00 9.926265299134e-01 1.204522256328e+00
2730	-1.123147850796e-01 7.386148099785e-02 4.815453290492e-01 3.133100011230e+00 -4.473776202533e+00 -4.223646163109e+00 -7.035163158995e-01 -2.962068225936e-01 -3.368811787652e+00 3.999829631174e+00 4.251525860871e+00 -2.112699898225e+00 1.870328545146e+00 9.924026940083e-01 1.205132835832e+00
2740	-1.123147850796e-01 7.386148099785e-02 4.815453290492e-01 3.133100011230e+00 -4.473776202533e+00 -4.223646163109e+00 -7.035163158995e-01 -2.962068225936e-01 -3.368811787652e+00 3.999829631174e+00 4.251525860871e+00 -2.112699898225e+00 1.870328545146e+00 9.921789041149e-01 1.205741908591e+00
2750	-1.123147850796e-01 7.386148099785e-02 4.815453290492e-01 3.133100011230e+00 -4.473776202533e+00 -4.223646163109e+00 -7.035163158995e-01 -2.962068225936e-01 -3.368811787652e+00 3.999829631174e+00 4.251525860871e+00 -2.112699898225e+00 1.870328545146e+00 9.919521317794e-01 1.206349959662e+00
2760	-1.123147850796e-01 7.386148099785e-02 4.815453290492e-01 3.133100011230e+00 -4.473776202533e+00 -4.223646163109e+00 -7.035163158995e-01 -2.962068225936e-01 -3.368811787652e+00 3.999829631174e+00 4.251525860871e+00 -2.112699898225e+00 1.870328545146e+00 9.917202410198e-01 1.206956739292e+00
2770	-1.123147850796e-01 7.386148099785e-02 4.815453290492e-01 3.133100011230e+00 -4.473776202533e+00 -4.223646163109e+00 -7.035163158995e-01 -2.962068225936e-01 -3.368811787652e+00 3.999829631174e+00 4.251525860871e+00 -2.112699898225e+00 1.870328545146e+00 9.914833275962e-01 1.207562310940e+00
2780	-1.123147850796e-01 7.386148099785e-02 4.815453290492e-01 3.133100011230e+00 -4.473776202533e+00 -4.223646163109e+00 -7.035163158995e-01 -2.962068225936e-01 -3.368811787652e+00 3.999829631174e+00 4.251525860871e+00 -2.112699898225e+00 1.870328545146e+00 9.912433089236e-01 1.208166257829e+00
2790	-1.123147850796e-01 7.386148099785e-02 4.815453290492e-01 3.133100011230e+00 -4.473776202533e+00 -4.223646163109e+00 -7.035163158995e-01 -2.962068225936e-01 -3.368811787652e+00 3.999829631174e+00 4.251525860871e+00 -2.112699898225e+00 1.870328545146e+00 9.910017587471e-01 1.208767850860e+00
2800	-1.123147850796e-01 7.386148099785e-02 4.815453290492e-01 3.133100011230e+00 -4.473776202533e+00 -4.223646163109e+00 -7.035163158995e-01 -2.962068225936e-01 -3.368811787652e+00 3.999829631174e+00 4.251525860871e+00 -2.112699898225e+00 1.870328545146e+00 9.907582865616e-01 1.209367571307e+00
2810	-1.123147850796e-01 7.386148099785e-02 4.815453290492e-01 3.133100011230e+00 -4.473776202533e+00 -4.223646163109e+00 -7.035163158995e-01 -2.962068225936e-01 -3.368811787652e+00 3.999829631174e+00 4.251525860871e+00 -2.112699898225e+00 1.870328545146e+00 9.905109657300e-01 1.209967539174e+00
2820	-1.123147850796e-01 7.386148099785e-02 4.815453290492e-01 3.133100011230e+00 -4.473776202533e+00 -4.223646163109e+00 -7.035163158995e-01 -2.962068225936e-01 -3.368811787652e+00 3.999829631174e+00 4.251525860871e+00 -2.112699898225e+00 1.870328545146e+00 9.902604897251e-01 1.210567423074e+00
2830	-1.123147850796e-01 7.386148099785e-02 4.815453290492e-01 3.133100011230e+00 -4.473776202533e+00 -4.223646163109e+00 -7.035163158995e-01 -2.962068225936e-01 -3.368811787652e+00 3.999829631174e+00 4.251525860871e+00 -2.112699898225e+00 1.870328545146e+00 9.900088930720e-01 1.211166018194e+00
2840	-1.123147850796e-01 7.386148099785e-02 4.815453290492e-01 3.133100011230e+00 -4.473776202533e+00 -4.223646163109e+00 -7.035163158995e-01 -2.962068225936e-01 -3.368811787652e+00 3.999829631174e+00 4.251525860871e+00 -2.112699898225e+00 1.870328545146e+00 9.897577985937e-01 1.211763209604e+00
2850	-1.123147850796e-01 7.386148099785e-02 4.815453290492e-01 3.133100011230e+00 -4.473776202533e+00 -4.223646163109e+00 -7.035163158995e-01 -2.962068225936e-01 -3.368811787652e+00 3.999829631174e+00 4.251525860871e+00 -2.112699898225e+00 1.870328545146e+00 9.895074501126e-01 1.212360008899e+00
2860	-1.123147850796e-01 7.386148099785e-02 4.815453290492e-01 3.133100011230e+00 -4.473776202533e+00 -4.223646163109e+00 -7.035163158995e-01 -2.962068225936e-01 -3.368811787652e+00 3.999829631174e+00 4.251525860871e+00 -2.112699898225e+00 1.870328545146e+00 9.892563342714e-01 1.212958888243e+00
2870	-1.123147850796e-01 7.386148099785e-02 4.815453290492e-01 3.133100011230e+00 -4.473776202533e+00 -4.223646163109e+00 -7.035163158995e-01 -2.962068225936e-01 -3.368811787652e+00 3.999829631174e+00 4.251525860871e+00 -2.112699898225e+00 1.870328545146e+00 9.890052022851e-01 1.213560654741e+00
2880	-1.123147850796e-01 7.386148099785e-02 4.815453290492e-01 3.133100011230e+00 -4.473776202533e+00 -4.223646163109e+00 -7.035163158995e-01 -2.962068225936e-01 -3.368811787652e+00 3.999829631174e+00 4.251525860871e+00 -2.112699898225e+00 1.870328545146e+00 9.887565826526e-01 1.214165632802e+00
2890	-1.123147850796e-01 7.386148099785e-02 4.815453290492e-01 3.133100011230e+00 -4.473776202533e+00 -4.223646163109e+00 -7.035163158995e-01 -2.962068225936e-01 -3.368811787652e+00 3.999829631174e+00 4.251525860871e+00 -2.112699898225e+00 1.870328545146e+00 9.885116460347e-01 1.214775342293e+00
2900	-1.123147850796e-01 7.386148099785e-02 4.815453290492e-01 3.133100011230e+00 -4.473776202533e+00 -4.223646163109e+00 -7.035163158995e-01 -2.962068225936e-01 -3.368811787652e+00 3.999829631174e+00 4.251525860871e+00 -2.112699898225e+00 1.870328545146e+00 9.882697549549e-01 1.215390367080e+00
2910	-1.123147850796e-01 7.386148099785e-02 4.815453290492e-01 3.133100011230e+00 -4.473776202533e+00 -4.223646163109e+00 -7.035163158995e-01 -2.962068225936e-01 -3.368811787652e+00 3.999829631174e+00 4.251525860871e+00 -2.112699898225e+00 1.870328545146e+00 9.880275404102e-01 1.216013057609e+00
2920	-1.123147850796e-01 7.386148099785e-02 4.815453290492e-01 3.133100011230e+00 -4.473776202533e+00 -4.223646163109e+00 -7.035163158995e-01 -2.962068225936e-01 -3.368811787652e+00 3.999829631174e+00 4.251525860871e+00 -2.112699898225e+00 1.870328545146e+00 9.877844229760e-01 1.216645176739e+00
2930	-1.123147850796e-01 7.386148099785e-02 4.815453290492e-01 3.133100011230e+00 -4.473776202533e+00 -4.223646163109e+00 -7.035163158995e-01 -2.962068225936e-01 -3.368811787652e+00 3.999829631174e+00 4.251525860871e+00 -2.112699898225e+00 1.870328545146e+00 9.875422468389e-01 1.217286039740e+00
2940	-1.123147850796e-01 7.386148099785e-02 4.815453290492e-01 3.133100011230e+00 -4.473776202533e+00 -4.223646163109e+00 -7.035163158995e-01 -2.962068225936e-01 -3.368811787652e+00 3.999829631174e+00 4.251525860871e+00 -2.112699898225e+00 1.870328545146e+00 9.872988373873e-01 1.217935678201e+00
2950	-1.123147850796e-01 7.386148099785e-02 4.815453290492e-01 3.133100011230e+00 -4.473776202533e+00 -4.223646163109e+00 -7.035163158995e-01 -2.962068225936e-01 -3.368811787652e+00 3.999829631174e+00 4.251525860871e+00 -2.112699898225e+00 1.870328545146e+00 9.870536946661e-01 1.218592983667e+00
2960	-1.123147850796e-01 7.386148099785e-02 4.815453290492e-01 3.133100011230e+00 -4.473776202533e+00 -4.223646163109e+00 -7.035163158995e-01 -2.962068225936e-01 -3.368811787652e+00 3.999829631174e+00 4.251525860871e+00 -2.112699898225e+00 1.870328545146e+00 9.868100959255e-01 1.219256540085e+00
2970	-1.123147850796e-01 7.386148099785e-02 4.815453290492e-01 3.133100011230e+00 -4.473776202533e+00 -4.223646163109e+00 -7.035163158995e-01 -2.962068225936e-01 -3.368811787652e+00 3.999829631174e+00 4.251525860871e+00 -2.112699898225e+00 1.870328545146e+00 9.865720651401e-01 1.219925074438e+00
2980	-1.123147850796e-01 7.386148099785e-02 4.815453290492e-01 3.133100011230e+00 -4.473776202533e+00 -4.223646163109e+00 -7.035163158995e-01 -2.962068225936e-01 -3.368811787652e+00 3.999829631174e+00 4.251525860871e+00 -2.112699898225e+00 1.870328545146e+00 9.863409788180e-01 1.220596787241e+00
2990	-1.123147850796e-01 7.386148099785e-02 4.815453290492e-01 3.133100011230e+00 -4.473776202533e+00 -4.223646163109e+00 -7.035163158995e-01 -2.962068225936e-01 -3.368811787652e+00 3.999829631174e+00 4.251525860871e+00 -2.112699898225e+00 1.870328545146e+00 9.861144095086e-01 1.221270502558e+00
3000	-1.123147850796e-01 7.386148099785e-02 4.815453290492e-01 3.133100011230e+00 -4.473776202533e+00 -4.223646163109e+00 -7.035163158995e-01 -2.962068225936e-01 -3.368811787652e+00 3.999829631174e+00 4.251525860871e+00 -2.112699898225e+00 1.870328545146e+00 9.858897365901e-01 1.221945335994e+00
3010	-1.123147850796e-01 7.386148099785e-02 4.815453290492e-01 3.133100011230e+00 -4.473776202533e+00 -4.223646163109e+00 -7.035163158995e-01 -2.962068225936e-01 -3.368811787652e+00 3.999829631174e+00 4.251525860871e+00 -2.112699898225e+00 1.870328545146e+00 9.856649294505e-01 1.222620620479e+00
3020	-1.123147850796e-01 7.386148099785e-02 4.815453290492e-01 3.133100011230e+00 -4.473776202533e+00 -4.223646163109e+00 -7.035163158995e-01 -2.962068225936e-01 -3.368811787652e+00 3.999829631174e+00 4.251525860871e+00 -2.112699898225e+00 1.870328545146e+00 9.854372647046e-01 1.223295977845e+00
3030	-1.123147850796e-01 7.386148099785e-02 4.815453290492e-01 3.133100011230e+00 -4.473776202533e+00 -4.223646163109e+00 -7.035163158995e-01 -2.962068225936e-01 -3.368811787652e+00 3.999829631174e+00 4.251525860871e+00 -2.112699898225e+00 1.870328545146e+00 9.852048878049e-01 1.223970800931e+00
3040	-1.123147850796e-01 7.386148099785e-02 4.815453290492e-01 3.133100011230e+00 -4.473776202533e+00 -4.223646163109e+00 -7.035163158995e-01 -2.962068225936e-01 -3.368811787652e+00 3.999829631174e+00 4.251525860871e+00 -2.112699898225e+00 1.870328545146e+00 9.849677523749e-01 1.224644637191e+00
3050	-1.123147850796e-01 7.386148099785e-02 4.815453290492e-01 3.133100011230e+00 -4.473776202533e+00 -4.223646163109e+00 -7.035163158995e-01 -2.962068225936e-01 -3.368811787652e+00 3.999829631174e+00 4.251525860871e+00 -2.112699898225e+00 1.870328545146e+00 9.847269590745e-01 1.225316998717e+00
3060	-1.123147850796e-01 7.386148099785e-02 4.815453290492e-01 3.133100011230e+00 -4.473776202533e+00 -4.223646163109e+00 -7.035163158995e-01 -2.962068225936e-01 -3.368811787652e+00 3.999829631174e+00 4.251525860871e+00 -2.112699898225e+00 1.870328545146e+00 9.844838321120e-01 1.225987322053e+00
3070	-1.123147850796e-01 7.386148099785e-02 4.815453290492e-01 3.133100011230e+00 -4.473776202533e+00 -4.223646163109e+00 -7.035163158995e-01 -2.962068225936e-01 -3.368811787652e+00 3.999829631174e+00 4.251525860871e+00 -2.112699898225e+00 1.870328545146e+00 9.842393039201e-01 1.226654965154e+00
3080	-1.123147850796e-01 7.386148099785e-02 4.815453290492e-01 3.133100011230e+00 -4.473776202533e+00 -4.223646163109e+00 -7.035163158995e-01 -2.962068225936e-01 -3.368811787652e+00 3.999829631174e+00 4.251525860871e+00 -2.112699898225e+00 1.870328545146e+00 9.839922862260e-01 1.227319822437e+00
3090	-1.123147850796e-01 7.386148099785e-02 4.815453290492e-01 3.133100011230e+00 -4.473776202533e+00 -4.223646163109e+00 -7.035163158995e-01 -2.962068225936e-01 -3.368811787652e+00 3.999829631174e+00 4.251525860871e+00 -2.112699898225e+00 1.870328545146e+00 9.837396704942e-01 1.227982894308e+00
3100	-1.123147850796e-01 7.386148099785e-02 4.815453290492e-01 3.133100011230e+00 -4.473776202533e+00 -4.223646163109e+00 -7.035163158995e-01 -2.962068225936e-01 -3.368811787652e+00 3.999829631174e+00 4.251525860871e+00 -2.112699898225e+00 1.870328545146e+00 9.834807332115e-01 1.228644702598e+00
3110	-1.123147850796e-01 7.386148099785e-02 4.815453290492e-01 3.133100011230e+00 -4.473776202533e+00 -4.223646163109e+00 -7.035163158995e-01 -2.962068225936e-01 -3.368811787652e+00 3.999829631174e+00 4.251525860871e+00 -2.112699898225e+00 1.870328545146e+00 9.832163597601e-01 1.229305905810e+00
3120	-1.123147850796e-01 7.386148099785e-02 4.815453290492e-01 3.133100011230e+00 -4.473776202533e+00 -4.223646163109e+00 -7.035163158995e-01 -2.962068225936e-01 -3.368811787652e+00 3.999829631174e+00 4.251525860871e+00 -2.112699898225e+00 1.870328545146e+00 9.829478263576e-01 1.229967219740e+00
3130	-1.123147850796e-01 7.386148099785e-02 4.815453290492e-01 3.133100011230e+00 -4.473776202533e+00 -4.223646163109e+00 -7.035163158995e-01 -2.962068225936e-01 -3.368811787652e+00 3.999829631174e+00 4.251525860871e+00 -2.112699898225e+00 1.870328545146e+00 9.826772530939e-01 1.230628901501e+00
3140	-1.123147850796e-01 7.386148099785e-02 4.815453290492e-01 3.133100011230e+00 -4.473776202533e+00 -4.223646163109e+00 -7.035163158995e-01 -2.962068225936e-01 -3.368811787652e+00 3.999829631174e+00 4.251525860871e+00 -2.112699898225e+00 1.870328545146e+00 9.824063461913e-01 1.231291698353e+00
3150	-1.123147850796e-01 7.386148099785e-02 4.815453290492e-01 3.133100011230e+00 -4.473776202533e+00 -4.223646163109e+00 -7.035163158995e-01 -2.962068225936e-01 -3.368811787652e+00 3.999829631174e+00 4.251525860871e+00 -2.112699898225e+00 1.870328545146e+00 9.821361004997e-01 1.231956752367e+00
3160	-1.123147850796e-01 7.386148099785e-02 4.815453290492e-01 3.133100011230e+00 -4.473776202533e+00 -4.223646163109e+00 -7.035163158995e-01 -2.962068225936e-01 -3.368811787652e+00 3.999829631174e+00 4.251525860871e+00 -2.112699898225e+00 1.870328545146e+00 9.818668419959e-01 1.232625595857e+00
3170	-1.123147850796e-01 7.386148099785e-02 4.815453290492e-01 3.133100011230e+00 -4.473776202533e+00 -4.223646163109e+00 -7.035163158995e-01 -2.962068225936e-01 -3.368811787652e+00 3.999829631174e+00 4.251525860871e+00 -2.112699898225e+00 1.870328545146e+00 9.815992902475e-01 1.233299175254e+00
3180	-1.123147850796e-01 7.386148099785e-02 4.815453290492e-01 3.133100011230e+00 -4.473776202533e+00 -4.223646163109e+00 -7.035163158995e-01 -2.962068225936e-01 -3.368811787652e+00 3.999829631174e+00 4.251525860871e+00 -2.112699898225e+00 1.870328545146e+00 9.813356339939e-01 1.233977194903e+00
3190	-1.123147850796e-01 7.386148099785e-02 4.815453290492e-01 3.133100011230e+00 -4.473776202533e+00 -4.223646163109e+00 -7.035163158995e-01 -2.962068225936e-01 -3.368811787652e+00 3.999829631174e+00 4.251525860871e+00 -2.112699898225e+00 1.870328545146e+00 9.810763883063e-01 1.234660874074e+00
3200	-1.123147850796e-01 7.386148099785e-02 4.815453290492e-01 3.133100011230e+00 -4.473776202533e+00 -4.223646163109e+00 -7.035163158995e-01 -2.962068225936e-01 -3.368811787652e+00 3.999829631174e+00 4.251525860871e+00 -2.112699898225e+00 1.870328545146e+00 9.808205277912e-01 1.235351293119e+00
3210	-1.123147850796e-01 7.386148099785e-02 4.815453290492e-01 3.133100011230e+00 -4.473776202533e+00 -4.223646163109e+00 -7.035163158995e-01 -2.962068225936e-01 -3.368811787652e+00 3.999829631174e+00 4.251525860871e+00 -2.112699898225e+00 1.870328545146e+00 9.805679985326e-01 1.236047875521e+00
3220	-1.123147850796e-01 7.386148099785e-02 4.815453290492e-01 3.133100011230e+00 -4.473776202533e+00 -4.223646163109e+00 -7.035163158995e-01 -2.962068225936e-01 -3.368811787652e+00 3.999829631174e+00 4.251525860871e+00 -2.112699898225e+00 1.870328545146e+00 9.803177242360e-01 1.236751649873e+00
3230	-1.123147850796e-01 7.386148099785e-02 4.815453290492e-01 3.133100011230e+00 -4.473776202533e+00 -4.223646163109e+00 -7.035163158995e-01 -2.962068225936e-01 -3.368811787652e+00 3.999829631174e+00 4.251525860871e+00 -2.112699898225e+00 1.870328545146e+00 9.800686110536e-01 1.237462845304e+00
3240	-1.123147850796e-01 7.386148099785e-02 4.815453290492e-01 3.133100011230e+00 -4.473776202533e+00 -4.223646163109e+00 -7.035163158995e-01 -2.962068225936e-01 -3.368811787652e+00 3.999829631174e+00 4.251525860871e+00 -2.112699898225e+00 1.870328545146e+00 9.798204418775e-01 1.238180398676e+00
