10	-1.157433448568e-01 4.916438980369e+00 -2.586379949036e+00 1.874413097836e+00 2.336465464435e+00 -2.305006820600e+00 2.355644431315e+00 -5.148176354536e+00 -2.104507362508e+00 2.070847849520e+00 -2.563013149129e+00 2.031925217215e+00 -2.267464337487e+00 3.073957813688e+00 3.522276536114e+00
20	-1.157433448568e-01 4.916438980369e+00 -2.586379949036e+00 1.874413097836e+00 2.336465464435e+00 -2.305006820600e+00 2.355644431315e+00 -5.148176354536e+00 -2.104507362508e+00 2.070847849520e+00 -2.563013149129e+00 2.031925217215e+00 -2.267464337487e+00 3.073957923605e+00 3.522276431268e+00
30	-1.157433448568e-01 4.916438980369e+00 -2.586379949036e+00 1.874413097836e+00 2.336465464435e+00 -2.305006820600e+00 2.355644431315e+00 -5.148176354536e+00 -2.104507362508e+00 2.070847849520e+00 -2.563013149129e+00 2.031925217215e+00 -2.267464337487e+00 3.073958100458e+00 3.522276270840e+00
40	-1.157433448568e-01 4.916438980369e+00 -2.586379949036e+00 1.874413097836e+00 2.336465464435e+00 -2.305006820600e+00 2.355644431315e+00 -5.148176354536e+00 -2.104507362508e+00 2.070847849520e+00 -2.563013149129e+00 2.031925217215e+00 -2.267464337487e+00 3.073958115462e+00 3.522276314985e+00
50	-1.157433448568e-01 4.916438980369e+00 -2.586379949036e+00 1.874413097836e+00 2.336465464435e+00 -2.305006820600e+00 2.355644431315e+00 -5.148176354536e+00 -2.104507362508e+00 2.070847849520e+00 -2.563013149129e+00 2.031925217215e+00 -2.267464337487e+00 3.073957310417e+00 3.522277303990e+00
60	-1.157433448568e-01 4.916438980369e+00 -2.586379949036e+00 1.874413097836e+00 2.336465464435e+00 -2.305006820600e+00 2.355644431315e+00 -5.148176354536e+00 -2.104507362508e+00 2.070847849520e+00 -2.563013149129e+00 2.031925217215e+00 -2.267464337487e+00 3.073954684821e+00 3.522280397716e+00
70	-1.157433448568e-01 4.916438980369e+00 -2.586379949036e+00 1.874413097836e+00 2.336465464435e+00 -2.305006820600e+00 2.355644431315e+00 -5.148176354536e+00 -2.104507362508e+00 2.070847849520e+00 -2.563013149129e+00 2.031925217215e+00 -2.267464337487e+00 3.073949109455e+00 3.522286967346e+00
80	-1.157433448568e-01 4.916438980369e+00 -2.586379949036e+00 1.874413097836e+00 2.336465464435e+00 -2.305006820600e+00 2.355644431315e+00 -5.148176354536e+00 -2.104507362508e+00 2.070847849520e+00 -2.563013149129e+00 2.031925217215e+00 -2.267464337487e+00 3.073939567192e+00 3.522298341758e+00
90	-1.157433448568e-01 4.916438980369e+00 -2.586379949036e+00 1.874413097836e+00 2.336465464435e+00 -2.305006820600e+00 2.355644431315e+00 -5.148176354536e+00 -2.104507362508e+00 2.070847849520e+00 -2.563013149129e+00 2.031925217215e+00 -2.267464337487e+00 3.073925351217e+00 3.522315559010e+00
100	-1.157433448568e-01 4.916438980369e+00 -2.586379949036e+00 1.874413097836e+00 2.336465464435e+00 -2.305006820600e+00 2.355644431315e+00 -5.148176354536e+00 -2.104507362508e+00 2.070847849520e+00 -2.563013149129e+00 2.031925217215e+00 -2.267464337487e+00 3.073906417255e+00 3.522338901105e+00
110	-1.157433448568e-01 4.916438980369e+00 -2.586379949036e+00 1.874413097836e+00 2.336465464435e+00 -2.305006820600e+00 2.355644431315e+00 -5.148176354536e+00 -2.104507362508e+00 2.070847849520e+00 -2.563013149129e+00 2.031925217215e+00 -2.267464337487e+00 3.073883304888e+00 3.522367876209e+00
120	-1.157433448568e-01 4.916438980369e+00 -2.586379949036e+00 1.874413097836e+00 2.336465464435e+00 -2.305006820600e+00 2.355644431315e+00 -5.148176354536e+00 -2.104507362508e+00 2.070847849520e+00 -2.563013149129e+00 2.031925217215e+00 -2.267464337487e+00 3.073856587218e+00 3.522401722253e+00
130	-1.157433448568e-01 4.916438980369e+00 -2.586379949036e+00 1.874413097836e+00 2.336465464435e+00 -2.305006820600e+00 2.355644431315e+00 -5.148176354536e+00 -2.104507362508e+00 2.070847849520e+00 -2.563013149129e+00 2.031925217215e+00 -2.267464337487e+00 3.073826668732e+00 3.522439590218e+00
140	-1.157433448568e-01 4.916438980369e+00 -2.586379949036e+00 1.874413097836e+00 2.336465464435e+00 -2.305006820600e+00 2.355644431315e+00 -5.148176354536e+00 -2.104507362508e+00 2.070847849520e+00 -2.563013149129e+00 2.031925217215e+00 -2.267464337487e+00 3.073793678501e+00 3.522480765941e+00
150	-1.157433448568e-01 4.916438980369e+00 -2.586379949036e+00 1.874413097836e+00 2.336465464435e+00 -2.305006820600e+00 2.355644431315e+00 -5.148176354536e+00 -2.104507362508e+00 2.070847849520e+00 -2.563013149129e+00 2.031925217215e+00 -2.267464337487e+00 3.073757830818e+00 3.522524535256e+00
160	-1.157433448568e-01 4.916438980369e+00 -2.586379949036e+00 1.874413097836e+00 2.336465464435e+00 -2.305006820600e+00 2.355644431315e+00 -5.148176354536e+00 -2.104507362508e+00 2.070847849520e+00 -2.563013149129e+00 2.031925217215e+00 -2.267464337487e+00 3.073719736521e+00 3.522570008137e+00
170	-1.157433448568e-01 4.916438980369e+00 -2.586379949036e+00 1.874413097836e+00 2.336465464435e+00 -2.305006820600e+00 2.355644431315e+00 -5.148176354536e+00 -2.104507362508e+00 2.070847849520e+00 -2.563013149129e+00 2.031925217215e+00 -2.267464337487e+00 3.073680374712e+00 3.522616089243e+00
180	-1.157433448568e-01 4.916438980369e+00 -2.586379949036e+00 1.874413097836e+00 2.336465464435e+00 -2.305006820600e+00 2.355644431315e+00 -5.148176354536e+00 -2.104507362508e+00 2.070847849520e+00 -2.563013149129e+00 2.031925217215e+00 -2.267464337487e+00 3.073640204149e+00 3.522662193658e+00
190	-1.157433448568e-01 4.916438980369e+00 -2.586379949036e+00 1.874413097836e+00 2.336465464435e+00 -2.305006820600e+00 2.355644431315e+00 -5.148176354536e+00 -2.104507362508e+00 2.070847849520e+00 -2.563013149129e+00 2.031925217215e+00 -2.267464337487e+00 3.073598427372e+00 3.522708924100e+00
200	-1.157433448568e-01 4.916438980369e+00 -2.586379949036e+00 1.874413097836e+00 2.336465464435e+00 -2.305006820600e+00 2.355644431315e+00 -5.148176354536e+00 -2.104507362508e+00 2.070847849520e+00 -2.563013149129e+00 2.031925217215e+00 -2.267464337487e+00 3.073552969925e+00 3.522758237671e+00
210	-1.157433448568e-01 4.916438980369e+00 -2.586379949036e+00 1.874413097836e+00 2.336465464435e+00 -2.305006820600e+00 2.355644431315e+00 -5.148176354536e+00 -2.104507362508e+00 2.070847849520e+00 -2.563013149129e+00 2.031925217215e+00 -2.267464337487e+00 3.073501031212e+00 3.522813125435e+00
220	-1.157433448568e-01 4.916438980369e+00 -2.586379949036e+00 1.874413097836e+00 2.336465464435e+00 -2.305006820600e+00 2.355644431315e+00 -5.148176354536e+00 -2.104507362508e+00 2.070847849520e+00 -2.563013149129e+00 2.031925217215e+00 -2.267464337487e+00 3.073440217541e+00 3.522876642826e+00
230	-1.157433448568e-01 4.916438980369e+00 -2.586379949036e+00 1.874413097836e+00 2.336465464435e+00 -2.305006820600e+00 2.355644431315e+00 -5.148176354536e+00 -2.104507362508e+00 2.070847849520e+00 -2.563013149129e+00 2.031925217215e+00 -2.267464337487e+00 3.073369635700e+00 3.522950695389e+00
240	-1.157433448568e-01 4.916438980369e+00 -2.586379949036e+00 1.874413097836e+00 2.336465464435e+00 -2.305006820600e+00 2.355644431315e+00 -5.148176354536e+00 -2.104507362508e+00 2.070847849520e+00 -2.563013149129e+00 2.031925217215e+00 -2.267464337487e+00 3.073290472393e+00 3.523035117510e+00
250	-1.157433448568e-01 4.916438980369e+00 -2.586379949036e+00 1.874413097836e+00 2.336465464435e+00 -2.305006820600e+00 2.355644431315e+00 -5.148176354536e+00 -2.104507362508e+00 2.070847849520e+00 -2.563013149129e+00 2.031925217215e+00 -2.267464337487e+00 3.073204990046e+00 3.523128409779e+00
260	-1.157433448568e-01 4.916438980369e+00 -2.586379949036e+00 1.874413097836e+00 2.336465464435e+00 -2.305006820600e+00 2.355644431315e+00 -5.148176354536e+00 -2.104507362508e+00 2.070847849520e+00 -2.563013149129e+00 2.031925217215e+00 -2.267464337487e+00 3.073115518971e+00 3.523228388890e+00
270	-1.157433448568e-01 4.916438980369e+00 -2.586379949036e+00 1.874413097836e+00 2.336465464435e+00 -2.305006820600e+00 2.355644431315e+00 -5.148176354536e+00 -2.104507362508e+00 2.070847849520e+00 -2.563013149129e+00 2.031925217215e+00 -2.267464337487e+00 3.073024029058e+00 3.523332279950e+00
280	-1.157433448568e-01 4.916438980369e+00 -2.586379949036e+00 1.874413097836e+00 2.336465464435e+00 -2.305006820600e+00 2.355644431315e+00 -5.148176354536e+00 -2.104507362508e+00 2.070847849520e+00 -2.563013149129e+00 2.031925217215e+00 -2.267464337487e+00 3.072932575108e+00 3.523436796094e+00
290	-1.157433448568e-01 4.916438980369e+00 -2.586379949036e+00 1.874413097836e+00 2.336465464435e+00 -2.305006820600e+00 2.355644431315e+00 -5.148176354536e+00 -2.104507362508e+00 2.070847849520e+00 -2.563013149129e+00 2.031925217215e+00 -2.267464337487e+00 3.072843064056e+00 3.523539346972e+00
300	-1.157433448568e-01 4.916438980369e+00 -2.586379949036e+00 1.874413097836e+00 2.336465464435e+00 -2.305006820600e+00 2.355644431315e+00 -5.148176354536e+00 -2.104507362508e+00 2.070847849520e+00 -2.563013149129e+00 2.031925217215e+00 -2.267464337487e+00 3.072756082846e+00 3.523639337441e+00
310	-1.157433448568e-01 4.916438980369e+00 -2.586379949036e+00 1.874413097836e+00 2.336465464435e+00 -2.305006820600e+00 2.355644431315e+00 -5.148176354536e+00 -2.104507362508e+00 2.070847849520e+00 -2.563013149129e+00 2.031925217215e+00 -2.267464337487e+00 3.072670715660e+00 3.523737966949e+00
320	-1.157433448568e-01 4.916438980369e+00 -2.586379949036e+00 1.874413097836e+00 2.336465464435e+00 -2.305006820600e+00 2.355644431315e+00 -5.148176354536e+00 -2.104507362508e+00 2.070847849520e+00 -2.563013149129e+00 2.031925217215e+00 -2.267464337487e+00 3.072584765190e+00 3.523837447830e+00
330	-1.157433448568e-01 4.916438980369e+00 -2.586379949036e+00 1.874413097836e+00 2.336465464435e+00 -2.305006820600e+00 2.355644431315e+00 -5.148176354536e+00 -2.104507362508e+00 2.070847849520e+00 -2.563013149129e+00 2.031925217215e+00 -2.267464337487e+00 3.072494922729e+00 3.523940244480e+00
340	-1.157433448568e-01 4.916438980369e+00 -2.586379949036e+00 1.874413097836e+00 2.336465464435e+00 -2.305006820600e+00 2.355644431315e+00 -5.148176354536e+00 -2.104507362508e+00 2.070847849520e+00 -2.563013149129e+00 2.031925217215e+00 -2.267464337487e+00 3.072398779686e+00 3.524047738231e+00
350	-1.157433448568e-01 4.916438980369e+00 -2.586379949036e+00 1.874413097836e+00 2.336465464435e+00 -2.305006820600e+00 2.355644431315e+00 -5.148176354536e+00 -2.104507362508e+00 2.070847849520e+00 -2.563013149129e+00 2.031925217215e+00 -2.267464337487e+00 3.072296553851e+00 3.524159758382e+00
360	-1.157433448568e-01 4.916438980369e+00 -2.586379949036e+00 1.874413097836e+00 2.336465464435e+00 -2.305006820600e+00 2.355644431315e+00 -5.148176354536e+00 -2.104507362508e+00 2.070847849520e+00 -2.563013149129e+00 2.031925217215e+00 -2.267464337487e+00 3.072189401360e+00 3.524276154395e+00
370	-1.157433448568e-01 4.916438980369e+00 -2.586379949036e+00 1.874413097836e+00 2.336465464435e+00 -2.305006820600e+00 2.355644431315e+00 -5.148176354536e+00 -2.104507362508e+00 2.070847849520e+00 -2.563013149129e+00 2.031925217215e+00 -2.267464337487e+00 3.072078711279e+00 3.524396894847e+00
380	-1.157433448568e-01 4.916438980369e+00 -2.586379949036e+00 1.874413097836e+00 2.336465464435e+00 -2.305006820600e+00 2.355644431315e+00 -5.148176354536e+00 -2.104507362508e+00 2.070847849520e+00 -2.563013149129e+00 2.031925217215e+00 -2.267464337487e+00 3.071964239511e+00 3.524522993329e+00
390	-1.157433448568e-01 4.916438980369e+00 -2.586379949036e+00 1.874413097836e+00 2.336465464435e+00 -2.305006820600e+00 2.355644431315e+00 -5.148176354536e+00 -2.104507362508e+00 2.070847849520e+00 -2.563013149129e+00 2.031925217215e+00 -2.267464337487e+00 3.071843806311e+00 3.524656412903e+00
400	-1.157433448568e-01 4.916438980369e+00 -2.586379949036e+00 1.874413097836e+00 2.336465464435e+00 -2.305006820600e+00 2.355644431315e+00 -5.148176354536e+00 -2.104507362508e+00 2.070847849520e+00 -2.563013149129e+00 2.031925217215e+00 -2.267464337487e+00 3.071716155192e+00 3.524797960169e+00
410	-1.157433448568e-01 4.916438980369e+00 -2.586379949036e+00 1.874413097836e+00 2.336465464435e+00 -2.305006820600e+00 2.355644431315e+00 -5.148176354536e+00 -2.104507362508e+00 2.070847849520e+00 -2.563013149129e+00 2.031925217215e+00 -2.267464337487e+00 3.071581905477e+00 3.524946476132e+00
420	-1.157433448568e-01 4.916438980369e+00 -2.586379949036e+00 1.874413097836e+00 2.336465464435e+00 -2.305006820600e+00 2.355644431315e+00 -5.148176354536e+00 -2.104507362508e+00 2.070847849520e+00 -2.563013149129e+00 2.031925217215e+00 -2.267464337487e+00 3.071442168395e+00 3.525100155524e+00
430	-1.157433448568e-01 4.916438980369e+00 -2.586379949036e+00 1.874413097836e+00 2.336465464435e+00 -2.305006820600e+00 2.355644431315e+00 -5.148176354536e+00 -2.104507362508e+00 2.070847849520e+00 -2.563013149129e+00 2.031925217215e+00 -2.267464337487e+00 3.071297342152e+00 3.525257968390e+00
440	-1.157433448568e-01 4.916438980369e+00 -2.586379949036e+00 1.874413097836e+00 2.336465464435e+00 -2.305006820600e+00 2.355644431315e+00 -5.148176354536e+00 -2.104507362508e+00 2.070847849520e+00 -2.563013149129e+00 2.031925217215e+00 -2.267464337487e+00 3.071146453930e+00 3.525420326701e+00
450	-1.157433448568e-01 4.916438980369e+00 -2.586379949036e+00 1.874413097836e+00 2.336465464435e+00 -2.305006820600e+00 2.355644431315e+00 -5.148176354536e+00 -2.104507362508e+00 2.070847849520e+00 -2.563013149129e+00 2.031925217215e+00 -2.267464337487e+00 3.070987347415e+00 3.525589144678e+00
460	-1.157433448568e-01 4.916438980369e+00 -2.586379949036e+00 1.874413097836e+00 2.336465464435e+00 -2.305006820600e+00 2.355644431315e+00 -5.148176354536e+00 -2.104507362508e+00 2.070847849520e+00 -2.563013149129e+00 2.031925217215e+00 -2.267464337487e+00 3.070818826868e+00 3.525766011057e+00
470	-1.157433448568e-01 4.916438980369e+00 -2.586379949036e+00 1.874413097836e+00 2.336465464435e+00 -2.305006820600e+00 2.355644431315e+00 -5.148176354536e+00 -2.104507362508e+00 2.070847849520e+00 -2.563013149129e+00 2.031925217215e+00 -2.267464337487e+00 3.070641648662e+00 3.525951174070e+00
480	-1.157433448568e-01 4.916438980369e+00 -2.586379949036e+00 1.874413097836e+00 2.336465464435e+00 -2.305006820600e+00 2.355644431315e+00 -5.148176354536e+00 -2.104507362508e+00 2.070847849520e+00 -2.563013149129e+00 2.031925217215e+00 -2.267464337487e+00 3.070457503141e+00 3.526144288838e+00
490	-1.157433448568e-01 4.916438980369e+00 -2.586379949036e+00 1.874413097836e+00 2.336465464435e+00 -2.305006820600e+00 2.355644431315e+00 -5.148176354536e+00 -2.104507362508e+00 2.070847849520e+00 -2.563013149129e+00 2.031925217215e+00 -2.267464337487e+00 3.070266043250e+00 3.526346853846e+00
500	-1.157433448568e-01 4.916438980369e+00 -2.586379949036e+00 1.874413097836e+00 2.336465464435e+00 -2.305006820600e+00 2.355644431315e+00 -5.148176354536e+00 -2.104507362508e+00 2.070847849520e+00 -2.563013149129e+00 2.031925217215e+00 -2.267464337487e+00 3.070064331564e+00 3.526562368205e+00
510	-1.157433448568e-01 4.916438980369e+00 -2.586379949036e+00 1.874413097836e+00 2.336465464435e+00 -2.305006820600e+00 2.355644431315e+00 -5.148176354536e+00 -2.104507362508e+00 2.070847849520e+00 -2.563013149129e+00 2.031925217215e+00 -2.267464337487e+00 3.069849786399e+00 3.526793402233e+00
520	-1.157433448568e-01 4.916438980369e+00 -2.586379949036e+00 1.874413097836e+00 2.336465464435e+00 -2.305006820600e+00 2.355644431315e+00 -5.148176354536e+00 -2.104507362508e+00 2.070847849520e+00 -2.563013149129e+00 2.031925217215e+00 -2.267464337487e+00 3.069622730370e+00 3.527039099106e+00
530	-1.157433448568e-01 4.916438980369e+00 -2.586379949036e+00 1.874413097836e+00 2.336465464435e+00 -2.305006820600e+00 2.355644431315e+00 -5.148176354536e+00 -2.104507362508e+00 2.070847849520e+00 -2.563013149129e+00 2.031925217215e+00 -2.267464337487e+00 3.069385204935e+00 3.527296484853e+00
540	-1.157433448568e-01 4.916438980369e+00 -2.586379949036e+00 1.874413097836e+00 2.336465464435e+00 -2.305006820600e+00 2.355644431315e+00 -5.148176354536e+00 -2.104507362508e+00 2.070847849520e+00 -2.563013149129e+00 2.031925217215e+00 -2.267464337487e+00 3.069138465660e+00 3.527563615302e+00
550	-1.157433448568e-01 4.916438980369e+00 -2.586379949036e+00 1.874413097836e+00 2.336465464435e+00 -2.305006820600e+00 2.355644431315e+00 -5.148176354536e+00 -2.104507362508e+00 2.070847849520e+00 -2.563013149129e+00 2.031925217215e+00 -2.267464337487e+00 3.068882528957e+00 3.527840602439e+00
560	-1.157433448568e-01 4.916438980369e+00 -2.586379949036e+00 1.874413097836e+00 2.336465464435e+00 -2.305006820600e+00 2.355644431315e+00 -5.148176354536e+00 -2.104507362508e+00 2.070847849520e+00 -2.563013149129e+00 2.031925217215e+00 -2.267464337487e+00 3.068617155169e+00 3.528128350991e+00
570	-1.157433448568e-01 4.916438980369e+00 -2.586379949036e+00 1.874413097836e+00 2.336465464435e+00 -2.305006820600e+00 2.355644431315e+00 -5.148176354536e+00 -2.104507362508e+00 2.070847849520e+00 -2.563013149129e+00 2.031925217215e+00 -2.267464337487e+00 3.068343404896e+00 3.528426180402e+00
580	-1.157433448568e-01 4.916438980369e+00 -2.586379949036e+00 1.874413097836e+00 2.336465464435e+00 -2.305006820600e+00 2.355644431315e+00 -5.148176354536e+00 -2.104507362508e+00 2.070847849520e+00 -2.563013149129e+00 2.031925217215e+00 -2.267464337487e+00 3.068062917962e+00 3.528732295808e+00
590	-1.157433448568e-01 4.916438980369e+00 -2.586379949036e+00 1.874413097836e+00 2.336465464435e+00 -2.305006820600e+00 2.355644431315e+00 -5.148176354536e+00 -2.104507362508e+00 2.070847849520e+00 -2.563013149129e+00 2.031925217215e+00 -2.267464337487e+00 3.067776274008e+00 3.529045740783e+00
600	-1.157433448568e-01 4.916438980369e+00 -2.586379949036e+00 1.874413097836e+00 2.336465464435e+00 -2.305006820600e+00 2.355644431315e+00 -5.148176354536e+00 -2.104507362508e+00 2.070847849520e+00 -2.563013149129e+00 2.031925217215e+00 -2.267464337487e+00 3.067481436035e+00 3.529367989149e+00
610	-1.157433448568e-01 4.916438980369e+00 -2.586379949036e+00 1.874413097836e+00 2.336465464435e+00 -2.305006820600e+00 2.355644431315e+00 -5.148176354536e+00 -2.104507362508e+00 2.070847849520e+00 -2.563013149129e+00 2.031925217215e+00 -2.267464337487e+00 3.067175452682e+00 3.529701632068e+00
620	-1.157433448568e-01 4.916438980369e+00 -2.586379949036e+00 1.874413097836e+00 2.336465464435e+00 -2.305006820600e+00 2.355644431315e+00 -5.148176354536e+00 -2.104507362508e+00 2.070847849520e+00 -2.563013149129e+00 2.031925217215e+00 -2.267464337487e+00 3.066858371701e+00 3.530046783495e+00
630	-1.157433448568e-01 4.916438980369e+00 -2.586379949036e+00 1.874413097836e+00 2.336465464435e+00 -2.305006820600e+00 2.355644431315e+00 -5.148176354536e+00 -2.104507362508e+00 2.070847849520e+00 -2.563013149129e+00 2.031925217215e+00 -2.267464337487e+00 3.066533224357e+00 3.530400573809e+00
640	-1.157433448568e-01 4.916438980369e+00 -2.586379949036e+00 1.874413097836e+00 2.336465464435e+00 -2.305006820600e+00 2.355644431315e+00 -5.148176354536e+00 -2.104507362508e+00 2.070847849520e+00 -2.563013149129e+00 2.031925217215e+00 -2.267464337487e+00 3.066201362695e+00 3.530761533491e+00
650	-1.157433448568e-01 4.916438980369e+00 -2.586379949036e+00 1.874413097836e+00 2.336465464435e+00 -2.305006820600e+00 2.355644431315e+00 -5.148176354536e+00 -2.104507362508e+00 2.070847849520e+00 -2.563013149129e+00 2.031925217215e+00 -2.267464337487e+00 3.065861771848e+00 3.531130836009e+00
660	-1.157433448568e-01 4.916438980369e+00 -2.586379949036e+00 1.874413097836e+00 2.336465464435e+00 -2.305006820600e+00 2.355644431315e+00 -5.148176354536e+00 -2.104507362508e+00 2.070847849520e+00 -2.563013149129e+00 2.031925217215e+00 -2.267464337487e+00 3.065512196689e+00 3.531511049657e+00
670	-1.157433448568e-01 4.916438980369e+00 -2.586379949036e+00 1.874413097836e+00 2.336465464435e+00 -2.305006820600e+00 2.355644431315e+00 -5.148176354536e+00 -2.104507362508e+00 2.070847849520e+00 -2.563013149129e+00 2.031925217215e+00 -2.267464337487e+00 3.065149525518e+00 3.531905446552e+00
680	-1.157433448568e-01 4.916438980369e+00 -2.586379949036e+00 1.874413097836e+00 2.336465464435e+00 -2.305006820600e+00 2.355644431315e+00 -5.148176354536e+00 -2.104507362508e+00 2.070847849520e+00 -2.563013149129e+00 2.031925217215e+00 -2.267464337487e+00 3.064771071234e+00 3.532316247067e+00
690	-1.157433448568e-01 4.916438980369e+00 -2.586379949036e+00 1.874413097836e+00 2.336465464435e+00 -2.305006820600e+00 2.355644431315e+00 -5.148176354536e+00 -2.104507362508e+00 2.070847849520e+00 -2.563013149129e+00 2.031925217215e+00 -2.267464337487e+00 3.064375961726e+00 3.532742972104e+00
700	-1.157433448568e-01 4.916438980369e+00 -2.586379949036e+00 1.874413097836e+00 2.336465464435e+00 -2.305006820600e+00 2.355644431315e+00 -5.148176354536e+00 -2.104507362508e+00 2.070847849520e+00 -2.563013149129e+00 2.031925217215e+00 -2.267464337487e+00 3.063965607861e+00 3.533182946416e+00
710	-1.157433448568e-01 4.916438980369e+00 -2.586379949036e+00 1.874413097836e+00 2.336465464435e+00 -2.305006820600e+00 2.355644431315e+00 -5.148176354536e+00 -2.104507362508e+00 2.070847849520e+00 -2.563013149129e+00 2.031925217215e+00 -2.267464337487e+00 3.063540784034e+00 3.533634875961e+00
720	-1.157433448568e-01 4.916438980369e+00 -2.586379949036e+00 1.874413097836e+00 2.336465464435e+00 -2.305006820600e+00 2.355644431315e+00 -5.148176354536e+00 -2.104507362508e+00 2.070847849520e+00 -2.563013149129e+00 2.031925217215e+00 -2.267464337487e+00 3.063100208327e+00 3.534099950233e+00
730	-1.157433448568e-01 4.916438980369e+00 -2.586379949036e+00 1.874413097836e+00 2.336465464435e+00 -2.305006820600e+00 2.355644431315e+00 -5.148176354536e+00 -2.104507362508e+00 2.070847849520e+00 -2.563013149129e+00 2.031925217215e+00 -2.267464337487e+00 3.062642175049e+00 3.534579850088e+00
740	-1.157433448568e-01 4.916438980369e+00 -2.586379949036e+00 1.874413097836e+00 2.336465464435e+00 -2.305006820600e+00 2.355644431315e+00 -5.148176354536e+00 -2.104507362508e+00 2.070847849520e+00 -2.563013149129e+00 2.031925217215e+00 -2.267464337487e+00 3.062167334821e+00 3.535074012309e+00
750	-1.157433448568e-01 4.916438980369e+00 -2.586379949036e+00 1.874413097836e+00 2.336465464435e+00 -2.305006820600e+00 2.355644431315e+00 -5.148176354536e+00 -2.104507362508e+00 2.070847849520e+00 -2.563013149129e+00 2.031925217215e+00 -2.267464337487e+00 3.061678923863e+00 3.535579843327e+00
760	-1.157433448568e-01 4.916438980369e+00 -2.586379949036e+00 1.874413097836e+00 2.336465464435e+00 -2.305006820600e+00 2.355644431315e+00 -5.148176354536e+00 -2.104507362508e+00 2.070847849520e+00 -2.563013149129e+00 2.031925217215e+00 -2.267464337487e+00 3.061181120570e+00 3.536094402174e+00
770	-1.157433448568e-01 4.916438980369e+00 -2.586379949036e+00 1.874413097836e+00 2.336465464435e+00 -2.305006820600e+00 2.355644431315e+00 -5.148176354536e+00 -2.104507362508e+00 2.070847849520e+00 -2.563013149129e+00 2.031925217215e+00 -2.267464337487e+00 3.060676788719e+00 3.536615822898e+00
780	-1.157433448568e-01 4.916438980369e+00 -2.586379949036e+00 1.874413097836e+00 2.336465464435e+00 -2.305006820600e+00 2.355644431315e+00 -5.148176354536e+00 -2.104507362508e+00 2.070847849520e+00 -2.563013149129e+00 2.031925217215e+00 -2.267464337487e+00 3.060166042581e+00 3.537144192073e+00
790	-1.157433448568e-01 4.916438980369e+00 -2.586379949036e+00 1.874413097836e+00 2.336465464435e+00 -2.305006820600e+00 2.355644431315e+00 -5.148176354536e+00 -2.104507362508e+00 2.070847849520e+00 -2.563013149129e+00 2.031925217215e+00 -2.267464337487e+00 3.059647117454e+00 3.537680945227e+00
800	-1.157433448568e-01 4.916438980369e+00 -2.586379949036e+00 1.874413097836e+00 2.336465464435e+00 -2.305006820600e+00 2.355644431315e+00 -5.148176354536e+00 -2.104507362508e+00 2.070847849520e+00 -2.563013149129e+00 2.031925217215e+00 -2.267464337487e+00 3.059117530955e+00 3.538228107421e+00
810	-1.157433448568e-01 4.916438980369e+00 -2.586379949036e+00 1.874413097836e+00 2.336465464435e+00 -2.305006820600e+00 2.355644431315e+00 -5.148176354536e+00 -2.104507362508e+00 2.070847849520e+00 -2.563013149129e+00 2.031925217215e+00 -2.267464337487e+00 3.058575337402e+00 3.538787207083e+00
820	-1.157433448568e-01 4.916438980369e+00 -2.586379949036e+00 1.874413097836e+00 2.336465464435e+00 -2.305006820600e+00 2.355644431315e+00 -5.148176354536e+00 -2.104507362508e+00 2.070847849520e+00 -2.563013149129e+00 2.031925217215e+00 -2.267464337487e+00 3.058019356666e+00 3.539359159285e+00
830	-1.157433448568e-01 4.916438980369e+00 -2.586379949036e+00 1.874413097836e+00 2.336465464435e+00 -2.305006820600e+00 2.355644431315e+00 -5.148176354536e+00 -2.104507362508e+00 2.070847849520e+00 -2.563013149129e+00 2.031925217215e+00 -2.267464337487e+00 3.057448675943e+00 3.539944719483e+00
840	-1.157433448568e-01 4.916438980369e+00 -2.586379949036e+00 1.874413097836e+00 2.336465464435e+00 -2.305006820600e+00 2.355644431315e+00 -5.148176354536e+00 -2.104507362508e+00 2.070847849520e+00 -2.563013149129e+00 2.031925217215e+00 -2.267464337487e+00 3.056863949599e+00 3.540543189490e+00
850	-1.157433448568e-01 4.916438980369e+00 -2.586379949036e+00 1.874413097836e+00 2.336465464435e+00 -2.305006820600e+00 2.355644431315e+00 -5.148176354536e+00 -2.104507362508e+00 2.070847849520e+00 -2.563013149129e+00 2.031925217215e+00 -2.267464337487e+00 3.056268467518e+00 3.541151427776e+00
860	-1.157433448568e-01 4.916438980369e+00 -2.586379949036e+00 1.874413097836e+00 2.336465464435e+00 -2.305006820600e+00 2.355644431315e+00 -5.148176354536e+00 -2.104507362508e+00 2.070847849520e+00 -2.563013149129e+00 2.031925217215e+00 -2.267464337487e+00 3.055666306770e+00 3.541765776924e+00
870	-1.157433448568e-01 4.916438980369e+00 -2.586379949036e+00 1.874413097836e+00 2.336465464435e+00 -2.305006820600e+00 2.355644431315e+00 -5.148176354536e+00 -2.104507362508e+00 2.070847849520e+00 -2.563013149129e+00 2.031925217215e+00 -2.267464337487e+00 3.055058475979e+00 3.542385579942e+00
880	-1.157433448568e-01 4.916438980369e+00 -2.586379949036e+00 1.874413097836e+00 2.336465464435e+00 -2.305006820600e+00 2.355644431315e+00 -5.148176354536e+00 -2.104507362508e+00 2.070847849520e+00 -2.563013149129e+00 2.031925217215e+00 -2.267464337487e+00 3.054441644847e+00 3.543013896716e+00
890	-1.157433448568e-01 4.916438980369e+00 -2.586379949036e+00 1.874413097836e+00 2.336465464435e+00 -2.305006820600e+00 2.355644431315e+00 -5.148176354536e+00 -2.104507362508e+00 2.070847849520e+00 -2.563013149129e+00 2.031925217215e+00 -2.267464337487e+00 3.053813424356e+00 3.543653360250e+00
900	-1.157433448568e-01 4.916438980369e+00 -2.586379949036e+00 1.874413097836e+00 2.336465464435e+00 -2.305006820600e+00 2.355644431315e+00 -5.148176354536e+00 -2.104507362508e+00 2.070847849520e+00 -2.563013149129e+00 2.031925217215e+00 -2.267464337487e+00 3.053176011539e+00 3.544303021266e+00
910	-1.157433448568e-01 4.916438980369e+00 -2.586379949036e+00 1.874413097836e+00 2.336465464435e+00 -2.305006820600e+00 2.355644431315e+00 -5.148176354536e+00 -2.104507362508e+00 2.070847849520e+00 -2.563013149129e+00 2.031925217215e+00 -2.267464337487e+00 3.052533269239e+00 3.544959817522e+00
920	-1.157433448568e-01 4.916438980369e+00 -2.586379949036e+00 1.874413097836e+00 2.336465464435e+00 -2.305006820600e+00 2.355644431315e+00 -5.148176354536e+00 -2.104507362508e+00 2.070847849520e+00 -2.563013149129e+00 2.031925217215e+00 -2.267464337487e+00 3.051885649566e+00 3.545623544643e+00
930	-1.157433448568e-01 4.916438980369e+00 -2.586379949036e+00 1.874413097836e+00 2.336465464435e+00 -2.305006820600e+00 2.355644431315e+00 -5.148176354536e+00 -2.104507362508e+00 2.070847849520e+00 -2.563013149129e+00 2.031925217215e+00 -2.267464337487e+00 3.051228890700e+00 3.546298053579e+00
940	-1.157433448568e-01 4.916438980369e+00 -2.586379949036e+00 1.874413097836e+00 2.336465464435e+00 -2.305006820600e+00 2.355644431315e+00 -5.148176354536e+00 -2.104507362508e+00 2.070847849520e+00 -2.563013149129e+00 2.031925217215e+00 -2.267464337487e+00 3.050560903186e+00 3.546986442958e+00
950	-1.157433448568e-01 4.916438980369e+00 -2.586379949036e+00 1.874413097836e+00 2.336465464435e+00 -2.305006820600e+00 2.355644431315e+00 -5.148176354536e+00 -2.104507362508e+00 2.070847849520e+00 -2.563013149129e+00 2.031925217215e+00 -2.267464337487e+00 3.049881627610e+00 3.547688952933e+00
960	-1.157433448568e-01 4.916438980369e+00 -2.586379949036e+00 1.874413097836e+00 2.336465464435e+00 -2.305006820600e+00 2.355644431315e+00 -5.148176354536e+00 -2.104507362508e+00 2.070847849520e+00 -2.563013149129e+00 2.031925217215e+00 -2.267464337487e+00 3.049190925654e+00 3.548403470135e+00
970	-1.157433448568e-01 4.916438980369e+00 -2.586379949036e+00 1.874413097836e+00 2.336465464435e+00 -2.305006820600e+00 2.355644431315e+00 -5.148176354536e+00 -2.104507362508e+00 2.070847849520e+00 -2.563013149129e+00 2.031925217215e+00 -2.267464337487e+00 3.048488766288e+00 3.549128771283e+00
980	-1.157433448568e-01 4.916438980369e+00 -2.586379949036e+00 1.874413097836e+00 2.336465464435e+00 -2.305006820600e+00 2.355644431315e+00 -5.148176354536e+00 -2.104507362508e+00 2.070847849520e+00 -2.563013149129e+00 2.031925217215e+00 -2.267464337487e+00 3.047777175295e+00 3.549863575797e+00
990	-1.157433448568e-01 4.916438980369e+00 -2.586379949036e+00 1.874413097836e+00 2.336465464435e+00 -2.305006820600e+00 2.355644431315e+00 -5.148176354536e+00 -2.104507362508e+00 2.070847849520e+00 -2.563013149129e+00 2.031925217215e+00 -2.267464337487e+00 3.047057932234e+00 3.550607255079e+00
1000	-1.157433448568e-01 4.916438980369e+00 -2.586379949036e+00 1.874413097836e+00 2.336465464435e+00 -2.305006820600e+00 2.355644431315e+00 -5.148176354536e+00 -2.104507362508e+00 2.070847849520e+00 -2.563013149129e+00 2.031925217215e+00 -2.267464337487e+00 3.046330804390e+00 3.551360421754e+00
1010	-1.157433448568e-01 4.916438980369e+00 -2.586379949036e+00 1.874413097836e+00 2.336465464435e+00 -2.305006820600e+00 2.355644431315e+00 -5.148176354536e+00 -2.104507362508e+00 2.070847849520e+00 -2.563013149129e+00 2.031925217215e+00 -2.267464337487e+00 3.045594555480e+00 3.552123962964e+00
1020	-1.157433448568e-01 4.916438980369e+00 -2.586379949036e+00 1.874413097836e+00 2.336465464435e+00 -2.305006820600e+00 2.355644431315e+00 -5.148176354536e+00 -2.104507362508e+00 2.070847849520e+00 -2.563013149129e+00 2.031925217215e+00 -2.267464337487e+00 3.044848639638e+00 3.552897887875e+00
1030	-1.157433448568e-01 4.916438980369e+00 -2.586379949036e+00 1.874413097836e+00 2.336465464435e+00 -2.305006820600e+00 2.355644431315e+00 -5.148176354536e+00 -2.104507362508e+00 2.070847849520e+00 -2.563013149129e+00 2.031925217215e+00 -2.267464337487e+00 3.044094245311e+00 3.553680471232e+00
1040	-1.157433448568e-01 4.916438980369e+00 -2.586379949036e+00 1.874413097836e+00 2.336465464435e+00 -2.305006820600e+00 2.355644431315e+00 -5.148176354536e+00 -2.104507362508e+00 2.070847849520e+00 -2.563013149129e+00 2.031925217215e+00 -2.267464337487e+00 3.043331790665e+00 3.554470541912e+00
1050	-1.157433448568e-01 4.916438980369e+00 -2.586379949036e+00 1.874413097836e+00 2.336465464435e+00 -2.305006820600e+00 2.355644431315e+00 -5.148176354536e+00 -2.104507362508e+00 2.070847849520e+00 -2.563013149129e+00 2.031925217215e+00 -2.267464337487e+00 3.042558698980e+00 3.555269795593e+00
1060	-1.157433448568e-01 4.916438980369e+00 -2.586379949036e+00 1.874413097836e+00 2.336465464435e+00 -2.305006820600e+00 2.355644431315e+00 -5.148176354536e+00 -2.104507362508e+00 2.070847849520e+00 -2.563013149129e+00 2.031925217215e+00 -2.267464337487e+00 3.041770616490e+00 3.556081932290e+00
1070	-1.157433448568e-01 4.916438980369e+00 -2.586379949036e+00 1.874413097836e+00 2.336465464435e+00 -2.305006820600e+00 2.355644431315e+00 -5.148176354536e+00 -2.104507362508e+00 2.070847849520e+00 -2.563013149129e+00 2.031925217215e+00 -2.267464337487e+00 3.040966233397e+00 3.556907876314e+00
1080	-1.157433448568e-01 4.916438980369e+00 -2.586379949036e+00 1.874413097836e+00 2.336465464435e+00 -2.305006820600e+00 2.355644431315e+00 -5.148176354536e+00 -2.104507362508e+00 2.070847849520e+00 -2.563013149129e+00 2.031925217215e+00 -2.267464337487e+00 3.040148072550e+00 3.557745433704e+00
1090	-1.157433448568e-01 4.916438980369e+00 -2.586379949036e+00 1.874413097836e+00 2.336465464435e+00 -2.305006820600e+00 2.355644431315e+00 -5.148176354536e+00 -2.104507362508e+00 2.070847849520e+00 -2.563013149129e+00 2.031925217215e+00 -2.267464337487e+00 3.039318529704e+00 3.558593303537e+00
1100	-1.157433448568e-01 4.916438980369e+00 -2.586379949036e+00 1.874413097836e+00 2.336465464435e+00 -2.305006820600e+00 2.355644431315e+00 -5.148176354536e+00 -2.104507362508e+00 2.070847849520e+00 -2.563013149129e+00 2.031925217215e+00 -2.267464337487e+00 3.038476475260e+00 3.559453703351e+00
1110	-1.157433448568e-01 4.916438980369e+00 -2.586379949036e+00 1.874413097836e+00 2.336465464435e+00 -2.305006820600e+00 2.355644431315e+00 -5.148176354536e+00 -2.104507362508e+00 2.070847849520e+00 -2.563013149129e+00 2.031925217215e+00 -2.267464337487e+00 3.037621132423e+00 3.560327947395e+00
1120	-1.157433448568e-01 4.916438980369e+00 -2.586379949036e+00 1.874413097836e+00 2.336465464435e+00 -2.305006820600e+00 2.355644431315e+00 -5.148176354536e+00 -2.104507362508e+00 2.070847849520e+00 -2.563013149129e+00 2.031925217215e+00 -2.267464337487e+00 3.036754689987e+00 3.561213855619e+00
1130	-1.157433448568e-01 4.916438980369e+00 -2.586379949036e+00 1.874413097836e+00 2.336465464435e+00 -2.305006820600e+00 2.355644431315e+00 -5.148176354536e+00 -2.104507362508e+00 2.070847849520e+00 -2.563013149129e+00 2.031925217215e+00 -2.267464337487e+00 3.035879216305e+00 3.562109271550e+00
1140	-1.157433448568e-01 4.916438980369e+00 -2.586379949036e+00 1.874413097836e+00 2.336465464435e+00 -2.305006820600e+00 2.355644431315e+00 -5.148176354536e+00 -2.104507362508e+00 2.070847849520e+00 -2.563013149129e+00 2.031925217215e+00 -2.267464337487e+00 3.034996779281e+00 3.563012570578e+00
1150	-1.157433448568e-01 4.916438980369e+00 -2.586379949036e+00 1.874413097836e+00 2.336465464435e+00 -2.305006820600e+00 2.355644431315e+00 -5.148176354536e+00 -2.104507362508e+00 2.070847849520e+00 -2.563013149129e+00 2.031925217215e+00 -2.267464337487e+00 3.034110283338e+00 3.563921713723e+00
1160	-1.157433448568e-01 4.916438980369e+00 -2.586379949036e+00 1.874413097836e+00 2.336465464435e+00 -2.305006820600e+00 2.355644431315e+00 -5.148176354536e+00 -2.104507362508e+00 2.070847849520e+00 -2.563013149129e+00 2.031925217215e+00 -2.267464337487e+00 3.033221151543e+00 3.564835151771e+00
1170	-1.157433448568e-01 4.916438980369e+00 -2.586379949036e+00 1.874413097836e+00 2.336465464435e+00 -2.305006820600e+00 2.355644431315e+00 -5.148176354536e+00 -2.104507362508e+00 2.070847849520e+00 -2.563013149129e+00 2.031925217215e+00 -2.267464337487e+00 3.032325389850e+00 3.565755146162e+00
1180	-1.157433448568e-01 4.916438980369e+00 -2.586379949036e+00 1.874413097836e+00 2.336465464435e+00 -2.305006820600e+00 2.355644431315e+00 -5.148176354536e+00 -2.104507362508e+00 2.070847849520e+00 -2.563013149129e+00 2.031925217215e+00 -2.267464337487e+00 3.031418765400e+00 3.566685555613e+00
1190	-1.157433448568e-01 4.916438980369e+00 -2.586379949036e+00 1.874413097836e+00 2.336465464435e+00 -2.305006820600e+00 2.355644431315e+00 -5.148176354536e+00 -2.104507362508e+00 2.070847849520e+00 -2.563013149129e+00 2.031925217215e+00 -2.267464337487e+00 3.030504047150e+00 3.567625387909e+00
1200	-1.157433448568e-01 4.916438980369e+00 -2.586379949036e+00 1.874413097836e+00 2.336465464435e+00 -2.305006820600e+00 2.355644431315e+00 -5.148176354536e+00 -2.104507362508e+00 2.070847849520e+00 -2.563013149129e+00 2.031925217215e+00 -2.267464337487e+00 3.029584055911e+00 3.568571971298e+00
1210	-1.157433448568e-01 4.916438980369e+00 -2.586379949036e+00 1.874413097836e+00 2.336465464435e+00 -2.305006820600e+00 2.355644431315e+00 -5.148176354536e+00 -2.104507362508e+00 2.070847849520e+00 -2.563013149129e+00 2.031925217215e+00 -2.267464337487e+00 3.028657083863e+00 3.569525382521e+00
1220	-1.157433448568e-01 4.916438980369e+00 -2.586379949036e+00 1.874413097836e+00 2.336465464435e+00 -2.305006820600e+00 2.355644431315e+00 -5.148176354536e+00 -2.104507362508e+00 2.070847849520e+00 -2.563013149129e+00 2.031925217215e+00 -2.267464337487e+00 3.027718884075e+00 3.570488717660e+00
1230	-1.157433448568e-01 4.916438980369e+00 -2.586379949036e+00 1.874413097836e+00 2.336465464435e+00 -2.305006820600e+00 2.355644431315e+00 -5.148176354536e+00 -2.104507362508e+00 2.070847849520e+00 -2.563013149129e+00 2.031925217215e+00 -2.267464337487e+00 3.026767895865e+00 3.571463453881e+00
1240	-1.157433448568e-01 4.916438980369e+00 -2.586379949036e+00 1.874413097836e+00 2.336465464435e+00 -2.305006820600e+00 2.355644431315e+00 -5.148176354536e+00 -2.104507362508e+00 2.070847849520e+00 -2.563013149129e+00 2.031925217215e+00 -2.267464337487e+00 3.025805494258e+00 3.572449620237e+00
1250	-1.157433448568e-01 4.916438980369e+00 -2.586379949036e+00 1.874413097836e+00 2.336465464435e+00 -2.305006820600e+00 2.355644431315e+00 -5.148176354536e+00 -2.104507362508e+00 2.070847849520e+00 -2.563013149129e+00 2.031925217215e+00 -2.267464337487e+00 3.024831978457e+00 3.573448942388e+00
1260	-1.157433448568e-01 4.916438980369e+00 -2.586379949036e+00 1.874413097836e+00 2.336465464435e+00 -2.305006820600e+00 2.355644431315e+00 -5.148176354536e+00 -2.104507362508e+00 2.070847849520e+00 -2.563013149129e+00 2.031925217215e+00 -2.267464337487e+00 3.023846027880e+00 3.574462384914e+00
1270	-1.157433448568e-01 4.916438980369e+00 -2.586379949036e+00 1.874413097836e+00 2.336465464435e+00 -2.305006820600e+00 2.355644431315e+00 -5.148176354536e+00 -2.104507362508e+00 2.070847849520e+00 -2.563013149129e+00 2.031925217215e+00 -2.267464337487e+00 3.022847697291e+00 3.575487912968e+00
1280	-1.157433448568e-01 4.916438980369e+00 -2.586379949036e+00 1.874413097836e+00 2.336465464435e+00 -2.305006820600e+00 2.355644431315e+00 -5.148176354536e+00 -2.104507362508e+00 2.070847849520e+00 -2.563013149129e+00 2.031925217215e+00 -2.267464337487e+00 3.021838381407e+00 3.576522770313e+00
1290	-1.157433448568e-01 4.916438980369e+00 -2.586379949036e+00 1.874413097836e+00 2.336465464435e+00 -2.305006820600e+00 2.355644431315e+00 -5.148176354536e+00 -2.104507362508e+00 2.070847849520e+00 -2.563013149129e+00 2.031925217215e+00 -2.267464337487e+00 3.020817914545e+00 3.577567160820e+00
1300	-1.157433448568e-01 4.916438980369e+00 -2.586379949036e+00 1.874413097836e+00 2.336465464435e+00 -2.305006820600e+00 2.355644431315e+00 -5.148176354536e+00 -2.104507362508e+00 2.070847849520e+00 -2.563013149129e+00 2.031925217215e+00 -2.267464337487e+00 3.019785434021e+00 3.578623156428e+00
1310	-1.157433448568e-01 4.916438980369e+00 -2.586379949036e+00 1.874413097836e+00 2.336465464435e+00 -2.305006820600e+00 2.355644431315e+00 -5.148176354536e+00 -2.104507362508e+00 2.070847849520e+00 -2.563013149129e+00 2.031925217215e+00 -2.267464337487e+00 3.018741986645e+00 3.579690782536e+00
1320	-1.157433448568e-01 4.916438980369e+00 -2.586379949036e+00 1.874413097836e+00 2.336465464435e+00 -2.305006820600e+00 2.355644431315e+00 -5.148176354536e+00 -2.104507362508e+00 2.070847849520e+00 -2.563013149129e+00 2.031925217215e+00 -2.267464337487e+00 3.017688477880e+00 3.580769043540e+00
1330	-1.157433448568e-01 4.916438980369e+00 -2.586379949036e+00 1.874413097836e+00 2.336465464435e+00 -2.305006820600e+00 2.355644431315e+00 -5.148176354536e+00 -2.104507362508e+00 2.070847849520e+00 -2.563013149129e+00 2.031925217215e+00 -2.267464337487e+00 3.016623402859e+00 3.581858887995e+00
1340	-1.157433448568e-01 4.916438980369e+00 -2.586379949036e+00 1.874413097836e+00 2.336465464435e+00 -2.305006820600e+00 2.355644431315e+00 -5.148176354536e+00 -2.104507362508e+00 2.070847849520e+00 -2.563013149129e+00 2.031925217215e+00 -2.267464337487e+00 3.015545748978e+00 3.582961656778e+00
1350	-1.157433448568e-01 4.916438980369e+00 -2.586379949036e+00 1.874413097836e+00 2.336465464435e+00 -2.305006820600e+00 2.355644431315e+00 -5.148176354536e+00 -2.104507362508e+00 2.070847849520e+00 -2.563013149129e+00 2.031925217215e+00 -2.267464337487e+00 3.014458618762e+00 3.584075736504e+00
1360	-1.157433448568e-01 4.916438980369e+00 -2.586379949036e+00 1.874413097836e+00 2.336465464435e+00 -2.305006820600e+00 2.355644431315e+00 -5.148176354536e+00 -2.104507362508e+00 2.070847849520e+00 -2.563013149129e+00 2.031925217215e+00 -2.267464337487e+00 3.013366242153e+00 3.585198739241e+00
1370	-1.157433448568e-01 4.916438980369e+00 -2.586379949036e+00 1.874413097836e+00 2.336465464435e+00 -2.305006820600e+00 2.355644431315e+00 -5.148176354536e+00 -2.104507362508e+00 2.070847849520e+00 -2.563013149129e+00 2.031925217215e+00 -2.267464337487e+00 3.012268821889e+00 3.586331524334e+00
1380	-1.157433448568e-01 4.916438980369e+00 -2.586379949036e+00 1.874413097836e+00 2.336465464435e+00 -2.305006820600e+00 2.355644431315e+00 -5.148176354536e+00 -2.104507362508e+00 2.070847849520e+00 -2.563013149129e+00 2.031925217215e+00 -2.267464337487e+00 3.011164794173e+00 3.587475198397e+00
1390	-1.157433448568e-01 4.916438980369e+00 -2.586379949036e+00 1.874413097836e+00 2.336465464435e+00 -2.305006820600e+00 2.355644431315e+00 -5.148176354536e+00 -2.104507362508e+00 2.070847849520e+00 -2.563013149129e+00 2.031925217215e+00 -2.267464337487e+00 3.010053975384e+00 3.588627867581e+00
1400	-1.157433448568e-01 4.916438980369e+00 -2.586379949036e+00 1.874413097836e+00 2.336465464435e+00 -2.305006820600e+00 2.355644431315e+00 -5.148176354536e+00 -2.104507362508e+00 2.070847849520e+00 -2.563013149129e+00 2.031925217215e+00 -2.267464337487e+00 3.008934819474e+00 3.589788512100e+00
1410	-1.157433448568e-01 4.916438980369e+00 -2.586379949036e+00 1.874413097836e+00 2.336465464435e+00 -2.305006820600e+00 2.355644431315e+00 -5.148176354536e+00 -2.104507362508e+00 2.070847849520e+00 -2.563013149129e+00 2.031925217215e+00 -2.267464337487e+00 3.007803233503e+00 3.590959944417e+00
1420	-1.157433448568e-01 4.916438980369e+00 -2.586379949036e+00 1.874413097836e+00 2.336465464435e+00 -2.305006820600e+00 2.355644431315e+00 -5.148176354536e+00 -2.104507362508e+00 2.070847849520e+00 -2.563013149129e+00 2.031925217215e+00 -2.267464337487e+00 3.006658354469e+00 3.592143600972e+00
1430	-1.157433448568e-01 4.916438980369e+00 -2.586379949036e+00 1.874413097836e+00 2.336465464435e+00 -2.305006820600e+00 2.355644431315e+00 -5.148176354536e+00 -2.104507362508e+00 2.070847849520e+00 -2.563013149129e+00 2.031925217215e+00 -2.267464337487e+00 3.005505136373e+00 3.593336061214e+00
1440	-1.157433448568e-01 4.916438980369e+00 -2.586379949036e+00 1.874413097836e+00 2.336465464435e+00 -2.305006820600e+00 2.355644431315e+00 -5.148176354536e+00 -2.104507362508e+00 2.070847849520e+00 -2.563013149129e+00 2.031925217215e+00 -2.267464337487e+00 3.004348293491e+00 3.594534208085e+00
1450	-1.157433448568e-01 4.916438980369e+00 -2.586379949036e+00 1.874413097836e+00 2.336465464435e+00 -2.305006820600e+00 2.355644431315e+00 -5.148176354536e+00 -2.104507362508e+00 2.070847849520e+00 -2.563013149129e+00 2.031925217215e+00 -2.267464337487e+00 3.003187825500e+00 3.595739213125e+00
1460	-1.157433448568e-01 4.916438980369e+00 -2.586379949036e+00 1.874413097836e+00 2.336465464435e+00 -2.305006820600e+00 2.355644431315e+00 -5.148176354536e+00 -2.104507362508e+00 2.070847849520e+00 -2.563013149129e+00 2.031925217215e+00 -2.267464337487e+00 3.002022355158e+00 3.596952218813e+00
1470	-1.157433448568e-01 4.916438980369e+00 -2.586379949036e+00 1.874413097836e+00 2.336465464435e+00 -2.305006820600e+00 2.355644431315e+00 -5.148176354536e+00 -2.104507362508e+00 2.070847849520e+00 -2.563013149129e+00 2.031925217215e+00 -2.267464337487e+00 3.000851189685e+00 3.598172173743e+00
1480	-1.157433448568e-01 4.916438980369e+00 -2.586379949036e+00 1.874413097836e+00 2.336465464435e+00 -2.305006820600e+00 2.355644431315e+00 -5.148176354536e+00 -2.104507362508e+00 2.070847849520e+00 -2.563013149129e+00 2.031925217215e+00 -2.267464337487e+00 2.999672996565e+00 3.599399979252e+00
1490	-1.157433448568e-01 4.916438980369e+00 -2.586379949036e+00 1.874413097836e+00 2.336465464435e+00 -2.305006820600e+00 2.355644431315e+00 -5.148176354536e+00 -2.104507362508e+00 2.070847849520e+00 -2.563013149129e+00 2.031925217215e+00 -2.267464337487e+00 2.998486522144e+00 3.600638474876e+00
1500	-1.157433448568e-01 4.916438980369e+00 -2.586379949036e+00 1.874413097836e+00 2.336465464435e+00 -2.305006820600e+00 2.355644431315e+00 -5.148176354536e+00 -2.104507362508e+00 2.070847849520e+00 -2.563013149129e+00 2.031925217215e+00 -2.267464337487e+00 2.997291579785e+00 3.601888527382e+00
1510	-1.157433448568e-01 4.916438980369e+00 -2.586379949036e+00 1.874413097836e+00 2.336465464435e+00 -2.305006820600e+00 2.355644431315e+00 -5.148176354536e+00 -2.104507362508e+00 2.070847849520e+00 -2.563013149129e+00 2.031925217215e+00 -2.267464337487e+00 2.996087559310e+00 3.603149774746e+00
1520	-1.157433448568e-01 4.916438980369e+00 -2.586379949036e+00 1.874413097836e+00 2.336465464435e+00 -2.305006820600e+00 2.355644431315e+00 -5.148176354536e+00 -2.104507362508e+00 2.070847849520e+00 -2.563013149129e+00 2.031925217215e+00 -2.267464337487e+00 2.994871905438e+00 3.604424028053e+00
1530	-1.157433448568e-01 4.916438980369e+00 -2.586379949036e+00 1.874413097836e+00 2.336465464435e+00 -2.305006820600e+00 2.355644431315e+00 -5.148176354536e+00 -2.104507362508e+00 2.070847849520e+00 -2.563013149129e+00 2.031925217215e+00 -2.267464337487e+00 2.993644323838e+00 3.605712490770e+00
1540	-1.157433448568e-01 4.916438980369e+00 -2.586379949036e+00 1.874413097836e+00 2.336465464435e+00 -2.305006820600e+00 2.355644431315e+00 -5.148176354536e+00 -2.104507362508e+00 2.070847849520e+00 -2.563013149129e+00 2.031925217215e+00 -2.267464337487e+00 2.992408061525e+00 3.607011811951e+00
1550	-1.157433448568e-01 4.916438980369e+00 -2.586379949036e+00 1.874413097836e+00 2.336465464435e+00 -2.305006820600e+00 2.355644431315e+00 -5.148176354536e+00 -2.104507362508e+00 2.070847849520e+00 -2.563013149129e+00 2.031925217215e+00 -2.267464337487e+00 2.991164896188e+00 3.608318794913e+00
1560	-1.157433448568e-01 4.916438980369e+00 -2.586379949036e+00 1.874413097836e+00 2.336465464435e+00 -2.305006820600e+00 2.355644431315e+00 -5.148176354536e+00 -2.104507362508e+00 2.070847849520e+00 -2.563013149129e+00 2.031925217215e+00 -2.267464337487e+00 2.989913072799e+00 3.609634863307e+00
1570	-1.157433448568e-01 4.916438980369e+00 -2.586379949036e+00 1.874413097836e+00 2.336465464435e+00 -2.305006820600e+00 2.355644431315e+00 -5.148176354536e+00 -2.104507362508e+00 2.070847849520e+00 -2.563013149129e+00 2.031925217215e+00 -2.267464337487e+00 2.988649212973e+00 3.610963370758e+00
1580	-1.157433448568e-01 4.916438980369e+00 -2.586379949036e+00 1.874413097836e+00 2.336465464435e+00 -2.305006820600e+00 2.355644431315e+00 -5.148176354536e+00 -2.104507362508e+00 2.070847849520e+00 -2.563013149129e+00 2.031925217215e+00 -2.267464337487e+00 2.987372712819e+00 3.612304470877e+00
1590	-1.157433448568e-01 4.916438980369e+00 -2.586379949036e+00 1.874413097836e+00 2.336465464435e+00 -2.305006820600e+00 2.355644431315e+00 -5.148176354536e+00 -2.104507362508e+00 2.070847849520e+00 -2.563013149129e+00 2.031925217215e+00 -2.267464337487e+00 2.986084552339e+00 3.613656993901e+00
1600	-1.157433448568e-01 4.916438980369e+00 -2.586379949036e+00 1.874413097836e+00 2.336465464435e+00 -2.305006820600e+00 2.355644431315e+00 -5.148176354536e+00 -2.104507362508e+00 2.070847849520e+00 -2.563013149129e+00 2.031925217215e+00 -2.267464337487e+00 2.984783792011e+00 3.615021861470e+00
1610	-1.157433448568e-01 4.916438980369e+00 -2.586379949036e+00 1.874413097836e+00 2.336465464435e+00 -2.305006820600e+00 2.355644431315e+00 -5.148176354536e+00 -2.104507362508e+00 2.070847849520e+00 -2.563013149129e+00 2.031925217215e+00 -2.267464337487e+00 2.983470095504e+00 3.616399154864e+00
1620	-1.157433448568e-01 4.916438980369e+00 -2.586379949036e+00 1.874413097836e+00 2.336465464435e+00 -2.305006820600e+00 2.355644431315e+00 -5.148176354536e+00 -2.104507362508e+00 2.070847849520e+00 -2.563013149129e+00 2.031925217215e+00 -2.267464337487e+00 2.982145466769e+00 3.617786450645e+00
1630	-1.157433448568e-01 4.916438980369e+00 -2.586379949036e+00 1.874413097836e+00 2.336465464435e+00 -2.305006820600e+00 2.355644431315e+00 -5.148176354536e+00 -2.104507362508e+00 2.070847849520e+00 -2.563013149129e+00 2.031925217215e+00 -2.267464337487e+00 2.980812367742e+00 3.619181092717e+00
1640	-1.157433448568e-01 4.916438980369e+00 -2.586379949036e+00 1.874413097836e+00 2.336465464435e+00 -2.305006820600e+00 2.355644431315e+00 -5.148176354536e+00 -2.104507362508e+00 2.070847849520e+00 -2.563013149129e+00 2.031925217215e+00 -2.267464337487e+00 2.979471542799e+00 3.620582499864e+00
1650	-1.157433448568e-01 4.916438980369e+00 -2.586379949036e+00 1.874413097836e+00 2.336465464435e+00 -2.305006820600e+00 2.355644431315e+00 -5.148176354536e+00 -2.104507362508e+00 2.070847849520e+00 -2.563013149129e+00 2.031925217215e+00 -2.267464337487e+00 2.978122126137e+00 3.621991372615e+00
1660	-1.157433448568e-01 4.916438980369e+00 -2.586379949036e+00 1.874413097836e+00 2.336465464435e+00 -2.305006820600e+00 2.355644431315e+00 -5.148176354536e+00 -2.104507362508e+00 2.070847849520e+00 -2.563013149129e+00 2.031925217215e+00 -2.267464337487e+00 2.976763966882e+00 3.623407270673e+00
1670	-1.157433448568e-01 4.916438980369e+00 -2.586379949036e+00 1.874413097836e+00 2.336465464435e+00 -2.305006820600e+00 2.355644431315e+00 -5.148176354536e+00 -2.104507362508e+00 2.070847849520e+00 -2.563013149129e+00 2.031925217215e+00 -2.267464337487e+00 2.975398639762e+00 3.624828709011e+00
1680	-1.157433448568e-01 4.916438980369e+00 -2.586379949036e+00 1.874413097836e+00 2.336465464435e+00 -2.305006820600e+00 2.355644431315e+00 -5.148176354536e+00 -2.104507362508e+00 2.070847849520e+00 -2.563013149129e+00 2.031925217215e+00 -2.267464337487e+00 2.974029000795e+00 3.626253983652e+00
1690	-1.157433448568e-01 4.916438980369e+00 -2.586379949036e+00 1.874413097836e+00 2.336465464435e+00 -2.305006820600e+00 2.355644431315e+00 -5.148176354536e+00 -2.104507362508e+00 2.070847849520e+00 -2.563013149129e+00 2.031925217215e+00 -2.267464337487e+00 2.972657191075e+00 3.627681907675e+00
1700	-1.157433448568e-01 4.916438980369e+00 -2.586379949036e+00 1.874413097836e+00 2.336465464435e+00 -2.305006820600e+00 2.355644431315e+00 -5.148176354536e+00 -2.104507362508e+00 2.070847849520e+00 -2.563013149129e+00 2.031925217215e+00 -2.267464337487e+00 2.971284480170e+00 3.629111824864e+00
1710	-1.157433448568e-01 4.916438980369e+00 -2.586379949036e+00 1.874413097836e+00 2.336465464435e+00 -2.305006820600e+00 2.355644431315e+00 -5.148176354536e+00 -2.104507362508e+00 2.070847849520e+00 -2.563013149129e+00 2.031925217215e+00 -2.267464337487e+00 2.969911376259e+00 3.630544034537e+00
1720	-1.157433448568e-01 4.916438980369e+00 -2.586379949036e+00 1.874413097836e+00 2.336465464435e+00 -2.305006820600e+00 2.355644431315e+00 -5.148176354536e+00 -2.104507362508e+00 2.070847849520e+00 -2.563013149129e+00 2.031925217215e+00 -2.267464337487e+00 2.968538503978e+00 3.631978443587e+00
1730	-1.157433448568e-01 4.916438980369e+00 -2.586379949036e+00 1.874413097836e+00 2.336465464435e+00 -2.305006820600e+00 2.355644431315e+00 -5.148176354536e+00 -2.104507362508e+00 2.070847849520e+00 -2.563013149129e+00 2.031925217215e+00 -2.267464337487e+00 2.967167067164e+00 3.633413709431e+00
1740	-1.157433448568e-01 4.916438980369e+00 -2.586379949036e+00 1.874413097836e+00 2.336465464435e+00 -2.305006820600e+00 2.355644431315e+00 -5.148176354536e+00 -2.104507362508e+00 2.070847849520e+00 -2.563013149129e+00 2.031925217215e+00 -2.267464337487e+00 2.965796769730e+00 3.634850073211e+00
1750	-1.157433448568e-01 4.916438980369e+00 -2.586379949036e+00 1.874413097836e+00 2.336465464435e+00 -2.305006820600e+00 2.355644431315e+00 -5.148176354536e+00 -2.104507362508e+00 2.070847849520e+00 -2.563013149129e+00 2.031925217215e+00 -2.267464337487e+00 2.964425359014e+00 3.636290208514e+00
1760	-1.157433448568e-01 4.916438980369e+00 -2.586379949036e+00 1.874413097836e+00 2.336465464435e+00 -2.305006820600e+00 2.355644431315e+00 -5.148176354536e+00 -2.104507362508e+00 2.070847849520e+00 -2.563013149129e+00 2.031925217215e+00 -2.267464337487e+00 2.963051626423e+00 3.637736147865e+00
1770	-1.157433448568e-01 4.916438980369e+00 -2.586379949036e+00 1.874413097836e+00 2.336465464435e+00 -2.305006820600e+00 2.355644431315e+00 -5.148176354536e+00 -2.104507362508e+00 2.070847849520e+00 -2.563013149129e+00 2.031925217215e+00 -2.267464337487e+00 2.961677773593e+00 3.639187356796e+00
1780	-1.157433448568e-01 4.916438980369e+00 -2.586379949036e+00 1.874413097836e+00 2.336465464435e+00 -2.305006820600e+00 2.355644431315e+00 -5.148176354536e+00 -2.104507362508e+00 2.070847849520e+00 -2.563013149129e+00 2.031925217215e+00 -2.267464337487e+00 2.960308267342e+00 3.640641406683e+00
1790	-1.157433448568e-01 4.916438980369e+00 -2.586379949036e+00 1.874413097836e+00 2.336465464435e+00 -2.305006820600e+00 2.355644431315e+00 -5.148176354536e+00 -2.104507362508e+00 2.070847849520e+00 -2.563013149129e+00 2.031925217215e+00 -2.267464337487e+00 2.958944612644e+00 3.642097572204e+00
1800	-1.157433448568e-01 4.916438980369e+00 -2.586379949036e+00 1.874413097836e+00 2.336465464435e+00 -2.305006820600e+00 2.355644431315e+00 -5.148176354536e+00 -2.104507362508e+00 2.070847849520e+00 -2.563013149129e+00 2.031925217215e+00 -2.267464337487e+00 2.957584300294e+00 3.643556933888e+00
1810	-1.157433448568e-01 4.916438980369e+00 -2.586379949036e+00 1.874413097836e+00 2.336465464435e+00 -2.305006820600e+00 2.355644431315e+00 -5.148176354536e+00 -2.104507362508e+00 2.070847849520e+00 -2.563013149129e+00 2.031925217215e+00 -2.267464337487e+00 2.956224162433e+00 3.645021075866e+00
1820	-1.157433448568e-01 4.916438980369e+00 -2.586379949036e+00 1.874413097836e+00 2.336465464435e+00 -2.305006820600e+00 2.355644431315e+00 -5.148176354536e+00 -2.104507362508e+00 2.070847849520e+00 -2.563013149129e+00 2.031925217215e+00 -2.267464337487e+00 2.954863189287e+00 3.646491102990e+00
1830	-1.157433448568e-01 4.916438980369e+00 -2.586379949036e+00 1.874413097836e+00 2.336465464435e+00 -2.305006820600e+00 2.355644431315e+00 -5.148176354536e+00 -2.104507362508e+00 2.070847849520e+00 -2.563013149129e+00 2.031925217215e+00 -2.267464337487e+00 2.953502374437e+00 3.647966419672e+00
1840	-1.157433448568e-01 4.916438980369e+00 -2.586379949036e+00 1.874413097836e+00 2.336465464435e+00 -2.305006820600e+00 2.355644431315e+00 -5.148176354536e+00 -2.104507362508e+00 2.070847849520e+00 -2.563013149129e+00 2.031925217215e+00 -2.267464337487e+00 2.952142336864e+00 3.649446355916e+00
1850	-1.157433448568e-01 4.916438980369e+00 -2.586379949036e+00 1.874413097836e+00 2.336465464435e+00 -2.305006820600e+00 2.355644431315e+00 -5.148176354536e+00 -2.104507362508e+00 2.070847849520e+00 -2.563013149129e+00 2.031925217215e+00 -2.267464337487e+00 2.950782567888e+00 3.650930284866e+00
1860	-1.157433448568e-01 4.916438980369e+00 -2.586379949036e+00 1.874413097836e+00 2.336465464435e+00 -2.305006820600e+00 2.355644431315e+00 -5.148176354536e+00 -2.104507362508e+00 2.070847849520e+00 -2.563013149129e+00 2.031925217215e+00 -2.267464337487e+00 2.949420702365e+00 3.652417878343e+00
1870	-1.157433448568e-01 4.916438980369e+00 -2.586379949036e+00 1.874413097836e+00 2.336465464435e+00 -2.305006820600e+00 2.355644431315e+00 -5.148176354536e+00 -2.104507362508e+00 2.070847849520e+00 -2.563013149129e+00 2.031925217215e+00 -2.267464337487e+00 2.948052850857e+00 3.653909956265e+00
1880	-1.157433448568e-01 4.916438980369e+00 -2.586379949036e+00 1.874413097836e+00 2.336465464435e+00 -2.305006820600e+00 2.355644431315e+00 -5.148176354536e+00 -2.104507362508e+00 2.070847849520e+00 -2.563013149129e+00 2.031925217215e+00 -2.267464337487e+00 2.946676083427e+00 3.655407595022e+00
1890	-1.157433448568e-01 4.916438980369e+00 -2.586379949036e+00 1.874413097836e+00 2.336465464435e+00 -2.305006820600e+00 2.355644431315e+00 -5.148176354536e+00 -2.104507362508e+00 2.070847849520e+00 -2.563013149129e+00 2.031925217215e+00 -2.267464337487e+00 2.945290208275e+00 3.656911001993e+00
1900	-1.157433448568e-01 4.916438980369e+00 -2.586379949036e+00 1.874413097836e+00 2.336465464435e+00 -2.305006820600e+00 2.355644431315e+00 -5.148176354536e+00 -2.104507362508e+00 2.070847849520e+00 -2.563013149129e+00 2.031925217215e+00 -2.267464337487e+00 2.943897320306e+00 3.658419126284e+00
1910	-1.157433448568e-01 4.916438980369e+00 -2.586379949036e+00 1.874413097836e+00 2.336465464435e+00 -2.305006820600e+00 2.355644431315e+00 -5.148176354536e+00 -2.104507362508e+00 2.070847849520e+00 -2.563013149129e+00 2.031925217215e+00 -2.267464337487e+00 2.942500088527e+00 3.659929950429e+00
1920	-1.157433448568e-01 4.916438980369e+00 -2.586379949036e+00 1.874413097836e+00 2.336465464435e+00 -2.305006820600e+00 2.355644431315e+00 -5.148176354536e+00 -2.104507362508e+00 2.070847849520e+00 -2.563013149129e+00 2.031925217215e+00 -2.267464337487e+00 2.941098972399e+00 3.661442962741e+00
1930	-1.157433448568e-01 4.916438980369e+00 -2.586379949036e+00 1.874413097836e+00 2.336465464435e+00 -2.305006820600e+00 2.355644431315e+00 -5.148176354536e+00 -2.104507362508e+00 2.070847849520e+00 -2.563013149129e+00 2.031925217215e+00 -2.267464337487e+00 2.939690777723e+00 3.662961060306e+00
1940	-1.157433448568e-01 4.916438980369e+00 -2.586379949036e+00 1.874413097836e+00 2.336465464435e+00 -2.305006820600e+00 2.355644431315e+00 -5.148176354536e+00 -2.104507362508e+00 2.070847849520e+00 -2.563013149129e+00 2.031925217215e+00 -2.267464337487e+00 2.938269300153e+00 3.664489940606e+00
1950	-1.157433448568e-01 4.916438980369e+00 -2.586379949036e+00 1.874413097836e+00 2.336465464435e+00 -2.305006820600e+00 2.355644431315e+00 -5.148176354536e+00 -2.104507362508e+00 2.070847849520e+00 -2.563013149129e+00 2.031925217215e+00 -2.267464337487e+00 2.936830915820e+00 3.666032167237e+00
1960	-1.157433448568e-01 4.916438980369e+00 -2.586379949036e+00 1.874413097836e+00 2.336465464435e+00 -2.305006820600e+00 2.355644431315e+00 -5.148176354536e+00 -2.104507362508e+00 2.070847849520e+00 -2.563013149129e+00 2.031925217215e+00 -2.267464337487e+00 2.935376422350e+00 3.667585447478e+00
1970	-1.157433448568e-01 4.916438980369e+00 -2.586379949036e+00 1.874413097836e+00 2.336465464435e+00 -2.305006820600e+00 2.355644431315e+00 -5.148176354536e+00 -2.104507362508e+00 2.070847849520e+00 -2.563013149129e+00 2.031925217215e+00 -2.267464337487e+00 2.933908757659e+00 3.669145749198e+00
1980	-1.157433448568e-01 4.916438980369e+00 -2.586379949036e+00 1.874413097836e+00 2.336465464435e+00 -2.305006820600e+00 2.355644431315e+00 -5.148176354536e+00 -2.104507362508e+00 2.070847849520e+00 -2.563013149129e+00 2.031925217215e+00 -2.267464337487e+00 2.932429834379e+00 3.670711796710e+00
1990	-1.157433448568e-01 4.916438980369e+00 -2.586379949036e+00 1.874413097836e+00 2.336465464435e+00 -2.305006820600e+00 2.355644431315e+00 -5.148176354536e+00 -2.104507362508e+00 2.070847849520e+00 -2.563013149129e+00 2.031925217215e+00 -2.267464337487e+00 2.930939437568e+00 3.672286269304e+00
2000	-1.157433448568e-01 4.916438980369e+00 -2.586379949036e+00 1.874413097836e+00 2.336465464435e+00 -2.305006820600e+00 2.355644431315e+00 -5.148176354536e+00 -2.104507362508e+00 2.070847849520e+00 -2.563013149129e+00 2.031925217215e+00 -2.267464337487e+00 2.929440348235e+00 3.673869303219e+00
2010	-1.157433448568e-01 4.916438980369e+00 -2.586379949036e+00 1.874413097836e+00 2.336465464435e+00 -2.305006820600e+00 2.355644431315e+00 -5.148176354536e+00 -2.104507362508e+00 2.070847849520e+00 -2.563013149129e+00 2.031925217215e+00 -2.267464337487e+00 2.927939783795e+00 3.675456289424e+00
2020	-1.157433448568e-01 4.916438980369e+00 -2.586379949036e+00 1.874413097836e+00 2.336465464435e+00 -2.305006820600e+00 2.355644431315e+00 -5.148176354536e+00 -2.104507362508e+00 2.070847849520e+00 -2.563013149129e+00 2.031925217215e+00 -2.267464337487e+00 2.926443085568e+00 3.677043685088e+00
2030	-1.157433448568e-01 4.916438980369e+00 -2.586379949036e+00 1.874413097836e+00 2.336465464435e+00 -2.305006820600e+00 2.355644431315e+00 -5.148176354536e+00 -2.104507362508e+00 2.070847849520e+00 -2.563013149129e+00 2.031925217215e+00 -2.267464337487e+00 2.924948965915e+00 3.678632917494e+00
2040	-1.157433448568e-01 4.916438980369e+00 -2.586379949036e+00 1.874413097836e+00 2.336465464435e+00 -2.305006820600e+00 2.355644431315e+00 -5.148176354536e+00 -2.104507362508e+00 2.070847849520e+00 -2.563013149129e+00 2.031925217215e+00 -2.267464337487e+00 2.923453198310e+00 3.680228231932e+00
2050	-1.157433448568e-01 4.916438980369e+00 -2.586379949036e+00 1.874413097836e+00 2.336465464435e+00 -2.305006820600e+00 2.355644431315e+00 -5.148176354536e+00 -2.104507362508e+00 2.070847849520e+00 -2.563013149129e+00 2.031925217215e+00 -2.267464337487e+00 2.921953697459e+00 3.681832889831e+00
2060	-1.157433448568e-01 4.916438980369e+00 -2.586379949036e+00 1.874413097836e+00 2.336465464435e+00 -2.305006820600e+00 2.355644431315e+00 -5.148176354536e+00 -2.104507362508e+00 2.070847849520e+00 -2.563013149129e+00 2.031925217215e+00 -2.267464337487e+00 2.920449465886e+00 3.683447531752e+00
2070	-1.157433448568e-01 4.916438980369e+00 -2.586379949036e+00 1.874413097836e+00 2.336465464435e+00 -2.305006820600e+00 2.355644431315e+00 -5.148176354536e+00 -2.104507362508e+00 2.070847849520e+00 -2.563013149129e+00 2.031925217215e+00 -2.267464337487e+00 2.918940758904e+00 3.685070253083e+00
2080	-1.157433448568e-01 4.916438980369e+00 -2.586379949036e+00 1.874413097836e+00 2.336465464435e+00 -2.305006820600e+00 2.355644431315e+00 -5.148176354536e+00 -2.104507362508e+00 2.070847849520e+00 -2.563013149129e+00 2.031925217215e+00 -2.267464337487e+00 2.917431607430e+00 3.686698821236e+00
2090	-1.157433448568e-01 4.916438980369e+00 -2.586379949036e+00 1.874413097836e+00 2.336465464435e+00 -2.305006820600e+00 2.355644431315e+00 -5.148176354536e+00 -2.104507362508e+00 2.070847849520e+00 -2.563013149129e+00 2.031925217215e+00 -2.267464337487e+00 2.915924975526e+00 3.688332677650e+00
2100	-1.157433448568e-01 4.916438980369e+00 -2.586379949036e+00 1.874413097836e+00 2.336465464435e+00 -2.305006820600e+00 2.355644431315e+00 -5.148176354536e+00 -2.104507362508e+00 2.070847849520e+00 -2.563013149129e+00 2.031925217215e+00 -2.267464337487e+00 2.914417822255e+00 3.689973372184e+00
2110	-1.157433448568e-01 4.916438980369e+00 -2.586379949036e+00 1.874413097836e+00 2.336465464435e+00 -2.305006820600e+00 2.355644431315e+00 -5.148176354536e+00 -2.104507362508e+00 2.070847849520e+00 -2.563013149129e+00 2.031925217215e+00 -2.267464337487e+00 2.912905755569e+00 3.691622499566e+00
2120	-1.157433448568e-01 4.916438980369e+00 -2.586379949036e+00 1.874413097836e+00 2.336465464435e+00 -2.305006820600e+00 2.355644431315e+00 -5.148176354536e+00 -2.104507362508e+00 2.070847849520e+00 -2.563013149129e+00 2.031925217215e+00 -2.267464337487e+00 2.911387776827e+00 3.693278854220e+00
2130	-1.157433448568e-01 4.916438980369e+00 -2.586379949036e+00 1.874413097836e+00 2.336465464435e+00 -2.305006820600e+00 2.355644431315e+00 -5.148176354536e+00 -2.104507362508e+00 2.070847849520e+00 -2.563013149129e+00 2.031925217215e+00 -2.267464337487e+00 2.909867362620e+00 3.694938182239e+00
2140	-1.157433448568e-01 4.916438980369e+00 -2.586379949036e+00 1.874413097836e+00 2.336465464435e+00 -2.305006820600e+00 2.355644431315e+00 -5.148176354536e+00 -2.104507362508e+00 2.070847849520e+00 -2.563013149129e+00 2.031925217215e+00 -2.267464337487e+00 2.908348742065e+00 3.696597042572e+00
2150	-1.157433448568e-01 4.916438980369e+00 -2.586379949036e+00 1.874413097836e+00 2.336465464435e+00 -2.305006820600e+00 2.355644431315e+00 -5.148176354536e+00 -2.104507362508e+00 2.070847849520e+00 -2.563013149129e+00 2.031925217215e+00 -2.267464337487e+00 2.906833612797e+00 3.698254715484e+00
2160	-1.157433448568e-01 4.916438980369e+00 -2.586379949036e+00 1.874413097836e+00 2.336465464435e+00 -2.305006820600e+00 2.355644431315e+00 -5.148176354536e+00 -2.104507362508e+00 2.070847849520e+00 -2.563013149129e+00 2.031925217215e+00 -2.267464337487e+00 2.905320577366e+00 3.699912115234e+00
2170	-1.157433448568e-01 4.916438980369e+00 -2.586379949036e+00 1.874413097836e+00 2.336465464435e+00 -2.305006820600e+00 2.355644431315e+00 -5.148176354536e+00 -2.104507362508e+00 2.070847849520e+00 -2.563013149129e+00 2.031925217215e+00 -2.267464337487e+00 2.903806819343e+00 3.701569964215e+00
2180	-1.157433448568e-01 4.916438980369e+00 -2.586379949036e+00 1.874413097836e+00 2.336465464435e+00 -2.305006820600e+00 2.355644431315e+00 -5.148176354536e+00 -2.104507362508e+00 2.070847849520e+00 -2.563013149129e+00 2.031925217215e+00 -2.267464337487e+00 2.902288710734e+00 3.703230138822e+00
2190	-1.157433448568e-01 4.916438980369e+00 -2.586379949036e+00 1.874413097836e+00 2.336465464435e+00 -2.305006820600e+00 2.355644431315e+00 -5.148176354536e+00 -2.104507362508e+00 2.070847849520e+00 -2.563013149129e+00 2.031925217215e+00 -2.267464337487e+00 2.900765767623e+00 3.704892298316e+00
2200	-1.157433448568e-01 4.916438980369e+00 -2.586379949036e+00 1.874413097836e+00 2.336465464435e+00 -2.305006820600e+00 2.355644431315e+00 -5.148176354536e+00 -2.104507362508e+00 2.070847849520e+00 -2.563013149129e+00 2.031925217215e+00 -2.267464337487e+00 2.899241380038e+00 3.706552169511e+00
2210	-1.157433448568e-01 4.916438980369e+00 -2.586379949036e+00 1.874413097836e+00 2.336465464435e+00 -2.305006820600e+00 2.355644431315e+00 -5.148176354536e+00 -2.104507362508e+00 2.070847849520e+00 -2.563013149129e+00 2.031925217215e+00 -2.267464337487e+00 2.897713952928e+00 3.708210528903e+00
2220	-1.157433448568e-01 4.916438980369e+00 -2.586379949036e+00 1.874413097836e+00 2.336465464435e+00 -2.305006820600e+00 2.355644431315e+00 -5.148176354536e+00 -2.104507362508e+00 2.070847849520e+00 -2.563013149129e+00 2.031925217215e+00 -2.267464337487e+00 2.896177800732e+00 3.709873293587e+00
2230	-1.157433448568e-01 4.916438980369e+00 -2.586379949036e+00 1.874413097836e+00 2.336465464435e+00 -2.305006820600e+00 2.355644431315e+00 -5.148176354536e+00 -2.104507362508e+00 2.070847849520e+00 -2.563013149129e+00 2.031925217215e+00 -2.267464337487e+00 2.894629721725e+00 3.711545025756e+00
2240	-1.157433448568e-01 4.916438980369e+00 -2.586379949036e+00 1.874413097836e+00 2.336465464435e+00 -2.305006820600e+00 2.355644431315e+00 -5.148176354536e+00 -2.104507362508e+00 2.070847849520e+00 -2.563013149129e+00 2.031925217215e+00 -2.267464337487e+00 2.893070203253e+00 3.713226598055e+00
2250	-1.157433448568e-01 4.916438980369e+00 -2.586379949036e+00 1.874413097836e+00 2.336465464435e+00 -2.305006820600e+00 2.355644431315e+00 -5.148176354536e+00 -2.104507362508e+00 2.070847849520e+00 -2.563013149129e+00 2.031925217215e+00 -2.267464337487e+00 2.891503247494e+00 3.714914099161e+00
2260	-1.157433448568e-01 4.916438980369e+00 -2.586379949036e+00 1.874413097836e+00 2.336465464435e+00 -2.305006820600e+00 2.355644431315e+00 -5.148176354536e+00 -2.104507362508e+00 2.070847849520e+00 -2.563013149129e+00 2.031925217215e+00 -2.267464337487e+00 2.889932508141e+00 3.716603112797e+00
2270	-1.157433448568e-01 4.916438980369e+00 -2.586379949036e+00 1.874413097836e+00 2.336465464435e+00 -2.305006820600e+00 2.355644431315e+00 -5.148176354536e+00 -2.104507362508e+00 2.070847849520e+00 -2.563013149129e+00 2.031925217215e+00 -2.267464337487e+00 2.888357345570e+00 3.718294670998e+00
2280	-1.157433448568e-01 4.916438980369e+00 -2.586379949036e+00 1.874413097836e+00 2.336465464435e+00 -2.305006820600e+00 2.355644431315e+00 -5.148176354536e+00 -2.104507362508e+00 2.070847849520e+00 -2.563013149129e+00 2.031925217215e+00 -2.267464337487e+00 2.886774924479e+00 3.719993608980e+00
2290	-1.157433448568e-01 4.916438980369e+00 -2.586379949036e+00 1.874413097836e+00 2.336465464435e+00 -2.305006820600e+00 2.355644431315e+00 -5.148176354536e+00 -2.104507362508e+00 2.070847849520e+00 -2.563013149129e+00 2.031925217215e+00 -2.267464337487e+00 2.885185302329e+00 3.721702111732e+00
2300	-1.157433448568e-01 4.916438980369e+00 -2.586379949036e+00 1.874413097836e+00 2.336465464435e+00 -2.305006820600e+00 2.355644431315e+00 -5.148176354536e+00 -2.104507362508e+00 2.070847849520e+00 -2.563013149129e+00 2.031925217215e+00 -2.267464337487e+00 2.883591899978e+00 3.723417609134e+00
2310	-1.157433448568e-01 4.916438980369e+00 -2.586379949036e+00 1.874413097836e+00 2.336465464435e+00 -2.305006820600e+00 2.355644431315e+00 -5.148176354536e+00 -2.104507362508e+00 2.070847849520e+00 -2.563013149129e+00 2.031925217215e+00 -2.267464337487e+00 2.881996383838e+00 3.725138099189e+00
2320	-1.157433448568e-01 4.916438980369e+00 -2.586379949036e+00 1.874413097836e+00 2.336465464435e+00 -2.305006820600e+00 2.355644431315e+00 -5.148176354536e+00 -2.104507362508e+00 2.070847849520e+00 -2.563013149129e+00 2.031925217215e+00 -2.267464337487e+00 2.880398883514e+00 3.726864167346e+00
2330	-1.157433448568e-01 4.916438980369e+00 -2.586379949036e+00 1.874413097836e+00 2.336465464435e+00 -2.305006820600e+00 2.355644431315e+00 -5.148176354536e+00 -2.104507362508e+00 2.070847849520e+00 -2.563013149129e+00 2.031925217215e+00 -2.267464337487e+00 2.878796538006e+00 3.728599487826e+00
2340	-1.157433448568e-01 4.916438980369e+00 -2.586379949036e+00 1.874413097836e+00 2.336465464435e+00 -2.305006820600e+00 2.355644431315e+00 -5.148176354536e+00 -2.104507362508e+00 2.070847849520e+00 -2.563013149129e+00 2.031925217215e+00 -2.267464337487e+00 2.877183914336e+00 3.730349503059e+00
2350	-1.157433448568e-01 4.916438980369e+00 -2.586379949036e+00 1.874413097836e+00 2.336465464435e+00 -2.305006820600e+00 2.355644431315e+00 -5.148176354536e+00 -2.104507362508e+00 2.070847849520e+00 -2.563013149129e+00 2.031925217215e+00 -2.267464337487e+00 2.875560614446e+00 3.732116635680e+00
2360	-1.157433448568e-01 4.916438980369e+00 -2.586379949036e+00 1.874413097836e+00 2.336465464435e+00 -2.305006820600e+00 2.355644431315e+00 -5.148176354536e+00 -2.104507362508e+00 2.070847849520e+00 -2.563013149129e+00 2.031925217215e+00 -2.267464337487e+00 2.873933261385e+00 3.733896801496e+00
2370	-1.157433448568e-01 4.916438980369e+00 -2.586379949036e+00 1.874413097836e+00 2.336465464435e+00 -2.305006820600e+00 2.355644431315e+00 -5.148176354536e+00 -2.104507362508e+00 2.070847849520e+00 -2.563013149129e+00 2.031925217215e+00 -2.267464337487e+00 2.872303917767e+00 3.735687603750e+00
2380	-1.157433448568e-01 4.916438980369e+00 -2.586379949036e+00 1.874413097836e+00 2.336465464435e+00 -2.305006820600e+00 2.355644431315e+00 -5.148176354536e+00 -2.104507362508e+00 2.070847849520e+00 -2.563013149129e+00 2.031925217215e+00 -2.267464337487e+00 2.870673287000e+00 3.737486940001e+00
2390	-1.157433448568e-01 4.916438980369e+00 -2.586379949036e+00 1.874413097836e+00 2.336465464435e+00 -2.305006820600e+00 2.355644431315e+00 -5.148176354536e+00 -2.104507362508e+00 2.070847849520e+00 -2.563013149129e+00 2.031925217215e+00 -2.267464337487e+00 2.869039486341e+00 3.739294983116e+00
2400	-1.157433448568e-01 4.916438980369e+00 -2.586379949036e+00 1.874413097836e+00 2.336465464435e+00 -2.305006820600e+00 2.355644431315e+00 -5.148176354536e+00 -2.104507362508e+00 2.070847849520e+00 -2.563013149129e+00 2.031925217215e+00 -2.267464337487e+00 2.867398406464e+00 3.741113391427e+00
2410	-1.157433448568e-01 4.916438980369e+00 -2.586379949036e+00 1.874413097836e+00 2.336465464435e+00 -2.305006820600e+00 2.355644431315e+00 -5.148176354536e+00 -2.104507362508e+00 2.070847849520e+00 -2.563013149129e+00 2.031925217215e+00 -2.267464337487e+00 2.865745611912e+00 3.742944153278e+00
2420	-1.157433448568e-01 4.916438980369e+00 -2.586379949036e+00 1.874413097836e+00 2.336465464435e+00 -2.305006820600e+00 2.355644431315e+00 -5.148176354536e+00 -2.104507362508e+00 2.070847849520e+00 -2.563013149129e+00 2.031925217215e+00 -2.267464337487e+00 2.864080120798e+00 3.744786790495e+00
2430	-1.157433448568e-01 4.916438980369e+00 -2.586379949036e+00 1.874413097836e+00 2.336465464435e+00 -2.305006820600e+00 2.355644431315e+00 -5.148176354536e+00 -2.104507362508e+00 2.070847849520e+00 -2.563013149129e+00 2.031925217215e+00 -2.267464337487e+00 2.862406858225e+00 3.746635558800e+00
2440	-1.157433448568e-01 4.916438980369e+00 -2.586379949036e+00 1.874413097836e+00 2.336465464435e+00 -2.305006820600e+00 2.355644431315e+00 -5.148176354536e+00 -2.104507362508e+00 2.070847849520e+00 -2.563013149129e+00 2.031925217215e+00 -2.267464337487e+00 2.860726182228e+00 3.748488864840e+00
2450	-1.157433448568e-01 4.916438980369e+00 -2.586379949036e+00 1.874413097836e+00 2.336465464435e+00 -2.305006820600e+00 2.355644431315e+00 -5.148176354536e+00 -2.104507362508e+00 2.070847849520e+00 -2.563013149129e+00 2.031925217215e+00 -2.267464337487e+00 2.859035355625e+00 3.750347896825e+00
2460	-1.157433448568e-01 4.916438980369e+00 -2.586379949036e+00 1.874413097836e+00 2.336465464435e+00 -2.305006820600e+00 2.355644431315e+00 -5.148176354536e+00 -2.104507362508e+00 2.070847849520e+00 -2.563013149129e+00 2.031925217215e+00 -2.267464337487e+00 2.857332235280e+00 3.752214585001e+00
2470	-1.157433448568e-01 4.916438980369e+00 -2.586379949036e+00 1.874413097836e+00 2.336465464435e+00 -2.305006820600e+00 2.355644431315e+00 -5.148176354536e+00 -2.104507362508e+00 2.070847849520e+00 -2.563013149129e+00 2.031925217215e+00 -2.267464337487e+00 2.855619366134e+00 3.754087821019e+00
2480	-1.157433448568e-01 4.916438980369e+00 -2.586379949036e+00 1.874413097836e+00 2.336465464435e+00 -2.305006820600e+00 2.355644431315e+00 -5.148176354536e+00 -2.104507362508e+00 2.070847849520e+00 -2.563013149129e+00 2.031925217215e+00 -2.267464337487e+00 2.853902861434e+00 3.755962811141e+00
2490	-1.157433448568e-01 4.916438980369e+00 -2.586379949036e+00 1.874413097836e+00 2.336465464435e+00 -2.305006820600e+00 2.355644431315e+00 -5.148176354536e+00 -2.104507362508e+00 2.070847849520e+00 -2.563013149129e+00 2.031925217215e+00 -2.267464337487e+00 2.852187938017e+00 3.757834443181e+00
2500	-1.157433448568e-01 4.916438980369e+00 -2.586379949036e+00 1.874413097836e+00 2.336465464435e+00 -2.305006820600e+00 2.355644431315e+00 -5.148176354536e+00 -2.104507362508e+00 2.070847849520e+00 -2.563013149129e+00 2.031925217215e+00 -2.267464337487e+00 2.850474159237e+00 3.759702212380e+00
2510	-1.157433448568e-01 4.916438980369e+00 -2.586379949036e+00 1.874413097836e+00 2.336465464435e+00 -2.305006820600e+00 2.355644431315e+00 -5.148176354536e+00 -2.104507362508e+00 2.070847849520e+00 -2.563013149129e+00 2.031925217215e+00 -2.267464337487e+00 2.848752910856e+00 3.761573194331e+00
2520	-1.157433448568e-01 4.916438980369e+00 -2.586379949036e+00 1.874413097836e+00 2.336465464435e+00 -2.305006820600e+00 2.355644431315e+00 -5.148176354536e+00 -2.104507362508e+00 2.070847849520e+00 -2.563013149129e+00 2.031925217215e+00 -2.267464337487e+00 2.847018507344e+00 3.763451486679e+00
2530	-1.157433448568e-01 4.916438980369e+00 -2.586379949036e+00 1.874413097836e+00 2.336465464435e+00 -2.305006820600e+00 2.355644431315e+00 -5.148176354536e+00 -2.104507362508e+00 2.070847849520e+00 -2.563013149129e+00 2.031925217215e+00 -2.267464337487e+00 2.845268380698e+00 3.765338299398e+00
2540	-1.157433448568e-01 4.916438980369e+00 -2.586379949036e+00 1.874413097836e+00 2.336465464435e+00 -2.305006820600e+00 2.355644431315e+00 -5.148176354536e+00 -2.104507362508e+00 2.070847849520e+00 -2.563013149129e+00 2.031925217215e+00 -2.267464337487e+00 2.843505675752e+00 3.767230178396e+00
2550	-1.157433448568e-01 4.916438980369e+00 -2.586379949036e+00 1.874413097836e+00 2.336465464435e+00 -2.305006820600e+00 2.355644431315e+00 -5.148176354536e+00 -2.104507362508e+00 2.070847849520e+00 -2.563013149129e+00 2.031925217215e+00 -2.267464337487e+00 2.841734138030e+00 3.769124575187e+00
2560	-1.157433448568e-01 4.916438980369e+00 -2.586379949036e+00 1.874413097836e+00 2.336465464435e+00 -2.305006820600e+00 2.355644431315e+00 -5.148176354536e+00 -2.104507362508e+00 2.070847849520e+00 -2.563013149129e+00 2.031925217215e+00 -2.267464337487e+00 2.839956153925e+00 3.771021279795e+00
2570	-1.157433448568e-01 4.916438980369e+00 -2.586379949036e+00 1.874413097836e+00 2.336465464435e+00 -2.305006820600e+00 2.355644431315e+00 -5.148176354536e+00 -2.104507362508e+00 2.070847849520e+00 -2.563013149129e+00 2.031925217215e+00 -2.267464337487e+00 2.838172421358e+00 3.772922194859e+00
2580	-1.157433448568e-01 4.916438980369e+00 -2.586379949036e+00 1.874413097836e+00 2.336465464435e+00 -2.305006820600e+00 2.355644431315e+00 -5.148176354536e+00 -2.104507362508e+00 2.070847849520e+00 -2.563013149129e+00 2.031925217215e+00 -2.267464337487e+00 2.836381554234e+00 3.774831416197e+00
2590	-1.157433448568e-01 4.916438980369e+00 -2.586379949036e+00 1.874413097836e+00 2.336465464435e+00 -2.305006820600e+00 2.355644431315e+00 -5.148176354536e+00 -2.104507362508e+00 2.070847849520e+00 -2.563013149129e+00 2.031925217215e+00 -2.267464337487e+00 2.834588567458e+00 3.776746854324e+00
2600	-1.157433448568e-01 4.916438980369e+00 -2.586379949036e+00 1.874413097836e+00 2.336465464435e+00 -2.305006820600e+00 2.355644431315e+00 -5.148176354536e+00 -2.104507362508e+00 2.070847849520e+00 -2.563013149129e+00 2.031925217215e+00 -2.267464337487e+00 2.832793372990e+00 3.778670572445e+00
2610	-1.157433448568e-01 4.916438980369e+00 -2.586379949036e+00 1.874413097836e+00 2.336465464435e+00 -2.305006820600e+00 2.355644431315e+00 -5.148176354536e+00 -2.104507362508e+00 2.070847849520e+00 -2.563013149129e+00 2.031925217215e+00 -2.267464337487e+00 2.830993281189e+00 3.780605212360e+00
2620	-1.157433448568e-01 4.916438980369e+00 -2.586379949036e+00 1.874413097836e+00 2.336465464435e+00 -2.305006820600e+00 2.355644431315e+00 -5.148176354536e+00 -2.104507362508e+00 2.070847849520e+00 -2.563013149129e+00 2.031925217215e+00 -2.267464337487e+00 2.829187880738e+00 3.782551073605e+00
2630	-1.157433448568e-01 4.916438980369e+00 -2.586379949036e+00 1.874413097836e+00 2.336465464435e+00 -2.305006820600e+00 2.355644431315e+00 -5.148176354536e+00 -2.104507362508e+00 2.070847849520e+00 -2.563013149129e+00 2.031925217215e+00 -2.267464337487e+00 2.827376698838e+00 3.784509931327e+00
2640	-1.157433448568e-01 4.916438980369e+00 -2.586379949036e+00 1.874413097836e+00 2.336465464435e+00 -2.305006820600e+00 2.355644431315e+00 -5.148176354536e+00 -2.104507362508e+00 2.070847849520e+00 -2.563013149129e+00 2.031925217215e+00 -2.267464337487e+00 2.825560329791e+00 3.786481521019e+00
2650	-1.157433448568e-01 4.916438980369e+00 -2.586379949036e+00 1.874413097836e+00 2.336465464435e+00 -2.305006820600e+00 2.355644431315e+00 -5.148176354536e+00 -2.104507362508e+00 2.070847849520e+00 -2.563013149129e+00 2.031925217215e+00 -2.267464337487e+00 2.823737774231e+00 3.788466635205e+00
2660	-1.157433448568e-01 4.916438980369e+00 -2.586379949036e+00 1.874413097836e+00 2.336465464435e+00 -2.305006820600e+00 2.355644431315e+00 -5.148176354536e+00 -2.104507362508e+00 2.070847849520e+00 -2.563013149129e+00 2.031925217215e+00 -2.267464337487e+00 2.821914653195e+00 3.790461937527e+00
2670	-1.157433448568e-01 4.916438980369e+00 -2.586379949036e+00 1.874413097836e+00 2.336465464435e+00 -2.305006820600e+00 2.355644431315e+00 -5.148176354536e+00 -2.104507362508e+00 2.070847849520e+00 -2.563013149129e+00 2.031925217215e+00 -2.267464337487e+00 2.820092472570e+00 3.792467298522e+00
2680	-1.157433448568e-01 4.916438980369e+00 -2.586379949036e+00 1.874413097836e+00 2.336465464435e+00 -2.305006820600e+00 2.355644431315e+00 -5.148176354536e+00 -2.104507362508e+00 2.070847849520e+00 -2.563013149129e+00 2.031925217215e+00 -2.267464337487e+00 2.818270478322e+00 3.794481140389e+00
2690	-1.157433448568e-01 4.916438980369e+00 -2.586379949036e+00 1.874413097836e+00 2.336465464435e+00 -2.305006820600e+00 2.355644431315e+00 -5.148176354536e+00 -2.104507362508e+00 2.070847849520e+00 -2.563013149129e+00 2.031925217215e+00 -2.267464337487e+00 2.816446397389e+00 3.796502076102e+00
2700	-1.157433448568e-01 4.916438980369e+00 -2.586379949036e+00 1.874413097836e+00 2.336465464435e+00 -2.305006820600e+00 2.355644431315e+00 -5.148176354536e+00 -2.104507362508e+00 2.070847849520e+00 -2.563013149129e+00 2.031925217215e+00 -2.267464337487e+00 2.814617301655e+00 3.798531496086e+00
2710	-1.157433448568e-01 4.916438980369e+00 -2.586379949036e+00 1.874413097836e+00 2.336465464435e+00 -2.305006820600e+00 2.355644431315e+00 -5.148176354536e+00 -2.104507362508e+00 2.070847849520e+00 -2.563013149129e+00 2.031925217215e+00 -2.267464337487e+00 2.812785623263e+00 3.800567677387e+00
2720	-1.157433448568e-01 4.916438980369e+00 -2.586379949036e+00 1.874413097836e+00 2.336465464435e+00 -2.305006820600e+00 2.355644431315e+00 -5.148176354536e+00 -2.104507362508e+00 2.070847849520e+00 -2.563013149129e+00 2.031925217215e+00 -2.267464337487e+00 2.810952604212e+00 3.802608990024e+00
2730	-1.157433448568e-01 4.916438980369e+00 -2.586379949036e+00 1.874413097836e+00 2.336465464435e+00 -2.305006820600e+00 2.355644431315e+00 -5.148176354536e+00 -2.104507362508e+00 2.070847849520e+00 -2.563013149129e+00 2.031925217215e+00 -2.267464337487e+00 2.809118596281e+00 3.804652581556e+00
2740	-1.157433448568e-01 4.916438980369e+00 -2.586379949036e+00 1.874413097836e+00 2.336465464435e+00 -2.305006820600e+00 2.355644431315e+00 -5.148176354536e+00 -2.104507362508e+00 2.070847849520e+00 -2.563013149129e+00 2.031925217215e+00 -2.267464337487e+00 2.807281219392e+00 3.806698459948e+00
2750	-1.157433448568e-01 4.916438980369e+00 -2.586379949036e+00 1.874413097836e+00 2.336465464435e+00 -2.305006820600e+00 2.355644431315e+00 -5.148176354536e+00 -2.104507362508e+00 2.070847849520e+00 -2.563013149129e+00 2.031925217215e+00 -2.267464337487e+00 2.805438311752e+00 3.808747436855e+00
2760	-1.157433448568e-01 4.916438980369e+00 -2.586379949036e+00 1.874413097836e+00 2.336465464435e+00 -2.305006820600e+00 2.355644431315e+00 -5.148176354536e+00 -2.104507362508e+00 2.070847849520e+00 -2.563013149129e+00 2.031925217215e+00 -2.267464337487e+00 2.803588022680e+00 3.810800271964e+00
2770	-1.157433448568e-01 4.916438980369e+00 -2.586379949036e+00 1.874413097836e+00 2.336465464435e+00 -2.305006820600e+00 2.355644431315e+00 -5.148176354536e+00 -2.104507362508e+00 2.070847849520e+00 -2.563013149129e+00 2.031925217215e+00 -2.267464337487e+00 2.801727489993e+00 3.812858161139e+00
2780	-1.157433448568e-01 4.916438980369e+00 -2.586379949036e+00 1.874413097836e+00 2.336465464435e+00 -2.305006820600e+00 2.355644431315e+00 -5.148176354536e+00 -2.104507362508e+00 2.070847849520e+00 -2.563013149129e+00 2.031925217215e+00 -2.267464337487e+00 2.799857157760e+00 3.814918301460e+00
2790	-1.157433448568e-01 4.916438980369e+00 -2.586379949036e+00 1.874413097836e+00 2.336465464435e+00 -2.305006820600e+00 2.355644431315e+00 -5.148176354536e+00 -2.104507362508e+00 2.070847849520e+00 -2.563013149129e+00 2.031925217215e+00 -2.267464337487e+00 2.797974190529e+00 3.816981565287e+00
2800	-1.157433448568e-01 4.916438980369e+00 -2.586379949036e+00 1.874413097836e+00 2.336465464435e+00 -2.305006820600e+00 2.355644431315e+00 -5.148176354536e+00 -2.104507362508e+00 2.070847849520e+00 -2.563013149129e+00 2.031925217215e+00 -2.267464337487e+00 2.796076209584e+00 3.819050212394e+00
2810	-1.157433448568e-01 4.916438980369e+00 -2.586379949036e+00 1.874413097836e+00 2.336465464435e+00 -2.305006820600e+00 2.355644431315e+00 -5.148176354536e+00 -2.104507362508e+00 2.070847849520e+00 -2.563013149129e+00 2.031925217215e+00 -2.267464337487e+00 2.794163922024e+00 3.821124881177e+00
2820	-1.157433448568e-01 4.916438980369e+00 -2.586379949036e+00 1.874413097836e+00 2.336465464435e+00 -2.305006820600e+00 2.355644431315e+00 -5.148176354536e+00 -2.104507362508e+00 2.070847849520e+00 -2.563013149129e+00 2.031925217215e+00 -2.267464337487e+00 2.792240520937e+00 3.823203605060e+00
2830	-1.157433448568e-01 4.916438980369e+00 -2.586379949036e+00 1.874413097836e+00 2.336465464435e+00 -2.305006820600e+00 2.355644431315e+00 -5.148176354536e+00 -2.104507362508e+00 2.070847849520e+00 -2.563013149129e+00 2.031925217215e+00 -2.267464337487e+00 2.790307649783e+00 3.825285885173e+00
2840	-1.157433448568e-01 4.916438980369e+00 -2.586379949036e+00 1.874413097836e+00 2.336465464435e+00 -2.305006820600e+00 2.355644431315e+00 -5.148176354536e+00 -2.104507362508e+00 2.070847849520e+00 -2.563013149129e+00 2.031925217215e+00 -2.267464337487e+00 2.788366605129e+00 3.827371897940e+00
2850	-1.157433448568e-01 4.916438980369e+00 -2.586379949036e+00 1.874413097836e+00 2.336465464435e+00 -2.305006820600e+00 2.355644431315e+00 -5.148176354536e+00 -2.104507362508e+00 2.070847849520e+00 -2.563013149129e+00 2.031925217215e+00 -2.267464337487e+00 2.786421998730e+00 3.829459644432e+00
2860	-1.157433448568e-01 4.916438980369e+00 -2.586379949036e+00 1.874413097836e+00 2.336465464435e+00 -2.305006820600e+00 2.355644431315e+00 -5.148176354536e+00 -2.104507362508e+00 2.070847849520e+00 -2.563013149129e+00 2.031925217215e+00 -2.267464337487e+00 2.784473296703e+00 3.831552979786e+00
2870	-1.157433448568e-01 4.916438980369e+00 -2.586379949036e+00 1.874413097836e+00 2.336465464435e+00 -2.305006820600e+00 2.355644431315e+00 -5.148176354536e+00 -2.104507362508e+00 2.070847849520e+00 -2.563013149129e+00 2.031925217215e+00 -2.267464337487e+00 2.782519297388e+00 3.833655167169e+00
2880	-1.157433448568e-01 4.916438980369e+00 -2.586379949036e+00 1.874413097836e+00 2.336465464435e+00 -2.305006820600e+00 2.355644431315e+00 -5.148176354536e+00 -2.104507362508e+00 2.070847849520e+00 -2.563013149129e+00 2.031925217215e+00 -2.267464337487e+00 2.780563545626e+00 3.835763723931e+00
2890	-1.157433448568e-01 4.916438980369e+00 -2.586379949036e+00 1.874413097836e+00 2.336465464435e+00 -2.305006820600e+00 2.355644431315e+00 -5.148176354536e+00 -2.104507362508e+00 2.070847849520e+00 -2.563013149129e+00 2.031925217215e+00 -2.267464337487e+00 2.778606495790e+00 3.837879596330e+00
2900	-1.157433448568e-01 4.916438980369e+00 -2.586379949036e+00 1.874413097836e+00 2.336465464435e+00 -2.305006820600e+00 2.355644431315e+00 -5.148176354536e+00 -2.104507362508e+00 2.070847849520e+00 -2.563013149129e+00 2.031925217215e+00 -2.267464337487e+00 2.776645649678e+00 3.840006217776e+00
2910	-1.157433448568e-01 4.916438980369e+00 -2.586379949036e+00 1.874413097836e+00 2.336465464435e+00 -2.305006820600e+00 2.355644431315e+00 -5.148176354536e+00 -2.104507362508e+00 2.070847849520e+00 -2.563013149129e+00 2.031925217215e+00 -2.267464337487e+00 2.774677419451e+00 3.842146724793e+00
2920	-1.157433448568e-01 4.916438980369e+00 -2.586379949036e+00 1.874413097836e+00 2.336465464435e+00 -2.305006820600e+00 2.355644431315e+00 -5.148176354536e+00 -2.104507362508e+00 2.070847849520e+00 -2.563013149129e+00 2.031925217215e+00 -2.267464337487e+00 2.772700879337e+00 3.844301458131e+00
2930	-1.157433448568e-01 4.916438980369e+00 -2.586379949036e+00 1.874413097836e+00 2.336465464435e+00 -2.305006820600e+00 2.355644431315e+00 -5.148176354536e+00 -2.104507362508e+00 2.070847849520e+00 -2.563013149129e+00 2.031925217215e+00 -2.267464337487e+00 2.770715594392e+00 3.846470785958e+00
2940	-1.157433448568e-01 4.916438980369e+00 -2.586379949036e+00 1.874413097836e+00 2.336465464435e+00 -2.305006820600e+00 2.355644431315e+00 -5.148176354536e+00 -2.104507362508e+00 2.070847849520e+00 -2.563013149129e+00 2.031925217215e+00 -2.267464337487e+00 2.768724334229e+00 3.848653131619e+00
2950	-1.157433448568e-01 4.916438980369e+00 -2.586379949036e+00 1.874413097836e+00 2.336465464435e+00 -2.305006820600e+00 2.355644431315e+00 -5.148176354536e+00 -2.104507362508e+00 2.070847849520e+00 -2.563013149129e+00 2.031925217215e+00 -2.267464337487e+00 2.766733193335e+00 3.850843996041e+00
2960	-1.157433448568e-01 4.916438980369e+00 -2.586379949036e+00 1.874413097836e+00 2.336465464435e+00 -2.305006820600e+00 2.355644431315e+00 -5.148176354536e+00 -2.104507362508e+00 2.070847849520e+00 -2.563013149129e+00 2.031925217215e+00 -2.267464337487e+00 2.764741288192e+00 3.853045372891e+00
2970	-1.157433448568e-01 4.916438980369e+00 -2.586379949036e+00 1.874413097836e+00 2.336465464435e+00 -2.305006820600e+00 2.355644431315e+00 -5.148176354536e+00 -2.104507362508e+00 2.070847849520e+00 -2.563013149129e+00 2.031925217215e+00 -2.267464337487e+00 2.762746647593e+00 3.855258453769e+00
2980	-1.157433448568e-01 4.916438980369e+00 -2.586379949036e+00 1.874413097836e+00 2.336465464435e+00 -2.305006820600e+00 2.355644431315e+00 -5.148176354536e+00 -2.104507362508e+00 2.070847849520e+00 -2.563013149129e+00 2.031925217215e+00 -2.267464337487e+00 2.760750362319e+00 3.857479210360e+00
2990	-1.157433448568e-01 4.916438980369e+00 -2.586379949036e+00 1.874413097836e+00 2.336465464435e+00 -2.305006820600e+00 2.355644431315e+00 -5.148176354536e+00 -2.104507362508e+00 2.070847849520e+00 -2.563013149129e+00 2.031925217215e+00 -2.267464337487e+00 2.758748242652e+00 3.859708171296e+00
3000	-1.157433448568e-01 4.916438980369e+00 -2.586379949036e+00 1.874413097836e+00 2.336465464435e+00 -2.305006820600e+00 2.355644431315e+00 -5.148176354536e+00 -2.104507362508e+00 2.070847849520e+00 -2.563013149129e+00 2.031925217215e+00 -2.267464337487e+00 2.756737559690e+00 3.861944875678e+00
3010	-1.157433448568e-01 4.916438980369e+00 -2.586379949036e+00 1.874413097836e+00 2.336465464435e+00 -2.305006820600e+00 2.355644431315e+00 -5.148176354536e+00 -2.104507362508e+00 2.070847849520e+00 -2.563013149129e+00 2.031925217215e+00 -2.267464337487e+00 2.754718130850e+00 3.864186621507e+00
3020	-1.157433448568e-01 4.916438980369e+00 -2.586379949036e+00 1.874413097836e+00 2.336465464435e+00 -2.305006820600e+00 2.355644431315e+00 -5.148176354536e+00 -2.104507362508e+00 2.070847849520e+00 -2.563013149129e+00 2.031925217215e+00 -2.267464337487e+00 2.752686296782e+00 3.866434052183e+00
3030	-1.157433448568e-01 4.916438980369e+00 -2.586379949036e+00 1.874413097836e+00 2.336465464435e+00 -2.305006820600e+00 2.355644431315e+00 -5.148176354536e+00 -2.104507362508e+00 2.070847849520e+00 -2.563013149129e+00 2.031925217215e+00 -2.267464337487e+00 2.750638913757e+00 3.868687677113e+00
3040	-1.157433448568e-01 4.916438980369e+00 -2.586379949036e+00 1.874413097836e+00 2.336465464435e+00 -2.305006820600e+00 2.355644431315e+00 -5.148176354536e+00 -2.104507362508e+00 2.070847849520e+00 -2.563013149129e+00 2.031925217215e+00 -2.267464337487e+00 2.748575983633e+00 3.870945829747e+00
3050	-1.157433448568e-01 4.916438980369e+00 -2.586379949036e+00 1.874413097836e+00 2.336465464435e+00 -2.305006820600e+00 2.355644431315e+00 -5.148176354536e+00 -2.104507362508e+00 2.070847849520e+00 -2.563013149129e+00 2.031925217215e+00 -2.267464337487e+00 2.746498714469e+00 3.873207143627e+00
3060	-1.157433448568e-01 4.916438980369e+00 -2.586379949036e+00 1.874413097836e+00 2.336465464435e+00 -2.305006820600e+00 2.355644431315e+00 -5.148176354536e+00 -2.104507362508e+00 2.070847849520e+00 -2.563013149129e+00 2.031925217215e+00 -2.267464337487e+00 2.744406973058e+00 3.875472445044e+00
3070	-1.157433448568e-01 4.916438980369e+00 -2.586379949036e+00 1.874413097836e+00 2.336465464435e+00 -2.305006820600e+00 2.355644431315e+00 -5.148176354536e+00 -2.104507362508e+00 2.070847849520e+00 -2.563013149129e+00 2.031925217215e+00 -2.267464337487e+00 2.742301507012e+00 3.877741623145e+00
3080	-1.157433448568e-01 4.916438980369e+00 -2.586379949036e+00 1.874413097836e+00 2.336465464435e+00 -2.305006820600e+00 2.355644431315e+00 -5.148176354536e+00 -2.104507362508e+00 2.070847849520e+00 -2.563013149129e+00 2.031925217215e+00 -2.267464337487e+00 2.740181937291e+00 3.880014936908e+00
3090	-1.157433448568e-01 4.916438980369e+00 -2.586379949036e+00 1.874413097836e+00 2.336465464435e+00 -2.305006820600e+00 2.355644431315e+00 -5.148176354536e+00 -2.104507362508e+00 2.070847849520e+00 -2.563013149129e+00 2.031925217215e+00 -2.267464337487e+00 2.738045747322e+00 3.882294673074e+00
3100	-1.157433448568e-01 4.916438980369e+00 -2.586379949036e+00 1.874413097836e+00 2.336465464435e+00 -2.305006820600e+00 2.355644431315e+00 -5.148176354536e+00 -2.104507362508e+00 2.070847849520e+00 -2.563013149129e+00 2.031925217215e+00 -2.267464337487e+00 2.735896310251e+00 3.884579339315e+00
3110	-1.157433448568e-01 4.916438980369e+00 -2.586379949036e+00 1.874413097836e+00 2.336465464435e+00 -2.305006820600e+00 2.355644431315e+00 -5.148176354536e+00 -2.104507362508e+00 2.070847849520e+00 -2.563013149129e+00 2.031925217215e+00 -2.267464337487e+00 2.733738440503e+00 3.886867192118e+00
3120	-1.157433448568e-01 4.916438980369e+00 -2.586379949036e+00 1.874413097836e+00 2.336465464435e+00 -2.305006820600e+00 2.355644431315e+00 -5.148176354536e+00 -2.104507362508e+00 2.070847849520e+00 -2.563013149129e+00 2.031925217215e+00 -2.267464337487e+00 2.731573129012e+00 3.889159345354e+00
3130	-1.157433448568e-01 4.916438980369e+00 -2.586379949036e+00 1.874413097836e+00 2.336465464435e+00 -2.305006820600e+00 2.355644431315e+00 -5.148176354536e+00 -2.104507362508e+00 2.070847849520e+00 -2.563013149129e+00 2.031925217215e+00 -2.267464337487e+00 2.729402106192e+00 3.891455662852e+00
3140	-1.157433448568e-01 4.916438980369e+00 -2.586379949036e+00 1.874413097836e+00 2.336465464435e+00 -2.305006820600e+00 2.355644431315e+00 -5.148176354536e+00 -2.104507362508e+00 2.070847849520e+00 -2.563013149129e+00 2.031925217215e+00 -2.267464337487e+00 2.727226522541e+00 3.893757342653e+00
3150	-1.157433448568e-01 4.916438980369e+00 -2.586379949036e+00 1.874413097836e+00 2.336465464435e+00 -2.305006820600e+00 2.355644431315e+00 -5.148176354536e+00 -2.104507362508e+00 2.070847849520e+00 -2.563013149129e+00 2.031925217215e+00 -2.267464337487e+00 2.725045239695e+00 3.896068010639e+00
3160	-1.157433448568e-01 4.916438980369e+00 -2.586379949036e+00 1.874413097836e+00 2.336465464435e+00 -2.305006820600e+00 2.355644431315e+00 -5.148176354536e+00 -2.104507362508e+00 2.070847849520e+00 -2.563013149129e+00 2.031925217215e+00 -2.267464337487e+00 2.722858012207e+00 3.898389027171e+00
3170	-1.157433448568e-01 4.916438980369e+00 -2.586379949036e+00 1.874413097836e+00 2.336465464435e+00 -2.305006820600e+00 2.355644431315e+00 -5.148176354536e+00 -2.104507362508e+00 2.070847849520e+00 -2.563013149129e+00 2.031925217215e+00 -2.267464337487e+00 2.720666360182e+00 3.900719624633e+00
3180	-1.157433448568e-01 4.916438980369e+00 -2.586379949036e+00 1.874413097836e+00 2.336465464435e+00 -2.305006820600e+00 2.355644431315e+00 -5.148176354536e+00 -2.104507362508e+00 2.070847849520e+00 -2.563013149129e+00 2.031925217215e+00 -2.267464337487e+00 2.718471987632e+00 3.903059979840e+00
3190	-1.157433448568e-01 4.916438980369e+00 -2.586379949036e+00 1.874413097836e+00 2.336465464435e+00 -2.305006820600e+00 2.355644431315e+00 -5.148176354536e+00 -2.104507362508e+00 2.070847849520e+00 -2.563013149129e+00 2.031925217215e+00 -2.267464337487e+00 2.716276289453e+00 3.905411708839e+00
3200	-1.157433448568e-01 4.916438980369e+00 -2.586379949036e+00 1.874413097836e+00 2.336465464435e+00 -2.305006820600e+00 2.355644431315e+00 -5.148176354536e+00 -2.104507362508e+00 2.070847849520e+00 -2.563013149129e+00 2.031925217215e+00 -2.267464337487e+00 2.714079608565e+00 3.907775943057e+00
3210	-1.157433448568e-01 4.916438980369e+00 -2.586379949036e+00 1.874413097836e+00 2.336465464435e+00 -2.305006820600e+00 2.355644431315e+00 -5.148176354536e+00 -2.104507362508e+00 2.070847849520e+00 -2.563013149129e+00 2.031925217215e+00 -2.267464337487e+00 2.711879911527e+00 3.910153831269e+00
3220	-1.157433448568e-01 4.916438980369e+00 -2.586379949036e+00 1.874413097836e+00 2.336465464435e+00 -2.305006820600e+00 2.355644431315e+00 -5.148176354536e+00 -2.104507362508e+00 2.070847849520e+00 -2.563013149129e+00 2.031925217215e+00 -2.267464337487e+00 2.709677020012e+00 3.912547063853e+00
3230	-1.157433448568e-01 4.916438980369e+00 -2.586379949036e+00 1.874413097836e+00 2.336465464435e+00 -2.305006820600e+00 2.355644431315e+00 -5.148176354536e+00 -2.104507362508e+00 2.070847849520e+00 -2.563013149129e+00 2.031925217215e+00 -2.267464337487e+00 2.707474301622e+00 3.914955067979e+00
3240	-1.157433448568e-01 4.916438980369e+00 -2.586379949036e+00 1.874413097836e+00 2.336465464435e+00 -2.305006820600e+00 2.355644431315e+00 -5.148176354536e+00 -2.104507362508e+00 2.070847849520e+00 -2.563013149129e+00 2.031925217215e+00 -2.267464337487e+00 2.705272986338e+00 3.917376282974e+00
