1 1.649250689297e-11
2 1.649250689297e-11
3 1.649250689297e-11
4 1.649250689297e-11
5 1.649250689297e-11
6 1.649250689297e-11
7 1.649250689297e-11
8 1.649250689297e-11
9 1.649250689297e-11
10 1.649250689297e-11
11 1.232184029284e-10
12 1.232184029284e-10
13 1.232184029284e-10
14 1.232184029284e-10
15 1.232184029284e-10
16 1.232184029284e-10
17 1.232184029284e-10
18 1.232184029284e-10
19 1.232184029284e-10
20 1.232184029284e-10
21 3.105617509061e-10
22 3.105617509061e-10
23 3.105617509061e-10
24 3.105617509061e-10
25 3.105617509061e-10
26 3.105617509061e-10
27 3.105617509061e-10
28 3.105617509061e-10
29 3.105617509061e-10
30 3.105617509061e-10
31 2.191241911424e-10
32 2.191241911424e-10
33 2.191241911424e-10
34 2.191241911424e-10
35 2.191241911424e-10
36 2.191241911424e-10
37 2.191241911424e-10
38 2.191241911424e-10
39 2.191241911424e-10
40 2.191241911424e-10
41 1.848231694124e-08
42 1.848231694124e-08
43 1.848231694124e-08
44 1.848231694124e-08
45 1.848231694124e-08
46 1.848231694124e-08
47 1.848231694124e-08
48 1.848231694124e-08
49 1.848231694124e-08
50 1.848231694124e-08
51 1.697737854095e-07
52 1.697737854095e-07
53 1.697737854095e-07
54 1.697737854095e-07
55 1.697737854095e-07
56 1.697737854095e-07
57 1.697737854095e-07
58 1.697737854095e-07
59 1.697737854095e-07
60 1.697737854095e-07
61 7.594310908580e-07
62 7.594310908580e-07
63 7.594310908580e-07
64 7.594310908580e-07
65 7.594310908580e-07
66 7.594310908580e-07
67 7.594310908580e-07
68 7.594310908580e-07
69 7.594310908580e-07
70 7.594310908580e-07
71 2.315445320163e-06
72 2.315445320163e-06
73 2.315445320163e-06
74 2.315445320163e-06
75 2.315445320163e-06
76 2.315445320163e-06
77 2.315445320163e-06
78 2.315445320163e-06
79 2.315445320163e-06
80 2.315445320163e-06
81 5.492991945236e-06
82 5.492991945236e-06
83 5.492991945236e-06
84 5.492991945236e-06
85 5.492991945236e-06
86 5.492991945236e-06
87 5.492991945236e-06
88 5.492991945236e-06
89 5.492991945236e-06
90 5.492991945236e-06
91 1.058619830103e-05
92 1.058619830103e-05
93 1.058619830103e-05
94 1.058619830103e-05
95 1.058619830103e-05
96 1.058619830103e-05
97 1.058619830103e-05
98 1.058619830103e-05
99 1.058619830103e-05
100 1.058619830103e-05
101 1.726093338804e-05
102 1.726093338804e-05
103 1.726093338804e-05
104 1.726093338804e-05
105 1.726093338804e-05
106 1.726093338804e-05
107 1.726093338804e-05
108 1.726093338804e-05
109 1.726093338804e-05
110 1.726093338804e-05
111 2.504810950546e-05
112 2.504810950546e-05
113 2.504810950546e-05
114 2.504810950546e-05
115 2.504810950546e-05
116 2.504810950546e-05
117 2.504810950546e-05
118 2.504810950546e-05
119 2.504810950546e-05
120 2.504810950546e-05
121 3.371208992087e-05
122 3.371208992087e-05
123 3.371208992087e-05
124 3.371208992087e-05
125 3.371208992087e-05
126 3.371208992087e-05
127 3.371208992087e-05
128 3.371208992087e-05
129 3.371208992087e-05
130 3.371208992087e-05
131 4.342388386477e-05
132 4.342388386477e-05
133 4.342388386477e-05
134 4.342388386477e-05
135 4.342388386477e-05
136 4.342388386477e-05
137 4.342388386477e-05
138 4.342388386477e-05
139 4.342388386477e-05
140 4.342388386477e-05
141 5.376192682945e-05
142 5.376192682945e-05
143 5.376192682945e-05
144 5.376192682945e-05
145 5.376192682945e-05
146 5.376192682945e-05
147 5.376192682945e-05
148 5.376192682945e-05
149 5.376192682945e-05
150 5.376192682945e-05
151 6.291522841783e-05
152 6.291522841783e-05
153 6.291522841783e-05
154 6.291522841783e-05
155 6.291522841783e-05
156 6.291522841783e-05
157 6.291522841783e-05
158 6.291522841783e-05
159 6.291522841783e-05
160 6.291522841783e-05
161 6.871582619296e-05
162 6.871582619296e-05
163 6.871582619296e-05
164 6.871582619296e-05
165 6.871582619296e-05
166 6.871582619296e-05
167 6.871582619296e-05
168 6.871582619296e-05
169 6.871582619296e-05
170 6.871582619296e-05
171 7.140163721921e-05
172 7.140163721921e-05
173 7.140163721921e-05
174 7.140163721921e-05
175 7.140163721921e-05
176 7.140163721921e-05
177 7.140163721921e-05
178 7.140163721921e-05
179 7.140163721921e-05
180 7.140163721921e-05
181 7.445952811027e-05
182 7.445952811027e-05
183 7.445952811027e-05
184 7.445952811027e-05
185 7.445952811027e-05
186 7.445952811027e-05
187 7.445952811027e-05
188 7.445952811027e-05
189 7.445952811027e-05
190 7.445952811027e-05
191 8.365088583010e-05
192 8.365088583010e-05
193 8.365088583010e-05
194 8.365088583010e-05
195 8.365088583010e-05
196 8.365088583010e-05
197 8.365088583010e-05
198 8.365088583010e-05
199 8.365088583010e-05
200 8.365088583010e-05
201 1.056352124161e-04
202 1.056352124161e-04
203 1.056352124161e-04
204 1.056352124161e-04
205 1.056352124161e-04
206 1.056352124161e-04
207 1.056352124161e-04
208 1.056352124161e-04
209 1.056352124161e-04
210 1.056352124161e-04
211 1.453079576445e-04
212 1.453079576445e-04
213 1.453079576445e-04
214 1.453079576445e-04
215 1.453079576445e-04
216 1.453079576445e-04
217 1.453079576445e-04
218 1.453079576445e-04
219 1.453079576445e-04
220 1.453079576445e-04
221 2.016205291694e-04
222 2.016205291694e-04
223 2.016205291694e-04
224 2.016205291694e-04
225 2.016205291694e-04
226 2.016205291694e-04
227 2.016205291694e-04
228 2.016205291694e-04
229 2.016205291694e-04
230 2.016205291694e-04
231 2.656430372482e-04
232 2.656430372482e-04
233 2.656430372482e-04
234 2.656430372482e-04
235 2.656430372482e-04
236 2.656430372482e-04
237 2.656430372482e-04
238 2.656430372482e-04
239 2.656430372482e-04
240 2.656430372482e-04
241 3.260987847800e-04
242 3.260987847800e-04
243 3.260987847800e-04
244 3.260987847800e-04
245 3.260987847800e-04
246 3.260987847800e-04
247 3.260987847800e-04
248 3.260987847800e-04
249 3.260987847800e-04
250 3.260987847800e-04
251 3.739125096587e-04
252 3.739125096587e-04
253 3.739125096587e-04
254 3.739125096587e-04
255 3.739125096587e-04
256 3.739125096587e-04
257 3.739125096587e-04
258 3.739125096587e-04
259 3.739125096587e-04
260 3.739125096587e-04
261 4.021225799167e-04
262 4.021225799167e-04
263 4.021225799167e-04
264 4.021225799167e-04
265 4.021225799167e-04
266 4.021225799167e-04
267 4.021225799167e-04
268 4.021225799167e-04
269 4.021225799167e-04
270 4.021225799167e-04
271 4.065829657187e-04
272 4.065829657187e-04
273 4.065829657187e-04
274 4.065829657187e-04
275 4.065829657187e-04
276 4.065829657187e-04
277 4.065829657187e-04
278 4.065829657187e-04
279 4.065829657187e-04
280 4.065829657187e-04
281 3.914211167771e-04
282 3.914211167771e-04
283 3.914211167771e-04
284 3.914211167771e-04
285 3.914211167771e-04
286 3.914211167771e-04
287 3.914211167771e-04
288 3.914211167771e-04
289 3.914211167771e-04
290 3.914211167771e-04
291 3.709490435442e-04
292 3.709490435442e-04
293 3.709490435442e-04
294 3.709490435442e-04
295 3.709490435442e-04
296 3.709490435442e-04
297 3.709490435442e-04
298 3.709490435442e-04
299 3.709490435442e-04
300 3.709490435442e-04
301 3.600450533928e-04
302 3.600450533928e-04
303 3.600450533928e-04
304 3.600450533928e-04
305 3.600450533928e-04
306 3.600450533928e-04
307 3.600450533928e-04
308 3.600450533928e-04
309 3.600450533928e-04
310 3.600450533928e-04
311 3.664956580917e-04
312 3.664956580917e-04
313 3.664956580917e-04
314 3.664956580917e-04
315 3.664956580917e-04
316 3.664956580917e-04
317 3.664956580917e-04
318 3.664956580917e-04
319 3.664956580917e-04
320 3.664956580917e-04
321 3.918227205643e-04
322 3.918227205643e-04
323 3.918227205643e-04
324 3.918227205643e-04
325 3.918227205643e-04
326 3.918227205643e-04
327 3.918227205643e-04
328 3.918227205643e-04
329 3.918227205643e-04
330 3.918227205643e-04
331 4.266655077212e-04
332 4.266655077212e-04
333 4.266655077212e-04
334 4.266655077212e-04
335 4.266655077212e-04
336 4.266655077212e-04
337 4.266655077212e-04
338 4.266655077212e-04
339 4.266655077212e-04
340 4.266655077212e-04
341 4.555377834612e-04
342 4.555377834612e-04
343 4.555377834612e-04
344 4.555377834612e-04
345 4.555377834612e-04
346 4.555377834612e-04
347 4.555377834612e-04
348 4.555377834612e-04
349 4.555377834612e-04
350 4.555377834612e-04
351 4.712531902053e-04
352 4.712531902053e-04
353 4.712531902053e-04
354 4.712531902053e-04
355 4.712531902053e-04
356 4.712531902053e-04
357 4.712531902053e-04
358 4.712531902053e-04
359 4.712531902053e-04
360 4.712531902053e-04
361 4.759182641887e-04
362 4.759182641887e-04
363 4.759182641887e-04
364 4.759182641887e-04
365 4.759182641887e-04
366 4.759182641887e-04
367 4.759182641887e-04
368 4.759182641887e-04
369 4.759182641887e-04
370 4.759182641887e-04
371 4.881913664104e-04
372 4.881913664104e-04
373 4.881913664104e-04
374 4.881913664104e-04
375 4.881913664104e-04
376 4.881913664104e-04
377 4.881913664104e-04
378 4.881913664104e-04
379 4.881913664104e-04
380 4.881913664104e-04
381 5.285572675488e-04
382 5.285572675488e-04
383 5.285572675488e-04
384 5.285572675488e-04
385 5.285572675488e-04
386 5.285572675488e-04
387 5.285572675488e-04
388 5.285572675488e-04
389 5.285572675488e-04
390 5.285572675488e-04
391 5.929629632111e-04
392 5.929629632111e-04
393 5.929629632111e-04
394 5.929629632111e-04
395 5.929629632111e-04
396 5.929629632111e-04
397 5.929629632111e-04
398 5.929629632111e-04
399 5.929629632111e-04
400 5.929629632111e-04
401 6.619593485333e-04
402 6.619593485333e-04
403 6.619593485333e-04
404 6.619593485333e-04
405 6.619593485333e-04
406 6.619593485333e-04
407 6.619593485333e-04
408 6.619593485333e-04
409 6.619593485333e-04
410 6.619593485333e-04
411 7.224449177038e-04
412 7.224449177038e-04
413 7.224449177038e-04
414 7.224449177038e-04
415 7.224449177038e-04
416 7.224449177038e-04
417 7.224449177038e-04
418 7.224449177038e-04
419 7.224449177038e-04
420 7.224449177038e-04
421 7.744880847854e-04
422 7.744880847854e-04
423 7.744880847854e-04
424 7.744880847854e-04
425 7.744880847854e-04
426 7.744880847854e-04
427 7.744880847854e-04
428 7.744880847854e-04
429 7.744880847854e-04
430 7.744880847854e-04
431 8.305814258925e-04
432 8.305814258925e-04
433 8.305814258925e-04
434 8.305814258925e-04
435 8.305814258925e-04
436 8.305814258925e-04
437 8.305814258925e-04
438 8.305814258925e-04
439 8.305814258925e-04
440 8.305814258925e-04
441 9.074536665057e-04
442 9.074536665057e-04
443 9.074536665057e-04
444 9.074536665057e-04
445 9.074536665057e-04
446 9.074536665057e-04
447 9.074536665057e-04
448 9.074536665057e-04
449 9.074536665057e-04
450 9.074536665057e-04
451 1.009176949549e-03
452 1.009176949549e-03
453 1.009176949549e-03
454 1.009176949549e-03
455 1.009176949549e-03
456 1.009176949549e-03
457 1.009176949549e-03
458 1.009176949549e-03
459 1.009176949549e-03
460 1.009176949549e-03
461 1.126399691878e-03
462 1.126399691878e-03
463 1.126399691878e-03
464 1.126399691878e-03
465 1.126399691878e-03
466 1.126399691878e-03
467 1.126399691878e-03
468 1.126399691878e-03
469 1.126399691878e-03
470 1.126399691878e-03
471 1.257134675194e-03
472 1.257134675194e-03
473 1.257134675194e-03
474 1.257134675194e-03
475 1.257134675194e-03
476 1.257134675194e-03
477 1.257134675194e-03
478 1.257134675194e-03
479 1.257134675194e-03
480 1.257134675194e-03
481 1.426570760895e-03
482 1.426570760895e-03
483 1.426570760895e-03
484 1.426570760895e-03
485 1.426570760895e-03
486 1.426570760895e-03
487 1.426570760895e-03
488 1.426570760895e-03
489 1.426570760895e-03
490 1.426570760895e-03
491 1.663632279781e-03
492 1.663632279781e-03
493 1.663632279781e-03
494 1.663632279781e-03
495 1.663632279781e-03
496 1.663632279781e-03
497 1.663632279781e-03
498 1.663632279781e-03
499 1.663632279781e-03
500 1.663632279781e-03
501 1.947763681053e-03
502 1.947763681053e-03
503 1.947763681053e-03
504 1.947763681053e-03
505 1.947763681053e-03
506 1.947763681053e-03
507 1.947763681053e-03
508 1.947763681053e-03
509 1.947763681053e-03
510 1.947763681053e-03
511 2.208864595092e-03
512 2.208864595092e-03
513 2.208864595092e-03
514 2.208864595092e-03
515 2.208864595092e-03
516 2.208864595092e-03
517 2.208864595092e-03
518 2.208864595092e-03
519 2.208864595092e-03
520 2.208864595092e-03
521 2.406010783305e-03
522 2.406010783305e-03
523 2.406010783305e-03
524 2.406010783305e-03
525 2.406010783305e-03
526 2.406010783305e-03
527 2.406010783305e-03
528 2.406010783305e-03
529 2.406010783305e-03
530 2.406010783305e-03
531 2.573789698424e-03
532 2.573789698424e-03
533 2.573789698424e-03
534 2.573789698424e-03
535 2.573789698424e-03
536 2.573789698424e-03
537 2.573789698424e-03
538 2.573789698424e-03
539 2.573789698424e-03
540 2.573789698424e-03
541 2.771852891032e-03
542 2.771852891032e-03
543 2.771852891032e-03
544 2.771852891032e-03
545 2.771852891032e-03
546 2.771852891032e-03
547 2.771852891032e-03
548 2.771852891032e-03
549 2.771852891032e-03
550 2.771852891032e-03
551 3.010962249676e-03
552 3.010962249676e-03
553 3.010962249676e-03
554 3.010962249676e-03
555 3.010962249676e-03
556 3.010962249676e-03
557 3.010962249676e-03
558 3.010962249676e-03
559 3.010962249676e-03
560 3.010962249676e-03
561 3.243697252971e-03
562 3.243697252971e-03
563 3.243697252971e-03
564 3.243697252971e-03
565 3.243697252971e-03
566 3.243697252971e-03
567 3.243697252971e-03
568 3.243697252971e-03
569 3.243697252971e-03
570 3.243697252971e-03
571 3.434408116300e-03
572 3.434408116300e-03
573 3.434408116300e-03
574 3.434408116300e-03
575 3.434408116300e-03
576 3.434408116300e-03
577 3.434408116300e-03
578 3.434408116300e-03
579 3.434408116300e-03
580 3.434408116300e-03
581 3.597642593476e-03
582 3.597642593476e-03
583 3.597642593476e-03
584 3.597642593476e-03
585 3.597642593476e-03
586 3.597642593476e-03
587 3.597642593476e-03
588 3.597642593476e-03
589 3.597642593476e-03
590 3.597642593476e-03
591 3.782372136138e-03
592 3.782372136138e-03
593 3.782372136138e-03
594 3.782372136138e-03
595 3.782372136138e-03
596 3.782372136138e-03
597 3.782372136138e-03
598 3.782372136138e-03
599 3.782372136138e-03
600 3.782372136138e-03
601 4.042738771904e-03
602 4.042738771904e-03
603 4.042738771904e-03
604 4.042738771904e-03
605 4.042738771904e-03
606 4.042738771904e-03
607 4.042738771904e-03
608 4.042738771904e-03
609 4.042738771904e-03
610 4.042738771904e-03
611 4.354631763309e-03
612 4.354631763309e-03
613 4.354631763309e-03
614 4.354631763309e-03
615 4.354631763309e-03
616 4.354631763309e-03
617 4.354631763309e-03
618 4.354631763309e-03
619 4.354631763309e-03
620 4.354631763309e-03
621 4.614666574969e-03
622 4.614666574969e-03
623 4.614666574969e-03
624 4.614666574969e-03
625 4.614666574969e-03
626 4.614666574969e-03
627 4.614666574969e-03
628 4.614666574969e-03
629 4.614666574969e-03
630 4.614666574969e-03
631 4.805132539438e-03
632 4.805132539438e-03
633 4.805132539438e-03
634 4.805132539438e-03
635 4.805132539438e-03
636 4.805132539438e-03
637 4.805132539438e-03
638 4.805132539438e-03
639 4.805132539438e-03
640 4.805132539438e-03
641 5.002214295675e-03
642 5.002214295675e-03
643 5.002214295675e-03
644 5.002214295675e-03
645 5.002214295675e-03
646 5.002214295675e-03
647 5.002214295675e-03
648 5.002214295675e-03
649 5.002214295675e-03
650 5.002214295675e-03
651 5.274452063639e-03
652 5.274452063639e-03
653 5.274452063639e-03
654 5.274452063639e-03
655 5.274452063639e-03
656 5.274452063639e-03
657 5.274452063639e-03
658 5.274452063639e-03
659 5.274452063639e-03
660 5.274452063639e-03
661 5.651849465066e-03
662 5.651849465066e-03
663 5.651849465066e-03
664 5.651849465066e-03
665 5.651849465066e-03
666 5.651849465066e-03
667 5.651849465066e-03
668 5.651849465066e-03
669 5.651849465066e-03
670 5.651849465066e-03
671 6.107950137945e-03
672 6.107950137945e-03
673 6.107950137945e-03
674 6.107950137945e-03
675 6.107950137945e-03
676 6.107950137945e-03
677 6.107950137945e-03
678 6.107950137945e-03
679 6.107950137945e-03
680 6.107950137945e-03
681 6.534459976504e-03
682 6.534459976504e-03
683 6.534459976504e-03
684 6.534459976504e-03
685 6.534459976504e-03
686 6.534459976504e-03
687 6.534459976504e-03
688 6.534459976504e-03
689 6.534459976504e-03
690 6.534459976504e-03
691 6.852739196471e-03
692 6.852739196471e-03
693 6.852739196471e-03
694 6.852739196471e-03
695 6.852739196471e-03
696 6.852739196471e-03
697 6.852739196471e-03
698 6.852739196471e-03
699 6.852739196471e-03
700 6.852739196471e-03
701 7.131309557545e-03
702 7.131309557545e-03
703 7.131309557545e-03
704 7.131309557545e-03
705 7.131309557545e-03
706 7.131309557545e-03
707 7.131309557545e-03
708 7.131309557545e-03
709 7.131309557545e-03
710 7.131309557545e-03
711 7.486546182555e-03
712 7.486546182555e-03
713 7.486546182555e-03
714 7.486546182555e-03
715 7.486546182555e-03
716 7.486546182555e-03
717 7.486546182555e-03
718 7.486546182555e-03
719 7.486546182555e-03
720 7.486546182555e-03
721 7.971680585124e-03
722 7.971680585124e-03
723 7.971680585124e-03
724 7.971680585124e-03
725 7.971680585124e-03
726 7.971680585124e-03
727 7.971680585124e-03
728 7.971680585124e-03
729 7.971680585124e-03
730 7.971680585124e-03
731 8.495924600404e-03
732 8.495924600404e-03
733 8.495924600404e-03
734 8.495924600404e-03
735 8.495924600404e-03
736 8.495924600404e-03
737 8.495924600404e-03
738 8.495924600404e-03
739 8.495924600404e-03
740 8.495924600404e-03
741 8.938645385173e-03
742 8.938645385173e-03
743 8.938645385173e-03
744 8.938645385173e-03
745 8.938645385173e-03
746 8.938645385173e-03
747 8.938645385173e-03
748 8.938645385173e-03
749 8.938645385173e-03
750 8.938645385173e-03
751 9.277165865640e-03
752 9.277165865640e-03
753 9.277165865640e-03
754 9.277165865640e-03
755 9.277165865640e-03
756 9.277165865640e-03
757 9.277165865640e-03
758 9.277165865640e-03
759 9.277165865640e-03
760 9.277165865640e-03
761 9.550678283941e-03
762 9.550678283941e-03
763 9.550678283941e-03
764 9.550678283941e-03
765 9.550678283941e-03
766 9.550678283941e-03
767 9.550678283941e-03
768 9.550678283941e-03
769 9.550678283941e-03
770 9.550678283941e-03
771 9.810145878742e-03
772 9.810145878742e-03
773 9.810145878742e-03
774 9.810145878742e-03
775 9.810145878742e-03
776 9.810145878742e-03
777 9.810145878742e-03
778 9.810145878742e-03
779 9.810145878742e-03
780 9.810145878742e-03
781 1.008346642486e-02
782 1.008346642486e-02
783 1.008346642486e-02
784 1.008346642486e-02
785 1.008346642486e-02
786 1.008346642486e-02
787 1.008346642486e-02
788 1.008346642486e-02
789 1.008346642486e-02
790 1.008346642486e-02
791 1.043415868672e-02
792 1.043415868672e-02
793 1.043415868672e-02
794 1.043415868672e-02
795 1.043415868672e-02
796 1.043415868672e-02
797 1.043415868672e-02
798 1.043415868672e-02
799 1.043415868672e-02
800 1.043415868672e-02
801 1.091536868600e-02
802 1.091536868600e-02
803 1.091536868600e-02
804 1.091536868600e-02
805 1.091536868600e-02
806 1.091536868600e-02
807 1.091536868600e-02
808 1.091536868600e-02
809 1.091536868600e-02
810 1.091536868600e-02
811 1.147751243449e-02
812 1.147751243449e-02
813 1.147751243449e-02
814 1.147751243449e-02
815 1.147751243449e-02
816 1.147751243449e-02
817 1.147751243449e-02
818 1.147751243449e-02
819 1.147751243449e-02
820 1.147751243449e-02
821 1.200717486558e-02
822 1.200717486558e-02
823 1.200717486558e-02
824 1.200717486558e-02
825 1.200717486558e-02
826 1.200717486558e-02
827 1.200717486558e-02
828 1.200717486558e-02
829 1.200717486558e-02
830 1.200717486558e-02
831 1.242185641888e-02
832 1.242185641888e-02
833 1.242185641888e-02
834 1.242185641888e-02
835 1.242185641888e-02
836 1.242185641888e-02
837 1.242185641888e-02
838 1.242185641888e-02
839 1.242185641888e-02
840 1.242185641888e-02
841 1.268543897217e-02
842 1.268543897217e-02
843 1.268543897217e-02
844 1.268543897217e-02
845 1.268543897217e-02
846 1.268543897217e-02
847 1.268543897217e-02
848 1.268543897217e-02
849 1.268543897217e-02
850 1.268543897217e-02
851 1.283631250508e-02
852 1.283631250508e-02
853 1.283631250508e-02
854 1.283631250508e-02
855 1.283631250508e-02
856 1.283631250508e-02
857 1.283631250508e-02
858 1.283631250508e-02
859 1.283631250508e-02
860 1.283631250508e-02
861 1.299987303990e-02
862 1.299987303990e-02
863 1.299987303990e-02
864 1.299987303990e-02
865 1.299987303990e-02
866 1.299987303990e-02
867 1.299987303990e-02
868 1.299987303990e-02
869 1.299987303990e-02
870 1.299987303990e-02
871 1.330401692702e-02
872 1.330401692702e-02
873 1.330401692702e-02
874 1.330401692702e-02
875 1.330401692702e-02
876 1.330401692702e-02
877 1.330401692702e-02
878 1.330401692702e-02
879 1.330401692702e-02
880 1.330401692702e-02
881 1.372106571732e-02
882 1.372106571732e-02
883 1.372106571732e-02
884 1.372106571732e-02
885 1.372106571732e-02
886 1.372106571732e-02
887 1.372106571732e-02
888 1.372106571732e-02
889 1.372106571732e-02
890 1.372106571732e-02
891 1.409279770009e-02
892 1.409279770009e-02
893 1.409279770009e-02
894 1.409279770009e-02
895 1.409279770009e-02
896 1.409279770009e-02
897 1.409279770009e-02
898 1.409279770009e-02
899 1.409279770009e-02
900 1.409279770009e-02
901 1.430603787139e-02
902 1.430603787139e-02
903 1.430603787139e-02
904 1.430603787139e-02
905 1.430603787139e-02
906 1.430603787139e-02
907 1.430603787139e-02
908 1.430603787139e-02
909 1.430603787139e-02
910 1.430603787139e-02
911 1.439439385856e-02
912 1.439439385856e-02
913 1.439439385856e-02
914 1.439439385856e-02
915 1.439439385856e-02
916 1.439439385856e-02
917 1.439439385856e-02
918 1.439439385856e-02
919 1.439439385856e-02
920 1.439439385856e-02
921 1.458834135902e-02
922 1.458834135902e-02
923 1.458834135902e-02
924 1.458834135902e-02
925 1.458834135902e-02
926 1.458834135902e-02
927 1.458834135902e-02
928 1.458834135902e-02
929 1.458834135902e-02
930 1.458834135902e-02
931 1.499106303763e-02
932 1.499106303763e-02
933 1.499106303763e-02
934 1.499106303763e-02
935 1.499106303763e-02
936 1.499106303763e-02
937 1.499106303763e-02
938 1.499106303763e-02
939 1.499106303763e-02
940 1.499106303763e-02
941 1.550863627815e-02
942 1.550863627815e-02
943 1.550863627815e-02
944 1.550863627815e-02
945 1.550863627815e-02
946 1.550863627815e-02
947 1.550863627815e-02
948 1.550863627815e-02
949 1.550863627815e-02
950 1.550863627815e-02
951 1.598070407858e-02
952 1.598070407858e-02
953 1.598070407858e-02
954 1.598070407858e-02
955 1.598070407858e-02
956 1.598070407858e-02
957 1.598070407858e-02
958 1.598070407858e-02
959 1.598070407858e-02
960 1.598070407858e-02
961 1.629140312107e-02
962 1.629140312107e-02
963 1.629140312107e-02
964 1.629140312107e-02
965 1.629140312107e-02
966 1.629140312107e-02
967 1.629140312107e-02
968 1.629140312107e-02
969 1.629140312107e-02
970 1.629140312107e-02
971 1.649984518213e-02
972 1.649984518213e-02
973 1.649984518213e-02
974 1.649984518213e-02
975 1.649984518213e-02
976 1.649984518213e-02
977 1.649984518213e-02
978 1.649984518213e-02
979 1.649984518213e-02
980 1.649984518213e-02
981 1.673003185667e-02
982 1.673003185667e-02
983 1.673003185667e-02
984 1.673003185667e-02
985 1.673003185667e-02
986 1.673003185667e-02
987 1.673003185667e-02
988 1.673003185667e-02
989 1.673003185667e-02
990 1.673003185667e-02
991 1.707267082757e-02
992 1.707267082757e-02
993 1.707267082757e-02
994 1.707267082757e-02
995 1.707267082757e-02
996 1.707267082757e-02
997 1.707267082757e-02
998 1.707267082757e-02
999 1.707267082757e-02
1000 1.707267082757e-02
1001 1.747278855685e-02
1002 1.747278855685e-02
1003 1.747278855685e-02
1004 1.747278855685e-02
1005 1.747278855685e-02
1006 1.747278855685e-02
1007 1.747278855685e-02
1008 1.747278855685e-02
1009 1.747278855685e-02
1010 1.747278855685e-02
1011 1.782010489177e-02
1012 1.782010489177e-02
1013 1.782010489177e-02
1014 1.782010489177e-02
1015 1.782010489177e-02
1016 1.782010489177e-02
1017 1.782010489177e-02
1018 1.782010489177e-02
1019 1.782010489177e-02
1020 1.782010489177e-02
1021 1.808070031279e-02
1022 1.808070031279e-02
1023 1.808070031279e-02
1024 1.808070031279e-02
1025 1.808070031279e-02
1026 1.808070031279e-02
1027 1.808070031279e-02
1028 1.808070031279e-02
1029 1.808070031279e-02
1030 1.808070031279e-02
1031 1.825071014736e-02
1032 1.825071014736e-02
1033 1.825071014736e-02
1034 1.825071014736e-02
1035 1.825071014736e-02
1036 1.825071014736e-02
1037 1.825071014736e-02
1038 1.825071014736e-02
1039 1.825071014736e-02
1040 1.825071014736e-02
1041 1.845768105166e-02
1042 1.845768105166e-02
1043 1.845768105166e-02
1044 1.845768105166e-02
1045 1.845768105166e-02
1046 1.845768105166e-02
1047 1.845768105166e-02
1048 1.845768105166e-02
1049 1.845768105166e-02
1050 1.845768105166e-02
1051 1.886649449063e-02
1052 1.886649449063e-02
1053 1.886649449063e-02
1054 1.886649449063e-02
1055 1.886649449063e-02
1056 1.886649449063e-02
1057 1.886649449063e-02
1058 1.886649449063e-02
1059 1.886649449063e-02
1060 1.886649449063e-02
1061 1.949200252624e-02
1062 1.949200252624e-02
1063 1.949200252624e-02
1064 1.949200252624e-02
1065 1.949200252624e-02
1066 1.949200252624e-02
1067 1.949200252624e-02
1068 1.949200252624e-02
1069 1.949200252624e-02
1070 1.949200252624e-02
1071 2.014403649161e-02
1072 2.014403649161e-02
1073 2.014403649161e-02
1074 2.014403649161e-02
1075 2.014403649161e-02
1076 2.014403649161e-02
1077 2.014403649161e-02
1078 2.014403649161e-02
1079 2.014403649161e-02
1080 2.014403649161e-02
1081 2.066663653888e-02
1082 2.066663653888e-02
1083 2.066663653888e-02
1084 2.066663653888e-02
1085 2.066663653888e-02
1086 2.066663653888e-02
1087 2.066663653888e-02
1088 2.066663653888e-02
1089 2.066663653888e-02
1090 2.066663653888e-02
1091 2.109141826260e-02
1092 2.109141826260e-02
1093 2.109141826260e-02
1094 2.109141826260e-02
1095 2.109141826260e-02
1096 2.109141826260e-02
1097 2.109141826260e-02
1098 2.109141826260e-02
1099 2.109141826260e-02
1100 2.109141826260e-02
1101 2.153913759310e-02
1102 2.153913759310e-02
1103 2.153913759310e-02
1104 2.153913759310e-02
1105 2.153913759310e-02
1106 2.153913759310e-02
1107 2.153913759310e-02
1108 2.153913759310e-02
1109 2.153913759310e-02
1110 2.153913759310e-02
1111 2.200665752213e-02
1112 2.200665752213e-02
1113 2.200665752213e-02
1114 2.200665752213e-02
1115 2.200665752213e-02
1116 2.200665752213e-02
1117 2.200665752213e-02
1118 2.200665752213e-02
1119 2.200665752213e-02
1120 2.200665752213e-02
1121 2.240014155604e-02
1122 2.240014155604e-02
1123 2.240014155604e-02
1124 2.240014155604e-02
1125 2.240014155604e-02
1126 2.240014155604e-02
1127 2.240014155604e-02
1128 2.240014155604e-02
1129 2.240014155604e-02
1130 2.240014155604e-02
1131 2.267554562925e-02
1132 2.267554562925e-02
1133 2.267554562925e-02
1134 2.267554562925e-02
1135 2.267554562925e-02
1136 2.267554562925e-02
1137 2.267554562925e-02
1138 2.267554562925e-02
1139 2.267554562925e-02
1140 2.267554562925e-02
1141 2.283240393812e-02
1142 2.283240393812e-02
1143 2.283240393812e-02
1144 2.283240393812e-02
1145 2.283240393812e-02
1146 2.283240393812e-02
1147 2.283240393812e-02
1148 2.283240393812e-02
1149 2.283240393812e-02
1150 2.283240393812e-02
1151 2.298505445037e-02
1152 2.298505445037e-02
1153 2.298505445037e-02
1154 2.298505445037e-02
1155 2.298505445037e-02
1156 2.298505445037e-02
1157 2.298505445037e-02
1158 2.298505445037e-02
1159 2.298505445037e-02
1160 2.298505445037e-02
1161 2.325048476028e-02
1162 2.325048476028e-02
1163 2.325048476028e-02
1164 2.325048476028e-02
1165 2.325048476028e-02
1166 2.325048476028e-02
1167 2.325048476028e-02
1168 2.325048476028e-02
1169 2.325048476028e-02
1170 2.325048476028e-02
1171 2.358243982775e-02
1172 2.358243982775e-02
1173 2.358243982775e-02
1174 2.358243982775e-02
1175 2.358243982775e-02
1176 2.358243982775e-02
1177 2.358243982775e-02
1178 2.358243982775e-02
1179 2.358243982775e-02
1180 2.358243982775e-02
1181 2.388602187808e-02
1182 2.388602187808e-02
1183 2.388602187808e-02
1184 2.388602187808e-02
1185 2.388602187808e-02
1186 2.388602187808e-02
1187 2.388602187808e-02
1188 2.388602187808e-02
1189 2.388602187808e-02
1190 2.388602187808e-02
1191 2.410855837098e-02
1192 2.410855837098e-02
1193 2.410855837098e-02
1194 2.410855837098e-02
1195 2.410855837098e-02
1196 2.410855837098e-02
1197 2.410855837098e-02
1198 2.410855837098e-02
1199 2.410855837098e-02
1200 2.410855837098e-02
1201 2.424720842672e-02
1202 2.424720842672e-02
1203 2.424720842672e-02
1204 2.424720842672e-02
1205 2.424720842672e-02
1206 2.424720842672e-02
1207 2.424720842672e-02
1208 2.424720842672e-02
1209 2.424720842672e-02
1210 2.424720842672e-02
1211 2.440443275692e-02
1212 2.440443275692e-02
1213 2.440443275692e-02
1214 2.440443275692e-02
1215 2.440443275692e-02
1216 2.440443275692e-02
1217 2.440443275692e-02
1218 2.440443275692e-02
1219 2.440443275692e-02
1220 2.440443275692e-02
1221 2.465628097354e-02
1222 2.465628097354e-02
1223 2.465628097354e-02
1224 2.465628097354e-02
1225 2.465628097354e-02
1226 2.465628097354e-02
1227 2.465628097354e-02
1228 2.465628097354e-02
1229 2.465628097354e-02
1230 2.465628097354e-02
1231 2.497406895387e-02
1232 2.497406895387e-02
1233 2.497406895387e-02
1234 2.497406895387e-02
1235 2.497406895387e-02
1236 2.497406895387e-02
1237 2.497406895387e-02
1238 2.497406895387e-02
1239 2.497406895387e-02
1240 2.497406895387e-02
1241 2.530297755835e-02
1242 2.530297755835e-02
1243 2.530297755835e-02
1244 2.530297755835e-02
1245 2.530297755835e-02
1246 2.530297755835e-02
1247 2.530297755835e-02
1248 2.530297755835e-02
1249 2.530297755835e-02
1250 2.530297755835e-02
1251 2.558871463302e-02
1252 2.558871463302e-02
1253 2.558871463302e-02
1254 2.558871463302e-02
1255 2.558871463302e-02
1256 2.558871463302e-02
1257 2.558871463302e-02
1258 2.558871463302e-02
1259 2.558871463302e-02
1260 2.558871463302e-02
1261 2.586025587235e-02
1262 2.586025587235e-02
1263 2.586025587235e-02
1264 2.586025587235e-02
1265 2.586025587235e-02
1266 2.586025587235e-02
1267 2.586025587235e-02
1268 2.586025587235e-02
1269 2.586025587235e-02
1270 2.586025587235e-02
1271 2.617400042974e-02
1272 2.617400042974e-02
1273 2.617400042974e-02
1274 2.617400042974e-02
1275 2.617400042974e-02
1276 2.617400042974e-02
1277 2.617400042974e-02
1278 2.617400042974e-02
1279 2.617400042974e-02
1280 2.617400042974e-02
1281 2.651826354544e-02
1282 2.651826354544e-02
1283 2.651826354544e-02
1284 2.651826354544e-02
1285 2.651826354544e-02
1286 2.651826354544e-02
1287 2.651826354544e-02
1288 2.651826354544e-02
1289 2.651826354544e-02
1290 2.651826354544e-02
1291 2.691240011872e-02
1292 2.691240011872e-02
1293 2.691240011872e-02
1294 2.691240011872e-02
1295 2.691240011872e-02
1296 2.691240011872e-02
1297 2.691240011872e-02
1298 2.691240011872e-02
1299 2.691240011872e-02
1300 2.691240011872e-02
1301 2.732457988269e-02
1302 2.732457988269e-02
1303 2.732457988269e-02
1304 2.732457988269e-02
1305 2.732457988269e-02
1306 2.732457988269e-02
1307 2.732457988269e-02
1308 2.732457988269e-02
1309 2.732457988269e-02
1310 2.732457988269e-02
1311 2.772195734616e-02
1312 2.772195734616e-02
1313 2.772195734616e-02
1314 2.772195734616e-02
1315 2.772195734616e-02
1316 2.772195734616e-02
1317 2.772195734616e-02
1318 2.772195734616e-02
1319 2.772195734616e-02
1320 2.772195734616e-02
1321 2.806980053395e-02
1322 2.806980053395e-02
1323 2.806980053395e-02
1324 2.806980053395e-02
1325 2.806980053395e-02
1326 2.806980053395e-02
1327 2.806980053395e-02
1328 2.806980053395e-02
1329 2.806980053395e-02
1330 2.806980053395e-02
1331 2.836896135875e-02
1332 2.836896135875e-02
1333 2.836896135875e-02
1334 2.836896135875e-02
1335 2.836896135875e-02
1336 2.836896135875e-02
1337 2.836896135875e-02
1338 2.836896135875e-02
1339 2.836896135875e-02
1340 2.836896135875e-02
1341 2.867708537402e-02
1342 2.867708537402e-02
1343 2.867708537402e-02
1344 2.867708537402e-02
1345 2.867708537402e-02
1346 2.867708537402e-02
1347 2.867708537402e-02
1348 2.867708537402e-02
1349 2.867708537402e-02
1350 2.867708537402e-02
1351 2.908149225623e-02
1352 2.908149225623e-02
1353 2.908149225623e-02
1354 2.908149225623e-02
1355 2.908149225623e-02
1356 2.908149225623e-02
1357 2.908149225623e-02
1358 2.908149225623e-02
1359 2.908149225623e-02
1360 2.908149225623e-02
1361 2.956915422258e-02
1362 2.956915422258e-02
1363 2.956915422258e-02
1364 2.956915422258e-02
1365 2.956915422258e-02
1366 2.956915422258e-02
1367 2.956915422258e-02
1368 2.956915422258e-02
1369 2.956915422258e-02
1370 2.956915422258e-02
1371 3.014863568465e-02
1372 3.014863568465e-02
1373 3.014863568465e-02
1374 3.014863568465e-02
1375 3.014863568465e-02
1376 3.014863568465e-02
1377 3.014863568465e-02
1378 3.014863568465e-02
1379 3.014863568465e-02
1380 3.014863568465e-02
1381 3.082245066580e-02
1382 3.082245066580e-02
1383 3.082245066580e-02
1384 3.082245066580e-02
1385 3.082245066580e-02
1386 3.082245066580e-02
1387 3.082245066580e-02
1388 3.082245066580e-02
1389 3.082245066580e-02
1390 3.082245066580e-02
1391 3.151347769250e-02
1392 3.151347769250e-02
1393 3.151347769250e-02
1394 3.151347769250e-02
1395 3.151347769250e-02
1396 3.151347769250e-02
1397 3.151347769250e-02
1398 3.151347769250e-02
1399 3.151347769250e-02
1400 3.151347769250e-02
1401 3.212160872367e-02
1402 3.212160872367e-02
1403 3.212160872367e-02
1404 3.212160872367e-02
1405 3.212160872367e-02
1406 3.212160872367e-02
1407 3.212160872367e-02
1408 3.212160872367e-02
1409 3.212160872367e-02
1410 3.212160872367e-02
1411 3.261968658503e-02
1412 3.261968658503e-02
1413 3.261968658503e-02
1414 3.261968658503e-02
1415 3.261968658503e-02
1416 3.261968658503e-02
1417 3.261968658503e-02
1418 3.261968658503e-02
1419 3.261968658503e-02
1420 3.261968658503e-02
1421 3.298518236808e-02
1422 3.298518236808e-02
1423 3.298518236808e-02
1424 3.298518236808e-02
1425 3.298518236808e-02
1426 3.298518236808e-02
1427 3.298518236808e-02
1428 3.298518236808e-02
1429 3.298518236808e-02
1430 3.298518236808e-02
1431 3.321179676870e-02
1432 3.321179676870e-02
1433 3.321179676870e-02
1434 3.321179676870e-02
1435 3.321179676870e-02
1436 3.321179676870e-02
1437 3.321179676870e-02
1438 3.321179676870e-02
1439 3.321179676870e-02
1440 3.321179676870e-02
1441 3.334638895477e-02
1442 3.334638895477e-02
1443 3.334638895477e-02
1444 3.334638895477e-02
1445 3.334638895477e-02
1446 3.334638895477e-02
1447 3.334638895477e-02
1448 3.334638895477e-02
1449 3.334638895477e-02
1450 3.334638895477e-02
1451 3.351433824969e-02
1452 3.351433824969e-02
1453 3.351433824969e-02
1454 3.351433824969e-02
1455 3.351433824969e-02
1456 3.351433824969e-02
1457 3.351433824969e-02
1458 3.351433824969e-02
1459 3.351433824969e-02
1460 3.351433824969e-02
1461 3.382356830136e-02
1462 3.382356830136e-02
1463 3.382356830136e-02
1464 3.382356830136e-02
1465 3.382356830136e-02
1466 3.382356830136e-02
1467 3.382356830136e-02
1468 3.382356830136e-02
1469 3.382356830136e-02
1470 3.382356830136e-02
1471 3.418952543977e-02
1472 3.418952543977e-02
1473 3.418952543977e-02
1474 3.418952543977e-02
1475 3.418952543977e-02
1476 3.418952543977e-02
1477 3.418952543977e-02
1478 3.418952543977e-02
1479 3.418952543977e-02
1480 3.418952543977e-02
1481 3.444323443387e-02
1482 3.444323443387e-02
1483 3.444323443387e-02
1484 3.444323443387e-02
1485 3.444323443387e-02
1486 3.444323443387e-02
1487 3.444323443387e-02
1488 3.444323443387e-02
1489 3.444323443387e-02
1490 3.444323443387e-02
1491 3.462693332198e-02
1492 3.462693332198e-02
1493 3.462693332198e-02
1494 3.462693332198e-02
1495 3.462693332198e-02
1496 3.462693332198e-02
1497 3.462693332198e-02
1498 3.462693332198e-02
1499 3.462693332198e-02
1500 3.462693332198e-02
1501 3.486557378551e-02
1502 3.486557378551e-02
1503 3.486557378551e-02
1504 3.486557378551e-02
1505 3.486557378551e-02
1506 3.486557378551e-02
1507 3.486557378551e-02
1508 3.486557378551e-02
1509 3.486557378551e-02
1510 3.486557378551e-02
1511 3.523891107425e-02
1512 3.523891107425e-02
1513 3.523891107425e-02
1514 3.523891107425e-02
1515 3.523891107425e-02
1516 3.523891107425e-02
1517 3.523891107425e-02
1518 3.523891107425e-02
1519 3.523891107425e-02
1520 3.523891107425e-02
1521 3.573388019279e-02
1522 3.573388019279e-02
1523 3.573388019279e-02
1524 3.573388019279e-02
1525 3.573388019279e-02
1526 3.573388019279e-02
1527 3.573388019279e-02
1528 3.573388019279e-02
1529 3.573388019279e-02
1530 3.573388019279e-02
1531 3.614178680251e-02
1532 3.614178680251e-02
1533 3.614178680251e-02
1534 3.614178680251e-02
1535 3.614178680251e-02
1536 3.614178680251e-02
1537 3.614178680251e-02
1538 3.614178680251e-02
1539 3.614178680251e-02
1540 3.614178680251e-02
1541 3.633872005964e-02
1542 3.633872005964e-02
1543 3.633872005964e-02
1544 3.633872005964e-02
1545 3.633872005964e-02
1546 3.633872005964e-02
1547 3.633872005964e-02
1548 3.633872005964e-02
1549 3.633872005964e-02
1550 3.633872005964e-02
1551 3.635830353515e-02
1552 3.635830353515e-02
1553 3.635830353515e-02
1554 3.635830353515e-02
1555 3.635830353515e-02
1556 3.635830353515e-02
1557 3.635830353515e-02
1558 3.635830353515e-02
1559 3.635830353515e-02
1560 3.635830353515e-02
1561 3.638554232046e-02
1562 3.638554232046e-02
1563 3.638554232046e-02
1564 3.638554232046e-02
1565 3.638554232046e-02
1566 3.638554232046e-02
1567 3.638554232046e-02
1568 3.638554232046e-02
1569 3.638554232046e-02
1570 3.638554232046e-02
1571 3.654114583572e-02
1572 3.654114583572e-02
1573 3.654114583572e-02
1574 3.654114583572e-02
1575 3.654114583572e-02
1576 3.654114583572e-02
1577 3.654114583572e-02
1578 3.654114583572e-02
1579 3.654114583572e-02
1580 3.654114583572e-02
1581 3.678157459078e-02
1582 3.678157459078e-02
1583 3.678157459078e-02
1584 3.678157459078e-02
1585 3.678157459078e-02
1586 3.678157459078e-02
1587 3.678157459078e-02
1588 3.678157459078e-02
1589 3.678157459078e-02
1590 3.678157459078e-02
1591 3.696410715266e-02
1592 3.696410715266e-02
1593 3.696410715266e-02
1594 3.696410715266e-02
1595 3.696410715266e-02
1596 3.696410715266e-02
1597 3.696410715266e-02
1598 3.696410715266e-02
1599 3.696410715266e-02
1600 3.696410715266e-02
1601 3.708407838761e-02
1602 3.708407838761e-02
1603 3.708407838761e-02
1604 3.708407838761e-02
1605 3.708407838761e-02
1606 3.708407838761e-02
1607 3.708407838761e-02
1608 3.708407838761e-02
1609 3.708407838761e-02
1610 3.708407838761e-02
1611 3.722937121153e-02
1612 3.722937121153e-02
1613 3.722937121153e-02
1614 3.722937121153e-02
1615 3.722937121153e-02
1616 3.722937121153e-02
1617 3.722937121153e-02
1618 3.722937121153e-02
1619 3.722937121153e-02
1620 3.722937121153e-02
1621 3.740520165657e-02
1622 3.740520165657e-02
1623 3.740520165657e-02
1624 3.740520165657e-02
1625 3.740520165657e-02
1626 3.740520165657e-02
1627 3.740520165657e-02
1628 3.740520165657e-02
1629 3.740520165657e-02
1630 3.740520165657e-02
1631 3.752590410085e-02
1632 3.752590410085e-02
1633 3.752590410085e-02
1634 3.752590410085e-02
1635 3.752590410085e-02
1636 3.752590410085e-02
1637 3.752590410085e-02
1638 3.752590410085e-02
1639 3.752590410085e-02
1640 3.752590410085e-02
1641 3.763364758857e-02
1642 3.763364758857e-02
1643 3.763364758857e-02
1644 3.763364758857e-02
1645 3.763364758857e-02
1646 3.763364758857e-02
1647 3.763364758857e-02
1648 3.763364758857e-02
1649 3.763364758857e-02
1650 3.763364758857e-02
1651 3.787972132537e-02
1652 3.787972132537e-02
1653 3.787972132537e-02
1654 3.787972132537e-02
1655 3.787972132537e-02
1656 3.787972132537e-02
1657 3.787972132537e-02
1658 3.787972132537e-02
1659 3.787972132537e-02
1660 3.787972132537e-02
1661 3.822965134859e-02
1662 3.822965134859e-02
1663 3.822965134859e-02
1664 3.822965134859e-02
1665 3.822965134859e-02
1666 3.822965134859e-02
1667 3.822965134859e-02
1668 3.822965134859e-02
1669 3.822965134859e-02
1670 3.822965134859e-02
1671 3.850564346148e-02
1672 3.850564346148e-02
1673 3.850564346148e-02
1674 3.850564346148e-02
1675 3.850564346148e-02
1676 3.850564346148e-02
1677 3.850564346148e-02
1678 3.850564346148e-02
1679 3.850564346148e-02
1680 3.850564346148e-02
1681 3.866130205726e-02
1682 3.866130205726e-02
1683 3.866130205726e-02
1684 3.866130205726e-02
1685 3.866130205726e-02
1686 3.866130205726e-02
1687 3.866130205726e-02
1688 3.866130205726e-02
1689 3.866130205726e-02
1690 3.866130205726e-02
1691 3.875603553130e-02
1692 3.875603553130e-02
1693 3.875603553130e-02
1694 3.875603553130e-02
1695 3.875603553130e-02
1696 3.875603553130e-02
1697 3.875603553130e-02
1698 3.875603553130e-02
1699 3.875603553130e-02
1700 3.875603553130e-02
1701 3.888352768841e-02
1702 3.888352768841e-02
1703 3.888352768841e-02
1704 3.888352768841e-02
1705 3.888352768841e-02
1706 3.888352768841e-02
1707 3.888352768841e-02
1708 3.888352768841e-02
1709 3.888352768841e-02
1710 3.888352768841e-02
1711 3.910685701631e-02
1712 3.910685701631e-02
1713 3.910685701631e-02
1714 3.910685701631e-02
1715 3.910685701631e-02
1716 3.910685701631e-02
1717 3.910685701631e-02
1718 3.910685701631e-02
1719 3.910685701631e-02
1720 3.910685701631e-02
1721 3.931927092613e-02
1722 3.931927092613e-02
1723 3.931927092613e-02
1724 3.931927092613e-02
1725 3.931927092613e-02
1726 3.931927092613e-02
1727 3.931927092613e-02
1728 3.931927092613e-02
1729 3.931927092613e-02
1730 3.931927092613e-02
1731 3.946082854104e-02
1732 3.946082854104e-02
1733 3.946082854104e-02
1734 3.946082854104e-02
1735 3.946082854104e-02
1736 3.946082854104e-02
1737 3.946082854104e-02
1738 3.946082854104e-02
1739 3.946082854104e-02
1740 3.946082854104e-02
1741 3.966799095875e-02
1742 3.966799095875e-02
1743 3.966799095875e-02
1744 3.966799095875e-02
1745 3.966799095875e-02
1746 3.966799095875e-02
1747 3.966799095875e-02
1748 3.966799095875e-02
1749 3.966799095875e-02
1750 3.966799095875e-02
1751 4.002156930871e-02
1752 4.002156930871e-02
1753 4.002156930871e-02
1754 4.002156930871e-02
1755 4.002156930871e-02
1756 4.002156930871e-02
1757 4.002156930871e-02
1758 4.002156930871e-02
1759 4.002156930871e-02
1760 4.002156930871e-02
1761 4.035719445273e-02
1762 4.035719445273e-02
1763 4.035719445273e-02
1764 4.035719445273e-02
1765 4.035719445273e-02
1766 4.035719445273e-02
1767 4.035719445273e-02
1768 4.035719445273e-02
1769 4.035719445273e-02
1770 4.035719445273e-02
1771 4.058407881477e-02
1772 4.058407881477e-02
1773 4.058407881477e-02
1774 4.058407881477e-02
1775 4.058407881477e-02
1776 4.058407881477e-02
1777 4.058407881477e-02
1778 4.058407881477e-02
1779 4.058407881477e-02
1780 4.058407881477e-02
1781 4.075798407863e-02
1782 4.075798407863e-02
1783 4.075798407863e-02
1784 4.075798407863e-02
1785 4.075798407863e-02
1786 4.075798407863e-02
1787 4.075798407863e-02
1788 4.075798407863e-02
1789 4.075798407863e-02
1790 4.075798407863e-02
1791 4.092890288094e-02
1792 4.092890288094e-02
1793 4.092890288094e-02
1794 4.092890288094e-02
1795 4.092890288094e-02
1796 4.092890288094e-02
1797 4.092890288094e-02
1798 4.092890288094e-02
1799 4.092890288094e-02
1800 4.092890288094e-02
1801 4.109950493084e-02
1802 4.109950493084e-02
1803 4.109950493084e-02
1804 4.109950493084e-02
1805 4.109950493084e-02
1806 4.109950493084e-02
1807 4.109950493084e-02
1808 4.109950493084e-02
1809 4.109950493084e-02
1810 4.109950493084e-02
1811 4.133191997743e-02
1812 4.133191997743e-02
1813 4.133191997743e-02
1814 4.133191997743e-02
1815 4.133191997743e-02
1816 4.133191997743e-02
1817 4.133191997743e-02
1818 4.133191997743e-02
1819 4.133191997743e-02
1820 4.133191997743e-02
1821 4.155925703216e-02
1822 4.155925703216e-02
1823 4.155925703216e-02
1824 4.155925703216e-02
1825 4.155925703216e-02
1826 4.155925703216e-02
1827 4.155925703216e-02
1828 4.155925703216e-02
1829 4.155925703216e-02
1830 4.155925703216e-02
1831 4.176353545438e-02
1832 4.176353545438e-02
1833 4.176353545438e-02
1834 4.176353545438e-02
1835 4.176353545438e-02
1836 4.176353545438e-02
1837 4.176353545438e-02
1838 4.176353545438e-02
1839 4.176353545438e-02
1840 4.176353545438e-02
1841 4.198011866675e-02
1842 4.198011866675e-02
1843 4.198011866675e-02
1844 4.198011866675e-02
1845 4.198011866675e-02
1846 4.198011866675e-02
1847 4.198011866675e-02
1848 4.198011866675e-02
1849 4.198011866675e-02
1850 4.198011866675e-02
1851 4.218076382345e-02
1852 4.218076382345e-02
1853 4.218076382345e-02
1854 4.218076382345e-02
1855 4.218076382345e-02
1856 4.218076382345e-02
1857 4.218076382345e-02
1858 4.218076382345e-02
1859 4.218076382345e-02
1860 4.218076382345e-02
1861 4.231199541969e-02
1862 4.231199541969e-02
1863 4.231199541969e-02
1864 4.231199541969e-02
1865 4.231199541969e-02
1866 4.231199541969e-02
1867 4.231199541969e-02
1868 4.231199541969e-02
1869 4.231199541969e-02
1870 4.231199541969e-02
1871 4.247058096278e-02
1872 4.247058096278e-02
1873 4.247058096278e-02
1874 4.247058096278e-02
1875 4.247058096278e-02
1876 4.247058096278e-02
1877 4.247058096278e-02
1878 4.247058096278e-02
1879 4.247058096278e-02
1880 4.247058096278e-02
1881 4.268266432670e-02
1882 4.268266432670e-02
1883 4.268266432670e-02
1884 4.268266432670e-02
1885 4.268266432670e-02
1886 4.268266432670e-02
1887 4.268266432670e-02
1888 4.268266432670e-02
1889 4.268266432670e-02
1890 4.268266432670e-02
1891 4.289128555391e-02
1892 4.289128555391e-02
1893 4.289128555391e-02
1894 4.289128555391e-02
1895 4.289128555391e-02
1896 4.289128555391e-02
1897 4.289128555391e-02
1898 4.289128555391e-02
1899 4.289128555391e-02
1900 4.289128555391e-02
1901 4.314351709866e-02
1902 4.314351709866e-02
1903 4.314351709866e-02
1904 4.314351709866e-02
1905 4.314351709866e-02
1906 4.314351709866e-02
1907 4.314351709866e-02
1908 4.314351709866e-02
1909 4.314351709866e-02
1910 4.314351709866e-02
1911 4.340270803412e-02
1912 4.340270803412e-02
1913 4.340270803412e-02
1914 4.340270803412e-02
1915 4.340270803412e-02
1916 4.340270803412e-02
1917 4.340270803412e-02
1918 4.340270803412e-02
1919 4.340270803412e-02
1920 4.340270803412e-02
1921 4.356990104720e-02
1922 4.356990104720e-02
1923 4.356990104720e-02
1924 4.356990104720e-02
1925 4.356990104720e-02
1926 4.356990104720e-02
1927 4.356990104720e-02
1928 4.356990104720e-02
1929 4.356990104720e-02
1930 4.356990104720e-02
1931 4.380939939896e-02
1932 4.380939939896e-02
1933 4.380939939896e-02
1934 4.380939939896e-02
1935 4.380939939896e-02
1936 4.380939939896e-02
1937 4.380939939896e-02
1938 4.380939939896e-02
1939 4.380939939896e-02
1940 4.380939939896e-02
1941 4.424379790190e-02
1942 4.424379790190e-02
1943 4.424379790190e-02
1944 4.424379790190e-02
1945 4.424379790190e-02
1946 4.424379790190e-02
1947 4.424379790190e-02
1948 4.424379790190e-02
1949 4.424379790190e-02
1950 4.424379790190e-02
1951 4.461483104793e-02
1952 4.461483104793e-02
1953 4.461483104793e-02
1954 4.461483104793e-02
1955 4.461483104793e-02
1956 4.461483104793e-02
1957 4.461483104793e-02
1958 4.461483104793e-02
1959 4.461483104793e-02
1960 4.461483104793e-02
1961 4.479852055139e-02
1962 4.479852055139e-02
1963 4.479852055139e-02
1964 4.479852055139e-02
1965 4.479852055139e-02
1966 4.479852055139e-02
1967 4.479852055139e-02
1968 4.479852055139e-02
1969 4.479852055139e-02
1970 4.479852055139e-02
1971 4.487543434988e-02
1972 4.487543434988e-02
1973 4.487543434988e-02
1974 4.487543434988e-02
1975 4.487543434988e-02
1976 4.487543434988e-02
1977 4.487543434988e-02
1978 4.487543434988e-02
1979 4.487543434988e-02
1980 4.487543434988e-02
1981 4.494947674941e-02
1982 4.494947674941e-02
1983 4.494947674941e-02
1984 4.494947674941e-02
1985 4.494947674941e-02
1986 4.494947674941e-02
1987 4.494947674941e-02
1988 4.494947674941e-02
1989 4.494947674941e-02
1990 4.494947674941e-02
1991 4.504832844495e-02
1992 4.504832844495e-02
1993 4.504832844495e-02
1994 4.504832844495e-02
1995 4.504832844495e-02
1996 4.504832844495e-02
1997 4.504832844495e-02
1998 4.504832844495e-02
1999 4.504832844495e-02
2000 4.504832844495e-02
2001 4.512563207871e-02
2002 4.512563207871e-02
2003 4.512563207871e-02
2004 4.512563207871e-02
2005 4.512563207871e-02
2006 4.512563207871e-02
2007 4.512563207871e-02
2008 4.512563207871e-02
2009 4.512563207871e-02
2010 4.512563207871e-02
2011 4.501030671290e-02
2012 4.501030671290e-02
2013 4.501030671290e-02
2014 4.501030671290e-02
2015 4.501030671290e-02
2016 4.501030671290e-02
2017 4.501030671290e-02
2018 4.501030671290e-02
2019 4.501030671290e-02
2020 4.501030671290e-02
2021 4.478810962893e-02
2022 4.478810962893e-02
2023 4.478810962893e-02
2024 4.478810962893e-02
2025 4.478810962893e-02
2026 4.478810962893e-02
2027 4.478810962893e-02
2028 4.478810962893e-02
2029 4.478810962893e-02
2030 4.478810962893e-02
2031 4.474539027658e-02
2032 4.474539027658e-02
2033 4.474539027658e-02
2034 4.474539027658e-02
2035 4.474539027658e-02
2036 4.474539027658e-02
2037 4.474539027658e-02
2038 4.474539027658e-02
2039 4.474539027658e-02
2040 4.474539027658e-02
2041 4.495425818086e-02
2042 4.495425818086e-02
2043 4.495425818086e-02
2044 4.495425818086e-02
2045 4.495425818086e-02
2046 4.495425818086e-02
2047 4.495425818086e-02
2048 4.495425818086e-02
2049 4.495425818086e-02
2050 4.495425818086e-02
2051 4.530517975959e-02
2052 4.530517975959e-02
2053 4.530517975959e-02
2054 4.530517975959e-02
2055 4.530517975959e-02
2056 4.530517975959e-02
2057 4.530517975959e-02
2058 4.530517975959e-02
2059 4.530517975959e-02
2060 4.530517975959e-02
2061 4.557415753466e-02
2062 4.557415753466e-02
2063 4.557415753466e-02
2064 4.557415753466e-02
2065 4.557415753466e-02
2066 4.557415753466e-02
2067 4.557415753466e-02
2068 4.557415753466e-02
2069 4.557415753466e-02
2070 4.557415753466e-02
2071 4.575523301563e-02
2072 4.575523301563e-02
2073 4.575523301563e-02
2074 4.575523301563e-02
2075 4.575523301563e-02
2076 4.575523301563e-02
2077 4.575523301563e-02
2078 4.575523301563e-02
2079 4.575523301563e-02
2080 4.575523301563e-02
2081 4.593804915820e-02
2082 4.593804915820e-02
2083 4.593804915820e-02
2084 4.593804915820e-02
2085 4.593804915820e-02
2086 4.593804915820e-02
2087 4.593804915820e-02
2088 4.593804915820e-02
2089 4.593804915820e-02
2090 4.593804915820e-02
2091 4.634419968536e-02
2092 4.634419968536e-02
2093 4.634419968536e-02
2094 4.634419968536e-02
2095 4.634419968536e-02
2096 4.634419968536e-02
2097 4.634419968536e-02
2098 4.634419968536e-02
2099 4.634419968536e-02
2100 4.634419968536e-02
2101 4.694414656684e-02
2102 4.694414656684e-02
2103 4.694414656684e-02
2104 4.694414656684e-02
2105 4.694414656684e-02
2106 4.694414656684e-02
2107 4.694414656684e-02
2108 4.694414656684e-02
2109 4.694414656684e-02
2110 4.694414656684e-02
2111 4.744729171184e-02
2112 4.744729171184e-02
2113 4.744729171184e-02
2114 4.744729171184e-02
2115 4.744729171184e-02
2116 4.744729171184e-02
2117 4.744729171184e-02
2118 4.744729171184e-02
2119 4.744729171184e-02
2120 4.744729171184e-02
2121 4.776925976892e-02
2122 4.776925976892e-02
2123 4.776925976892e-02
2124 4.776925976892e-02
2125 4.776925976892e-02
2126 4.776925976892e-02
2127 4.776925976892e-02
2128 4.776925976892e-02
2129 4.776925976892e-02
2130 4.776925976892e-02
2131 4.794591903440e-02
2132 4.794591903440e-02
2133 4.794591903440e-02
2134 4.794591903440e-02
2135 4.794591903440e-02
2136 4.794591903440e-02
2137 4.794591903440e-02
2138 4.794591903440e-02
2139 4.794591903440e-02
2140 4.794591903440e-02
2141 4.813349520952e-02
2142 4.813349520952e-02
2143 4.813349520952e-02
2144 4.813349520952e-02
2145 4.813349520952e-02
2146 4.813349520952e-02
2147 4.813349520952e-02
2148 4.813349520952e-02
2149 4.813349520952e-02
2150 4.813349520952e-02
2151 4.837339436594e-02
2152 4.837339436594e-02
2153 4.837339436594e-02
2154 4.837339436594e-02
2155 4.837339436594e-02
2156 4.837339436594e-02
2157 4.837339436594e-02
2158 4.837339436594e-02
2159 4.837339436594e-02
2160 4.837339436594e-02
2161 4.867857812529e-02
2162 4.867857812529e-02
2163 4.867857812529e-02
2164 4.867857812529e-02
2165 4.867857812529e-02
2166 4.867857812529e-02
2167 4.867857812529e-02
2168 4.867857812529e-02
2169 4.867857812529e-02
2170 4.867857812529e-02
2171 4.910293833475e-02
2172 4.910293833475e-02
2173 4.910293833475e-02
2174 4.910293833475e-02
2175 4.910293833475e-02
2176 4.910293833475e-02
2177 4.910293833475e-02
2178 4.910293833475e-02
2179 4.910293833475e-02
2180 4.910293833475e-02
2181 4.966098196006e-02
2182 4.966098196006e-02
2183 4.966098196006e-02
2184 4.966098196006e-02
2185 4.966098196006e-02
2186 4.966098196006e-02
2187 4.966098196006e-02
2188 4.966098196006e-02
2189 4.966098196006e-02
2190 4.966098196006e-02
2191 5.026586185423e-02
2192 5.026586185423e-02
2193 5.026586185423e-02
2194 5.026586185423e-02
2195 5.026586185423e-02
2196 5.026586185423e-02
2197 5.026586185423e-02
2198 5.026586185423e-02
2199 5.026586185423e-02
2200 5.026586185423e-02
2201 5.090281220104e-02
2202 5.090281220104e-02
2203 5.090281220104e-02
2204 5.090281220104e-02
2205 5.090281220104e-02
2206 5.090281220104e-02
2207 5.090281220104e-02
2208 5.090281220104e-02
2209 5.090281220104e-02
2210 5.090281220104e-02
2211 5.170472624831e-02
2212 5.170472624831e-02
2213 5.170472624831e-02
2214 5.170472624831e-02
2215 5.170472624831e-02
2216 5.170472624831e-02
2217 5.170472624831e-02
2218 5.170472624831e-02
2219 5.170472624831e-02
2220 5.170472624831e-02
2221 5.248687142080e-02
2222 5.248687142080e-02
2223 5.248687142080e-02
2224 5.248687142080e-02
2225 5.248687142080e-02
2226 5.248687142080e-02
2227 5.248687142080e-02
2228 5.248687142080e-02
2229 5.248687142080e-02
2230 5.248687142080e-02
2231 5.324745208416e-02
2232 5.324745208416e-02
2233 5.324745208416e-02
2234 5.324745208416e-02
2235 5.324745208416e-02
2236 5.324745208416e-02
2237 5.324745208416e-02
2238 5.324745208416e-02
2239 5.324745208416e-02
2240 5.324745208416e-02
2241 5.399503594482e-02
2242 5.399503594482e-02
2243 5.399503594482e-02
2244 5.399503594482e-02
2245 5.399503594482e-02
2246 5.399503594482e-02
2247 5.399503594482e-02
2248 5.399503594482e-02
2249 5.399503594482e-02
2250 5.399503594482e-02
2251 5.455723197395e-02
2252 5.455723197395e-02
2253 5.455723197395e-02
2254 5.455723197395e-02
2255 5.455723197395e-02
2256 5.455723197395e-02
2257 5.455723197395e-02
2258 5.455723197395e-02
2259 5.455723197395e-02
2260 5.455723197395e-02
2261 5.501296616093e-02
2262 5.501296616093e-02
2263 5.501296616093e-02
2264 5.501296616093e-02
2265 5.501296616093e-02
2266 5.501296616093e-02
2267 5.501296616093e-02
2268 5.501296616093e-02
2269 5.501296616093e-02
2270 5.501296616093e-02
2271 5.549116351410e-02
2272 5.549116351410e-02
2273 5.549116351410e-02
2274 5.549116351410e-02
2275 5.549116351410e-02
2276 5.549116351410e-02
2277 5.549116351410e-02
2278 5.549116351410e-02
2279 5.549116351410e-02
2280 5.549116351410e-02
2281 5.604550252577e-02
2282 5.604550252577e-02
2283 5.604550252577e-02
2284 5.604550252577e-02
2285 5.604550252577e-02
2286 5.604550252577e-02
2287 5.604550252577e-02
2288 5.604550252577e-02
2289 5.604550252577e-02
2290 5.604550252577e-02
2291 5.668031350226e-02
2292 5.668031350226e-02
2293 5.668031350226e-02
2294 5.668031350226e-02
2295 5.668031350226e-02
2296 5.668031350226e-02
2297 5.668031350226e-02
2298 5.668031350226e-02
2299 5.668031350226e-02
2300 5.668031350226e-02
2301 5.743336250505e-02
2302 5.743336250505e-02
2303 5.743336250505e-02
2304 5.743336250505e-02
2305 5.743336250505e-02
2306 5.743336250505e-02
2307 5.743336250505e-02
2308 5.743336250505e-02
2309 5.743336250505e-02
2310 5.743336250505e-02
2311 5.816636124063e-02
2312 5.816636124063e-02
2313 5.816636124063e-02
2314 5.816636124063e-02
2315 5.816636124063e-02
2316 5.816636124063e-02
2317 5.816636124063e-02
2318 5.816636124063e-02
2319 5.816636124063e-02
2320 5.816636124063e-02
2321 5.879925754709e-02
2322 5.879925754709e-02
2323 5.879925754709e-02
2324 5.879925754709e-02
2325 5.879925754709e-02
2326 5.879925754709e-02
2327 5.879925754709e-02
2328 5.879925754709e-02
2329 5.879925754709e-02
2330 5.879925754709e-02
2331 5.952591721896e-02
2332 5.952591721896e-02
2333 5.952591721896e-02
2334 5.952591721896e-02
2335 5.952591721896e-02
2336 5.952591721896e-02
2337 5.952591721896e-02
2338 5.952591721896e-02
2339 5.952591721896e-02
2340 5.952591721896e-02
2341 6.029086229117e-02
2342 6.029086229117e-02
2343 6.029086229117e-02
2344 6.029086229117e-02
2345 6.029086229117e-02
2346 6.029086229117e-02
2347 6.029086229117e-02
2348 6.029086229117e-02
2349 6.029086229117e-02
2350 6.029086229117e-02
2351 6.110471504961e-02
2352 6.110471504961e-02
2353 6.110471504961e-02
2354 6.110471504961e-02
2355 6.110471504961e-02
2356 6.110471504961e-02
2357 6.110471504961e-02
2358 6.110471504961e-02
2359 6.110471504961e-02
2360 6.110471504961e-02
2361 6.196388628141e-02
2362 6.196388628141e-02
2363 6.196388628141e-02
2364 6.196388628141e-02
2365 6.196388628141e-02
2366 6.196388628141e-02
2367 6.196388628141e-02
2368 6.196388628141e-02
2369 6.196388628141e-02
2370 6.196388628141e-02
2371 6.270751008283e-02
2372 6.270751008283e-02
2373 6.270751008283e-02
2374 6.270751008283e-02
2375 6.270751008283e-02
2376 6.270751008283e-02
2377 6.270751008283e-02
2378 6.270751008283e-02
2379 6.270751008283e-02
2380 6.270751008283e-02
2381 6.338827265253e-02
2382 6.338827265253e-02
2383 6.338827265253e-02
2384 6.338827265253e-02
2385 6.338827265253e-02
2386 6.338827265253e-02
2387 6.338827265253e-02
2388 6.338827265253e-02
2389 6.338827265253e-02
2390 6.338827265253e-02
2391 6.403686863073e-02
2392 6.403686863073e-02
2393 6.403686863073e-02
2394 6.403686863073e-02
2395 6.403686863073e-02
2396 6.403686863073e-02
2397 6.403686863073e-02
2398 6.403686863073e-02
2399 6.403686863073e-02
2400 6.403686863073e-02
2401 6.469699539493e-02
2402 6.469699539493e-02
2403 6.469699539493e-02
2404 6.469699539493e-02
2405 6.469699539493e-02
2406 6.469699539493e-02
2407 6.469699539493e-02
2408 6.469699539493e-02
2409 6.469699539493e-02
2410 6.469699539493e-02
2411 6.538221392279e-02
2412 6.538221392279e-02
2413 6.538221392279e-02
2414 6.538221392279e-02
2415 6.538221392279e-02
2416 6.538221392279e-02
2417 6.538221392279e-02
2418 6.538221392279e-02
2419 6.538221392279e-02
2420 6.538221392279e-02
2421 6.606353471316e-02
2422 6.606353471316e-02
2423 6.606353471316e-02
2424 6.606353471316e-02
2425 6.606353471316e-02
2426 6.606353471316e-02
2427 6.606353471316e-02
2428 6.606353471316e-02
2429 6.606353471316e-02
2430 6.606353471316e-02
2431 6.677452018866e-02
2432 6.677452018866e-02
2433 6.677452018866e-02
2434 6.677452018866e-02
2435 6.677452018866e-02
2436 6.677452018866e-02
2437 6.677452018866e-02
2438 6.677452018866e-02
2439 6.677452018866e-02
2440 6.677452018866e-02
2441 6.749749619017e-02
2442 6.749749619017e-02
2443 6.749749619017e-02
2444 6.749749619017e-02
2445 6.749749619017e-02
2446 6.749749619017e-02
2447 6.749749619017e-02
2448 6.749749619017e-02
2449 6.749749619017e-02
2450 6.749749619017e-02
2451 6.819573734169e-02
2452 6.819573734169e-02
2453 6.819573734169e-02
2454 6.819573734169e-02
2455 6.819573734169e-02
2456 6.819573734169e-02
2457 6.819573734169e-02
2458 6.819573734169e-02
2459 6.819573734169e-02
2460 6.819573734169e-02
2461 6.881507210853e-02
2462 6.881507210853e-02
2463 6.881507210853e-02
2464 6.881507210853e-02
2465 6.881507210853e-02
2466 6.881507210853e-02
2467 6.881507210853e-02
2468 6.881507210853e-02
2469 6.881507210853e-02
2470 6.881507210853e-02
2471 6.931924532027e-02
2472 6.931924532027e-02
2473 6.931924532027e-02
2474 6.931924532027e-02
2475 6.931924532027e-02
2476 6.931924532027e-02
2477 6.931924532027e-02
2478 6.931924532027e-02
2479 6.931924532027e-02
2480 6.931924532027e-02
2481 6.990320710031e-02
2482 6.990320710031e-02
2483 6.990320710031e-02
2484 6.990320710031e-02
2485 6.990320710031e-02
2486 6.990320710031e-02
2487 6.990320710031e-02
2488 6.990320710031e-02
2489 6.990320710031e-02
2490 6.990320710031e-02
2491 7.058166050082e-02
2492 7.058166050082e-02
2493 7.058166050082e-02
2494 7.058166050082e-02
2495 7.058166050082e-02
2496 7.058166050082e-02
2497 7.058166050082e-02
2498 7.058166050082e-02
2499 7.058166050082e-02
2500 7.058166050082e-02
2501 7.119374070631e-02
2502 7.119374070631e-02
2503 7.119374070631e-02
2504 7.119374070631e-02
2505 7.119374070631e-02
2506 7.119374070631e-02
2507 7.119374070631e-02
2508 7.119374070631e-02
2509 7.119374070631e-02
2510 7.119374070631e-02
2511 7.178691792835e-02
2512 7.178691792835e-02
2513 7.178691792835e-02
2514 7.178691792835e-02
2515 7.178691792835e-02
2516 7.178691792835e-02
2517 7.178691792835e-02
2518 7.178691792835e-02
2519 7.178691792835e-02
2520 7.178691792835e-02
2521 7.238220154264e-02
2522 7.238220154264e-02
2523 7.238220154264e-02
2524 7.238220154264e-02
2525 7.238220154264e-02
2526 7.238220154264e-02
2527 7.238220154264e-02
2528 7.238220154264e-02
2529 7.238220154264e-02
2530 7.238220154264e-02
2531 7.297142400904e-02
2532 7.297142400904e-02
2533 7.297142400904e-02
2534 7.297142400904e-02
2535 7.297142400904e-02
2536 7.297142400904e-02
2537 7.297142400904e-02
2538 7.297142400904e-02
2539 7.297142400904e-02
2540 7.297142400904e-02
2541 7.358173403873e-02
2542 7.358173403873e-02
2543 7.358173403873e-02
2544 7.358173403873e-02
2545 7.358173403873e-02
2546 7.358173403873e-02
2547 7.358173403873e-02
2548 7.358173403873e-02
2549 7.358173403873e-02
2550 7.358173403873e-02
2551 7.418366685013e-02
2552 7.418366685013e-02
2553 7.418366685013e-02
2554 7.418366685013e-02
2555 7.418366685013e-02
2556 7.418366685013e-02
2557 7.418366685013e-02
2558 7.418366685013e-02
2559 7.418366685013e-02
2560 7.418366685013e-02
2561 7.468054192072e-02
2562 7.468054192072e-02
2563 7.468054192072e-02
2564 7.468054192072e-02
2565 7.468054192072e-02
2566 7.468054192072e-02
2567 7.468054192072e-02
2568 7.468054192072e-02
2569 7.468054192072e-02
2570 7.468054192072e-02
2571 7.511664408411e-02
2572 7.511664408411e-02
2573 7.511664408411e-02
2574 7.511664408411e-02
2575 7.511664408411e-02
2576 7.511664408411e-02
2577 7.511664408411e-02
2578 7.511664408411e-02
2579 7.511664408411e-02
2580 7.511664408411e-02
2581 7.560914251104e-02
2582 7.560914251104e-02
2583 7.560914251104e-02
2584 7.560914251104e-02
2585 7.560914251104e-02
2586 7.560914251104e-02
2587 7.560914251104e-02
2588 7.560914251104e-02
2589 7.560914251104e-02
2590 7.560914251104e-02
2591 7.610786989079e-02
2592 7.610786989079e-02
2593 7.610786989079e-02
2594 7.610786989079e-02
2595 7.610786989079e-02
2596 7.610786989079e-02
2597 7.610786989079e-02
2598 7.610786989079e-02
2599 7.610786989079e-02
2600 7.610786989079e-02
2601 7.663042277806e-02
2602 7.663042277806e-02
2603 7.663042277806e-02
2604 7.663042277806e-02
2605 7.663042277806e-02
2606 7.663042277806e-02
2607 7.663042277806e-02
2608 7.663042277806e-02
2609 7.663042277806e-02
2610 7.663042277806e-02
2611 7.725217433696e-02
2612 7.725217433696e-02
2613 7.725217433696e-02
2614 7.725217433696e-02
2615 7.725217433696e-02
2616 7.725217433696e-02
2617 7.725217433696e-02
2618 7.725217433696e-02
2619 7.725217433696e-02
2620 7.725217433696e-02
2621 7.781543378819e-02
2622 7.781543378819e-02
2623 7.781543378819e-02
2624 7.781543378819e-02
2625 7.781543378819e-02
2626 7.781543378819e-02
2627 7.781543378819e-02
2628 7.781543378819e-02
2629 7.781543378819e-02
2630 7.781543378819e-02
2631 7.827219465070e-02
2632 7.827219465070e-02
2633 7.827219465070e-02
2634 7.827219465070e-02
2635 7.827219465070e-02
2636 7.827219465070e-02
2637 7.827219465070e-02
2638 7.827219465070e-02
2639 7.827219465070e-02
2640 7.827219465070e-02
2641 7.875418419304e-02
2642 7.875418419304e-02
2643 7.875418419304e-02
2644 7.875418419304e-02
2645 7.875418419304e-02
2646 7.875418419304e-02
2647 7.875418419304e-02
2648 7.875418419304e-02
2649 7.875418419304e-02
2650 7.875418419304e-02
2651 7.921879556426e-02
2652 7.921879556426e-02
2653 7.921879556426e-02
2654 7.921879556426e-02
2655 7.921879556426e-02
2656 7.921879556426e-02
2657 7.921879556426e-02
2658 7.921879556426e-02
2659 7.921879556426e-02
2660 7.921879556426e-02
2661 7.969317027861e-02
2662 7.969317027861e-02
2663 7.969317027861e-02
2664 7.969317027861e-02
2665 7.969317027861e-02
2666 7.969317027861e-02
2667 7.969317027861e-02
2668 7.969317027861e-02
2669 7.969317027861e-02
2670 7.969317027861e-02
2671 8.026570132687e-02
2672 8.026570132687e-02
2673 8.026570132687e-02
2674 8.026570132687e-02
2675 8.026570132687e-02
2676 8.026570132687e-02
2677 8.026570132687e-02
2678 8.026570132687e-02
2679 8.026570132687e-02
2680 8.026570132687e-02
2681 8.073044312550e-02
2682 8.073044312550e-02
2683 8.073044312550e-02
2684 8.073044312550e-02
2685 8.073044312550e-02
2686 8.073044312550e-02
2687 8.073044312550e-02
2688 8.073044312550e-02
2689 8.073044312550e-02
2690 8.073044312550e-02
2691 8.106712430589e-02
2692 8.106712430589e-02
2693 8.106712430589e-02
2694 8.106712430589e-02
2695 8.106712430589e-02
2696 8.106712430589e-02
2697 8.106712430589e-02
2698 8.106712430589e-02
2699 8.106712430589e-02
2700 8.106712430589e-02
2701 8.138870247049e-02
2702 8.138870247049e-02
2703 8.138870247049e-02
2704 8.138870247049e-02
2705 8.138870247049e-02
2706 8.138870247049e-02
2707 8.138870247049e-02
2708 8.138870247049e-02
2709 8.138870247049e-02
2710 8.138870247049e-02
2711 8.165516446293e-02
2712 8.165516446293e-02
2713 8.165516446293e-02
2714 8.165516446293e-02
2715 8.165516446293e-02
2716 8.165516446293e-02
2717 8.165516446293e-02
2718 8.165516446293e-02
2719 8.165516446293e-02
2720 8.165516446293e-02
2721 8.189180999853e-02
2722 8.189180999853e-02
2723 8.189180999853e-02
2724 8.189180999853e-02
2725 8.189180999853e-02
2726 8.189180999853e-02
2727 8.189180999853e-02
2728 8.189180999853e-02
2729 8.189180999853e-02
2730 8.189180999853e-02
2731 8.212872998100e-02
2732 8.212872998100e-02
2733 8.212872998100e-02
2734 8.212872998100e-02
2735 8.212872998100e-02
2736 8.212872998100e-02
2737 8.212872998100e-02
2738 8.212872998100e-02
2739 8.212872998100e-02
2740 8.212872998100e-02
2741 8.228257461503e-02
2742 8.228257461503e-02
2743 8.228257461503e-02
2744 8.228257461503e-02
2745 8.228257461503e-02
2746 8.228257461503e-02
2747 8.228257461503e-02
2748 8.228257461503e-02
2749 8.228257461503e-02
2750 8.228257461503e-02
2751 8.242087552046e-02
2752 8.242087552046e-02
2753 8.242087552046e-02
2754 8.242087552046e-02
2755 8.242087552046e-02
2756 8.242087552046e-02
2757 8.242087552046e-02
2758 8.242087552046e-02
2759 8.242087552046e-02
2760 8.242087552046e-02
2761 8.263926134646e-02
2762 8.263926134646e-02
2763 8.263926134646e-02
2764 8.263926134646e-02
2765 8.263926134646e-02
2766 8.263926134646e-02
2767 8.263926134646e-02
2768 8.263926134646e-02
2769 8.263926134646e-02
2770 8.263926134646e-02
2771 8.290511494288e-02
2772 8.290511494288e-02
2773 8.290511494288e-02
2774 8.290511494288e-02
2775 8.290511494288e-02
2776 8.290511494288e-02
2777 8.290511494288e-02
2778 8.290511494288e-02
2779 8.290511494288e-02
2780 8.290511494288e-02
2781 8.328626318695e-02
2782 8.328626318695e-02
2783 8.328626318695e-02
2784 8.328626318695e-02
2785 8.328626318695e-02
2786 8.328626318695e-02
2787 8.328626318695e-02
2788 8.328626318695e-02
2789 8.328626318695e-02
2790 8.328626318695e-02
2791 8.371522769807e-02
2792 8.371522769807e-02
2793 8.371522769807e-02
2794 8.371522769807e-02
2795 8.371522769807e-02
2796 8.371522769807e-02
2797 8.371522769807e-02
2798 8.371522769807e-02
2799 8.371522769807e-02
2800 8.371522769807e-02
2801 8.408919264290e-02
2802 8.408919264290e-02
2803 8.408919264290e-02
2804 8.408919264290e-02
2805 8.408919264290e-02
2806 8.408919264290e-02
2807 8.408919264290e-02
2808 8.408919264290e-02
2809 8.408919264290e-02
2810 8.408919264290e-02
2811 8.458507679441e-02
2812 8.458507679441e-02
2813 8.458507679441e-02
2814 8.458507679441e-02
2815 8.458507679441e-02
2816 8.458507679441e-02
2817 8.458507679441e-02
2818 8.458507679441e-02
2819 8.458507679441e-02
2820 8.458507679441e-02
2821 8.509253120844e-02
2822 8.509253120844e-02
2823 8.509253120844e-02
2824 8.509253120844e-02
2825 8.509253120844e-02
2826 8.509253120844e-02
2827 8.509253120844e-02
2828 8.509253120844e-02
2829 8.509253120844e-02
2830 8.509253120844e-02
2831 8.550177163154e-02
2832 8.550177163154e-02
2833 8.550177163154e-02
2834 8.550177163154e-02
2835 8.550177163154e-02
2836 8.550177163154e-02
2837 8.550177163154e-02
2838 8.550177163154e-02
2839 8.550177163154e-02
2840 8.550177163154e-02
2841 8.603622888805e-02
2842 8.603622888805e-02
2843 8.603622888805e-02
2844 8.603622888805e-02
2845 8.603622888805e-02
2846 8.603622888805e-02
2847 8.603622888805e-02
2848 8.603622888805e-02
2849 8.603622888805e-02
2850 8.603622888805e-02
2851 8.664255796651e-02
2852 8.664255796651e-02
2853 8.664255796651e-02
2854 8.664255796651e-02
2855 8.664255796651e-02
2856 8.664255796651e-02
2857 8.664255796651e-02
2858 8.664255796651e-02
2859 8.664255796651e-02
2860 8.664255796651e-02
2861 8.714752957951e-02
2862 8.714752957951e-02
2863 8.714752957951e-02
2864 8.714752957951e-02
2865 8.714752957951e-02
2866 8.714752957951e-02
2867 8.714752957951e-02
2868 8.714752957951e-02
2869 8.714752957951e-02
2870 8.714752957951e-02
2871 8.756871888288e-02
2872 8.756871888288e-02
2873 8.756871888288e-02
2874 8.756871888288e-02
2875 8.756871888288e-02
2876 8.756871888288e-02
2877 8.756871888288e-02
2878 8.756871888288e-02
2879 8.756871888288e-02
2880 8.756871888288e-02
2881 8.787317193468e-02
2882 8.787317193468e-02
2883 8.787317193468e-02
2884 8.787317193468e-02
2885 8.787317193468e-02
2886 8.787317193468e-02
2887 8.787317193468e-02
2888 8.787317193468e-02
2889 8.787317193468e-02
2890 8.787317193468e-02
2891 8.837217367379e-02
2892 8.837217367379e-02
2893 8.837217367379e-02
2894 8.837217367379e-02
2895 8.837217367379e-02
2896 8.837217367379e-02
2897 8.837217367379e-02
2898 8.837217367379e-02
2899 8.837217367379e-02
2900 8.837217367379e-02
2901 8.904037509632e-02
2902 8.904037509632e-02
2903 8.904037509632e-02
2904 8.904037509632e-02
2905 8.904037509632e-02
2906 8.904037509632e-02
2907 8.904037509632e-02
2908 8.904037509632e-02
2909 8.904037509632e-02
2910 8.904037509632e-02
2911 8.957606765842e-02
2912 8.957606765842e-02
2913 8.957606765842e-02
2914 8.957606765842e-02
2915 8.957606765842e-02
2916 8.957606765842e-02
2917 8.957606765842e-02
2918 8.957606765842e-02
2919 8.957606765842e-02
2920 8.957606765842e-02
2921 9.024176661560e-02
2922 9.024176661560e-02
2923 9.024176661560e-02
2924 9.024176661560e-02
2925 9.024176661560e-02
2926 9.024176661560e-02
2927 9.024176661560e-02
2928 9.024176661560e-02
2929 9.024176661560e-02
2930 9.024176661560e-02
2931 9.089395954222e-02
2932 9.089395954222e-02
2933 9.089395954222e-02
2934 9.089395954222e-02
2935 9.089395954222e-02
2936 9.089395954222e-02
2937 9.089395954222e-02
2938 9.089395954222e-02
2939 9.089395954222e-02
2940 9.089395954222e-02
2941 9.145815155084e-02
2942 9.145815155084e-02
2943 9.145815155084e-02
2944 9.145815155084e-02
2945 9.145815155084e-02
2946 9.145815155084e-02
2947 9.145815155084e-02
2948 9.145815155084e-02
2949 9.145815155084e-02
2950 9.145815155084e-02
2951 9.222025744112e-02
2952 9.222025744112e-02
2953 9.222025744112e-02
2954 9.222025744112e-02
2955 9.222025744112e-02
2956 9.222025744112e-02
2957 9.222025744112e-02
2958 9.222025744112e-02
2959 9.222025744112e-02
2960 9.222025744112e-02
2961 9.288911952246e-02
2962 9.288911952246e-02
2963 9.288911952246e-02
2964 9.288911952246e-02
2965 9.288911952246e-02
2966 9.288911952246e-02
2967 9.288911952246e-02
2968 9.288911952246e-02
2969 9.288911952246e-02
2970 9.288911952246e-02
2971 9.347670559196e-02
2972 9.347670559196e-02
2973 9.347670559196e-02
2974 9.347670559196e-02
2975 9.347670559196e-02
2976 9.347670559196e-02
2977 9.347670559196e-02
2978 9.347670559196e-02
2979 9.347670559196e-02
2980 9.347670559196e-02
2981 9.417028412297e-02
2982 9.417028412297e-02
2983 9.417028412297e-02
2984 9.417028412297e-02
2985 9.417028412297e-02
2986 9.417028412297e-02
2987 9.417028412297e-02
2988 9.417028412297e-02
2989 9.417028412297e-02
2990 9.417028412297e-02
2991 9.473273520380e-02
2992 9.473273520380e-02
2993 9.473273520380e-02
2994 9.473273520380e-02
2995 9.473273520380e-02
2996 9.473273520380e-02
2997 9.473273520380e-02
2998 9.473273520380e-02
2999 9.473273520380e-02
3000 9.473273520380e-02
3001 9.522011947988e-02
3002 9.522011947988e-02
3003 9.522011947988e-02
3004 9.522011947988e-02
3005 9.522011947988e-02
3006 9.522011947988e-02
3007 9.522011947988e-02
3008 9.522011947988e-02
3009 9.522011947988e-02
3010 9.522011947988e-02
3011 9.578850199020e-02
3012 9.578850199020e-02
3013 9.578850199020e-02
3014 9.578850199020e-02
3015 9.578850199020e-02
3016 9.578850199020e-02
3017 9.578850199020e-02
3018 9.578850199020e-02
3019 9.578850199020e-02
3020 9.578850199020e-02
3021 9.629002034555e-02
3022 9.629002034555e-02
3023 9.629002034555e-02
3024 9.629002034555e-02
3025 9.629002034555e-02
3026 9.629002034555e-02
3027 9.629002034555e-02
3028 9.629002034555e-02
3029 9.629002034555e-02
3030 9.629002034555e-02
3031 9.681127873623e-02
3032 9.681127873623e-02
3033 9.681127873623e-02
3034 9.681127873623e-02
3035 9.681127873623e-02
3036 9.681127873623e-02
3037 9.681127873623e-02
3038 9.681127873623e-02
3039 9.681127873623e-02
3040 9.681127873623e-02
3041 9.734284651543e-02
3042 9.734284651543e-02
3043 9.734284651543e-02
3044 9.734284651543e-02
3045 9.734284651543e-02
3046 9.734284651543e-02
3047 9.734284651543e-02
3048 9.734284651543e-02
3049 9.734284651543e-02
3050 9.734284651543e-02
3051 9.767111520479e-02
3052 9.767111520479e-02
3053 9.767111520479e-02
3054 9.767111520479e-02
3055 9.767111520479e-02
3056 9.767111520479e-02
3057 9.767111520479e-02
3058 9.767111520479e-02
3059 9.767111520479e-02
3060 9.767111520479e-02
3061 9.807113042871e-02
3062 9.807113042871e-02
3063 9.807113042871e-02
3064 9.807113042871e-02
3065 9.807113042871e-02
3066 9.807113042871e-02
3067 9.807113042871e-02
3068 9.807113042871e-02
3069 9.807113042871e-02
3070 9.807113042871e-02
3071 9.850335642011e-02
3072 9.850335642011e-02
3073 9.850335642011e-02
3074 9.850335642011e-02
3075 9.850335642011e-02
3076 9.850335642011e-02
3077 9.850335642011e-02
3078 9.850335642011e-02
3079 9.850335642011e-02
3080 9.850335642011e-02
3081 9.870745511722e-02
3082 9.870745511722e-02
3083 9.870745511722e-02
3084 9.870745511722e-02
3085 9.870745511722e-02
3086 9.870745511722e-02
3087 9.870745511722e-02
3088 9.870745511722e-02
3089 9.870745511722e-02
3090 9.870745511722e-02
3091 9.883001330527e-02
3092 9.883001330527e-02
3093 9.883001330527e-02
3094 9.883001330527e-02
3095 9.883001330527e-02
3096 9.883001330527e-02
3097 9.883001330527e-02
3098 9.883001330527e-02
3099 9.883001330527e-02
3100 9.883001330527e-02
3101 9.883752684697e-02
3102 9.883752684697e-02
3103 9.883752684697e-02
3104 9.883752684697e-02
3105 9.883752684697e-02
3106 9.883752684697e-02
3107 9.883752684697e-02
3108 9.883752684697e-02
3109 9.883752684697e-02
3110 9.883752684697e-02
3111 9.884855499708e-02
3112 9.884855499708e-02
3113 9.884855499708e-02
3114 9.884855499708e-02
3115 9.884855499708e-02
3116 9.884855499708e-02
3117 9.884855499708e-02
3118 9.884855499708e-02
3119 9.884855499708e-02
3120 9.884855499708e-02
3121 9.903627234806e-02
3122 9.903627234806e-02
3123 9.903627234806e-02
3124 9.903627234806e-02
3125 9.903627234806e-02
3126 9.903627234806e-02
3127 9.903627234806e-02
3128 9.903627234806e-02
3129 9.903627234806e-02
3130 9.903627234806e-02
3131 9.919822118952e-02
3132 9.919822118952e-02
3133 9.919822118952e-02
3134 9.919822118952e-02
3135 9.919822118952e-02
3136 9.919822118952e-02
3137 9.919822118952e-02
3138 9.919822118952e-02
3139 9.919822118952e-02
3140 9.919822118952e-02
3141 9.928502506741e-02
3142 9.928502506741e-02
3143 9.928502506741e-02
3144 9.928502506741e-02
3145 9.928502506741e-02
3146 9.928502506741e-02
3147 9.928502506741e-02
3148 9.928502506741e-02
3149 9.928502506741e-02
3150 9.928502506741e-02
3151 9.942789791190e-02
3152 9.942789791190e-02
3153 9.942789791190e-02
3154 9.942789791190e-02
3155 9.942789791190e-02
3156 9.942789791190e-02
3157 9.942789791190e-02
3158 9.942789791190e-02
3159 9.942789791190e-02
3160 9.942789791190e-02
