1 -2.987820062538e+03
2 -2.987820061527e+03
3 -2.987820053511e+03
4 -2.987820026820e+03
5 -2.987819964719e+03
6 -2.987819846185e+03
7 -2.987819646747e+03
8 -2.987819339260e+03
9 -2.987818894509e+03
10 -2.987818281557e+03
11 -2.987817467824e+03
12 -2.987816418893e+03
13 -2.987815098104e+03
14 -2.987813466014e+03
15 -2.987811479810e+03
16 -2.987809092789e+03
17 -2.987806253979e+03
18 -2.987802907983e+03
19 -2.987798995080e+03
20 -2.987794451597e+03
21 -2.987789210554e+03
22 -2.987783202498e+03
23 -2.987776356507e+03
24 -2.987768601239e+03
25 -2.987759865978e+03
26 -2.987750081557e+03
27 -2.987739181123e+03
28 -2.987727100661e+03
29 -2.987713779270e+03
30 -2.987699159173e+03
31 -2.987683185494e+03
32 -2.987665805846e+03
33 -2.987646969788e+03
34 -2.987626628240e+03
35 -2.987604732935e+03
36 -2.987581235983e+03
37 -2.987556089627e+03
38 -2.987529246245e+03
39 -2.987500658619e+03
40 -2.987470280511e+03
41 -2.987438067489e+03
42 -2.987403977979e+03
43 -2.987367974482e+03
44 -2.987330024808e+03
45 -2.987290103269e+03
46 -2.987248191676e+03
47 -2.987204280059e+03
48 -2.987158367016e+03
49 -2.987110459663e+03
50 -2.987060573177e+03
51 -2.987008730034e+03
52 -2.986954958860e+03
53 -2.986899293428e+03
54 -2.986841771431e+03
55 -2.986782433561e+03
56 -2.986721322853e+03
57 -2.986658484413e+03
58 -2.986593965566e+03
59 -2.986527816380e+03
60 -2.986460090521e+03
61 -2.986390846410e+03
62 -2.986320147878e+03
63 -2.986248065840e+03
64 -2.986174678638e+03
65 -2.986100072600e+03
66 -2.986024342103e+03
67 -2.985947589233e+03
68 -2.985869923069e+03
69 -2.985791458660e+03
70 -2.985712315792e+03
71 -2.985632618054e+03
72 -2.985552489807e+03
73 -2.985472057435e+03
74 -2.985391446623e+03
75 -2.985310781969e+03
76 -2.985230186486e+03
77 -2.985149781434e+03
78 -2.985069686440e+03
79 -2.984990019850e+03
80 -2.984910899169e+03
81 -2.984832442750e+03
82 -2.984754765252e+03
83 -2.984677985090e+03
84 -2.984602219458e+03
85 -2.984527584974e+03
86 -2.984454196964e+03
87 -2.984382168475e+03
88 -2.984311609112e+03
89 -2.984242623935e+03
90 -2.984175312394e+03
91 -2.984109770068e+03
92 -2.984046077746e+03
93 -2.983984316497e+03
94 -2.983924557337e+03
95 -2.983866863939e+03
96 -2.983811292899e+03
97 -2.983757894097e+03
98 -2.983706711101e+03
99 -2.983657781463e+03
100 -2.983611137062e+03
101 -2.983566808307e+03
102 -2.983524807742e+03
103 -2.983485154643e+03
104 -2.983447858403e+03
105 -2.983412922250e+03
106 -2.983380342894e+03
107 -2.983350110121e+03
108 -2.983322206383e+03
109 -2.983296606493e+03
110 -2.983273277441e+03
111 -2.983252184068e+03
112 -2.983233266408e+03
113 -2.983216474170e+03
114 -2.983201744424e+03
115 -2.983189007821e+03
116 -2.983178189165e+03
117 -2.983169207984e+03
118 -2.983161979049e+03
119 -2.983156412817e+03
120 -2.983152415794e+03
121 -2.983149898081e+03
122 -2.983148744525e+03
123 -2.983148858452e+03
124 -2.983150132773e+03
125 -2.983152457379e+03
126 -2.983155719310e+03
127 -2.983159802950e+03
128 -2.983164590282e+03
129 -2.983169961176e+03
130 -2.983175793731e+03
131 -2.983181973629e+03
132 -2.983188358590e+03
133 -2.983194832681e+03
134 -2.983201270761e+03
135 -2.983207547824e+03
136 -2.983213539312e+03
137 -2.983219121370e+03
138 -2.983224171036e+03
139 -2.983228566371e+03
140 -2.983232186548e+03
141 -2.983234922102e+03
142 -2.983236634202e+03
143 -2.983237215923e+03
144 -2.983236551585e+03
145 -2.983234527149e+03
146 -2.983231030464e+03
147 -2.983225951565e+03
148 -2.983219182995e+03
149 -2.983210620110e+03
150 -2.983200161358e+03
151 -2.983187718056e+03
152 -2.983173176348e+03
153 -2.983156454574e+03
154 -2.983137465130e+03
155 -2.983116124003e+03
156 -2.983092350748e+03
157 -2.983066068475e+03
158 -2.983037203851e+03
159 -2.983005687159e+03
160 -2.982971452398e+03
161 -2.982934444033e+03
162 -2.982894590955e+03
163 -2.982851846160e+03
164 -2.982806160854e+03
165 -2.982757491386e+03
166 -2.982705799643e+03
167 -2.982651053440e+03
168 -2.982593226880e+03
169 -2.982532300679e+03
170 -2.982468262437e+03
171 -2.982401110188e+03
172 -2.982330839212e+03
173 -2.982257462173e+03
174 -2.982180995853e+03
175 -2.982101464548e+03
176 -2.982018900125e+03
177 -2.981933342088e+03
178 -2.981844837653e+03
179 -2.981753441841e+03
180 -2.981659217588e+03
181 -2.981562238625e+03
182 -2.981462578496e+03
183 -2.981360327334e+03
184 -2.981255580765e+03
185 -2.981148442708e+03
186 -2.981039025312e+03
187 -2.980927448808e+03
188 -2.980813841266e+03
189 -2.980698338254e+03
190 -2.980581082376e+03
191 -2.980462229704e+03
192 -2.980341921143e+03
193 -2.980220323811e+03
194 -2.980097602182e+03
195 -2.979973924393e+03
196 -2.979849461554e+03
197 -2.979724387114e+03
198 -2.979598876330e+03
199 -2.979473105820e+03
200 -2.979347253192e+03
201 -2.979221513773e+03
202 -2.979096032017e+03
203 -2.978971003727e+03
204 -2.978846607217e+03
205 -2.978723019958e+03
206 -2.978600418002e+03
207 -2.978478975330e+03
208 -2.978358863116e+03
209 -2.978240248968e+03
210 -2.978123296151e+03
211 -2.978008194520e+03
212 -2.977895032957e+03
213 -2.977783989106e+03
214 -2.977675201781e+03
215 -2.977568802187e+03
216 -2.977464913457e+03
217 -2.977363650250e+03
218 -2.977265118425e+03
219 -2.977169414773e+03
220 -2.977076626818e+03
221 -2.976986878339e+03
222 -2.976900146698e+03
223 -2.976816536983e+03
224 -2.976736099358e+03
225 -2.976658874890e+03
226 -2.976584895756e+03
227 -2.976514185485e+03
228 -2.976446759152e+03
229 -2.976382623554e+03
230 -2.976321777430e+03
231 -2.976264263556e+03
232 -2.976209961505e+03
233 -2.976158899190e+03
234 -2.976111045808e+03
235 -2.976066364135e+03
236 -2.976024811003e+03
237 -2.975986337790e+03
238 -2.975950890892e+03
239 -2.975918412154e+03
240 -2.975888839262e+03
241 -2.975862154735e+03
242 -2.975838191518e+03
243 -2.975816925117e+03
244 -2.975798279318e+03
245 -2.975782174975e+03
246 -2.975768530192e+03
247 -2.975757260478e+03
248 -2.975748278886e+03
249 -2.975741496117e+03
250 -2.975736820620e+03
251 -2.975734197002e+03
252 -2.975733452803e+03
253 -2.975734528330e+03
254 -2.975737323726e+03
255 -2.975741737281e+03
256 -2.975747665519e+03
257 -2.975755003303e+03
258 -2.975763643927e+03
259 -2.975773479205e+03
260 -2.975784399580e+03
261 -2.975796316268e+03
262 -2.975809073329e+03
263 -2.975822579774e+03
264 -2.975836721910e+03
265 -2.975851385443e+03
266 -2.975866455654e+03
267 -2.975881817547e+03
268 -2.975897355976e+03
269 -2.975912955753e+03
270 -2.975928501741e+03
271 -2.975943880366e+03
272 -2.975958974160e+03
273 -2.975973670216e+03
274 -2.975987854951e+03
275 -2.976001415730e+03
276 -2.976014241188e+03
277 -2.976026221618e+03
278 -2.976037249380e+03
279 -2.976047219342e+03
280 -2.976056029339e+03
281 -2.976063564776e+03
282 -2.976069762469e+03
283 -2.976074515960e+03
284 -2.976077739344e+03
285 -2.976079351758e+03
286 -2.976079277698e+03
287 -2.976077447275e+03
288 -2.976073796420e+03
289 -2.976068267021e+03
290 -2.976060807002e+03
291 -2.976051349979e+03
292 -2.976039896622e+03
293 -2.976026392464e+03
294 -2.976010809119e+03
295 -2.975993123720e+03
296 -2.975973318671e+03
297 -2.975951381330e+03
298 -2.975927303668e+03
299 -2.975901081871e+03
300 -2.975872715917e+03
301 -2.975842196573e+03
302 -2.975809555023e+03
303 -2.975774787294e+03
304 -2.975737903799e+03
305 -2.975698916401e+03
306 -2.975657838022e+03
307 -2.975614682317e+03
308 -2.975569463429e+03
309 -2.975522195835e+03
310 -2.975472894280e+03
311 -2.975421575572e+03
312 -2.975368251675e+03
313 -2.975312940441e+03
314 -2.975255658881e+03
315 -2.975196425254e+03
316 -2.975135259467e+03
317 -2.975072183496e+03
318 -2.975007221840e+03
319 -2.974940401966e+03
320 -2.974871754755e+03
321 -2.974801333476e+03
322 -2.974729140175e+03
323 -2.974655236765e+03
324 -2.974579671707e+03
325 -2.974502498690e+03
326 -2.974423776904e+03
327 -2.974343571309e+03
328 -2.974261952879e+03
329 -2.974178998827e+03
330 -2.974094792793e+03
331 -2.974009452677e+03
332 -2.973923020291e+03
333 -2.973835626383e+03
334 -2.973747380785e+03
335 -2.973658399456e+03
336 -2.973568804044e+03
337 -2.973478721319e+03
338 -2.973388282501e+03
339 -2.973297622505e+03
340 -2.973206879152e+03
341 -2.973116212893e+03
342 -2.973025724371e+03
343 -2.972935575651e+03
344 -2.972845908695e+03
345 -2.972756864926e+03
346 -2.972668584732e+03
347 -2.972581207011e+03
348 -2.972494868748e+03
349 -2.972409704599e+03
350 -2.972325846473e+03
351 -2.972243426761e+03
352 -2.972162563439e+03
353 -2.972083380959e+03
354 -2.972005995737e+03
355 -2.971930519103e+03
356 -2.971857056778e+03
357 -2.971785708352e+03
358 -2.971716566740e+03
359 -2.971649717653e+03
360 -2.971585239066e+03
361 -2.971523191574e+03
362 -2.971463654731e+03
363 -2.971406671288e+03
364 -2.971352283922e+03
365 -2.971300525752e+03
366 -2.971251420242e+03
367 -2.971204981204e+03
368 -2.971161212911e+03
369 -2.971120110298e+03
370 -2.971081659254e+03
371 -2.971045835905e+03
372 -2.971012611724e+03
373 -2.970981946515e+03
374 -2.970953794230e+03
375 -2.970928102156e+03
376 -2.970904811535e+03
377 -2.970883858197e+03
378 -2.970865173219e+03
379 -2.970848683588e+03
380 -2.970834312863e+03
381 -2.970822008353e+03
382 -2.970811636016e+03
383 -2.970803138941e+03
384 -2.970796433057e+03
385 -2.970791433705e+03
386 -2.970788056060e+03
387 -2.970786215486e+03
388 -2.970785827850e+03
389 -2.970786809764e+03
390 -2.970789078785e+03
391 -2.970792604563e+03
392 -2.970797205266e+03
393 -2.970802852784e+03
394 -2.970809469746e+03
395 -2.970816980259e+03
396 -2.970825309947e+03
397 -2.970834385972e+03
398 -2.970844137004e+03
399 -2.970854493157e+03
400 -2.970865385867e+03
401 -2.970876806556e+03
402 -2.970888571103e+03
403 -2.970900672519e+03
404 -2.970913045549e+03
405 -2.970925625256e+03
406 -2.970938346882e+03
407 -2.970951145798e+03
408 -2.970963957506e+03
409 -2.970976717704e+03
410 -2.970989362394e+03
411 -2.971001883293e+03
412 -2.971014106728e+03
413 -2.971026025687e+03
414 -2.971037578559e+03
415 -2.971048704551e+03
416 -2.971059343738e+03
417 -2.971069437101e+03
418 -2.971078926571e+03
419 -2.971087755064e+03
420 -2.971095866525e+03
421 -2.971103256831e+03
422 -2.971109770421e+03
423 -2.971115405570e+03
424 -2.971120110946e+03
425 -2.971123836585e+03
426 -2.971126533992e+03
427 -2.971128156256e+03
428 -2.971128658180e+03
429 -2.971127996434e+03
430 -2.971126129711e+03
431 -2.971123075031e+03
432 -2.971118683393e+03
433 -2.971112976649e+03
434 -2.971105923154e+03
435 -2.971097493972e+03
436 -2.971087662914e+03
437 -2.971076406556e+03
438 -2.971063704205e+03
439 -2.971049537840e+03
440 -2.971033892013e+03
441 -2.971016830039e+03
442 -2.970998188741e+03
443 -2.970978035804e+03
444 -2.970956364691e+03
445 -2.970933170656e+03
446 -2.970908450549e+03
447 -2.970882202631e+03
448 -2.970854426386e+03
449 -2.970825122366e+03
450 -2.970794292051e+03
451 -2.970762038268e+03
452 -2.970728163202e+03
453 -2.970692771052e+03
454 -2.970655866456e+03
455 -2.970617454959e+03
456 -2.970577543208e+03
457 -2.970536139222e+03
458 -2.970493252746e+03
459 -2.970448895682e+03
460 -2.970403082581e+03
461 -2.970355946809e+03
462 -2.970307278460e+03
463 -2.970257218779e+03
464 -2.970205797955e+03
465 -2.970153051077e+03
466 -2.970099018325e+03
467 -2.970043745024e+03
468 -2.969987281571e+03
469 -2.969929683241e+03
470 -2.969871009896e+03
471 -2.969811453971e+03
472 -2.969750826402e+03
473 -2.969689327067e+03
474 -2.969627030192e+03
475 -2.969564012530e+03
476 -2.969500352967e+03
477 -2.969436132170e+03
478 -2.969371432273e+03
479 -2.969306336604e+03
480 -2.969240929477e+03
481 -2.969175460495e+03
482 -2.969109686216e+03
483 -2.969043857984e+03
484 -2.968978063035e+03
485 -2.968912389308e+03
486 -2.968846925488e+03
487 -2.968781761023e+03
488 -2.968716986079e+03
489 -2.968652691429e+03
490 -2.968588968234e+03
491 -2.968526133102e+03
492 -2.968463825527e+03
493 -2.968402361294e+03
494 -2.968341828756e+03
495 -2.968282313989e+03
496 -2.968223900041e+03
497 -2.968166666183e+03
498 -2.968110687179e+03
499 -2.968056032611e+03
500 -2.968002766303e+03
501 -2.967951209008e+03
502 -2.967900884488e+03
503 -2.967852101016e+03
504 -2.967804896076e+03
505 -2.967759300416e+03
506 -2.967715338245e+03
507 -2.967673027516e+03
508 -2.967632380282e+03
509 -2.967593403087e+03
510 -2.967556097410e+03
511 -2.967520694959e+03
512 -2.967486717904e+03
513 -2.967454391033e+03
514 -2.967423700400e+03
515 -2.967394629499e+03
516 -2.967367159782e+03
517 -2.967341271135e+03
518 -2.967316942280e+03
519 -2.967294151066e+03
520 -2.967272874629e+03
521 -2.967253260832e+03
522 -2.967234942029e+03
523 -2.967218064455e+03
524 -2.967202601176e+03
525 -2.967188523414e+03
526 -2.967175800132e+03
527 -2.967164397633e+03
528 -2.967154279206e+03
529 -2.967145404844e+03
530 -2.967137731048e+03
531 -2.967131357669e+03
532 -2.967125940167e+03
533 -2.967121571215e+03
534 -2.967118193410e+03
535 -2.967115746460e+03
536 -2.967114167653e+03
537 -2.967113392416e+03
538 -2.967113354959e+03
539 -2.967113988963e+03
540 -2.967115228297e+03
541 -2.967117193657e+03
542 -2.967119449669e+03
543 -2.967122120515e+03
544 -2.967125147401e+03
545 -2.967128474736e+03
546 -2.967132050512e+03
547 -2.967135826584e+03
548 -2.967139758853e+03
549 -2.967143807325e+03
550 -2.967147936060e+03
551 -2.967152348338e+03
552 -2.967156545187e+03
553 -2.967160736342e+03
554 -2.967164899032e+03
555 -2.967169012442e+03
556 -2.967173057014e+03
557 -2.967177013713e+03
558 -2.967180863330e+03
559 -2.967184585838e+03
560 -2.967188159848e+03
561 -2.967191794852e+03
562 -2.967195000401e+03
563 -2.967197981503e+03
564 -2.967200708370e+03
565 -2.967203148990e+03
566 -2.967205269286e+03
567 -2.967207033342e+03
568 -2.967208403693e+03
569 -2.967209341656e+03
570 -2.967209807699e+03
571 -2.967209952468e+03
572 -2.967209354549e+03
573 -2.967208164790e+03
574 -2.967206344034e+03
575 -2.967203854116e+03
576 -2.967200658185e+03
577 -2.967196720990e+03
578 -2.967192009146e+03
579 -2.967186491352e+03
580 -2.967180138560e+03
581 -2.967173086487e+03
582 -2.967164986081e+03
583 -2.967155977887e+03
584 -2.967146042343e+03
585 -2.967135162042e+03
586 -2.967123321542e+03
587 -2.967110507141e+03
588 -2.967096706653e+03
589 -2.967081909195e+03
590 -2.967066105000e+03
591 -2.967049467310e+03
592 -2.967031624585e+03
593 -2.967012751401e+03
594 -2.966992841516e+03
595 -2.966971889547e+03
596 -2.966949891014e+03
597 -2.966926842403e+03
598 -2.966902741212e+03
599 -2.966877586003e+03
600 -2.966851376424e+03
601 -2.966824365023e+03
602 -2.966796050634e+03
603 -2.966766687176e+03
604 -2.966736278354e+03
605 -2.966704828699e+03
606 -2.966672343481e+03
607 -2.966638828661e+03
608 -2.966604290892e+03
609 -2.966568737607e+03
610 -2.966532177187e+03
611 -2.966494921179e+03
612 -2.966456377115e+03
613 -2.966416859639e+03
614 -2.966376384024e+03
615 -2.966334968139e+03
616 -2.966292632751e+03
617 -2.966249401733e+03
618 -2.966205302202e+03
619 -2.966160364575e+03
620 -2.966114622558e+03
621 -2.966068376712e+03
622 -2.966021140486e+03
623 -2.965973220175e+03
624 -2.965924661728e+03
625 -2.965875513776e+03
626 -2.965825827441e+03
627 -2.965775656121e+03
628 -2.965725055243e+03
629 -2.965674081991e+03
630 -2.965622795019e+03
631 -2.965571450826e+03
632 -2.965519718198e+03
633 -2.965467853756e+03
634 -2.965415919067e+03
635 -2.965363975773e+03
636 -2.965312085364e+03
637 -2.965260308974e+03
638 -2.965208707193e+03
639 -2.965157339917e+03
640 -2.965106266231e+03
641 -2.965055726370e+03
642 -2.965005415178e+03
643 -2.964955569864e+03
644 -2.964906246440e+03
645 -2.964857500483e+03
646 -2.964809387335e+03
647 -2.964761962287e+03
648 -2.964715280694e+03
649 -2.964669398007e+03
650 -2.964624369688e+03
651 -2.964580489701e+03
652 -2.964537336358e+03
653 -2.964495201327e+03
654 -2.964454137089e+03
655 -2.964414194247e+03
656 -2.964375421050e+03
657 -2.964337862935e+03
658 -2.964301562104e+03
659 -2.964266557138e+03
660 -2.964232882665e+03
661 -2.964200912752e+03
662 -2.964169986496e+03
663 -2.964140468148e+03
664 -2.964112374065e+03
665 -2.964085715746e+03
666 -2.964060499836e+03
667 -2.964036728181e+03
668 -2.964014397894e+03
669 -2.963993501446e+03
670 -2.963974026749e+03
671 -2.963956389074e+03
672 -2.963939704799e+03
673 -2.963924379288e+03
674 -2.963910382932e+03
675 -2.963897682018e+03
676 -2.963886238916e+03
677 -2.963876012309e+03
678 -2.963866957462e+03
679 -2.963859026546e+03
680 -2.963852168985e+03
681 -2.963846742188e+03
682 -2.963841871848e+03
683 -2.963837910331e+03
684 -2.963834799890e+03
685 -2.963832481996e+03
686 -2.963830897730e+03
687 -2.963829988158e+03
688 -2.963829694674e+03
689 -2.963829959314e+03
690 -2.963830725032e+03
691 -2.963832243829e+03
692 -2.963833846066e+03
693 -2.963835785881e+03
694 -2.963838011975e+03
695 -2.963840474900e+03
696 -2.963843127159e+03
697 -2.963845923266e+03
698 -2.963848819740e+03
699 -2.963851775045e+03
700 -2.963854749469e+03
701 -2.963857979044e+03
702 -2.963860878931e+03
703 -2.963863687834e+03
704 -2.963866371394e+03
705 -2.963868896149e+03
706 -2.963871229440e+03
707 -2.963873339390e+03
708 -2.963875194956e+03
709 -2.963876766058e+03
710 -2.963878023770e+03
711 -2.963879295501e+03
712 -2.963879845500e+03
713 -2.963880004862e+03
714 -2.963879751956e+03
715 -2.963879067665e+03
716 -2.963877935599e+03
717 -2.963876342233e+03
718 -2.963874276983e+03
719 -2.963871732193e+03
720 -2.963868703061e+03
721 -2.963865670750e+03
722 -2.963861669227e+03
723 -2.963857184365e+03
724 -2.963852220910e+03
725 -2.963846785405e+03
726 -2.963840885947e+03
727 -2.963834531944e+03
728 -2.963827733892e+03
729 -2.963820503191e+03
730 -2.963812852009e+03
731 -2.963805311448e+03
732 -2.963796858330e+03
733 -2.963788025236e+03
734 -2.963778827205e+03
735 -2.963769280209e+03
736 -2.963759401314e+03
737 -2.963749208841e+03
738 -2.963738722491e+03
739 -2.963727963407e+03
740 -2.963716954141e+03
741 -2.963706152375e+03
742 -2.963694714867e+03
743 -2.963683101141e+03
744 -2.963671336774e+03
745 -2.963659446845e+03
746 -2.963647455273e+03
747 -2.963635384147e+03
748 -2.963623253077e+03
749 -2.963611078602e+03
750 -2.963598873714e+03
751 -2.963586974014e+03
752 -2.963574731425e+03
753 -2.963562473526e+03
754 -2.963550197540e+03
755 -2.963537897174e+03
756 -2.963525563096e+03
757 -2.963513183516e+03
758 -2.963500744801e+03
759 -2.963488232083e+03
760 -2.963475629831e+03
761 -2.963463178337e+03
762 -2.963450349875e+03
763 -2.963437385806e+03
764 -2.963424272263e+03
765 -2.963410996534e+03
766 -2.963397547288e+03
767 -2.963383914768e+03
768 -2.963370090964e+03
769 -2.963356069748e+03
770 -2.963341846988e+03
771 -2.963327658853e+03
772 -2.963313028144e+03
773 -2.963298196033e+03
774 -2.963283167188e+03
775 -2.963267948728e+03
776 -2.963252550372e+03
777 -2.963236984593e+03
778 -2.963221266797e+03
779 -2.963205415482e+03
780 -2.963189452395e+03
781 -2.963173655365e+03
782 -2.963157546677e+03
783 -2.963141411867e+03
784 -2.963125286703e+03
785 -2.963109210577e+03
786 -2.963093226450e+03
787 -2.963077380703e+03
788 -2.963061722897e+03
789 -2.963046305389e+03
790 -2.963031182811e+03
791 -2.963016739589e+03
792 -2.963002375747e+03
793 -2.962988476535e+03
794 -2.962975097320e+03
795 -2.962962291012e+03
796 -2.962950106910e+03
797 -2.962938589580e+03
798 -2.962927777831e+03
799 -2.962917703837e+03
800 -2.962908392443e+03
801 -2.962900316141e+03
802 -2.962892572119e+03
803 -2.962885617275e+03
804 -2.962879444400e+03
805 -2.962874038677e+03
806 -2.962869378176e+03
807 -2.962865434456e+03
808 -2.962862173248e+03
809 -2.962859555169e+03
810 -2.962857536474e+03
811 -2.962856611502e+03
812 -2.962855645463e+03
813 -2.962855128509e+03
814 -2.962855006695e+03
815 -2.962855225300e+03
816 -2.962855729495e+03
817 -2.962856464985e+03
818 -2.962857378685e+03
819 -2.962858419412e+03
820 -2.962859538568e+03
821 -2.962861208938e+03
822 -2.962862352724e+03
823 -2.962863450928e+03
824 -2.962864471450e+03
825 -2.962865387503e+03
826 -2.962866177825e+03
827 -2.962866826734e+03
828 -2.962867324006e+03
829 -2.962867664608e+03
830 -2.962867848273e+03
831 -2.962868284672e+03
832 -2.962868170896e+03
833 -2.962867922280e+03
834 -2.962867551768e+03
835 -2.962867073992e+03
836 -2.962866504674e+03
837 -2.962865860084e+03
838 -2.962865156572e+03
839 -2.962864410168e+03
840 -2.962863636255e+03
841 -2.962863104972e+03
842 -2.962862318851e+03
843 -2.962861545119e+03
844 -2.962860794645e+03
845 -2.962860076996e+03
846 -2.962859400476e+03
847 -2.962858772215e+03
848 -2.962858198284e+03
849 -2.962857683853e+03
850 -2.962857233373e+03
851 -2.962856998789e+03
852 -2.962856687626e+03
853 -2.962856451416e+03
854 -2.962856293756e+03
855 -2.962856218498e+03
856 -2.962856229862e+03
857 -2.962856332514e+03
858 -2.962856531567e+03
859 -2.962856832527e+03
860 -2.962857241166e+03
861 -2.962857928478e+03
862 -2.962858570134e+03
863 -2.962859336361e+03
864 -2.962860231677e+03
865 -2.962861259567e+03
866 -2.962862422218e+03
867 -2.962863720314e+03
868 -2.962865152895e+03
869 -2.962866717286e+03
870 -2.962868409122e+03
871 -2.962870525440e+03
872 -2.962872453452e+03
873 -2.962874487060e+03
874 -2.962876616796e+03
875 -2.962878832681e+03
876 -2.962881124659e+03
877 -2.962883483073e+03
878 -2.962885899173e+03
879 -2.962888365628e+03
880 -2.962890877020e+03
881 -2.962893838163e+03
882 -2.962896433403e+03
883 -2.962899072831e+03
884 -2.962901762313e+03
885 -2.962904510963e+03
886 -2.962907331067e+03
887 -2.962910237890e+03
888 -2.962913249349e+03
889 -2.962916385591e+03
890 -2.962919668470e+03
891 -2.962923474963e+03
892 -2.962927121173e+03
893 -2.962930983579e+03
894 -2.962935084562e+03
895 -2.962939444934e+03
896 -2.962944083262e+03
897 -2.962949015234e+03
898 -2.962954253073e+03
899 -2.962959805022e+03
900 -2.962965674934e+03
901 -2.962972043660e+03
902 -2.962978543802e+03
903 -2.962985345110e+03
904 -2.962992432551e+03
905 -2.962999786664e+03
906 -2.963007383951e+03
907 -2.963015197391e+03
908 -2.963023197032e+03
909 -2.963031350641e+03
910 -2.963039624379e+03
911 -2.963048031346e+03
912 -2.963056442421e+03
913 -2.963064869073e+03
914 -2.963073277226e+03
915 -2.963081634000e+03
916 -2.963089908105e+03
917 -2.963098070159e+03
918 -2.963106092955e+03
919 -2.963113951715e+03
920 -2.963121624351e+03
921 -2.963129239999e+03
922 -2.963136487606e+03
923 -2.963143502124e+03
924 -2.963150275324e+03
925 -2.963156803262e+03
926 -2.963163086489e+03
927 -2.963169130161e+03
928 -2.963174943993e+03
929 -2.963180542036e+03
930 -2.963185942228e+03
931 -2.963191526421e+03
932 -2.963196597319e+03
933 -2.963201539998e+03
934 -2.963206379806e+03
935 -2.963211141609e+03
936 -2.963215848908e+03
937 -2.963220523040e+03
938 -2.963225182513e+03
939 -2.963229842475e+03
940 -2.963234514336e+03
941 -2.963239692671e+03
942 -2.963244407910e+03
943 -2.963249145498e+03
944 -2.963253900787e+03
945 -2.963258665380e+03
946 -2.963263427434e+03
947 -2.963268172051e+03
948 -2.963272881757e+03
949 -2.963277537057e+03
950 -2.963282117073e+03
951 -2.963287044647e+03
952 -2.963291411340e+03
953 -2.963295638996e+03
954 -2.963299708158e+03
955 -2.963303601489e+03
956 -2.963307304370e+03
957 -2.963310805391e+03
958 -2.963314096677e+03
959 -2.963317174021e+03
960 -2.963320036831e+03
961 -2.963322973781e+03
962 -2.963325419483e+03
963 -2.963327667258e+03
964 -2.963329726963e+03
965 -2.963331609707e+03
966 -2.963333327358e+03
967 -2.963334892149e+03
968 -2.963336316359e+03
969 -2.963337612045e+03
970 -2.963338790816e+03
971 -2.963340058254e+03
972 -2.963341035195e+03
973 -2.963341925803e+03
974 -2.963342738375e+03
975 -2.963343480248e+03
976 -2.963344157820e+03
977 -2.963344776611e+03
978 -2.963345341331e+03
979 -2.963345855980e+03
980 -2.963346323944e+03
981 -2.963346973478e+03
982 -2.963347356380e+03
983 -2.963347700214e+03
984 -2.963348006897e+03
985 -2.963348278260e+03
986 -2.963348516140e+03
987 -2.963348722449e+03
988 -2.963348899215e+03
989 -2.963349048569e+03
990 -2.963349172724e+03
991 -2.963349614385e+03
992 -2.963349695006e+03
993 -2.963349757091e+03
994 -2.963349802749e+03
995 -2.963349834072e+03
996 -2.963349853201e+03
997 -2.963349862423e+03
998 -2.963349864296e+03
999 -2.963349861796e+03
1000 -2.963349858470e+03
1001 -2.963350259736e+03
1002 -2.963350268372e+03
1003 -2.963350291612e+03
1004 -2.963350336515e+03
1005 -2.963350411123e+03
1006 -2.963350524400e+03
1007 -2.963350686107e+03
1008 -2.963350906624e+03
1009 -2.963351196741e+03
1010 -2.963351567413e+03
1011 -2.963352380727e+03
1012 -2.963352945089e+03
1013 -2.963353621458e+03
1014 -2.963354419019e+03
1015 -2.963355345960e+03
1016 -2.963356409313e+03
1017 -2.963357614850e+03
1018 -2.963358967032e+03
1019 -2.963360469010e+03
1020 -2.963362122700e+03
1021 -2.963364188115e+03
1022 -2.963366147602e+03
1023 -2.963368258842e+03
1024 -2.963370520581e+03
1025 -2.963372931376e+03
1026 -2.963375489865e+03
1027 -2.963378195044e+03
1028 -2.963381046512e+03
1029 -2.963384044709e+03
1030 -2.963387191108e+03
1031 -2.963390644501e+03
1032 -2.963394097497e+03
1033 -2.963397710874e+03
1034 -2.963401491565e+03
1035 -2.963405448038e+03
1036 -2.963409590248e+03
1037 -2.963413929507e+03
1038 -2.963418478235e+03
1039 -2.963423249587e+03
1040 -2.963428256973e+03
1041 -2.963433694955e+03
1042 -2.963439213631e+03
1043 -2.963445003930e+03
1044 -2.963451074010e+03
1045 -2.963457429168e+03
1046 -2.963464071368e+03
1047 -2.963470998880e+03
1048 -2.963478206055e+03
1049 -2.963485683226e+03
1050 -2.963493416732e+03
1051 -2.963501760039e+03
1052 -2.963509951599e+03
1053 -2.963518336260e+03
1054 -2.963526886623e+03
1055 -2.963535572796e+03
1056 -2.963544362862e+03
1057 -2.963553223342e+03
1058 -2.963562119652e+03
1059 -2.963571016532e+03
1060 -2.963579878454e+03
1061 -2.963589240640e+03
1062 -2.963597928225e+03
1063 -2.963606476289e+03
1064 -2.963614851942e+03
1065 -2.963623023936e+03
1066 -2.963630963147e+03
1067 -2.963638643115e+03
1068 -2.963646040607e+03
1069 -2.963653136181e+03
1070 -2.963659914692e+03
1071 -2.963666952897e+03
1072 -2.963673070694e+03
1073 -2.963678854855e+03
1074 -2.963684309854e+03
1075 -2.963689444928e+03
1076 -2.963694273788e+03
1077 -2.963698814293e+03
1078 -2.963703088080e+03
1079 -2.963707120219e+03
1080 -2.963710938861e+03
1081 -2.963715041953e+03
1082 -2.963718527116e+03
1083 -2.963721897904e+03
1084 -2.963725190994e+03
1085 -2.963728443913e+03
1086 -2.963731694327e+03
1087 -2.963734979206e+03
1088 -2.963738333910e+03
1089 -2.963741791206e+03
1090 -2.963745380286e+03
1091 -2.963749512318e+03
1092 -2.963753432239e+03
1093 -2.963757540689e+03
1094 -2.963761844254e+03
1095 -2.963766342626e+03
1096 -2.963771028556e+03
1097 -2.963775888053e+03
1098 -2.963780900814e+03
1099 -2.963786040841e+03
1100 -2.963791277214e+03
1101 -2.963796992821e+03
1102 -2.963802313464e+03
1103 -2.963807616627e+03
1104 -2.963812860710e+03
1105 -2.963818003786e+03
1106 -2.963823004518e+03
1107 -2.963827823088e+03
1108 -2.963832422142e+03
1109 -2.963836767742e+03
1110 -2.963840830274e+03
1111 -2.963845030389e+03
1112 -2.963848459195e+03
1113 -2.963851549362e+03
1114 -2.963854295150e+03
1115 -2.963856697384e+03
1116 -2.963858763195e+03
1117 -2.963860505523e+03
1118 -2.963861942436e+03
1119 -2.963863096299e+03
1120 -2.963863992835e+03
1121 -2.963865044250e+03
1122 -2.963865511765e+03
1123 -2.963865809460e+03
1124 -2.963865966814e+03
1125 -2.963866012093e+03
1126 -2.963865971700e+03
1127 -2.963865869652e+03
1128 -2.963865727197e+03
1129 -2.963865562565e+03
1130 -2.963865390837e+03
1131 -2.963865498628e+03
1132 -2.963865345557e+03
1133 -2.963865212130e+03
1134 -2.963865101669e+03
1135 -2.963865015193e+03
1136 -2.963864951798e+03
1137 -2.963864909059e+03
1138 -2.963864883468e+03
1139 -2.963864870874e+03
1140 -2.963864866915e+03
1141 -2.963865024228e+03
1142 -2.963865025555e+03
1143 -2.963865024978e+03
1144 -2.963865020898e+03
1145 -2.963865013020e+03
1146 -2.963865002450e+03
1147 -2.963864991731e+03
1148 -2.963864984814e+03
1149 -2.963864986997e+03
1150 -2.963865004830e+03
1151 -2.963865193695e+03
1152 -2.963865266540e+03
1153 -2.963865381158e+03
1154 -2.963865548094e+03
1155 -2.963865778610e+03
1156 -2.963866084567e+03
1157 -2.963866478286e+03
1158 -2.963866972420e+03
1159 -2.963867579813e+03
1160 -2.963868313382e+03
1161 -2.963869436100e+03
1162 -2.963870460252e+03
1163 -2.963871648692e+03
1164 -2.963873013392e+03
1165 -2.963874565692e+03
1166 -2.963876316108e+03
1167 -2.963878274126e+03
1168 -2.963880447987e+03
1169 -2.963882844497e+03
1170 -2.963885468865e+03
1171 -2.963888630654e+03
1172 -2.963891720125e+03
1173 -2.963895042733e+03
1174 -2.963898596581e+03
1175 -2.963902378073e+03
1176 -2.963906382012e+03
1177 -2.963910601709e+03
1178 -2.963915029061e+03
1179 -2.963919654615e+03
1180 -2.963924467593e+03
1181 -2.963929729470e+03
1182 -2.963934880766e+03
1183 -2.963940178977e+03
1184 -2.963945607730e+03
1185 -2.963951149111e+03
1186 -2.963956783564e+03
1187 -2.963962489782e+03
1188 -2.963968244607e+03
1189 -2.963974022961e+03
1190 -2.963979797830e+03
1191 -2.963985732618e+03
1192 -2.963991412726e+03
1193 -2.963996997633e+03
1194 -2.964002453986e+03
1195 -2.964007747665e+03
1196 -2.964012844306e+03
1197 -2.964017709914e+03
1198 -2.964022311564e+03
1199 -2.964026618190e+03
1200 -2.964030601432e+03
1201 -2.964034356784e+03
1202 -2.964037625232e+03
1203 -2.964040510569e+03
1204 -2.964043004018e+03
1205 -2.964045103555e+03
1206 -2.964046814344e+03
1207 -2.964048148949e+03
1208 -2.964049127293e+03
1209 -2.964049776355e+03
1210 -2.964050129601e+03
1211 -2.964050370959e+03
1212 -2.964050257231e+03
1213 -2.964049977732e+03
1214 -2.964049581306e+03
1215 -2.964049117000e+03
1216 -2.964048632392e+03
1217 -2.964048171910e+03
1218 -2.964047775235e+03
1219 -2.964047475863e+03
1220 -2.964047299894e+03
1221 -2.964047490426e+03
1222 -2.964047608432e+03
1223 -2.964047876782e+03
1224 -2.964048286550e+03
1225 -2.964048820570e+03
1226 -2.964049454403e+03
1227 -2.964050157577e+03
1228 -2.964050895034e+03
1229 -2.964051628686e+03
1230 -2.964052319005e+03
1231 -2.964053205067e+03
1232 -2.964053693581e+03
1233 -2.964054026052e+03
1234 -2.964054170611e+03
1235 -2.964054099702e+03
1236 -2.964053790560e+03
1237 -2.964053225447e+03
1238 -2.964052391662e+03
1239 -2.964051281381e+03
1240 -2.964049891397e+03
1241 -2.964048509267e+03
1242 -2.964046568516e+03
1243 -2.964044362886e+03
1244 -2.964041904341e+03
1245 -2.964039207935e+03
1246 -2.964036291602e+03
1247 -2.964033175915e+03
1248 -2.964029883808e+03
1249 -2.964026440219e+03
1250 -2.964022871666e+03
1251 -2.964019450659e+03
1252 -2.964015716465e+03
1253 -2.964011941122e+03
1254 -2.964008151924e+03
1255 -2.964004374904e+03
1256 -2.964000634348e+03
1257 -2.963996952423e+03
1258 -2.963993348916e+03
1259 -2.963989841109e+03
1260 -2.963986443783e+03
1261 -2.963983409750e+03
1262 -2.963980269193e+03
1263 -2.963977270225e+03
1264 -2.963974419582e+03
1265 -2.963971722717e+03
1266 -2.963969184063e+03
1267 -2.963966807229e+03
1268 -2.963964595095e+03
1269 -2.963962549830e+03
1270 -2.963960672840e+03
1271 -2.963959261695e+03
1272 -2.963957722455e+03
1273 -2.963956350221e+03
1274 -2.963955142348e+03
1275 -2.963954095011e+03
1276 -2.963953203206e+03
1277 -2.963952460788e+03
1278 -2.963951860552e+03
1279 -2.963951394328e+03
1280 -2.963951053108e+03
1281 -2.963951168374e+03
1282 -2.963951047470e+03
1283 -2.963951020742e+03
1284 -2.963951077070e+03
1285 -2.963951205128e+03
1286 -2.963951393505e+03
1287 -2.963951630808e+03
1288 -2.963951905767e+03
1289 -2.963952207329e+03
1290 -2.963952524742e+03
1291 -2.963953250095e+03
1292 -2.963953568446e+03
1293 -2.963953872928e+03
1294 -2.963954154841e+03
1295 -2.963954406224e+03
1296 -2.963954619969e+03
1297 -2.963954789945e+03
1298 -2.963954911123e+03
1299 -2.963954979699e+03
1300 -2.963954993205e+03
1301 -2.963955372276e+03
1302 -2.963955274468e+03
1303 -2.963955123163e+03
1304 -2.963954922170e+03
1305 -2.963954676935e+03
1306 -2.963954394525e+03
1307 -2.963954083589e+03
1308 -2.963953754285e+03
1309 -2.963953418181e+03
1310 -2.963953088105e+03
1311 -2.963953174519e+03
1312 -2.963952899697e+03
1313 -2.963952674701e+03
1314 -2.963952514779e+03
1315 -2.963952434634e+03
1316 -2.963952447856e+03
1317 -2.963952566339e+03
1318 -2.963952799689e+03
1319 -2.963953154664e+03
1320 -2.963953634676e+03
1321 -2.963954566741e+03
1322 -2.963955292007e+03
1323 -2.963956129159e+03
1324 -2.963957065708e+03
1325 -2.963958085258e+03
1326 -2.963959167922e+03
1327 -2.963960290938e+03
1328 -2.963961429433e+03
1329 -2.963962557339e+03
1330 -2.963963648398e+03
1331 -2.963964928791e+03
1332 -2.963965871908e+03
1333 -2.963966708781e+03
1334 -2.963967422798e+03
1335 -2.963968001897e+03
1336 -2.963968439153e+03
1337 -2.963968733140e+03
1338 -2.963968888067e+03
1339 -2.963968913642e+03
1340 -2.963968824689e+03
1341 -2.963968881479e+03
1342 -2.963968626020e+03
1343 -2.963968323559e+03
1344 -2.963968001199e+03
1345 -2.963967686438e+03
1346 -2.963967406086e+03
1347 -2.963967185278e+03
1348 -2.963967046638e+03
1349 -2.963967009625e+03
1350 -2.963967090044e+03
1351 -2.963967629150e+03
1352 -2.963967977686e+03
1353 -2.963968466151e+03
1354 -2.963969093983e+03
1355 -2.963969856763e+03
1356 -2.963970746491e+03
1357 -2.963971751900e+03
1358 -2.963972858797e+03
1359 -2.963974050412e+03
1360 -2.963975307765e+03
1361 -2.963977012708e+03
1362 -2.963978339032e+03
1363 -2.963979664596e+03
1364 -2.963980966275e+03
1365 -2.963982221516e+03
1366 -2.963983409052e+03
1367 -2.963984509597e+03
1368 -2.963985506449e+03
1369 -2.963986385969e+03
1370 -2.963987137890e+03
1371 -2.963988243198e+03
1372 -2.963988722373e+03
1373 -2.963989063185e+03
1374 -2.963989268388e+03
1375 -2.963989343255e+03
1376 -2.963989295152e+03
1377 -2.963989133112e+03
1378 -2.963988867460e+03
1379 -2.963988509505e+03
1380 -2.963988071320e+03
1381 -2.963988166038e+03
1382 -2.963987603931e+03
1383 -2.963987001108e+03
1384 -2.963986372165e+03
1385 -2.963985732494e+03
1386 -2.963985098302e+03
1387 -2.963984486534e+03
1388 -2.963983914660e+03
1389 -2.963983400338e+03
1390 -2.963982960957e+03
1391 -2.963983268376e+03
1392 -2.963983025436e+03
1393 -2.963982902058e+03
1394 -2.963982908823e+03
1395 -2.963983053239e+03
1396 -2.963983339324e+03
1397 -2.963983767326e+03
1398 -2.963984333615e+03
1399 -2.963985030775e+03
1400 -2.963985847902e+03
1401 -2.963987374878e+03
1402 -2.963988387448e+03
1403 -2.963989471667e+03
1404 -2.963990608785e+03
1405 -2.963991780024e+03
1406 -2.963992967263e+03
1407 -2.963994153607e+03
1408 -2.963995323800e+03
1409 -2.963996464502e+03
1410 -2.963997564418e+03
1411 -2.963999120995e+03
1412 -2.964000114024e+03
1413 -2.964001044180e+03
1414 -2.964001907543e+03
1415 -2.964002701509e+03
1416 -2.964003424501e+03
1417 -2.964004075691e+03
1418 -2.964004654730e+03
1419 -2.964005161501e+03
1420 -2.964005595905e+03
1421 -2.964006328039e+03
1422 -2.964006616845e+03
1423 -2.964006831496e+03
1424 -2.964006970650e+03
1425 -2.964007032569e+03
1426 -2.964007015212e+03
1427 -2.964006916383e+03
1428 -2.964006733958e+03
1429 -2.964006466173e+03
1430 -2.964006111972e+03
1431 -2.964005892491e+03
1432 -2.964005367016e+03
1433 -2.964004760098e+03
1434 -2.964004077339e+03
1435 -2.964003326766e+03
1436 -2.964002518957e+03
1437 -2.964001667040e+03
1438 -2.964000786538e+03
1439 -2.963999895063e+03
1440 -2.963999011876e+03
1441 -2.963998276399e+03
1442 -2.963997472322e+03
1443 -2.963996738339e+03
1444 -2.963996094143e+03
1445 -2.963995557936e+03
1446 -2.963995145926e+03
1447 -2.963994871980e+03
1448 -2.963994747416e+03
1449 -2.963994780963e+03
1450 -2.963994978853e+03
1451 -2.963995484130e+03
1452 -2.963996022586e+03
1453 -2.963996731472e+03
1454 -2.963997609479e+03
1455 -2.963998654068e+03
1456 -2.963999861658e+03
1457 -2.964001227727e+03
1458 -2.964002746838e+03
1459 -2.964004412592e+03
1460 -2.964006217518e+03
1461 -2.964008419791e+03
1462 -2.964010477443e+03
1463 -2.964012643713e+03
1464 -2.964014904900e+03
1465 -2.964017245248e+03
1466 -2.964019646800e+03
1467 -2.964022089314e+03
1468 -2.964024550264e+03
1469 -2.964027004981e+03
1470 -2.964029426961e+03
1471 -2.964032106707e+03
1472 -2.964034380191e+03
1473 -2.964036536173e+03
1474 -2.964038547158e+03
1475 -2.964040387611e+03
1476 -2.964042034884e+03
1477 -2.964043470021e+03
1478 -2.964044678391e+03
1479 -2.964045650077e+03
1480 -2.964046379986e+03
1481 -2.964047071774e+03
1482 -2.964047321946e+03
1483 -2.964047340955e+03
1484 -2.964047138545e+03
1485 -2.964046726160e+03
1486 -2.964046116043e+03
1487 -2.964045320438e+03
1488 -2.964044351004e+03
1489 -2.964043218491e+03
1490 -2.964041932678e+03
1491 -2.964040632138e+03
1492 -2.964039067784e+03
1493 -2.964037375917e+03
1494 -2.964035564580e+03
1495 -2.964033641781e+03
1496 -2.964031615339e+03
1497 -2.964029492586e+03
1498 -2.964027279984e+03
1499 -2.964024982748e+03
1500 -2.964022604530e+03
1501 -2.964020338875e+03
1502 -2.964017804749e+03
1503 -2.964015190136e+03
1504 -2.964012492176e+03
1505 -2.964009707198e+03
1506 -2.964006831314e+03
1507 -2.964003861064e+03
1508 -2.964000794039e+03
1509 -2.963997629429e+03
1510 -2.963994368451e+03
1511 -2.963991342108e+03
1512 -2.963987903375e+03
1513 -2.963984385709e+03
1514 -2.963980799523e+03
1515 -2.963977157209e+03
1516 -2.963973472892e+03
1517 -2.963969762177e+03
1518 -2.963966041886e+03
1519 -2.963962329814e+03
1520 -2.963958644467e+03
1521 -2.963955441777e+03
1522 -2.963951868463e+03
1523 -2.963948378957e+03
1524 -2.963944991778e+03
1525 -2.963941724481e+03
1526 -2.963938593172e+03
1527 -2.963935611971e+03
1528 -2.963932792451e+03
1529 -2.963930143101e+03
1530 -2.963927668852e+03
1531 -2.963925724477e+03
1532 -2.963923600555e+03
1533 -2.963921642793e+03
1534 -2.963919840223e+03
1535 -2.963918178436e+03
1536 -2.963916640197e+03
1537 -2.963915206210e+03
1538 -2.963913855972e+03
1539 -2.963912568655e+03
1540 -2.963911323977e+03
1541 -2.963910259562e+03
1542 -2.963909046599e+03
1543 -2.963907826478e+03
1544 -2.963906588016e+03
1545 -2.963905323374e+03
1546 -2.963904028223e+03
1547 -2.963902701773e+03
1548 -2.963901346656e+03
1549 -2.963899968672e+03
1550 -2.963898576388e+03
1551 -2.963897171568e+03
1552 -2.963895785550e+03
1553 -2.963894422268e+03
1554 -2.963893095655e+03
1555 -2.963891819440e+03
1556 -2.963890606600e+03
1557 -2.963889468927e+03
1558 -2.963888416685e+03
1559 -2.963887458389e+03
1560 -2.963886600684e+03
1561 -2.963885861911e+03
1562 -2.963885217898e+03
1563 -2.963884683180e+03
1564 -2.963884257178e+03
1565 -2.963883937837e+03
1566 -2.963883721807e+03
1567 -2.963883604629e+03
1568 -2.963883580899e+03
1569 -2.963883644428e+03
1570 -2.963883788367e+03
1571 -2.963884165734e+03
1572 -2.963884447674e+03
1573 -2.963884786370e+03
1574 -2.963885173086e+03
1575 -2.963885598634e+03
1576 -2.963886053308e+03
1577 -2.963886526795e+03
1578 -2.963887008062e+03
1579 -2.963887485250e+03
1580 -2.963887945580e+03
1581 -2.963888633247e+03
1582 -2.963889017023e+03
1583 -2.963889339880e+03
1584 -2.963889585461e+03
1585 -2.963889736849e+03
1586 -2.963889776861e+03
1587 -2.963889688423e+03
1588 -2.963889455012e+03
1589 -2.963889061126e+03
1590 -2.963888492780e+03
1591 -2.963887942425e+03
1592 -2.963886991000e+03
1593 -2.963885837094e+03
1594 -2.963884477225e+03
1595 -2.963882911227e+03
1596 -2.963881142329e+03
1597 -2.963879177094e+03
1598 -2.963877025226e+03
1599 -2.963874699234e+03
1600 -2.963872213983e+03
1601 -2.963869724432e+03
1602 -2.963866972231e+03
1603 -2.963864113851e+03
1604 -2.963861167531e+03
1605 -2.963858150628e+03
1606 -2.963855078989e+03
1607 -2.963851966416e+03
1608 -2.963848824229e+03
1609 -2.963845660973e+03
1610 -2.963842482253e+03
1611 -2.963839435237e+03
1612 -2.963836231961e+03
1613 -2.963833012766e+03
1614 -2.963829772371e+03
1615 -2.963826503408e+03
1616 -2.963823196788e+03
1617 -2.963819842079e+03
1618 -2.963816427861e+03
1619 -2.963812942060e+03
1620 -2.963809372250e+03
1621 -2.963805850199e+03
1622 -2.963802075401e+03
1623 -2.963798179736e+03
1624 -2.963794152180e+03
1625 -2.963789982838e+03
1626 -2.963785663337e+03
1627 -2.963781187286e+03
1628 -2.963776550758e+03
1629 -2.963771752781e+03
1630 -2.963766795813e+03
1631 -2.963761756241e+03
1632 -2.963756502626e+03
1633 -2.963751121194e+03
1634 -2.963745631153e+03
1635 -2.963740055934e+03
1636 -2.963734422874e+03
1637 -2.963728762729e+03
1638 -2.963723109047e+03
1639 -2.963717497418e+03
1640 -2.963711964643e+03
1641 -2.963706598461e+03
1642 -2.963701332761e+03
1643 -2.963696255012e+03
1644 -2.963691398840e+03
1645 -2.963686795429e+03
1646 -2.963682473140e+03
1647 -2.963678457288e+03
1648 -2.963674770062e+03
1649 -2.963671430542e+03
1650 -2.963668454775e+03
1651 -2.963666033305e+03
1652 -2.963663821121e+03
1653 -2.963662002926e+03
1654 -2.963660582726e+03
1655 -2.963659561069e+03
1656 -2.963658934719e+03
1657 -2.963658696287e+03
1658 -2.963658833896e+03
1659 -2.963659330919e+03
1660 -2.963660165837e+03
1661 -2.963661587224e+03
1662 -2.963663013818e+03
1663 -2.963664685326e+03
1664 -2.963666562903e+03
1665 -2.963668604989e+03
1666 -2.963670768330e+03
1667 -2.963673009116e+03
1668 -2.963675284195e+03
1669 -2.963677552261e+03
1670 -2.963679774985e+03
1671 -2.963682127542e+03
1672 -2.963684160334e+03
1673 -2.963686058846e+03
1674 -2.963687804195e+03
1675 -2.963689383213e+03
1676 -2.963690788385e+03
1677 -2.963692017634e+03
1678 -2.963693073986e+03
1679 -2.963693965146e+03
1680 -2.963694702970e+03
1681 -2.963695409321e+03
1682 -2.963695889011e+03
1683 -2.963696269170e+03
1684 -2.963696571701e+03
1685 -2.963696819216e+03
1686 -2.963697034294e+03
1687 -2.963697238747e+03
1688 -2.963697452919e+03
1689 -2.963697695033e+03
1690 -2.963697980609e+03
1691 -2.963698392640e+03
1692 -2.963698798040e+03
1693 -2.963699272696e+03
1694 -2.963699817638e+03
1695 -2.963700430061e+03
1696 -2.963701103520e+03
1697 -2.963701828266e+03
1698 -2.963702591699e+03
1699 -2.963703378913e+03
1700 -2.963704173333e+03
1701 -2.963705081821e+03
1702 -2.963705837309e+03
1703 -2.963706547256e+03
1704 -2.963707195567e+03
1705 -2.963707768005e+03
1706 -2.963708252743e+03
1707 -2.963708640794e+03
1708 -2.963708926293e+03
1709 -2.963709106619e+03
1710 -2.963709182362e+03
1711 -2.963709380136e+03
1712 -2.963709260280e+03
1713 -2.963709054330e+03
1714 -2.963708772497e+03
1715 -2.963708426058e+03
1716 -2.963708026713e+03
1717 -2.963707585961e+03
1718 -2.963707114515e+03
1719 -2.963706621792e+03
1720 -2.963706115509e+03
1721 -2.963705798795e+03
1722 -2.963705281153e+03
1723 -2.963704760931e+03
1724 -2.963704237594e+03
1725 -2.963703708850e+03
1726 -2.963703171065e+03
1727 -2.963702619778e+03
1728 -2.963702050313e+03
1729 -2.963701458418e+03
1730 -2.963700840918e+03
1731 -2.963700296249e+03
1732 -2.963699626017e+03
1733 -2.963698933018e+03
1734 -2.963698223477e+03
1735 -2.963697506571e+03
1736 -2.963696794412e+03
1737 -2.963696101903e+03
1738 -2.963695446514e+03
1739 -2.963694847979e+03
1740 -2.963694327933e+03
1741 -2.963694040026e+03
1742 -2.963693748019e+03
1743 -2.963693606886e+03
1744 -2.963693641041e+03
1745 -2.963693873946e+03
1746 -2.963694327337e+03
1747 -2.963695020383e+03
1748 -2.963695968844e+03
1749 -2.963697184285e+03
1750 -2.963698673379e+03
1751 -2.963700681013e+03
1752 -2.963702716012e+03
1753 -2.963705011297e+03
1754 -2.963707550385e+03
1755 -2.963710311118e+03
1756 -2.963713266168e+03
1757 -2.963716383748e+03
1758 -2.963719628538e+03
1759 -2.963722962750e+03
1760 -2.963726347324e+03
1761 -2.963729946238e+03
1762 -2.963733315140e+03
1763 -2.963736622041e+03
1764 -2.963739834795e+03
1765 -2.963742925552e+03
1766 -2.963745871490e+03
1767 -2.963748655350e+03
1768 -2.963751265796e+03
1769 -2.963753697589e+03
1770 -2.963755951593e+03
1771 -2.963758113364e+03
1772 -2.963760038262e+03
1773 -2.963761822432e+03
1774 -2.963763487921e+03
1775 -2.963765060665e+03
1776 -2.963766569710e+03
1777 -2.963768046331e+03
1778 -2.963769523054e+03
1779 -2.963771032586e+03
1780 -2.963772606689e+03
1781 -2.963774294282e+03
1782 -2.963776084719e+03
1783 -2.963778017397e+03
1784 -2.963780108606e+03
1785 -2.963782368466e+03
1786 -2.963784800384e+03
1787 -2.963787400804e+03
1788 -2.963790159249e+03
1789 -2.963793058647e+03
1790 -2.963796075933e+03
1791 -2.963799211147e+03
1792 -2.963802375256e+03
1793 -2.963805560453e+03
1794 -2.963808729075e+03
1795 -2.963811842607e+03
1796 -2.963814862730e+03
1797 -2.963817752262e+03
1798 -2.963820475967e+03
1799 -2.963823001248e+03
1800 -2.963825298712e+03
1801 -2.963827397567e+03
1802 -2.963829165557e+03
1803 -2.963830640585e+03
1804 -2.963831809633e+03
1805 -2.963832664271e+03
1806 -2.963833200679e+03
1807 -2.963833419571e+03
1808 -2.963833326025e+03
1809 -2.963832929223e+03
1810 -2.963832242119e+03
1811 -2.963831424355e+03
1812 -2.963830209122e+03
1813 -2.963828761063e+03
1814 -2.963827103767e+03
1815 -2.963825262266e+03
1816 -2.963823262522e+03
1817 -2.963821130886e+03
1818 -2.963818893550e+03
1819 -2.963816576014e+03
1820 -2.963814202570e+03
1821 -2.963811967460e+03
1822 -2.963809549365e+03
1823 -2.963807137303e+03
1824 -2.963804747142e+03
1825 -2.963802392383e+03
1826 -2.963800084298e+03
1827 -2.963797832147e+03
1828 -2.963795643471e+03
1829 -2.963793524396e+03
1830 -2.963791479940e+03
1831 -2.963789695143e+03
1832 -2.963787812458e+03
1833 -2.963786015445e+03
1834 -2.963784306883e+03
1835 -2.963782689340e+03
1836 -2.963781165182e+03
1837 -2.963779736547e+03
1838 -2.963778405276e+03
1839 -2.963777172840e+03
1840 -2.963776040251e+03
1841 -2.963775218357e+03
1842 -2.963774286374e+03
1843 -2.963773453976e+03
1844 -2.963772719838e+03
1845 -2.963772082071e+03
1846 -2.963771538238e+03
1847 -2.963771085333e+03
1848 -2.963770719746e+03
1849 -2.963770437172e+03
1850 -2.963770232509e+03
1851 -2.963770299963e+03
1852 -2.963770231996e+03
1853 -2.963770220645e+03
1854 -2.963770256556e+03
1855 -2.963770329286e+03
1856 -2.963770427442e+03
1857 -2.963770538918e+03
1858 -2.963770651200e+03
1859 -2.963770751746e+03
1860 -2.963770828393e+03
1861 -2.963770999339e+03
1862 -2.963770995332e+03
1863 -2.963770937215e+03
1864 -2.963770818185e+03
1865 -2.963770633462e+03
1866 -2.963770380407e+03
1867 -2.963770058538e+03
1868 -2.963769669425e+03
1869 -2.963769216489e+03
1870 -2.963768704709e+03
1871 -2.963768286578e+03
1872 -2.963767677017e+03
1873 -2.963767029131e+03
1874 -2.963766350405e+03
1875 -2.963765648125e+03
1876 -2.963764929145e+03
1877 -2.963764199734e+03
1878 -2.963763465481e+03
1879 -2.963762731257e+03
1880 -2.963762001201e+03
1881 -2.963761469067e+03
1882 -2.963760757886e+03
1883 -2.963760058643e+03
1884 -2.963759372388e+03
1885 -2.963758699355e+03
1886 -2.963758038952e+03
1887 -2.963757389776e+03
1888 -2.963756749664e+03
1889 -2.963756115783e+03
1890 -2.963755484780e+03
1891 -2.963755045451e+03
1892 -2.963754409235e+03
1893 -2.963753764433e+03
1894 -2.963753107959e+03
1895 -2.963752437555e+03
1896 -2.963751752077e+03
1897 -2.963751051742e+03
1898 -2.963750338292e+03
1899 -2.963749615056e+03
1900 -2.963748886895e+03
1901 -2.963748397489e+03
1902 -2.963747677211e+03
1903 -2.963746973127e+03
1904 -2.963746293407e+03
1905 -2.963745645918e+03
1906 -2.963745037708e+03
1907 -2.963744474497e+03
1908 -2.963743960216e+03
1909 -2.963743496621e+03
1910 -2.963743083004e+03
1911 -2.963742951165e+03
1912 -2.963742620706e+03
1913 -2.963742322367e+03
1914 -2.963742045450e+03
1915 -2.963741777495e+03
1916 -2.963741504846e+03
1917 -2.963741213274e+03
1918 -2.963740888582e+03
1919 -2.963740517148e+03
1920 -2.963740086356e+03
1921 -2.963739738869e+03
1922 -2.963739152416e+03
1923 -2.963738477178e+03
1924 -2.963737706635e+03
1925 -2.963736835933e+03
1926 -2.963735861892e+03
1927 -2.963734783031e+03
1928 -2.963733599618e+03
1929 -2.963732313755e+03
1930 -2.963730929457e+03
1931 -2.963729703182e+03
1932 -2.963728139762e+03
1933 -2.963726501680e+03
1934 -2.963724800528e+03
1935 -2.963723049198e+03
1936 -2.963721261343e+03
1937 -2.963719450711e+03
1938 -2.963717630357e+03
1939 -2.963715811811e+03
1940 -2.963714004265e+03
1941 -2.963712662213e+03
1942 -2.963710891189e+03
1943 -2.963709138705e+03
1944 -2.963707399967e+03
1945 -2.963705666992e+03
1946 -2.963703929297e+03
1947 -2.963702174750e+03
1948 -2.963700390488e+03
1949 -2.963698563822e+03
1950 -2.963696683092e+03
1951 -2.963695110999e+03
1952 -2.963693094206e+03
1953 -2.963691000854e+03
1954 -2.963688829202e+03
1955 -2.963686580870e+03
1956 -2.963684260957e+03
1957 -2.963681877991e+03
1958 -2.963679443665e+03
1959 -2.963676972430e+03
1960 -2.963674480955e+03
1961 -2.963672157034e+03
1962 -2.963669680553e+03
1963 -2.963667240771e+03
1964 -2.963664856925e+03
1965 -2.963662547371e+03
1966 -2.963660329077e+03
1967 -2.963658217197e+03
1968 -2.963656224749e+03
1969 -2.963654362385e+03
1970 -2.963652638234e+03
1971 -2.963651117033e+03
1972 -2.963649683814e+03
1973 -2.963648397355e+03
1974 -2.963647255531e+03
1975 -2.963646253957e+03
1976 -2.963645386172e+03
1977 -2.963644643883e+03
1978 -2.963644017257e+03
1979 -2.963643495244e+03
1980 -2.963643065926e+03
1981 -2.963642783304e+03
1982 -2.963642502227e+03
1983 -2.963642276422e+03
1984 -2.963642094315e+03
1985 -2.963641945367e+03
1986 -2.963641820407e+03
1987 -2.963641711919e+03
1988 -2.963641614253e+03
1989 -2.963641523757e+03
1990 -2.963641438818e+03
1991 -2.963641457703e+03
1992 -2.963641386606e+03
1993 -2.963641327345e+03
1994 -2.963641284909e+03
1995 -2.963641265094e+03
1996 -2.963641274046e+03
1997 -2.963641317782e+03
1998 -2.963641401716e+03
1999 -2.963641530215e+03
2000 -2.963641706213e+03
2001 -2.963642010084e+03
2002 -2.963642283089e+03
2003 -2.963642601175e+03
2004 -2.963642959241e+03
2005 -2.963643350032e+03
2006 -2.963643764260e+03
2007 -2.963644190831e+03
2008 -2.963644617168e+03
2009 -2.963645029619e+03
2010 -2.963645413948e+03
2011 -2.963645650060e+03
2012 -2.963645936349e+03
2013 -2.963646154283e+03
2014 -2.963646293379e+03
2015 -2.963646345622e+03
2016 -2.963646305999e+03
2017 -2.963646172915e+03
2018 -2.963645948494e+03
2019 -2.963645638711e+03
2020 -2.963645253370e+03
2021 -2.963644597383e+03
2022 -2.963644104586e+03
2023 -2.963643586062e+03
2024 -2.963643063190e+03
2025 -2.963642558415e+03
2026 -2.963642094300e+03
2027 -2.963641692544e+03
2028 -2.963641373041e+03
2029 -2.963641153019e+03
2030 -2.963641046323e+03
2031 -2.963641025728e+03
2032 -2.963641172561e+03
2033 -2.963641450073e+03
2034 -2.963641854982e+03
2035 -2.963642379675e+03
2036 -2.963643012527e+03
2037 -2.963643738351e+03
2038 -2.963644538951e+03
2039 -2.963645393748e+03
2040 -2.963646280466e+03
2041 -2.963647374994e+03
2042 -2.963648258027e+03
2043 -2.963649103564e+03
2044 -2.963649889583e+03
2045 -2.963650595567e+03
2046 -2.963651202876e+03
2047 -2.963651694985e+03
2048 -2.963652057604e+03
2049 -2.963652278695e+03
2050 -2.963652348409e+03
2051 -2.963652566953e+03
2052 -2.963652316007e+03
2053 -2.963651896048e+03
2054 -2.963651304111e+03
2055 -2.963650538065e+03
2056 -2.963649596061e+03
2057 -2.963648475896e+03
2058 -2.963647174292e+03
2059 -2.963645686168e+03
2060 -2.963644003944e+03
2061 -2.963642290421e+03
2062 -2.963640188914e+03
2063 -2.963637850846e+03
2064 -2.963635255130e+03
2065 -2.963632377880e+03
2066 -2.963629193339e+03
2067 -2.963625675125e+03
2068 -2.963621797730e+03
2069 -2.963617538182e+03
2070 -2.963612877732e+03
2071 -2.963607844489e+03
2072 -2.963602352097e+03
2073 -2.963596442403e+03
2074 -2.963590126869e+03
2075 -2.963583426021e+03
2076 -2.963576369208e+03
2077 -2.963568993938e+03
2078 -2.963561344857e+03
2079 -2.963553472442e+03
2080 -2.963545431491e+03
2081 -2.963537319208e+03
2082 -2.963529114642e+03
2083 -2.963520916023e+03
2084 -2.963512779526e+03
2085 -2.963504758064e+03
2086 -2.963496900289e+03
2087 -2.963489249841e+03
2088 -2.963481844856e+03
2089 -2.963474717676e+03
2090 -2.963467894764e+03
2091 -2.963461683678e+03
2092 -2.963455526477e+03
2093 -2.963449719287e+03
2094 -2.963444266844e+03
2095 -2.963439169414e+03
2096 -2.963434423346e+03
2097 -2.963430021690e+03
2098 -2.963425954818e+03
2099 -2.963422211046e+03
2100 -2.963418777209e+03
2101 -2.963416148304e+03
2102 -2.963413292683e+03
2103 -2.963410703568e+03
2104 -2.963408365959e+03
2105 -2.963406264853e+03
2106 -2.963404385232e+03
2107 -2.963402712005e+03
2108 -2.963401229928e+03
2109 -2.963399923557e+03
2110 -2.963398777242e+03
2111 -2.963398216444e+03
2112 -2.963397344287e+03
2113 -2.963396585094e+03
2114 -2.963395923573e+03
2115 -2.963395345057e+03
2116 -2.963394835720e+03
2117 -2.963394382780e+03
2118 -2.963393974658e+03
2119 -2.963393601088e+03
2120 -2.963393253182e+03
2121 -2.963393205115e+03
2122 -2.963392888299e+03
2123 -2.963392578610e+03
2124 -2.963392272491e+03
2125 -2.963391967625e+03
2126 -2.963391662891e+03
2127 -2.963391358339e+03
2128 -2.963391055178e+03
2129 -2.963390755751e+03
2130 -2.963390463519e+03
2131 -2.963390339750e+03
2132 -2.963390076497e+03
2133 -2.963389836726e+03
2134 -2.963389627455e+03
2135 -2.963389456167e+03
2136 -2.963389330558e+03
2137 -2.963389258295e+03
2138 -2.963389246777e+03
2139 -2.963389302935e+03
2140 -2.963389433073e+03
2141 -2.963389838478e+03
2142 -2.963390132629e+03
2143 -2.963390515242e+03
2144 -2.963390989660e+03
2145 -2.963391558589e+03
2146 -2.963392224190e+03
2147 -2.963392988168e+03
2148 -2.963393851863e+03
2149 -2.963394816305e+03
2150 -2.963395882243e+03
2151 -2.963397319184e+03
2152 -2.963398589235e+03
2153 -2.963399961175e+03
2154 -2.963401434238e+03
2155 -2.963403007040e+03
2156 -2.963404677461e+03
2157 -2.963406442542e+03
2158 -2.963408298390e+03
2159 -2.963410240106e+03
2160 -2.963412261722e+03
2161 -2.963414696561e+03
2162 -2.963416855179e+03
2163 -2.963419069058e+03
2164 -2.963421327630e+03
2165 -2.963423619148e+03
2166 -2.963425930706e+03
2167 -2.963428248279e+03
2168 -2.963430556788e+03
2169 -2.963432840199e+03
2170 -2.963435081634e+03
2171 -2.963437724464e+03
2172 -2.963439828784e+03
2173 -2.963441837014e+03
2174 -2.963443730669e+03
2175 -2.963445491375e+03
2176 -2.963447101104e+03
2177 -2.963448542403e+03
2178 -2.963449798633e+03
2179 -2.963450854205e+03
2180 -2.963451694820e+03
2181 -2.963452896238e+03
2182 -2.963453270594e+03
2183 -2.963453396836e+03
2184 -2.963453268144e+03
2185 -2.963452880077e+03
2186 -2.963452230742e+03
2187 -2.963451320950e+03
2188 -2.963450154337e+03
2189 -2.963448737467e+03
2190 -2.963447079901e+03
2191 -2.963445800433e+03
2192 -2.963443701107e+03
2193 -2.963441407473e+03
2194 -2.963438940775e+03
2195 -2.963436324603e+03
2196 -2.963433584436e+03
2197 -2.963430747080e+03
2198 -2.963427840017e+03
2199 -2.963424890693e+03
2200 -2.963421925818e+03
2201 -2.963419577012e+03
2202 -2.963416653329e+03
2203 -2.963413783713e+03
2204 -2.963410986730e+03
2205 -2.963408278328e+03
2206 -2.963405671997e+03
2207 -2.963403179077e+03
2208 -2.963400809183e+03
2209 -2.963398570672e+03
2210 -2.963396471088e+03
2211 -2.963395282957e+03
2212 -2.963393480848e+03
2213 -2.963391838635e+03
2214 -2.963390363368e+03
2215 -2.963389061888e+03
2216 -2.963387940562e+03
2217 -2.963387004945e+03
2218 -2.963386259382e+03
2219 -2.963385706595e+03
2220 -2.963385347293e+03
2221 -2.963385939561e+03
2222 -2.963385958682e+03
2223 -2.963386158479e+03
2224 -2.963386529546e+03
2225 -2.963387059953e+03
2226 -2.963387735535e+03
2227 -2.963388540288e+03
2228 -2.963389456854e+03
2229 -2.963390467050e+03
2230 -2.963391552433e+03
2231 -2.963393441760e+03
2232 -2.963394624344e+03
2233 -2.963395830733e+03
2234 -2.963397046590e+03
2235 -2.963398259450e+03
2236 -2.963399458840e+03
2237 -2.963400636269e+03
2238 -2.963401785086e+03
2239 -2.963402900232e+03
2240 -2.963403977905e+03
2241 -2.963405743447e+03
2242 -2.963406738667e+03
2243 -2.963407688689e+03
2244 -2.963408590946e+03
2245 -2.963409442528e+03
2246 -2.963410240119e+03
2247 -2.963410980048e+03
2248 -2.963411658429e+03
2249 -2.963412271356e+03
2250 -2.963412815140e+03
2251 -2.963413817250e+03
2252 -2.963414213719e+03
2253 -2.963414533288e+03
2254 -2.963414775304e+03
2255 -2.963414940276e+03
2256 -2.963415029891e+03
2257 -2.963415046953e+03
2258 -2.963414995279e+03
2259 -2.963414879546e+03
2260 -2.963414705126e+03
2261 -2.963414901475e+03
2262 -2.963414627325e+03
2263 -2.963414313025e+03
2264 -2.963413965402e+03
2265 -2.963413591483e+03
2266 -2.963413198478e+03
2267 -2.963412793753e+03
2268 -2.963412384783e+03
2269 -2.963411979084e+03
2270 -2.963411584101e+03
2271 -2.963411668830e+03
2272 -2.963411316233e+03
2273 -2.963410994426e+03
2274 -2.963410708684e+03
2275 -2.963410463204e+03
2276 -2.963410260946e+03
2277 -2.963410103546e+03
2278 -2.963409991299e+03
2279 -2.963409923219e+03
2280 -2.963409897164e+03
2281 -2.963410464709e+03
2282 -2.963410512567e+03
2283 -2.963410590948e+03
2284 -2.963410694939e+03
2285 -2.963410819336e+03
2286 -2.963410958774e+03
2287 -2.963411107818e+03
2288 -2.963411261021e+03
2289 -2.963411412981e+03
2290 -2.963411558412e+03
2291 -2.963412329564e+03
2292 -2.963412447456e+03
2293 -2.963412544925e+03
2294 -2.963412618477e+03
2295 -2.963412665596e+03
2296 -2.963412685012e+03
2297 -2.963412676980e+03
2298 -2.963412643526e+03
2299 -2.963412588650e+03
2300 -2.963412518452e+03
2301 -2.963413189434e+03
2302 -2.963413116024e+03
2303 -2.963413058207e+03
2304 -2.963413029777e+03
2305 -2.963413045744e+03
2306 -2.963413121906e+03
2307 -2.963413274413e+03
2308 -2.963413519304e+03
2309 -2.963413872076e+03
2310 -2.963414347257e+03
2311 -2.963415684748e+03
2312 -2.963416443238e+03
2313 -2.963417358282e+03
2314 -2.963418436637e+03
2315 -2.963419682081e+03
2316 -2.963421095059e+03
2317 -2.963422672380e+03
2318 -2.963424407033e+03
2319 -2.963426288110e+03
2320 -2.963428300882e+03
2321 -2.963431060704e+03
2322 -2.963433279076e+03
2323 -2.963435565594e+03
2324 -2.963437893895e+03
2325 -2.963440236189e+03
2326 -2.963442564119e+03
2327 -2.963444849717e+03
2328 -2.963447066427e+03
2329 -2.963449190143e+03
2330 -2.963451200229e+03
2331 -2.963453809299e+03
2332 -2.963455547657e+03
2333 -2.963457140567e+03
2334 -2.963458588809e+03
2335 -2.963459899243e+03
2336 -2.963461084588e+03
2337 -2.963462162959e+03
2338 -2.963463157155e+03
2339 -2.963464093766e+03
2340 -2.963465002135e+03
2341 -2.963466666783e+03
2342 -2.963467610301e+03
2343 -2.963468619235e+03
2344 -2.963469722023e+03
2345 -2.963470943894e+03
2346 -2.963472305881e+03
2347 -2.963473824028e+03
2348 -2.963475508817e+03
2349 -2.963477364868e+03
2350 -2.963479390907e+03
2351 -2.963482341344e+03
2352 -2.963484680758e+03
2353 -2.963487154737e+03
2354 -2.963489742877e+03
2355 -2.963492422015e+03
2356 -2.963495167149e+03
2357 -2.963497952289e+03
2358 -2.963500751201e+03
2359 -2.963503538026e+03
2360 -2.963506287753e+03
2361 -2.963509750843e+03
2362 -2.963512355304e+03
2363 -2.963514855564e+03
2364 -2.963517232340e+03
2365 -2.963519467941e+03
2366 -2.963521546232e+03
2367 -2.963523452616e+03
2368 -2.963525174036e+03
2369 -2.963526699017e+03
2370 -2.963528017753e+03
2371 -2.963529797294e+03
2372 -2.963530682888e+03
2373 -2.963531344974e+03
2374 -2.963531782278e+03
2375 -2.963531996145e+03
2376 -2.963531990649e+03
2377 -2.963531772610e+03
2378 -2.963531351481e+03
2379 -2.963530739136e+03
2380 -2.963529949548e+03
2381 -2.963529645856e+03
2382 -2.963528553126e+03
2383 -2.963527333656e+03
2384 -2.963526005546e+03
2385 -2.963524586706e+03
2386 -2.963523094396e+03
2387 -2.963521544787e+03
2388 -2.963519952580e+03
2389 -2.963518330700e+03
2390 -2.963516690092e+03
2391 -2.963515680909e+03
2392 -2.963514028935e+03
2393 -2.963512379489e+03
2394 -2.963510736451e+03
2395 -2.963509102726e+03
2396 -2.963507480772e+03
2397 -2.963505873105e+03
2398 -2.963504282667e+03
2399 -2.963502712997e+03
2400 -2.963501168240e+03
2401 -2.963500313467e+03
2402 -2.963498832631e+03
2403 -2.963497391297e+03
2404 -2.963495994013e+03
2405 -2.963494644950e+03
2406 -2.963493347865e+03
2407 -2.963492106127e+03
2408 -2.963490922782e+03
2409 -2.963489800650e+03
2410 -2.963488742415e+03
2411 -2.963488433810e+03
2412 -2.963487511078e+03
2413 -2.963486660018e+03
2414 -2.963485883015e+03
2415 -2.963485182385e+03
2416 -2.963484560360e+03
2417 -2.963484019093e+03
2418 -2.963483560665e+03
2419 -2.963483187108e+03
2420 -2.963482900438e+03
2421 -2.963483382524e+03
2422 -2.963483275861e+03
2423 -2.963483262555e+03
2424 -2.963483345132e+03
2425 -2.963483526432e+03
2426 -2.963483809665e+03
2427 -2.963484198433e+03
2428 -2.963484696700e+03
2429 -2.963485308725e+03
2430 -2.963486038952e+03
2431 -2.963487611172e+03
2432 -2.963488591324e+03
2433 -2.963489702982e+03
2434 -2.963490950266e+03
2435 -2.963492336952e+03
2436 -2.963493866332e+03
2437 -2.963495541050e+03
2438 -2.963497362928e+03
2439 -2.963499332773e+03
2440 -2.963501450174e+03
2441 -2.963504450527e+03
2442 -2.963506856447e+03
2443 -2.963509399397e+03
2444 -2.963512072153e+03
2445 -2.963514865452e+03
2446 -2.963517767953e+03
2447 -2.963520766238e+03
2448 -2.963523844854e+03
2449 -2.963526986385e+03
2450 -2.963530171563e+03
2451 -2.963534083169e+03
2452 -2.963537292037e+03
2453 -2.963540477314e+03
2454 -2.963543614435e+03
2455 -2.963546678408e+03
2456 -2.963549644287e+03
2457 -2.963552487652e+03
2458 -2.963555185091e+03
2459 -2.963557714666e+03
2460 -2.963560056328e+03
2461 -2.963562794427e+03
2462 -2.963564709710e+03
2463 -2.963566391548e+03
2464 -2.963567830762e+03
2465 -2.963569021386e+03
2466 -2.963569960644e+03
2467 -2.963570648801e+03
2468 -2.963571088868e+03
2469 -2.963571286173e+03
2470 -2.963571247807e+03
2471 -2.963571449062e+03
2472 -2.963570965385e+03
2473 -2.963570271660e+03
2474 -2.963569375669e+03
2475 -2.963568283877e+03
2476 -2.963567001071e+03
2477 -2.963565530163e+03
2478 -2.963563872204e+03
2479 -2.963562026565e+03
2480 -2.963559991309e+03
2481 -2.963558325925e+03
2482 -2.963555906451e+03
2483 -2.963553289305e+03
2484 -2.963550472694e+03
2485 -2.963547456023e+03
2486 -2.963544240071e+03
2487 -2.963540826976e+03
2488 -2.963537220054e+03
2489 -2.963533423484e+03
2490 -2.963529441920e+03
2491 -2.963525978649e+03
2492 -2.963521644027e+03
2493 -2.963517138110e+03
2494 -2.963512465513e+03
2495 -2.963507631160e+03
2496 -2.963502640691e+03
2497 -2.963497500965e+03
2498 -2.963492220601e+03
2499 -2.963486810517e+03
2500 -2.963481284389e+03
2501 -2.963476319149e+03
2502 -2.963470614297e+03
2503 -2.963464853187e+03
2504 -2.963459061861e+03
2505 -2.963453268705e+03
2506 -2.963447503782e+03
2507 -2.963441798041e+03
2508 -2.963436182473e+03
2509 -2.963430687252e+03
2510 -2.963425340950e+03
2511 -2.963420815895e+03
2512 -2.963415841772e+03
2513 -2.963411086270e+03
2514 -2.963406565519e+03
2515 -2.963402291652e+03
2516 -2.963398272671e+03
2517 -2.963394512406e+03
2518 -2.963391010624e+03
2519 -2.963387763269e+03
2520 -2.963384762870e+03
2521 -2.963382627660e+03
2522 -2.963380085641e+03
2523 -2.963377753442e+03
2524 -2.963375616009e+03
2525 -2.963373658157e+03
2526 -2.963371865162e+03
2527 -2.963370223242e+03
2528 -2.963368719913e+03
2529 -2.963367344216e+03
2530 -2.963366086804e+03
2531 -2.963365536053e+03
2532 -2.963364491457e+03
2533 -2.963363546123e+03
2534 -2.963362695878e+03
2535 -2.963361937203e+03
2536 -2.963361266908e+03
2537 -2.963360681820e+03
2538 -2.963360178525e+03
2539 -2.963359753162e+03
2540 -2.963359401296e+03
2541 -2.963359730277e+03
2542 -2.963359508897e+03
2543 -2.963359344419e+03
2544 -2.963359230282e+03
2545 -2.963359159697e+03
2546 -2.963359125795e+03
2547 -2.963359121793e+03
2548 -2.963359141164e+03
2549 -2.963359177803e+03
2550 -2.963359226209e+03
2551 -2.963359893225e+03
2552 -2.963359951604e+03
2553 -2.963360010194e+03
2554 -2.963360067028e+03
2555 -2.963360121041e+03
2556 -2.963360171925e+03
2557 -2.963360219912e+03
2558 -2.963360265521e+03
2559 -2.963360309262e+03
2560 -2.963360351345e+03
2561 -2.963360895113e+03
2562 -2.963360931856e+03
2563 -2.963360963290e+03
2564 -2.963360986216e+03
2565 -2.963360996326e+03
2566 -2.963360988258e+03
2567 -2.963360955722e+03
2568 -2.963360891695e+03
2569 -2.963360788693e+03
2570 -2.963360639085e+03
2571 -2.963360859425e+03
2572 -2.963360595332e+03
2573 -2.963360264590e+03
2574 -2.963359862559e+03
2575 -2.963359386065e+03
2576 -2.963358833532e+03
2577 -2.963358205048e+03
2578 -2.963357502341e+03
2579 -2.963356728684e+03
2580 -2.963355888724e+03
2581 -2.963355436540e+03
2582 -2.963354483676e+03
2583 -2.963353484504e+03
2584 -2.963352446595e+03
2585 -2.963351377413e+03
2586 -2.963350283958e+03
2587 -2.963349172430e+03
2588 -2.963348047961e+03
2589 -2.963346914419e+03
2590 -2.963345774313e+03
2591 -2.963345049416e+03
2592 -2.963343901293e+03
2593 -2.963342746887e+03
2594 -2.963341584532e+03
2595 -2.963340412327e+03
2596 -2.963339228596e+03
2597 -2.963338032353e+03
2598 -2.963336823754e+03
2599 -2.963335604494e+03
2600 -2.963334378115e+03
2601 -2.963333577502e+03
2602 -2.963332358021e+03
2603 -2.963331153817e+03
2604 -2.963329976252e+03
2605 -2.963328838152e+03
2606 -2.963327753412e+03
2607 -2.963326736576e+03
2608 -2.963325802426e+03
2609 -2.963324965597e+03
2610 -2.963324240249e+03
2611 -2.963324158555e+03
2612 -2.963323694794e+03
2613 -2.963323378814e+03
2614 -2.963323220246e+03
2615 -2.963323226913e+03
2616 -2.963323404503e+03
2617 -2.963323756212e+03
2618 -2.963324282343e+03
2619 -2.963324979900e+03
2620 -2.963325842181e+03
2621 -2.963327303707e+03
2622 -2.963328457234e+03
2623 -2.963329730252e+03
2624 -2.963331098754e+03
2625 -2.963332534450e+03
2626 -2.963334005126e+03
2627 -2.963335475145e+03
2628 -2.963336906087e+03
2629 -2.963338257468e+03
2630 -2.963339487562e+03
2631 -2.963340877900e+03
2632 -2.963341738596e+03
2633 -2.963342354618e+03
2634 -2.963342688996e+03
2635 -2.963342708799e+03
2636 -2.963342386283e+03
2637 -2.963341699990e+03
2638 -2.963340635745e+03
2639 -2.963339187504e+03
2640 -2.963337357975e+03
2641 -2.963335491663e+03
2642 -2.963332945395e+03
2643 -2.963330080237e+03
2644 -2.963326934104e+03
2645 -2.963323551948e+03
2646 -2.963319984330e+03
2647 -2.963316285707e+03
2648 -2.963312512519e+03
2649 -2.963308721184e+03
2650 -2.963304966090e+03
2651 -2.963301615610e+03
2652 -2.963298083718e+03
2653 -2.963294721510e+03
2654 -2.963291559140e+03
2655 -2.963288618347e+03
2656 -2.963285912319e+03
2657 -2.963283445972e+03
2658 -2.963281216590e+03
2659 -2.963279214764e+03
2660 -2.963277425543e+03
2661 -2.963276187965e+03
2662 -2.963274766519e+03
2663 -2.963273491537e+03
2664 -2.963272338200e+03
2665 -2.963271282021e+03
2666 -2.963270299671e+03
2667 -2.963269369619e+03
2668 -2.963268472588e+03
2669 -2.963267591847e+03
2670 -2.963266713365e+03
2671 -2.963266314508e+03
2672 -2.963265409190e+03
2673 -2.963264479238e+03
2674 -2.963263520523e+03
2675 -2.963262530728e+03
2676 -2.963261509044e+03
2677 -2.963260455899e+03
2678 -2.963259372738e+03
2679 -2.963258261870e+03
2680 -2.963257126352e+03
2681 -2.963256376957e+03
2682 -2.963255202559e+03
2683 -2.963254016332e+03
2684 -2.963252823729e+03
2685 -2.963251630619e+03
2686 -2.963250443198e+03
2687 -2.963249267881e+03
2688 -2.963248111185e+03
2689 -2.963246979613e+03
2690 -2.963245879539e+03
2691 -2.963245112951e+03
2692 -2.963244092779e+03
2693 -2.963243121271e+03
2694 -2.963242203114e+03
2695 -2.963241342345e+03
2696 -2.963240542299e+03
2697 -2.963239805594e+03
2698 -2.963239134142e+03
2699 -2.963238529212e+03
2700 -2.963237991514e+03
2701 -2.963237824094e+03
2702 -2.963237421080e+03
2703 -2.963237085310e+03
2704 -2.963236816432e+03
2705 -2.963236614036e+03
2706 -2.963236477655e+03
2707 -2.963236406725e+03
2708 -2.963236400505e+03
2709 -2.963236457984e+03
2710 -2.963236577792e+03
2711 -2.963237031684e+03
2712 -2.963237270239e+03
2713 -2.963237564124e+03
2714 -2.963237909843e+03
2715 -2.963238303252e+03
2716 -2.963238739549e+03
2717 -2.963239213306e+03
2718 -2.963239718547e+03
2719 -2.963240248897e+03
2720 -2.963240797785e+03
2721 -2.963241620530e+03
2722 -2.963242187146e+03
2723 -2.963242754045e+03
2724 -2.963243316528e+03
2725 -2.963243870955e+03
2726 -2.963244414882e+03
2727 -2.963244947114e+03
2728 -2.963245467690e+03
2729 -2.963245977779e+03
2730 -2.963246479448e+03
2731 -2.963247245310e+03
2732 -2.963247737938e+03
2733 -2.963248229859e+03
2734 -2.963248722054e+03
2735 -2.963249213611e+03
2736 -2.963249701175e+03
2737 -2.963250178542e+03
2738 -2.963250636403e+03
2739 -2.963251062238e+03
2740 -2.963251440384e+03
2741 -2.963251940948e+03
2742 -2.963252166421e+03
2743 -2.963252282324e+03
2744 -2.963252264725e+03
2745 -2.963252089392e+03
2746 -2.963251732694e+03
2747 -2.963251172546e+03
2748 -2.963250389367e+03
2749 -2.963249367004e+03
2750 -2.963248093576e+03
2751 -2.963246734587e+03
2752 -2.963244945899e+03
2753 -2.963242902211e+03
2754 -2.963240613372e+03
2755 -2.963238094506e+03
2756 -2.963235365367e+03
2757 -2.963232449448e+03
2758 -2.963229372874e+03
2759 -2.963226163189e+03
2760 -2.963222848117e+03
2761 -2.963219708840e+03
2762 -2.963216263627e+03
2763 -2.963212786744e+03
2764 -2.963209296819e+03
2765 -2.963205808636e+03
2766 -2.963202332855e+03
2767 -2.963198875844e+03
2768 -2.963195439600e+03
2769 -2.963192021720e+03
2770 -2.963188615440e+03
2771 -2.963185516182e+03
2772 -2.963182097952e+03
2773 -2.963178646428e+03
2774 -2.963175139625e+03
2775 -2.963171553082e+03
2776 -2.963167860807e+03
2777 -2.963164036410e+03
2778 -2.963160054385e+03
2779 -2.963155891473e+03
2780 -2.963151528015e+03
2781 -2.963147374566e+03
2782 -2.963142573057e+03
2783 -2.963137544932e+03
2784 -2.963132295064e+03
2785 -2.963126835301e+03
2786 -2.963121184018e+03
2787 -2.963115365256e+03
2788 -2.963109407542e+03
2789 -2.963103342453e+03
2790 -2.963097203043e+03
2791 -2.963091497100e+03
2792 -2.963085307426e+03
2793 -2.963079136751e+03
2794 -2.963073010059e+03
2795 -2.963066948056e+03
2796 -2.963060966951e+03
2797 -2.963055078554e+03
2798 -2.963049290635e+03
2799 -2.963043607473e+03
2800 -2.963038030542e+03
2801 -2.963032962387e+03
2802 -2.963027595173e+03
2803 -2.963022329226e+03
2804 -2.963017161998e+03
2805 -2.963012091560e+03
2806 -2.963007117033e+03
2807 -2.963002238898e+03
2808 -2.962997459179e+03
2809 -2.962992781512e+03
2810 -2.962988211120e+03
2811 -2.962984250896e+03
2812 -2.962979916147e+03
2813 -2.962975712349e+03
2814 -2.962971649670e+03
2815 -2.962967739013e+03
2816 -2.962963991756e+03
2817 -2.962960419429e+03
2818 -2.962957033364e+03
2819 -2.962953844287e+03
2820 -2.962950861879e+03
2821 -2.962948585769e+03
2822 -2.962946039623e+03
2823 -2.962943718610e+03
2824 -2.962941624186e+03
2825 -2.962939755049e+03
2826 -2.962938107095e+03
2827 -2.962936673501e+03
2828 -2.962935444945e+03
2829 -2.962934409944e+03
2830 -2.962933555277e+03
2831 -2.962933262667e+03
2832 -2.962932725080e+03
2833 -2.962932322536e+03
2834 -2.962932039713e+03
2835 -2.962931861837e+03
2836 -2.962931774961e+03
2837 -2.962931766134e+03
2838 -2.962931823454e+03
2839 -2.962931936000e+03
2840 -2.962932093656e+03
2841 -2.962932819221e+03
2842 -2.962933038519e+03
2843 -2.962933274556e+03
2844 -2.962933517557e+03
2845 -2.962933757145e+03
2846 -2.962933982215e+03
2847 -2.962934180908e+03
2848 -2.962934340702e+03
2849 -2.962934448613e+03
2850 -2.962934491481e+03
2851 -2.962935062492e+03
2852 -2.962934936978e+03
2853 -2.962934709684e+03
2854 -2.962934370622e+03
2855 -2.962933911626e+03
2856 -2.962933326722e+03
2857 -2.962932612452e+03
2858 -2.962931768134e+03
2859 -2.962930796026e+03
2860 -2.962929701380e+03
2861 -2.962928990919e+03
2862 -2.962927678863e+03
2863 -2.962926276762e+03
2864 -2.962924799991e+03
2865 -2.962923265477e+03
2866 -2.962921691167e+03
2867 -2.962920095463e+03
2868 -2.962918496622e+03
2869 -2.962916912154e+03
2870 -2.962915358219e+03
2871 -2.962914256643e+03
2872 -2.962912805293e+03
2873 -2.962911419888e+03
2874 -2.962910106369e+03
2875 -2.962908867478e+03
2876 -2.962907702833e+03
2877 -2.962906609196e+03
2878 -2.962905580927e+03
2879 -2.962904610609e+03
2880 -2.962903689819e+03
2881 -2.962903098999e+03
2882 -2.962902255498e+03
2883 -2.962901439187e+03
2884 -2.962900646560e+03
2885 -2.962899877518e+03
2886 -2.962899136004e+03
2887 -2.962898430408e+03
2888 -2.962897773692e+03
2889 -2.962897183215e+03
2890 -2.962896680227e+03
2891 -2.962896773833e+03
2892 -2.962896524004e+03
2893 -2.962896439793e+03
2894 -2.962896548546e+03
2895 -2.962896876149e+03
2896 -2.962897445840e+03
2897 -2.962898277127e+03
2898 -2.962899384831e+03
2899 -2.962900778309e+03
2900 -2.962902460867e+03
2901 -2.962905080735e+03
2902 -2.962907327486e+03
2903 -2.962909834647e+03
2904 -2.962912579982e+03
2905 -2.962915535688e+03
2906 -2.962918669200e+03
2907 -2.962921944180e+03
2908 -2.962925321641e+03
2909 -2.962928761143e+03
2910 -2.962932221991e+03
2911 -2.962936183360e+03
2912 -2.962939573345e+03
2913 -2.962942871812e+03
2914 -2.962946047217e+03
2915 -2.962949072034e+03
2916 -2.962951922934e+03
2917 -2.962954580753e+03
2918 -2.962957030264e+03
2919 -2.962959259819e+03
2920 -2.962961260875e+03
2921 -2.962963674068e+03
2922 -2.962965205740e+03
2923 -2.962966496935e+03
2924 -2.962967547093e+03
2925 -2.962968356736e+03
2926 -2.962968927221e+03
2927 -2.962969260553e+03
2928 -2.962969359301e+03
2929 -2.962969226618e+03
2930 -2.962968866359e+03
2931 -2.962968916975e+03
2932 -2.962968119330e+03
2933 -2.962967112715e+03
2934 -2.962965906572e+03
2935 -2.962964512512e+03
2936 -2.962962944508e+03
2937 -2.962961218957e+03
2938 -2.962959354620e+03
2939 -2.962957372454e+03
2940 -2.962955295368e+03
2941 -2.962953703076e+03
2942 -2.962951513337e+03
2943 -2.962949305667e+03
2944 -2.962947106969e+03
2945 -2.962944943686e+03
2946 -2.962942841006e+03
2947 -2.962940822031e+03
2948 -2.962938906940e+03
2949 -2.962937112229e+03
2950 -2.962935450086e+03
2951 -2.962934686606e+03
2952 -2.962933307558e+03
2953 -2.962932068675e+03
2954 -2.962930963299e+03
2955 -2.962929980798e+03
2956 -2.962929107255e+03
2957 -2.962928326284e+03
2958 -2.962927619937e+03
2959 -2.962926969632e+03
2960 -2.962926357072e+03
2961 -2.962926422548e+03
2962 -2.962925835355e+03
2963 -2.962925240316e+03
2964 -2.962924627311e+03
2965 -2.962923989286e+03
2966 -2.962923322324e+03
2967 -2.962922625575e+03
2968 -2.962921901036e+03
2969 -2.962921153212e+03
2970 -2.962920388694e+03
2971 -2.962920182150e+03
2972 -2.962919408919e+03
2973 -2.962918646216e+03
2974 -2.962917904041e+03
2975 -2.962917192025e+03
2976 -2.962916519015e+03
2977 -2.962915892721e+03
2978 -2.962915319428e+03
2979 -2.962914803783e+03
2980 -2.962914348654e+03
2981 -2.962914628938e+03
2982 -2.962914294766e+03
2983 -2.962914018858e+03
2984 -2.962913797233e+03
2985 -2.962913624683e+03
2986 -2.962913495099e+03
2987 -2.962913401837e+03
2988 -2.962913338100e+03
2989 -2.962913297308e+03
2990 -2.962913273428e+03
2991 -2.962913819662e+03
2992 -2.962913814930e+03
2993 -2.962913814780e+03
2994 -2.962913817333e+03
2995 -2.962913821792e+03
2996 -2.962913828265e+03
2997 -2.962913837515e+03
2998 -2.962913850664e+03
2999 -2.962913868873e+03
3000 -2.962913893031e+03
3001 -2.962914425510e+03
3002 -2.962914462426e+03
3003 -2.962914503984e+03
3004 -2.962914547932e+03
3005 -2.962914591114e+03
3006 -2.962914629589e+03
3007 -2.962914658817e+03
3008 -2.962914673899e+03
3009 -2.962914669838e+03
3010 -2.962914641808e+03
3011 -2.962915177382e+03
3012 -2.962915089507e+03
3013 -2.962914966328e+03
3014 -2.962914805416e+03
3015 -2.962914604939e+03
3016 -2.962914363459e+03
3017 -2.962914079645e+03
3018 -2.962913751924e+03
3019 -2.962913378116e+03
3020 -2.962912955082e+03
3021 -2.962913002541e+03
3022 -2.962912466453e+03
3023 -2.962911863831e+03
3024 -2.962911185804e+03
3025 -2.962910422072e+03
3026 -2.962909561130e+03
3027 -2.962908590599e+03
3028 -2.962907497638e+03
3029 -2.962906269424e+03
3030 -2.962904893647e+03
3031 -2.962903906089e+03
3032 -2.962902204343e+03
3033 -2.962900326405e+03
3034 -2.962898266635e+03
3035 -2.962896021908e+03
3036 -2.962893591786e+03
3037 -2.962890978621e+03
3038 -2.962888187596e+03
3039 -2.962885226730e+03
3040 -2.962882106847e+03
3041 -2.962879408395e+03
3042 -2.962876013495e+03
3043 -2.962872507932e+03
3044 -2.962868912938e+03
3045 -2.962865251971e+03
3046 -2.962861550397e+03
3047 -2.962857835037e+03
3048 -2.962854133568e+03
3049 -2.962850473785e+03
3050 -2.962846882756e+03
3051 -2.962843767285e+03
3052 -2.962840382554e+03
3053 -2.962837134297e+03
3054 -2.962834038066e+03
3055 -2.962831104895e+03
3056 -2.962828340998e+03
3057 -2.962825747668e+03
3058 -2.962823321380e+03
3059 -2.962821054098e+03
3060 -2.962818933748e+03
3061 -2.962817407858e+03
3062 -2.962815526315e+03
3063 -2.962813738672e+03
3064 -2.962812024567e+03
3065 -2.962810364048e+03
3066 -2.962808738631e+03
3067 -2.962807132279e+03
3068 -2.962805532262e+03
3069 -2.962803929837e+03
3070 -2.962802320710e+03
3071 -2.962801175535e+03
3072 -2.962799553278e+03
3073 -2.962797939790e+03
3074 -2.962796348563e+03
3075 -2.962794796471e+03
3076 -2.962793303014e+03
3077 -2.962791889473e+03
3078 -2.962790577979e+03
3079 -2.962789390557e+03
3080 -2.962788348138e+03
3081 -2.962787686183e+03
3082 -2.962786984692e+03
3083 -2.962786475914e+03
3084 -2.962786168003e+03
3085 -2.962786064634e+03
3086 -2.962786164905e+03
3087 -2.962786463454e+03
3088 -2.962786950761e+03
3089 -2.962787613571e+03
3090 -2.962788435399e+03
3091 -2.962789532608e+03
3092 -2.962790609214e+03
3093 -2.962791781297e+03
3094 -2.962793024930e+03
3095 -2.962794315747e+03
3096 -2.962795629496e+03
3097 -2.962796942579e+03
3098 -2.962798232577e+03
3099 -2.962799478742e+03
3100 -2.962800662439e+03
3101 -2.962801798905e+03
3102 -2.962802807761e+03
3103 -2.962803714509e+03
3104 -2.962804512074e+03
3105 -2.962805196606e+03
3106 -2.962805767411e+03
3107 -2.962806226801e+03
3108 -2.962806579825e+03
3109 -2.962806833927e+03
3110 -2.962806998514e+03
3111 -2.962807121871e+03
3112 -2.962807139502e+03
3113 -2.962807102843e+03
3114 -2.962807024052e+03
3115 -2.962806914769e+03
3116 -2.962806785767e+03
3117 -2.962806646704e+03
3118 -2.962806505973e+03
3119 -2.962806370641e+03
3120 -2.962806246451e+03
3121 -2.962806341269e+03
3122 -2.962806251157e+03
3123 -2.962806182045e+03
3124 -2.962806134881e+03
3125 -2.962806109571e+03
3126 -2.962806105017e+03
3127 -2.962806119175e+03
3128 -2.962806149112e+03
3129 -2.962806191105e+03
3130 -2.962806240762e+03
3131 -2.962806459171e+03
3132 -2.962806508990e+03
3133 -2.962806551030e+03
3134 -2.962806580063e+03
3135 -2.962806591213e+03
3136 -2.962806580173e+03
3137 -2.962806543388e+03
3138 -2.962806478197e+03
3139 -2.962806382904e+03
3140 -2.962806256770e+03
3141 -2.962806181960e+03
3142 -2.962805995692e+03
3143 -2.962805780999e+03
3144 -2.962805539470e+03
3145 -2.962805272662e+03
3146 -2.962804981844e+03
3147 -2.962804667772e+03
3148 -2.962804330520e+03
3149 -2.962803969360e+03
3150 -2.962803582713e+03
3151 -2.962803294379e+03
3152 -2.962802850724e+03
3153 -2.962802372215e+03
3154 -2.962801854537e+03
3155 -2.962801293158e+03
3156 -2.962800683597e+03
3157 -2.962800021716e+03
3158 -2.962799304015e+03
3159 -2.962798527893e+03
3160 -2.962797691857e+03
