10	-1.441150685320e-02 2.080677747508e-01 4.340715588125e+00 3.288262943843e+00 -6.445620934514e-01 1.916963253891e+00 -4.368445841999e+00 -2.326179406213e-01 -3.306840916022e+00 -1.941622607192e+00 6.089614677715e-01 4.084974198779e+00 -4.118984955729e+00 1.022568335454e+01 1.157345799814e+01
20	-1.441150685320e-02 2.080677747508e-01 4.340715588125e+00 3.288262943843e+00 -6.445620934514e-01 1.916963253891e+00 -4.368445841999e+00 -2.326179406213e-01 -3.306840916022e+00 -1.941622607192e+00 6.089614677715e-01 4.084974198779e+00 -4.118984955729e+00 1.022568344401e+01 1.157345787394e+01
30	-1.441150685320e-02 2.080677747508e-01 4.340715588125e+00 3.288262943843e+00 -6.445620934514e-01 1.916963253891e+00 -4.368445841999e+00 -2.326179406213e-01 -3.306840916022e+00 -1.941622607192e+00 6.089614677715e-01 4.084974198779e+00 -4.118984955729e+00 1.022568350970e+01 1.157345773615e+01
40	-1.441150685320e-02 2.080677747508e-01 4.340715588125e+00 3.288262943843e+00 -6.445620934514e-01 1.916963253891e+00 -4.368445841999e+00 -2.326179406213e-01 -3.306840916022e+00 -1.941622607192e+00 6.089614677715e-01 4.084974198779e+00 -4.118984955729e+00 1.022568340677e+01 1.157345794820e+01
50	-1.441150685320e-02 2.080677747508e-01 4.340715588125e+00 3.288262943843e+00 -6.445620934514e-01 1.916963253891e+00 -4.368445841999e+00 -2.326179406213e-01 -3.306840916022e+00 -1.941622607192e+00 6.089614677715e-01 4.084974198779e+00 -4.118984955729e+00 1.022568280834e+01 1.157345933490e+01
60	-1.441150685320e-02 2.080677747508e-01 4.340715588125e+00 3.288262943843e+00 -6.445620934514e-01 1.916963253891e+00 -4.368445841999e+00 -2.326179406213e-01 -3.306840916022e+00 -1.941622607192e+00 6.089614677715e-01 4.084974198779e+00 -4.118984955729e+00 1.022568059915e+01 1.157346369047e+01
70	-1.441150685320e-02 2.080677747508e-01 4.340715588125e+00 3.288262943843e+00 -6.445620934514e-01 1.916963253891e+00 -4.368445841999e+00 -2.326179406213e-01 -3.306840916022e+00 -1.941622607192e+00 6.089614677715e-01 4.084974198779e+00 -4.118984955729e+00 1.022567432847e+01 1.157347413505e+01
80	-1.441150685320e-02 2.080677747508e-01 4.340715588125e+00 3.288262943843e+00 -6.445620934514e-01 1.916963253891e+00 -4.368445841999e+00 -2.326179406213e-01 -3.306840916022e+00 -1.941622607192e+00 6.089614677715e-01 4.084974198779e+00 -4.118984955729e+00 1.022566021794e+01 1.157349494262e+01
90	-1.441150685320e-02 2.080677747508e-01 4.340715588125e+00 3.288262943843e+00 -6.445620934514e-01 1.916963253891e+00 -4.368445841999e+00 -2.326179406213e-01 -3.306840916022e+00 -1.941622607192e+00 6.089614677715e-01 4.084974198779e+00 -4.118984955729e+00 1.022563396265e+01 1.157353073853e+01
100	-1.441150685320e-02 2.080677747508e-01 4.340715588125e+00 3.288262943843e+00 -6.445620934514e-01 1.916963253891e+00 -4.368445841999e+00 -2.326179406213e-01 -3.306840916022e+00 -1.941622607192e+00 6.089614677715e-01 4.084974198779e+00 -4.118984955729e+00 1.022559207467e+01 1.157358515644e+01
110	-1.441150685320e-02 2.080677747508e-01 4.340715588125e+00 3.288262943843e+00 -6.445620934514e-01 1.916963253891e+00 -4.368445841999e+00 -2.326179406213e-01 -3.306840916022e+00 -1.941622607192e+00 6.089614677715e-01 4.084974198779e+00 -4.118984955729e+00 1.022553282386e+01 1.157365980851e+01
120	-1.441150685320e-02 2.080677747508e-01 4.340715588125e+00 3.288262943843e+00 -6.445620934514e-01 1.916963253891e+00 -4.368445841999e+00 -2.326179406213e-01 -3.306840916022e+00 -1.941622607192e+00 6.089614677715e-01 4.084974198779e+00 -4.118984955729e+00 1.022545595126e+01 1.157375456651e+01
130	-1.441150685320e-02 2.080677747508e-01 4.340715588125e+00 3.288262943843e+00 -6.445620934514e-01 1.916963253891e+00 -4.368445841999e+00 -2.326179406213e-01 -3.306840916022e+00 -1.941622607192e+00 6.089614677715e-01 4.084974198779e+00 -4.118984955729e+00 1.022536128718e+01 1.157386888020e+01
140	-1.441150685320e-02 2.080677747508e-01 4.340715588125e+00 3.288262943843e+00 -6.445620934514e-01 1.916963253891e+00 -4.368445841999e+00 -2.326179406213e-01 -3.306840916022e+00 -1.941622607192e+00 6.089614677715e-01 4.084974198779e+00 -4.118984955729e+00 1.022524823047e+01 1.157400232928e+01
150	-1.441150685320e-02 2.080677747508e-01 4.340715588125e+00 3.288262943843e+00 -6.445620934514e-01 1.916963253891e+00 -4.368445841999e+00 -2.326179406213e-01 -3.306840916022e+00 -1.941622607192e+00 6.089614677715e-01 4.084974198779e+00 -4.118984955729e+00 1.022511703764e+01 1.157415373001e+01
160	-1.441150685320e-02 2.080677747508e-01 4.340715588125e+00 3.288262943843e+00 -6.445620934514e-01 1.916963253891e+00 -4.368445841999e+00 -2.326179406213e-01 -3.306840916022e+00 -1.941622607192e+00 6.089614677715e-01 4.084974198779e+00 -4.118984955729e+00 1.022497085746e+01 1.157431961556e+01
170	-1.441150685320e-02 2.080677747508e-01 4.340715588125e+00 3.288262943843e+00 -6.445620934514e-01 1.916963253891e+00 -4.368445841999e+00 -2.326179406213e-01 -3.306840916022e+00 -1.941622607192e+00 6.089614677715e-01 4.084974198779e+00 -4.118984955729e+00 1.022481540854e+01 1.157449463242e+01
180	-1.441150685320e-02 2.080677747508e-01 4.340715588125e+00 3.288262943843e+00 -6.445620934514e-01 1.916963253891e+00 -4.368445841999e+00 -2.326179406213e-01 -3.306840916022e+00 -1.941622607192e+00 6.089614677715e-01 4.084974198779e+00 -4.118984955729e+00 1.022465593825e+01 1.157467410190e+01
190	-1.441150685320e-02 2.080677747508e-01 4.340715588125e+00 3.288262943843e+00 -6.445620934514e-01 1.916963253891e+00 -4.368445841999e+00 -2.326179406213e-01 -3.306840916022e+00 -1.941622607192e+00 6.089614677715e-01 4.084974198779e+00 -4.118984955729e+00 1.022449331213e+01 1.157485751477e+01
200	-1.441150685320e-02 2.080677747508e-01 4.340715588125e+00 3.288262943843e+00 -6.445620934514e-01 1.916963253891e+00 -4.368445841999e+00 -2.326179406213e-01 -3.306840916022e+00 -1.941622607192e+00 6.089614677715e-01 4.084974198779e+00 -4.118984955729e+00 1.022432137451e+01 1.157505145138e+01
210	-1.441150685320e-02 2.080677747508e-01 4.340715588125e+00 3.288262943843e+00 -6.445620934514e-01 1.916963253891e+00 -4.368445841999e+00 -2.326179406213e-01 -3.306840916022e+00 -1.941622607192e+00 6.089614677715e-01 4.084974198779e+00 -4.118984955729e+00 1.022412792780e+01 1.157526953195e+01
220	-1.441150685320e-02 2.080677747508e-01 4.340715588125e+00 3.288262943843e+00 -6.445620934514e-01 1.916963253891e+00 -4.368445841999e+00 -2.326179406213e-01 -3.306840916022e+00 -1.941622607192e+00 6.089614677715e-01 4.084974198779e+00 -4.118984955729e+00 1.022390070645e+01 1.157552735648e+01
230	-1.441150685320e-02 2.080677747508e-01 4.340715588125e+00 3.288262943843e+00 -6.445620934514e-01 1.916963253891e+00 -4.368445841999e+00 -2.326179406213e-01 -3.306840916022e+00 -1.941622607192e+00 6.089614677715e-01 4.084974198779e+00 -4.118984955729e+00 1.022363418791e+01 1.157583519141e+01
240	-1.441150685320e-02 2.080677747508e-01 4.340715588125e+00 3.288262943843e+00 -6.445620934514e-01 1.916963253891e+00 -4.368445841999e+00 -2.326179406213e-01 -3.306840916022e+00 -1.941622607192e+00 6.089614677715e-01 4.084974198779e+00 -4.118984955729e+00 1.022333105380e+01 1.157619451342e+01
250	-1.441150685320e-02 2.080677747508e-01 4.340715588125e+00 3.288262943843e+00 -6.445620934514e-01 1.916963253891e+00 -4.368445841999e+00 -2.326179406213e-01 -3.306840916022e+00 -1.941622607192e+00 6.089614677715e-01 4.084974198779e+00 -4.118984955729e+00 1.022299923087e+01 1.157659943582e+01
260	-1.441150685320e-02 2.080677747508e-01 4.340715588125e+00 3.288262943843e+00 -6.445620934514e-01 1.916963253891e+00 -4.368445841999e+00 -2.326179406213e-01 -3.306840916022e+00 -1.941622607192e+00 6.089614677715e-01 4.084974198779e+00 -4.118984955729e+00 1.022264847313e+01 1.157703954700e+01
270	-1.441150685320e-02 2.080677747508e-01 4.340715588125e+00 3.288262943843e+00 -6.445620934514e-01 1.916963253891e+00 -4.368445841999e+00 -2.326179406213e-01 -3.306840916022e+00 -1.941622607192e+00 6.089614677715e-01 4.084974198779e+00 -4.118984955729e+00 1.022228899289e+01 1.157750105621e+01
280	-1.441150685320e-02 2.080677747508e-01 4.340715588125e+00 3.288262943843e+00 -6.445620934514e-01 1.916963253891e+00 -4.368445841999e+00 -2.326179406213e-01 -3.306840916022e+00 -1.941622607192e+00 6.089614677715e-01 4.084974198779e+00 -4.118984955729e+00 1.022193103587e+01 1.157796833765e+01
290	-1.441150685320e-02 2.080677747508e-01 4.340715588125e+00 3.288262943843e+00 -6.445620934514e-01 1.916963253891e+00 -4.368445841999e+00 -2.326179406213e-01 -3.306840916022e+00 -1.941622607192e+00 6.089614677715e-01 4.084974198779e+00 -4.118984955729e+00 1.022158322344e+01 1.157842834310e+01
300	-1.441150685320e-02 2.080677747508e-01 4.340715588125e+00 3.288262943843e+00 -6.445620934514e-01 1.916963253891e+00 -4.368445841999e+00 -2.326179406213e-01 -3.306840916022e+00 -1.941622607192e+00 6.089614677715e-01 4.084974198779e+00 -4.118984955729e+00 1.022124863529e+01 1.157887679140e+01
310	-1.441150685320e-02 2.080677747508e-01 4.340715588125e+00 3.288262943843e+00 -6.445620934514e-01 1.916963253891e+00 -4.368445841999e+00 -2.326179406213e-01 -3.306840916022e+00 -1.941622607192e+00 6.089614677715e-01 4.084974198779e+00 -4.118984955729e+00 1.022092304483e+01 1.157931971032e+01
320	-1.441150685320e-02 2.080677747508e-01 4.340715588125e+00 3.288262943843e+00 -6.445620934514e-01 1.916963253891e+00 -4.368445841999e+00 -2.326179406213e-01 -3.306840916022e+00 -1.941622607192e+00 6.089614677715e-01 4.084974198779e+00 -4.118984955729e+00 1.022059747058e+01 1.157976849430e+01
330	-1.441150685320e-02 2.080677747508e-01 4.340715588125e+00 3.288262943843e+00 -6.445620934514e-01 1.916963253891e+00 -4.368445841999e+00 -2.326179406213e-01 -3.306840916022e+00 -1.941622607192e+00 6.089614677715e-01 4.084974198779e+00 -4.118984955729e+00 1.022026195889e+01 1.158023339853e+01
340	-1.441150685320e-02 2.080677747508e-01 4.340715588125e+00 3.288262943843e+00 -6.445620934514e-01 1.916963253891e+00 -4.368445841999e+00 -2.326179406213e-01 -3.306840916022e+00 -1.941622607192e+00 6.089614677715e-01 4.084974198779e+00 -4.118984955729e+00 1.021991288719e+01 1.158071626886e+01
350	-1.441150685320e-02 2.080677747508e-01 4.340715588125e+00 3.288262943843e+00 -6.445620934514e-01 1.916963253891e+00 -4.368445841999e+00 -2.326179406213e-01 -3.306840916022e+00 -1.941622607192e+00 6.089614677715e-01 4.084974198779e+00 -4.118984955729e+00 1.021955591603e+01 1.158121038621e+01
360	-1.441150685320e-02 2.080677747508e-01 4.340715588125e+00 3.288262943843e+00 -6.445620934514e-01 1.916963253891e+00 -4.368445841999e+00 -2.326179406213e-01 -3.306840916022e+00 -1.941622607192e+00 6.089614677715e-01 4.084974198779e+00 -4.118984955729e+00 1.021920065899e+01 1.158170782665e+01
370	-1.441150685320e-02 2.080677747508e-01 4.340715588125e+00 3.288262943843e+00 -6.445620934514e-01 1.916963253891e+00 -4.368445841999e+00 -2.326179406213e-01 -3.306840916022e+00 -1.941622607192e+00 6.089614677715e-01 4.084974198779e+00 -4.118984955729e+00 1.021885495651e+01 1.158220578255e+01
380	-1.441150685320e-02 2.080677747508e-01 4.340715588125e+00 3.288262943843e+00 -6.445620934514e-01 1.916963253891e+00 -4.368445841999e+00 -2.326179406213e-01 -3.306840916022e+00 -1.941622607192e+00 6.089614677715e-01 4.084974198779e+00 -4.118984955729e+00 1.021851647203e+01 1.158271099399e+01
390	-1.441150685320e-02 2.080677747508e-01 4.340715588125e+00 3.288262943843e+00 -6.445620934514e-01 1.916963253891e+00 -4.368445841999e+00 -2.326179406213e-01 -3.306840916022e+00 -1.941622607192e+00 6.089614677715e-01 4.084974198779e+00 -4.118984955729e+00 1.021816989717e+01 1.158323757189e+01
400	-1.441150685320e-02 2.080677747508e-01 4.340715588125e+00 3.288262943843e+00 -6.445620934514e-01 1.916963253891e+00 -4.368445841999e+00 -2.326179406213e-01 -3.306840916022e+00 -1.941622607192e+00 6.089614677715e-01 4.084974198779e+00 -4.118984955729e+00 1.021780031279e+01 1.158379548252e+01
410	-1.441150685320e-02 2.080677747508e-01 4.340715588125e+00 3.288262943843e+00 -6.445620934514e-01 1.916963253891e+00 -4.368445841999e+00 -2.326179406213e-01 -3.306840916022e+00 -1.941622607192e+00 6.089614677715e-01 4.084974198779e+00 -4.118984955729e+00 1.021740252913e+01 1.158438474749e+01
420	-1.441150685320e-02 2.080677747508e-01 4.340715588125e+00 3.288262943843e+00 -6.445620934514e-01 1.916963253891e+00 -4.368445841999e+00 -2.326179406213e-01 -3.306840916022e+00 -1.941622607192e+00 6.089614677715e-01 4.084974198779e+00 -4.118984955729e+00 1.021697857087e+01 1.158499929193e+01
430	-1.441150685320e-02 2.080677747508e-01 4.340715588125e+00 3.288262943843e+00 -6.445620934514e-01 1.916963253891e+00 -4.368445841999e+00 -2.326179406213e-01 -3.306840916022e+00 -1.941622607192e+00 6.089614677715e-01 4.084974198779e+00 -4.118984955729e+00 1.021653241832e+01 1.158563333769e+01
440	-1.441150685320e-02 2.080677747508e-01 4.340715588125e+00 3.288262943843e+00 -6.445620934514e-01 1.916963253891e+00 -4.368445841999e+00 -2.326179406213e-01 -3.306840916022e+00 -1.941622607192e+00 6.089614677715e-01 4.084974198779e+00 -4.118984955729e+00 1.021606411445e+01 1.158628681269e+01
450	-1.441150685320e-02 2.080677747508e-01 4.340715588125e+00 3.288262943843e+00 -6.445620934514e-01 1.916963253891e+00 -4.368445841999e+00 -2.326179406213e-01 -3.306840916022e+00 -1.941622607192e+00 6.089614677715e-01 4.084974198779e+00 -4.118984955729e+00 1.021556812451e+01 1.158696599842e+01
460	-1.441150685320e-02 2.080677747508e-01 4.340715588125e+00 3.288262943843e+00 -6.445620934514e-01 1.916963253891e+00 -4.368445841999e+00 -2.326179406213e-01 -3.306840916022e+00 -1.941622607192e+00 6.089614677715e-01 4.084974198779e+00 -4.118984955729e+00 1.021503757862e+01 1.158767930233e+01
470	-1.441150685320e-02 2.080677747508e-01 4.340715588125e+00 3.288262943843e+00 -6.445620934514e-01 1.916963253891e+00 -4.368445841999e+00 -2.326179406213e-01 -3.306840916022e+00 -1.941622607192e+00 6.089614677715e-01 4.084974198779e+00 -4.118984955729e+00 1.021446923757e+01 1.158843269516e+01
480	-1.441150685320e-02 2.080677747508e-01 4.340715588125e+00 3.288262943843e+00 -6.445620934514e-01 1.916963253891e+00 -4.368445841999e+00 -2.326179406213e-01 -3.306840916022e+00 -1.941622607192e+00 6.089614677715e-01 4.084974198779e+00 -4.118984955729e+00 1.021386097596e+01 1.158923232491e+01
490	-1.441150685320e-02 2.080677747508e-01 4.340715588125e+00 3.288262943843e+00 -6.445620934514e-01 1.916963253891e+00 -4.368445841999e+00 -2.326179406213e-01 -3.306840916022e+00 -1.941622607192e+00 6.089614677715e-01 4.084974198779e+00 -4.118984955729e+00 1.021320464611e+01 1.159009048113e+01
500	-1.441150685320e-02 2.080677747508e-01 4.340715588125e+00 3.288262943843e+00 -6.445620934514e-01 1.916963253891e+00 -4.368445841999e+00 -2.326179406213e-01 -3.306840916022e+00 -1.941622607192e+00 6.089614677715e-01 4.084974198779e+00 -4.118984955729e+00 1.021248643112e+01 1.159102358065e+01
510	-1.441150685320e-02 2.080677747508e-01 4.340715588125e+00 3.288262943843e+00 -6.445620934514e-01 1.916963253891e+00 -4.368445841999e+00 -2.326179406213e-01 -3.306840916022e+00 -1.941622607192e+00 6.089614677715e-01 4.084974198779e+00 -4.118984955729e+00 1.021170072204e+01 1.159203782917e+01
520	-1.441150685320e-02 2.080677747508e-01 4.340715588125e+00 3.288262943843e+00 -6.445620934514e-01 1.916963253891e+00 -4.368445841999e+00 -2.326179406213e-01 -3.306840916022e+00 -1.941622607192e+00 6.089614677715e-01 4.084974198779e+00 -4.118984955729e+00 1.021085899814e+01 1.159312054956e+01
530	-1.441150685320e-02 2.080677747508e-01 4.340715588125e+00 3.288262943843e+00 -6.445620934514e-01 1.916963253891e+00 -4.368445841999e+00 -2.326179406213e-01 -3.306840916022e+00 -1.941622607192e+00 6.089614677715e-01 4.084974198779e+00 -4.118984955729e+00 1.020997892451e+01 1.159425139109e+01
540	-1.441150685320e-02 2.080677747508e-01 4.340715588125e+00 3.288262943843e+00 -6.445620934514e-01 1.916963253891e+00 -4.368445841999e+00 -2.326179406213e-01 -3.306840916022e+00 -1.941622607192e+00 6.089614677715e-01 4.084974198779e+00 -4.118984955729e+00 1.020906825667e+01 1.159542071705e+01
550	-1.441150685320e-02 2.080677747508e-01 4.340715588125e+00 3.288262943843e+00 -6.445620934514e-01 1.916963253891e+00 -4.368445841999e+00 -2.326179406213e-01 -3.306840916022e+00 -1.941622607192e+00 6.089614677715e-01 4.084974198779e+00 -4.118984955729e+00 1.020812192119e+01 1.159663459332e+01
560	-1.441150685320e-02 2.080677747508e-01 4.340715588125e+00 3.288262943843e+00 -6.445620934514e-01 1.916963253891e+00 -4.368445841999e+00 -2.326179406213e-01 -3.306840916022e+00 -1.941622607192e+00 6.089614677715e-01 4.084974198779e+00 -4.118984955729e+00 1.020713404130e+01 1.159790139357e+01
570	-1.441150685320e-02 2.080677747508e-01 4.340715588125e+00 3.288262943843e+00 -6.445620934514e-01 1.916963253891e+00 -4.368445841999e+00 -2.326179406213e-01 -3.306840916022e+00 -1.941622607192e+00 6.089614677715e-01 4.084974198779e+00 -4.118984955729e+00 1.020610776652e+01 1.159921900323e+01
580	-1.441150685320e-02 2.080677747508e-01 4.340715588125e+00 3.288262943843e+00 -6.445620934514e-01 1.916963253891e+00 -4.368445841999e+00 -2.326179406213e-01 -3.306840916022e+00 -1.941622607192e+00 6.089614677715e-01 4.084974198779e+00 -4.118984955729e+00 1.020505133341e+01 1.160057837861e+01
590	-1.441150685320e-02 2.080677747508e-01 4.340715588125e+00 3.288262943843e+00 -6.445620934514e-01 1.916963253891e+00 -4.368445841999e+00 -2.326179406213e-01 -3.306840916022e+00 -1.941622607192e+00 6.089614677715e-01 4.084974198779e+00 -4.118984955729e+00 1.020397032099e+01 1.160197358920e+01
600	-1.441150685320e-02 2.080677747508e-01 4.340715588125e+00 3.288262943843e+00 -6.445620934514e-01 1.916963253891e+00 -4.368445841999e+00 -2.326179406213e-01 -3.306840916022e+00 -1.941622607192e+00 6.089614677715e-01 4.084974198779e+00 -4.118984955729e+00 1.020286375110e+01 1.160340657355e+01
610	-1.441150685320e-02 2.080677747508e-01 4.340715588125e+00 3.288262943843e+00 -6.445620934514e-01 1.916963253891e+00 -4.368445841999e+00 -2.326179406213e-01 -3.306840916022e+00 -1.941622607192e+00 6.089614677715e-01 4.084974198779e+00 -4.118984955729e+00 1.020172246304e+01 1.160488855250e+01
620	-1.441150685320e-02 2.080677747508e-01 4.340715588125e+00 3.288262943843e+00 -6.445620934514e-01 1.916963253891e+00 -4.368445841999e+00 -2.326179406213e-01 -3.306840916022e+00 -1.941622607192e+00 6.089614677715e-01 4.084974198779e+00 -4.118984955729e+00 1.020053877984e+01 1.160642779752e+01
630	-1.441150685320e-02 2.080677747508e-01 4.340715588125e+00 3.288262943843e+00 -6.445620934514e-01 1.916963253891e+00 -4.368445841999e+00 -2.326179406213e-01 -3.306840916022e+00 -1.941622607192e+00 6.089614677715e-01 4.084974198779e+00 -4.118984955729e+00 1.019931671241e+01 1.160801401139e+01
640	-1.441150685320e-02 2.080677747508e-01 4.340715588125e+00 3.288262943843e+00 -6.445620934514e-01 1.916963253891e+00 -4.368445841999e+00 -2.326179406213e-01 -3.306840916022e+00 -1.941622607192e+00 6.089614677715e-01 4.084974198779e+00 -4.118984955729e+00 1.019806471399e+01 1.160963275906e+01
650	-1.441150685320e-02 2.080677747508e-01 4.340715588125e+00 3.288262943843e+00 -6.445620934514e-01 1.916963253891e+00 -4.368445841999e+00 -2.326179406213e-01 -3.306840916022e+00 -1.941622607192e+00 6.089614677715e-01 4.084974198779e+00 -4.118984955729e+00 1.019678489463e+01 1.161128320630e+01
660	-1.441150685320e-02 2.080677747508e-01 4.340715588125e+00 3.288262943843e+00 -6.445620934514e-01 1.916963253891e+00 -4.368445841999e+00 -2.326179406213e-01 -3.306840916022e+00 -1.941622607192e+00 6.089614677715e-01 4.084974198779e+00 -4.118984955729e+00 1.019546854860e+01 1.161297611933e+01
670	-1.441150685320e-02 2.080677747508e-01 4.340715588125e+00 3.288262943843e+00 -6.445620934514e-01 1.916963253891e+00 -4.368445841999e+00 -2.326179406213e-01 -3.306840916022e+00 -1.941622607192e+00 6.089614677715e-01 4.084974198779e+00 -4.118984955729e+00 1.019410200579e+01 1.161472618877e+01
680	-1.441150685320e-02 2.080677747508e-01 4.340715588125e+00 3.288262943843e+00 -6.445620934514e-01 1.916963253891e+00 -4.368445841999e+00 -2.326179406213e-01 -3.306840916022e+00 -1.941622607192e+00 6.089614677715e-01 4.084974198779e+00 -4.118984955729e+00 1.019267680597e+01 1.161654293765e+01
690	-1.441150685320e-02 2.080677747508e-01 4.340715588125e+00 3.288262943843e+00 -6.445620934514e-01 1.916963253891e+00 -4.368445841999e+00 -2.326179406213e-01 -3.306840916022e+00 -1.941622607192e+00 6.089614677715e-01 4.084974198779e+00 -4.118984955729e+00 1.019120071421e+01 1.161841924616e+01
700	-1.441150685320e-02 2.080677747508e-01 4.340715588125e+00 3.288262943843e+00 -6.445620934514e-01 1.916963253891e+00 -4.368445841999e+00 -2.326179406213e-01 -3.306840916022e+00 -1.941622607192e+00 6.089614677715e-01 4.084974198779e+00 -4.118984955729e+00 1.018969041841e+01 1.162033807630e+01
710	-1.441150685320e-02 2.080677747508e-01 4.340715588125e+00 3.288262943843e+00 -6.445620934514e-01 1.916963253891e+00 -4.368445841999e+00 -2.326179406213e-01 -3.306840916022e+00 -1.941622607192e+00 6.089614677715e-01 4.084974198779e+00 -4.118984955729e+00 1.018815242332e+01 1.162229355892e+01
720	-1.441150685320e-02 2.080677747508e-01 4.340715588125e+00 3.288262943843e+00 -6.445620934514e-01 1.916963253891e+00 -4.368445841999e+00 -2.326179406213e-01 -3.306840916022e+00 -1.941622607192e+00 6.089614677715e-01 4.084974198779e+00 -4.118984955729e+00 1.018657862895e+01 1.162429590744e+01
730	-1.441150685320e-02 2.080677747508e-01 4.340715588125e+00 3.288262943843e+00 -6.445620934514e-01 1.916963253891e+00 -4.368445841999e+00 -2.326179406213e-01 -3.306840916022e+00 -1.941622607192e+00 6.089614677715e-01 4.084974198779e+00 -4.118984955729e+00 1.018495340764e+01 1.162636144542e+01
740	-1.441150685320e-02 2.080677747508e-01 4.340715588125e+00 3.288262943843e+00 -6.445620934514e-01 1.916963253891e+00 -4.368445841999e+00 -2.326179406213e-01 -3.306840916022e+00 -1.941622607192e+00 6.089614677715e-01 4.084974198779e+00 -4.118984955729e+00 1.018327185427e+01 1.162849374057e+01
750	-1.441150685320e-02 2.080677747508e-01 4.340715588125e+00 3.288262943843e+00 -6.445620934514e-01 1.916963253891e+00 -4.368445841999e+00 -2.326179406213e-01 -3.306840916022e+00 -1.941622607192e+00 6.089614677715e-01 4.084974198779e+00 -4.118984955729e+00 1.018154374200e+01 1.163068204820e+01
760	-1.441150685320e-02 2.080677747508e-01 4.340715588125e+00 3.288262943843e+00 -6.445620934514e-01 1.916963253891e+00 -4.368445841999e+00 -2.326179406213e-01 -3.306840916022e+00 -1.941622607192e+00 6.089614677715e-01 4.084974198779e+00 -4.118984955729e+00 1.017978184464e+01 1.163291442740e+01
770	-1.441150685320e-02 2.080677747508e-01 4.340715588125e+00 3.288262943843e+00 -6.445620934514e-01 1.916963253891e+00 -4.368445841999e+00 -2.326179406213e-01 -3.306840916022e+00 -1.941622607192e+00 6.089614677715e-01 4.084974198779e+00 -4.118984955729e+00 1.017799435537e+01 1.163518396001e+01
780	-1.441150685320e-02 2.080677747508e-01 4.340715588125e+00 3.288262943843e+00 -6.445620934514e-01 1.916963253891e+00 -4.368445841999e+00 -2.326179406213e-01 -3.306840916022e+00 -1.941622607192e+00 6.089614677715e-01 4.084974198779e+00 -4.118984955729e+00 1.017618403487e+01 1.163748866811e+01
790	-1.441150685320e-02 2.080677747508e-01 4.340715588125e+00 3.288262943843e+00 -6.445620934514e-01 1.916963253891e+00 -4.368445841999e+00 -2.326179406213e-01 -3.306840916022e+00 -1.941622607192e+00 6.089614677715e-01 4.084974198779e+00 -4.118984955729e+00 1.017435103206e+01 1.163982932349e+01
800	-1.441150685320e-02 2.080677747508e-01 4.340715588125e+00 3.288262943843e+00 -6.445620934514e-01 1.916963253891e+00 -4.368445841999e+00 -2.326179406213e-01 -3.306840916022e+00 -1.941622607192e+00 6.089614677715e-01 4.084974198779e+00 -4.118984955729e+00 1.017248804327e+01 1.164221433136e+01
810	-1.441150685320e-02 2.080677747508e-01 4.340715588125e+00 3.288262943843e+00 -6.445620934514e-01 1.916963253891e+00 -4.368445841999e+00 -2.326179406213e-01 -3.306840916022e+00 -1.941622607192e+00 6.089614677715e-01 4.084974198779e+00 -4.118984955729e+00 1.017058175097e+01 1.164465789922e+01
820	-1.441150685320e-02 2.080677747508e-01 4.340715588125e+00 3.288262943843e+00 -6.445620934514e-01 1.916963253891e+00 -4.368445841999e+00 -2.326179406213e-01 -3.306840916022e+00 -1.941622607192e+00 6.089614677715e-01 4.084974198779e+00 -4.118984955729e+00 1.016862524618e+01 1.164716739569e+01
830	-1.441150685320e-02 2.080677747508e-01 4.340715588125e+00 3.288262943843e+00 -6.445620934514e-01 1.916963253891e+00 -4.368445841999e+00 -2.326179406213e-01 -3.306840916022e+00 -1.941622607192e+00 6.089614677715e-01 4.084974198779e+00 -4.118984955729e+00 1.016662493384e+01 1.164973644824e+01
840	-1.441150685320e-02 2.080677747508e-01 4.340715588125e+00 3.288262943843e+00 -6.445620934514e-01 1.916963253891e+00 -4.368445841999e+00 -2.326179406213e-01 -3.306840916022e+00 -1.941622607192e+00 6.089614677715e-01 4.084974198779e+00 -4.118984955729e+00 1.016459504783e+01 1.165235119052e+01
850	-1.441150685320e-02 2.080677747508e-01 4.340715588125e+00 3.288262943843e+00 -6.445620934514e-01 1.916963253891e+00 -4.368445841999e+00 -2.326179406213e-01 -3.306840916022e+00 -1.941622607192e+00 6.089614677715e-01 4.084974198779e+00 -4.118984955729e+00 1.016255058653e+01 1.165499596604e+01
860	-1.441150685320e-02 2.080677747508e-01 4.340715588125e+00 3.288262943843e+00 -6.445620934514e-01 1.916963253891e+00 -4.368445841999e+00 -2.326179406213e-01 -3.306840916022e+00 -1.941622607192e+00 6.089614677715e-01 4.084974198779e+00 -4.118984955729e+00 1.016049972877e+01 1.165765934059e+01
870	-1.441150685320e-02 2.080677747508e-01 4.340715588125e+00 3.288262943843e+00 -6.445620934514e-01 1.916963253891e+00 -4.368445841999e+00 -2.326179406213e-01 -3.306840916022e+00 -1.941622607192e+00 6.089614677715e-01 4.084974198779e+00 -4.118984955729e+00 1.015843812881e+01 1.166034201256e+01
880	-1.441150685320e-02 2.080677747508e-01 4.340715588125e+00 3.288262943843e+00 -6.445620934514e-01 1.916963253891e+00 -4.368445841999e+00 -2.326179406213e-01 -3.306840916022e+00 -1.941622607192e+00 6.089614677715e-01 4.084974198779e+00 -4.118984955729e+00 1.015635174731e+01 1.166305632540e+01
890	-1.441150685320e-02 2.080677747508e-01 4.340715588125e+00 3.288262943843e+00 -6.445620934514e-01 1.916963253891e+00 -4.368445841999e+00 -2.326179406213e-01 -3.306840916022e+00 -1.941622607192e+00 6.089614677715e-01 4.084974198779e+00 -4.118984955729e+00 1.015423076307e+01 1.166581224741e+01
900	-1.441150685320e-02 2.080677747508e-01 4.340715588125e+00 3.288262943843e+00 -6.445620934514e-01 1.916963253891e+00 -4.368445841999e+00 -2.326179406213e-01 -3.306840916022e+00 -1.941622607192e+00 6.089614677715e-01 4.084974198779e+00 -4.118984955729e+00 1.015208091780e+01 1.166860629608e+01
910	-1.441150685320e-02 2.080677747508e-01 4.340715588125e+00 3.288262943843e+00 -6.445620934514e-01 1.916963253891e+00 -4.368445841999e+00 -2.326179406213e-01 -3.306840916022e+00 -1.941622607192e+00 6.089614677715e-01 4.084974198779e+00 -4.118984955729e+00 1.014991810750e+01 1.167142400687e+01
920	-1.441150685320e-02 2.080677747508e-01 4.340715588125e+00 3.288262943843e+00 -6.445620934514e-01 1.916963253891e+00 -4.368445841999e+00 -2.326179406213e-01 -3.306840916022e+00 -1.941622607192e+00 6.089614677715e-01 4.084974198779e+00 -4.118984955729e+00 1.014775366734e+01 1.167425147404e+01
930	-1.441150685320e-02 2.080677747508e-01 4.340715588125e+00 3.288262943843e+00 -6.445620934514e-01 1.916963253891e+00 -4.368445841999e+00 -2.326179406213e-01 -3.306840916022e+00 -1.941622607192e+00 6.089614677715e-01 4.084974198779e+00 -4.118984955729e+00 1.014557837271e+01 1.167709525611e+01
940	-1.441150685320e-02 2.080677747508e-01 4.340715588125e+00 3.288262943843e+00 -6.445620934514e-01 1.916963253891e+00 -4.368445841999e+00 -2.326179406213e-01 -3.306840916022e+00 -1.941622607192e+00 6.089614677715e-01 4.084974198779e+00 -4.118984955729e+00 1.014337434924e+01 1.167997368313e+01
950	-1.441150685320e-02 2.080677747508e-01 4.340715588125e+00 3.288262943843e+00 -6.445620934514e-01 1.916963253891e+00 -4.368445841999e+00 -2.326179406213e-01 -3.306840916022e+00 -1.941622607192e+00 6.089614677715e-01 4.084974198779e+00 -4.118984955729e+00 1.014113406327e+01 1.168289973302e+01
960	-1.441150685320e-02 2.080677747508e-01 4.340715588125e+00 3.288262943843e+00 -6.445620934514e-01 1.916963253891e+00 -4.368445841999e+00 -2.326179406213e-01 -3.306840916022e+00 -1.941622607192e+00 6.089614677715e-01 4.084974198779e+00 -4.118984955729e+00 1.013886431800e+01 1.168587139755e+01
970	-1.441150685320e-02 2.080677747508e-01 4.340715588125e+00 3.288262943843e+00 -6.445620934514e-01 1.916963253891e+00 -4.368445841999e+00 -2.326179406213e-01 -3.306840916022e+00 -1.941622607192e+00 6.089614677715e-01 4.084974198779e+00 -4.118984955729e+00 1.013658222617e+01 1.168887472391e+01
980	-1.441150685320e-02 2.080677747508e-01 4.340715588125e+00 3.288262943843e+00 -6.445620934514e-01 1.916963253891e+00 -4.368445841999e+00 -2.326179406213e-01 -3.306840916022e+00 -1.941622607192e+00 6.089614677715e-01 4.084974198779e+00 -4.118984955729e+00 1.013429732512e+01 1.169190144583e+01
990	-1.441150685320e-02 2.080677747508e-01 4.340715588125e+00 3.288262943843e+00 -6.445620934514e-01 1.916963253891e+00 -4.368445841999e+00 -2.326179406213e-01 -3.306840916022e+00 -1.941622607192e+00 6.089614677715e-01 4.084974198779e+00 -4.118984955729e+00 1.013200564466e+01 1.169495437909e+01
1000	-1.441150685320e-02 2.080677747508e-01 4.340715588125e+00 3.288262943843e+00 -6.445620934514e-01 1.916963253891e+00 -4.368445841999e+00 -2.326179406213e-01 -3.306840916022e+00 -1.941622607192e+00 6.089614677715e-01 4.084974198779e+00 -4.118984955729e+00 1.012969582313e+01 1.169804325087e+01
1010	-1.441150685320e-02 2.080677747508e-01 4.340715588125e+00 3.288262943843e+00 -6.445620934514e-01 1.916963253891e+00 -4.368445841999e+00 -2.326179406213e-01 -3.306840916022e+00 -1.941622607192e+00 6.089614677715e-01 4.084974198779e+00 -4.118984955729e+00 1.012736189785e+01 1.170117117804e+01
1020	-1.441150685320e-02 2.080677747508e-01 4.340715588125e+00 3.288262943843e+00 -6.445620934514e-01 1.916963253891e+00 -4.368445841999e+00 -2.326179406213e-01 -3.306840916022e+00 -1.941622607192e+00 6.089614677715e-01 4.084974198779e+00 -4.118984955729e+00 1.012500748524e+01 1.170433126576e+01
1030	-1.441150685320e-02 2.080677747508e-01 4.340715588125e+00 3.288262943843e+00 -6.445620934514e-01 1.916963253891e+00 -4.368445841999e+00 -2.326179406213e-01 -3.306840916022e+00 -1.941622607192e+00 6.089614677715e-01 4.084974198779e+00 -4.118984955729e+00 1.012263996602e+01 1.170751510730e+01
1040	-1.441150685320e-02 2.080677747508e-01 4.340715588125e+00 3.288262943843e+00 -6.445620934514e-01 1.916963253891e+00 -4.368445841999e+00 -2.326179406213e-01 -3.306840916022e+00 -1.941622607192e+00 6.089614677715e-01 4.084974198779e+00 -4.118984955729e+00 1.012026843107e+01 1.171071431284e+01
1050	-1.441150685320e-02 2.080677747508e-01 4.340715588125e+00 3.288262943843e+00 -6.445620934514e-01 1.916963253891e+00 -4.368445841999e+00 -2.326179406213e-01 -3.306840916022e+00 -1.941622607192e+00 6.089614677715e-01 4.084974198779e+00 -4.118984955729e+00 1.011789239015e+01 1.171393143351e+01
1060	-1.441150685320e-02 2.080677747508e-01 4.340715588125e+00 3.288262943843e+00 -6.445620934514e-01 1.916963253891e+00 -4.368445841999e+00 -2.326179406213e-01 -3.306840916022e+00 -1.941622607192e+00 6.089614677715e-01 4.084974198779e+00 -4.118984955729e+00 1.011549857311e+01 1.171718410076e+01
1070	-1.441150685320e-02 2.080677747508e-01 4.340715588125e+00 3.288262943843e+00 -6.445620934514e-01 1.916963253891e+00 -4.368445841999e+00 -2.326179406213e-01 -3.306840916022e+00 -1.941622607192e+00 6.089614677715e-01 4.084974198779e+00 -4.118984955729e+00 1.011307129755e+01 1.172049121021e+01
1080	-1.441150685320e-02 2.080677747508e-01 4.340715588125e+00 3.288262943843e+00 -6.445620934514e-01 1.916963253891e+00 -4.368445841999e+00 -2.326179406213e-01 -3.306840916022e+00 -1.941622607192e+00 6.089614677715e-01 4.084974198779e+00 -4.118984955729e+00 1.011060852990e+01 1.172385497270e+01
1090	-1.441150685320e-02 2.080677747508e-01 4.340715588125e+00 3.288262943843e+00 -6.445620934514e-01 1.916963253891e+00 -4.368445841999e+00 -2.326179406213e-01 -3.306840916022e+00 -1.941622607192e+00 6.089614677715e-01 4.084974198779e+00 -4.118984955729e+00 1.010812050703e+01 1.172726431368e+01
1100	-1.441150685320e-02 2.080677747508e-01 4.340715588125e+00 3.288262943843e+00 -6.445620934514e-01 1.916963253891e+00 -4.368445841999e+00 -2.326179406213e-01 -3.306840916022e+00 -1.941622607192e+00 6.089614677715e-01 4.084974198779e+00 -4.118984955729e+00 1.010561416609e+01 1.173071161850e+01
1110	-1.441150685320e-02 2.080677747508e-01 4.340715588125e+00 3.288262943843e+00 -6.445620934514e-01 1.916963253891e+00 -4.368445841999e+00 -2.326179406213e-01 -3.306840916022e+00 -1.941622607192e+00 6.089614677715e-01 4.084974198779e+00 -4.118984955729e+00 1.010308608593e+01 1.173419974790e+01
1120	-1.441150685320e-02 2.080677747508e-01 4.340715588125e+00 3.288262943843e+00 -6.445620934514e-01 1.916963253891e+00 -4.368445841999e+00 -2.326179406213e-01 -3.306840916022e+00 -1.941622607192e+00 6.089614677715e-01 4.084974198779e+00 -4.118984955729e+00 1.010053382136e+01 1.173773050293e+01
1130	-1.441150685320e-02 2.080677747508e-01 4.340715588125e+00 3.288262943843e+00 -6.445620934514e-01 1.916963253891e+00 -4.368445841999e+00 -2.326179406213e-01 -3.306840916022e+00 -1.941622607192e+00 6.089614677715e-01 4.084974198779e+00 -4.118984955729e+00 1.009796361082e+01 1.174129587412e+01
1140	-1.441150685320e-02 2.080677747508e-01 4.340715588125e+00 3.288262943843e+00 -6.445620934514e-01 1.916963253891e+00 -4.368445841999e+00 -2.326179406213e-01 -3.306840916022e+00 -1.941622607192e+00 6.089614677715e-01 4.084974198779e+00 -4.118984955729e+00 1.009538403045e+01 1.174488447932e+01
1150	-1.441150685320e-02 2.080677747508e-01 4.340715588125e+00 3.288262943843e+00 -6.445620934514e-01 1.916963253891e+00 -4.368445841999e+00 -2.326179406213e-01 -3.306840916022e+00 -1.941622607192e+00 6.089614677715e-01 4.084974198779e+00 -4.118984955729e+00 1.009280191668e+01 1.174848814411e+01
1160	-1.441150685320e-02 2.080677747508e-01 4.340715588125e+00 3.288262943843e+00 -6.445620934514e-01 1.916963253891e+00 -4.368445841999e+00 -2.326179406213e-01 -3.306840916022e+00 -1.941622607192e+00 6.089614677715e-01 4.084974198779e+00 -4.118984955729e+00 1.009021760542e+01 1.175210858853e+01
1170	-1.441150685320e-02 2.080677747508e-01 4.340715588125e+00 3.288262943843e+00 -6.445620934514e-01 1.916963253891e+00 -4.368445841999e+00 -2.326179406213e-01 -3.306840916022e+00 -1.941622607192e+00 6.089614677715e-01 4.084974198779e+00 -4.118984955729e+00 1.008762560583e+01 1.175575436866e+01
1180	-1.441150685320e-02 2.080677747508e-01 4.340715588125e+00 3.288262943843e+00 -6.445620934514e-01 1.916963253891e+00 -4.368445841999e+00 -2.326179406213e-01 -3.306840916022e+00 -1.941622607192e+00 6.089614677715e-01 4.084974198779e+00 -4.118984955729e+00 1.008502213946e+01 1.175942946267e+01
1190	-1.441150685320e-02 2.080677747508e-01 4.340715588125e+00 3.288262943843e+00 -6.445620934514e-01 1.916963253891e+00 -4.368445841999e+00 -2.326179406213e-01 -3.306840916022e+00 -1.941622607192e+00 6.089614677715e-01 4.084974198779e+00 -4.118984955729e+00 1.008240573063e+01 1.176313126716e+01
1200	-1.441150685320e-02 2.080677747508e-01 4.340715588125e+00 3.288262943843e+00 -6.445620934514e-01 1.916963253891e+00 -4.368445841999e+00 -2.326179406213e-01 -3.306840916022e+00 -1.941622607192e+00 6.089614677715e-01 4.084974198779e+00 -4.118984955729e+00 1.007978091735e+01 1.176685162563e+01
1210	-1.441150685320e-02 2.080677747508e-01 4.340715588125e+00 3.288262943843e+00 -6.445620934514e-01 1.916963253891e+00 -4.368445841999e+00 -2.326179406213e-01 -3.306840916022e+00 -1.941622607192e+00 6.089614677715e-01 4.084974198779e+00 -4.118984955729e+00 1.007715797371e+01 1.177058151050e+01
1220	-1.441150685320e-02 2.080677747508e-01 4.340715588125e+00 3.288262943843e+00 -6.445620934514e-01 1.916963253891e+00 -4.368445841999e+00 -2.326179406213e-01 -3.306840916022e+00 -1.941622607192e+00 6.089614677715e-01 4.084974198779e+00 -4.118984955729e+00 1.007453907917e+01 1.177432293500e+01
1230	-1.441150685320e-02 2.080677747508e-01 4.340715588125e+00 3.288262943843e+00 -6.445620934514e-01 1.916963253891e+00 -4.368445841999e+00 -2.326179406213e-01 -3.306840916022e+00 -1.941622607192e+00 6.089614677715e-01 4.084974198779e+00 -4.118984955729e+00 1.007191670837e+01 1.177808472926e+01
1240	-1.441150685320e-02 2.080677747508e-01 4.340715588125e+00 3.288262943843e+00 -6.445620934514e-01 1.916963253891e+00 -4.368445841999e+00 -2.326179406213e-01 -3.306840916022e+00 -1.941622607192e+00 6.089614677715e-01 4.084974198779e+00 -4.118984955729e+00 1.006928334644e+01 1.178187142066e+01
1250	-1.441150685320e-02 2.080677747508e-01 4.340715588125e+00 3.288262943843e+00 -6.445620934514e-01 1.916963253891e+00 -4.368445841999e+00 -2.326179406213e-01 -3.306840916022e+00 -1.941622607192e+00 6.089614677715e-01 4.084974198779e+00 -4.118984955729e+00 1.006663810196e+01 1.178568270447e+01
1260	-1.441150685320e-02 2.080677747508e-01 4.340715588125e+00 3.288262943843e+00 -6.445620934514e-01 1.916963253891e+00 -4.368445841999e+00 -2.326179406213e-01 -3.306840916022e+00 -1.941622607192e+00 6.089614677715e-01 4.084974198779e+00 -4.118984955729e+00 1.006398436639e+01 1.178951618162e+01
1270	-1.441150685320e-02 2.080677747508e-01 4.340715588125e+00 3.288262943843e+00 -6.445620934514e-01 1.916963253891e+00 -4.368445841999e+00 -2.326179406213e-01 -3.306840916022e+00 -1.941622607192e+00 6.089614677715e-01 4.084974198779e+00 -4.118984955729e+00 1.006132414954e+01 1.179337260603e+01
1280	-1.441150685320e-02 2.080677747508e-01 4.340715588125e+00 3.288262943843e+00 -6.445620934514e-01 1.916963253891e+00 -4.368445841999e+00 -2.326179406213e-01 -3.306840916022e+00 -1.941622607192e+00 6.089614677715e-01 4.084974198779e+00 -4.118984955729e+00 1.005865823174e+01 1.179725398392e+01
1290	-1.441150685320e-02 2.080677747508e-01 4.340715588125e+00 3.288262943843e+00 -6.445620934514e-01 1.916963253891e+00 -4.368445841999e+00 -2.326179406213e-01 -3.306840916022e+00 -1.941622607192e+00 6.089614677715e-01 4.084974198779e+00 -4.118984955729e+00 1.005598713283e+01 1.180116111738e+01
1300	-1.441150685320e-02 2.080677747508e-01 4.340715588125e+00 3.288262943843e+00 -6.445620934514e-01 1.916963253891e+00 -4.368445841999e+00 -2.326179406213e-01 -3.306840916022e+00 -1.941622607192e+00 6.089614677715e-01 4.084974198779e+00 -4.118984955729e+00 1.005330519792e+01 1.180509943380e+01
1310	-1.441150685320e-02 2.080677747508e-01 4.340715588125e+00 3.288262943843e+00 -6.445620934514e-01 1.916963253891e+00 -4.368445841999e+00 -2.326179406213e-01 -3.306840916022e+00 -1.941622607192e+00 6.089614677715e-01 4.084974198779e+00 -4.118984955729e+00 1.005060592192e+01 1.180907312385e+01
1320	-1.441150685320e-02 2.080677747508e-01 4.340715588125e+00 3.288262943843e+00 -6.445620934514e-01 1.916963253891e+00 -4.368445841999e+00 -2.326179406213e-01 -3.306840916022e+00 -1.941622607192e+00 6.089614677715e-01 4.084974198779e+00 -4.118984955729e+00 1.004788800676e+01 1.181307967417e+01
1330	-1.441150685320e-02 2.080677747508e-01 4.340715588125e+00 3.288262943843e+00 -6.445620934514e-01 1.916963253891e+00 -4.368445841999e+00 -2.326179406213e-01 -3.306840916022e+00 -1.941622607192e+00 6.089614677715e-01 4.084974198779e+00 -4.118984955729e+00 1.004515588594e+01 1.181711187845e+01
1340	-1.441150685320e-02 2.080677747508e-01 4.340715588125e+00 3.288262943843e+00 -6.445620934514e-01 1.916963253891e+00 -4.368445841999e+00 -2.326179406213e-01 -3.306840916022e+00 -1.941622607192e+00 6.089614677715e-01 4.084974198779e+00 -4.118984955729e+00 1.004241376196e+01 1.182116565242e+01
1350	-1.441150685320e-02 2.080677747508e-01 4.340715588125e+00 3.288262943843e+00 -6.445620934514e-01 1.916963253891e+00 -4.368445841999e+00 -2.326179406213e-01 -3.306840916022e+00 -1.941622607192e+00 6.089614677715e-01 4.084974198779e+00 -4.118984955729e+00 1.003966286007e+01 1.182524213285e+01
1360	-1.441150685320e-02 2.080677747508e-01 4.340715588125e+00 3.288262943843e+00 -6.445620934514e-01 1.916963253891e+00 -4.368445841999e+00 -2.326179406213e-01 -3.306840916022e+00 -1.941622607192e+00 6.089614677715e-01 4.084974198779e+00 -4.118984955729e+00 1.003689950657e+01 1.182934775480e+01
1370	-1.441150685320e-02 2.080677747508e-01 4.340715588125e+00 3.288262943843e+00 -6.445620934514e-01 1.916963253891e+00 -4.368445841999e+00 -2.326179406213e-01 -3.306840916022e+00 -1.941622607192e+00 6.089614677715e-01 4.084974198779e+00 -4.118984955729e+00 1.003411847837e+01 1.183348947802e+01
1380	-1.441150685320e-02 2.080677747508e-01 4.340715588125e+00 3.288262943843e+00 -6.445620934514e-01 1.916963253891e+00 -4.368445841999e+00 -2.326179406213e-01 -3.306840916022e+00 -1.941622607192e+00 6.089614677715e-01 4.084974198779e+00 -4.118984955729e+00 1.003131127071e+01 1.183767783558e+01
1390	-1.441150685320e-02 2.080677747508e-01 4.340715588125e+00 3.288262943843e+00 -6.445620934514e-01 1.916963253891e+00 -4.368445841999e+00 -2.326179406213e-01 -3.306840916022e+00 -1.941622607192e+00 6.089614677715e-01 4.084974198779e+00 -4.118984955729e+00 1.002847103929e+01 1.184192104402e+01
1400	-1.441150685320e-02 2.080677747508e-01 4.340715588125e+00 3.288262943843e+00 -6.445620934514e-01 1.916963253891e+00 -4.368445841999e+00 -2.326179406213e-01 -3.306840916022e+00 -1.941622607192e+00 6.089614677715e-01 4.084974198779e+00 -4.118984955729e+00 1.002559981629e+01 1.184621660220e+01
1410	-1.441150685320e-02 2.080677747508e-01 4.340715588125e+00 3.288262943843e+00 -6.445620934514e-01 1.916963253891e+00 -4.368445841999e+00 -2.326179406213e-01 -3.306840916022e+00 -1.941622607192e+00 6.089614677715e-01 4.084974198779e+00 -4.118984955729e+00 1.002270437522e+01 1.185055688415e+01
1420	-1.441150685320e-02 2.080677747508e-01 4.340715588125e+00 3.288262943843e+00 -6.445620934514e-01 1.916963253891e+00 -4.368445841999e+00 -2.326179406213e-01 -3.306840916022e+00 -1.941622607192e+00 6.089614677715e-01 4.084974198779e+00 -4.118984955729e+00 1.001979046111e+01 1.185493543167e+01
1430	-1.441150685320e-02 2.080677747508e-01 4.340715588125e+00 3.288262943843e+00 -6.445620934514e-01 1.916963253891e+00 -4.368445841999e+00 -2.326179406213e-01 -3.306840916022e+00 -1.941622607192e+00 6.089614677715e-01 4.084974198779e+00 -4.118984955729e+00 1.001686738381e+01 1.185934300990e+01
1440	-1.441150685320e-02 2.080677747508e-01 4.340715588125e+00 3.288262943843e+00 -6.445620934514e-01 1.916963253891e+00 -4.368445841999e+00 -2.326179406213e-01 -3.306840916022e+00 -1.941622607192e+00 6.089614677715e-01 4.084974198779e+00 -4.118984955729e+00 1.001394555744e+01 1.186376916343e+01
1450	-1.441150685320e-02 2.080677747508e-01 4.340715588125e+00 3.288262943843e+00 -6.445620934514e-01 1.916963253891e+00 -4.368445841999e+00 -2.326179406213e-01 -3.306840916022e+00 -1.941622607192e+00 6.089614677715e-01 4.084974198779e+00 -4.118984955729e+00 1.001102894845e+01 1.186820794415e+01
1460	-1.441150685320e-02 2.080677747508e-01 4.340715588125e+00 3.288262943843e+00 -6.445620934514e-01 1.916963253891e+00 -4.368445841999e+00 -2.326179406213e-01 -3.306840916022e+00 -1.941622607192e+00 6.089614677715e-01 4.084974198779e+00 -4.118984955729e+00 1.000811212401e+01 1.187266073641e+01
1470	-1.441150685320e-02 2.080677747508e-01 4.340715588125e+00 3.288262943843e+00 -6.445620934514e-01 1.916963253891e+00 -4.368445841999e+00 -2.326179406213e-01 -3.306840916022e+00 -1.941622607192e+00 6.089614677715e-01 4.084974198779e+00 -4.118984955729e+00 1.000518735972e+01 1.187713235832e+01
1480	-1.441150685320e-02 2.080677747508e-01 4.340715588125e+00 3.288262943843e+00 -6.445620934514e-01 1.916963253891e+00 -4.368445841999e+00 -2.326179406213e-01 -3.306840916022e+00 -1.941622607192e+00 6.089614677715e-01 4.084974198779e+00 -4.118984955729e+00 1.000225533728e+01 1.188162593767e+01
1490	-1.441150685320e-02 2.080677747508e-01 4.340715588125e+00 3.288262943843e+00 -6.445620934514e-01 1.916963253891e+00 -4.368445841999e+00 -2.326179406213e-01 -3.306840916022e+00 -1.941622607192e+00 6.089614677715e-01 4.084974198779e+00 -4.118984955729e+00 9.999325095830e+00 1.188614029243e+01
1500	-1.441150685320e-02 2.080677747508e-01 4.340715588125e+00 3.288262943843e+00 -6.445620934514e-01 1.916963253891e+00 -4.368445841999e+00 -2.326179406213e-01 -3.306840916022e+00 -1.941622607192e+00 6.089614677715e-01 4.084974198779e+00 -4.118984955729e+00 9.996399559319e+00 1.189067295477e+01
1510	-1.441150685320e-02 2.080677747508e-01 4.340715588125e+00 3.288262943843e+00 -6.445620934514e-01 1.916963253891e+00 -4.368445841999e+00 -2.326179406213e-01 -3.306840916022e+00 -1.941622607192e+00 6.089614677715e-01 4.084974198779e+00 -4.118984955729e+00 9.993474237741e+00 1.189522486525e+01
1520	-1.441150685320e-02 2.080677747508e-01 4.340715588125e+00 3.288262943843e+00 -6.445620934514e-01 1.916963253891e+00 -4.368445841999e+00 -2.326179406213e-01 -3.306840916022e+00 -1.941622607192e+00 6.089614677715e-01 4.084974198779e+00 -4.118984955729e+00 9.990540164305e+00 1.189980221083e+01
1530	-1.441150685320e-02 2.080677747508e-01 4.340715588125e+00 3.288262943843e+00 -6.445620934514e-01 1.916963253891e+00 -4.368445841999e+00 -2.326179406213e-01 -3.306840916022e+00 -1.941622607192e+00 6.089614677715e-01 4.084974198779e+00 -4.118984955729e+00 9.987587977549e+00 1.190441096919e+01
1540	-1.441150685320e-02 2.080677747508e-01 4.340715588125e+00 3.288262943843e+00 -6.445620934514e-01 1.916963253891e+00 -4.368445841999e+00 -2.326179406213e-01 -3.306840916022e+00 -1.941622607192e+00 6.089614677715e-01 4.084974198779e+00 -4.118984955729e+00 9.984625078094e+00 1.190904527633e+01
1550	-1.441150685320e-02 2.080677747508e-01 4.340715588125e+00 3.288262943843e+00 -6.445620934514e-01 1.916963253891e+00 -4.368445841999e+00 -2.326179406213e-01 -3.306840916022e+00 -1.941622607192e+00 6.089614677715e-01 4.084974198779e+00 -4.118984955729e+00 9.981668741083e+00 1.191369279370e+01
1560	-1.441150685320e-02 2.080677747508e-01 4.340715588125e+00 3.288262943843e+00 -6.445620934514e-01 1.916963253891e+00 -4.368445841999e+00 -2.326179406213e-01 -3.306840916022e+00 -1.941622607192e+00 6.089614677715e-01 4.084974198779e+00 -4.118984955729e+00 9.978729620735e+00 1.191834504915e+01
1570	-1.441150685320e-02 2.080677747508e-01 4.340715588125e+00 3.288262943843e+00 -6.445620934514e-01 1.916963253891e+00 -4.368445841999e+00 -2.326179406213e-01 -3.306840916022e+00 -1.941622607192e+00 6.089614677715e-01 4.084974198779e+00 -4.118984955729e+00 9.975804559444e+00 1.192300384931e+01
1580	-1.441150685320e-02 2.080677747508e-01 4.340715588125e+00 3.288262943843e+00 -6.445620934514e-01 1.916963253891e+00 -4.368445841999e+00 -2.326179406213e-01 -3.306840916022e+00 -1.941622607192e+00 6.089614677715e-01 4.084974198779e+00 -4.118984955729e+00 9.972883611130e+00 1.192767528272e+01
1590	-1.441150685320e-02 2.080677747508e-01 4.340715588125e+00 3.288262943843e+00 -6.445620934514e-01 1.916963253891e+00 -4.368445841999e+00 -2.326179406213e-01 -3.306840916022e+00 -1.941622607192e+00 6.089614677715e-01 4.084974198779e+00 -4.118984955729e+00 9.969957965907e+00 1.193236306152e+01
1600	-1.441150685320e-02 2.080677747508e-01 4.340715588125e+00 3.288262943843e+00 -6.445620934514e-01 1.916963253891e+00 -4.368445841999e+00 -2.326179406213e-01 -3.306840916022e+00 -1.941622607192e+00 6.089614677715e-01 4.084974198779e+00 -4.118984955729e+00 9.967027572633e+00 1.193706359296e+01
1610	-1.441150685320e-02 2.080677747508e-01 4.340715588125e+00 3.288262943843e+00 -6.445620934514e-01 1.916963253891e+00 -4.368445841999e+00 -2.326179406213e-01 -3.306840916022e+00 -1.941622607192e+00 6.089614677715e-01 4.084974198779e+00 -4.118984955729e+00 9.964096746364e+00 1.194177258021e+01
1620	-1.441150685320e-02 2.080677747508e-01 4.340715588125e+00 3.288262943843e+00 -6.445620934514e-01 1.916963253891e+00 -4.368445841999e+00 -2.326179406213e-01 -3.306840916022e+00 -1.941622607192e+00 6.089614677715e-01 4.084974198779e+00 -4.118984955729e+00 9.961166845702e+00 1.194649061716e+01
1630	-1.441150685320e-02 2.080677747508e-01 4.340715588125e+00 3.288262943843e+00 -6.445620934514e-01 1.916963253891e+00 -4.368445841999e+00 -2.326179406213e-01 -3.306840916022e+00 -1.941622607192e+00 6.089614677715e-01 4.084974198779e+00 -4.118984955729e+00 9.958235335874e+00 1.195122016137e+01
1640	-1.441150685320e-02 2.080677747508e-01 4.340715588125e+00 3.288262943843e+00 -6.445620934514e-01 1.916963253891e+00 -4.368445841999e+00 -2.326179406213e-01 -3.306840916022e+00 -1.941622607192e+00 6.089614677715e-01 4.084974198779e+00 -4.118984955729e+00 9.955302976340e+00 1.195595948818e+01
1650	-1.441150685320e-02 2.080677747508e-01 4.340715588125e+00 3.288262943843e+00 -6.445620934514e-01 1.916963253891e+00 -4.368445841999e+00 -2.326179406213e-01 -3.306840916022e+00 -1.941622607192e+00 6.089614677715e-01 4.084974198779e+00 -4.118984955729e+00 9.952371276962e+00 1.196070713462e+01
1660	-1.441150685320e-02 2.080677747508e-01 4.340715588125e+00 3.288262943843e+00 -6.445620934514e-01 1.916963253891e+00 -4.368445841999e+00 -2.326179406213e-01 -3.306840916022e+00 -1.941622607192e+00 6.089614677715e-01 4.084974198779e+00 -4.118984955729e+00 9.949433380797e+00 1.196547073959e+01
1670	-1.441150685320e-02 2.080677747508e-01 4.340715588125e+00 3.288262943843e+00 -6.445620934514e-01 1.916963253891e+00 -4.368445841999e+00 -2.326179406213e-01 -3.306840916022e+00 -1.941622607192e+00 6.089614677715e-01 4.084974198779e+00 -4.118984955729e+00 9.946483066487e+00 1.197025713548e+01
1680	-1.441150685320e-02 2.080677747508e-01 4.340715588125e+00 3.288262943843e+00 -6.445620934514e-01 1.916963253891e+00 -4.368445841999e+00 -2.326179406213e-01 -3.306840916022e+00 -1.941622607192e+00 6.089614677715e-01 4.084974198779e+00 -4.118984955729e+00 9.943525675792e+00 1.197506096744e+01
1690	-1.441150685320e-02 2.080677747508e-01 4.340715588125e+00 3.288262943843e+00 -6.445620934514e-01 1.916963253891e+00 -4.368445841999e+00 -2.326179406213e-01 -3.306840916022e+00 -1.941622607192e+00 6.089614677715e-01 4.084974198779e+00 -4.118984955729e+00 9.940569407039e+00 1.197987374198e+01
1700	-1.441150685320e-02 2.080677747508e-01 4.340715588125e+00 3.288262943843e+00 -6.445620934514e-01 1.916963253891e+00 -4.368445841999e+00 -2.326179406213e-01 -3.306840916022e+00 -1.941622607192e+00 6.089614677715e-01 4.084974198779e+00 -4.118984955729e+00 9.937617125015e+00 1.198469323163e+01
1710	-1.441150685320e-02 2.080677747508e-01 4.340715588125e+00 3.288262943843e+00 -6.445620934514e-01 1.916963253891e+00 -4.368445841999e+00 -2.326179406213e-01 -3.306840916022e+00 -1.941622607192e+00 6.089614677715e-01 4.084974198779e+00 -4.118984955729e+00 9.934667413739e+00 1.198952327280e+01
1720	-1.441150685320e-02 2.080677747508e-01 4.340715588125e+00 3.288262943843e+00 -6.445620934514e-01 1.916963253891e+00 -4.368445841999e+00 -2.326179406213e-01 -3.306840916022e+00 -1.941622607192e+00 6.089614677715e-01 4.084974198779e+00 -4.118984955729e+00 9.931717282850e+00 1.199437001051e+01
1730	-1.441150685320e-02 2.080677747508e-01 4.340715588125e+00 3.288262943843e+00 -6.445620934514e-01 1.916963253891e+00 -4.368445841999e+00 -2.326179406213e-01 -3.306840916022e+00 -1.941622607192e+00 6.089614677715e-01 4.084974198779e+00 -4.118984955729e+00 9.928768822010e+00 1.199923401388e+01
1740	-1.441150685320e-02 2.080677747508e-01 4.340715588125e+00 3.288262943843e+00 -6.445620934514e-01 1.916963253891e+00 -4.368445841999e+00 -2.326179406213e-01 -3.306840916022e+00 -1.941622607192e+00 6.089614677715e-01 4.084974198779e+00 -4.118984955729e+00 9.925826922510e+00 1.200411311409e+01
1750	-1.441150685320e-02 2.080677747508e-01 4.340715588125e+00 3.288262943843e+00 -6.445620934514e-01 1.916963253891e+00 -4.368445841999e+00 -2.326179406213e-01 -3.306840916022e+00 -1.941622607192e+00 6.089614677715e-01 4.084974198779e+00 -4.118984955729e+00 9.922892094916e+00 1.200901002811e+01
1760	-1.441150685320e-02 2.080677747508e-01 4.340715588125e+00 3.288262943843e+00 -6.445620934514e-01 1.916963253891e+00 -4.368445841999e+00 -2.326179406213e-01 -3.306840916022e+00 -1.941622607192e+00 6.089614677715e-01 4.084974198779e+00 -4.118984955729e+00 9.919961599066e+00 1.201392956030e+01
1770	-1.441150685320e-02 2.080677747508e-01 4.340715588125e+00 3.288262943843e+00 -6.445620934514e-01 1.916963253891e+00 -4.368445841999e+00 -2.326179406213e-01 -3.306840916022e+00 -1.941622607192e+00 6.089614677715e-01 4.084974198779e+00 -4.118984955729e+00 9.917035660212e+00 1.201887083785e+01
1780	-1.441150685320e-02 2.080677747508e-01 4.340715588125e+00 3.288262943843e+00 -6.445620934514e-01 1.916963253891e+00 -4.368445841999e+00 -2.326179406213e-01 -3.306840916022e+00 -1.941622607192e+00 6.089614677715e-01 4.084974198779e+00 -4.118984955729e+00 9.914115779299e+00 1.202383058613e+01
1790	-1.441150685320e-02 2.080677747508e-01 4.340715588125e+00 3.288262943843e+00 -6.445620934514e-01 1.916963253891e+00 -4.368445841999e+00 -2.326179406213e-01 -3.306840916022e+00 -1.941622607192e+00 6.089614677715e-01 4.084974198779e+00 -4.118984955729e+00 9.911203979074e+00 1.202880573122e+01
1800	-1.441150685320e-02 2.080677747508e-01 4.340715588125e+00 3.288262943843e+00 -6.445620934514e-01 1.916963253891e+00 -4.368445841999e+00 -2.326179406213e-01 -3.306840916022e+00 -1.941622607192e+00 6.089614677715e-01 4.084974198779e+00 -4.118984955729e+00 9.908300358327e+00 1.203379380017e+01
1810	-1.441150685320e-02 2.080677747508e-01 4.340715588125e+00 3.288262943843e+00 -6.445620934514e-01 1.916963253891e+00 -4.368445841999e+00 -2.326179406213e-01 -3.306840916022e+00 -1.941622607192e+00 6.089614677715e-01 4.084974198779e+00 -4.118984955729e+00 9.905404325234e+00 1.203879534635e+01
1820	-1.441150685320e-02 2.080677747508e-01 4.340715588125e+00 3.288262943843e+00 -6.445620934514e-01 1.916963253891e+00 -4.368445841999e+00 -2.326179406213e-01 -3.306840916022e+00 -1.941622607192e+00 6.089614677715e-01 4.084974198779e+00 -4.118984955729e+00 9.902512783178e+00 1.204381557267e+01
1830	-1.441150685320e-02 2.080677747508e-01 4.340715588125e+00 3.288262943843e+00 -6.445620934514e-01 1.916963253891e+00 -4.368445841999e+00 -2.326179406213e-01 -3.306840916022e+00 -1.941622607192e+00 6.089614677715e-01 4.084974198779e+00 -4.118984955729e+00 9.899625974923e+00 1.204885341369e+01
1840	-1.441150685320e-02 2.080677747508e-01 4.340715588125e+00 3.288262943843e+00 -6.445620934514e-01 1.916963253891e+00 -4.368445841999e+00 -2.326179406213e-01 -3.306840916022e+00 -1.941622607192e+00 6.089614677715e-01 4.084974198779e+00 -4.118984955729e+00 9.896743185299e+00 1.205390791105e+01
1850	-1.441150685320e-02 2.080677747508e-01 4.340715588125e+00 3.288262943843e+00 -6.445620934514e-01 1.916963253891e+00 -4.368445841999e+00 -2.326179406213e-01 -3.306840916022e+00 -1.941622607192e+00 6.089614677715e-01 4.084974198779e+00 -4.118984955729e+00 9.893861232017e+00 1.205898182089e+01
1860	-1.441150685320e-02 2.080677747508e-01 4.340715588125e+00 3.288262943843e+00 -6.445620934514e-01 1.916963253891e+00 -4.368445841999e+00 -2.326179406213e-01 -3.306840916022e+00 -1.941622607192e+00 6.089614677715e-01 4.084974198779e+00 -4.118984955729e+00 9.890980961666e+00 1.206407242153e+01
1870	-1.441150685320e-02 2.080677747508e-01 4.340715588125e+00 3.288262943843e+00 -6.445620934514e-01 1.916963253891e+00 -4.368445841999e+00 -2.326179406213e-01 -3.306840916022e+00 -1.941622607192e+00 6.089614677715e-01 4.084974198779e+00 -4.118984955729e+00 9.888106202708e+00 1.206917216560e+01
1880	-1.441150685320e-02 2.080677747508e-01 4.340715588125e+00 3.288262943843e+00 -6.445620934514e-01 1.916963253891e+00 -4.368445841999e+00 -2.326179406213e-01 -3.306840916022e+00 -1.941622607192e+00 6.089614677715e-01 4.084974198779e+00 -4.118984955729e+00 9.885233879570e+00 1.207428206838e+01
1890	-1.441150685320e-02 2.080677747508e-01 4.340715588125e+00 3.288262943843e+00 -6.445620934514e-01 1.916963253891e+00 -4.368445841999e+00 -2.326179406213e-01 -3.306840916022e+00 -1.941622607192e+00 6.089614677715e-01 4.084974198779e+00 -4.118984955729e+00 9.882362544800e+00 1.207940515235e+01
1900	-1.441150685320e-02 2.080677747508e-01 4.340715588125e+00 3.288262943843e+00 -6.445620934514e-01 1.916963253891e+00 -4.368445841999e+00 -2.326179406213e-01 -3.306840916022e+00 -1.941622607192e+00 6.089614677715e-01 4.084974198779e+00 -4.118984955729e+00 9.879495207649e+00 1.208454030978e+01
1910	-1.441150685320e-02 2.080677747508e-01 4.340715588125e+00 3.288262943843e+00 -6.445620934514e-01 1.916963253891e+00 -4.368445841999e+00 -2.326179406213e-01 -3.306840916022e+00 -1.941622607192e+00 6.089614677715e-01 4.084974198779e+00 -4.118984955729e+00 9.876627365148e+00 1.208969070188e+01
1920	-1.441150685320e-02 2.080677747508e-01 4.340715588125e+00 3.288262943843e+00 -6.445620934514e-01 1.916963253891e+00 -4.368445841999e+00 -2.326179406213e-01 -3.306840916022e+00 -1.941622607192e+00 6.089614677715e-01 4.084974198779e+00 -4.118984955729e+00 9.873753149686e+00 1.209485637644e+01
1930	-1.441150685320e-02 2.080677747508e-01 4.340715588125e+00 3.288262943843e+00 -6.445620934514e-01 1.916963253891e+00 -4.368445841999e+00 -2.326179406213e-01 -3.306840916022e+00 -1.941622607192e+00 6.089614677715e-01 4.084974198779e+00 -4.118984955729e+00 9.870875483717e+00 1.210002899244e+01
1940	-1.441150685320e-02 2.080677747508e-01 4.340715588125e+00 3.288262943843e+00 -6.445620934514e-01 1.916963253891e+00 -4.368445841999e+00 -2.326179406213e-01 -3.306840916022e+00 -1.941622607192e+00 6.089614677715e-01 4.084974198779e+00 -4.118984955729e+00 9.867992627605e+00 1.210521268142e+01
1950	-1.441150685320e-02 2.080677747508e-01 4.340715588125e+00 3.288262943843e+00 -6.445620934514e-01 1.916963253891e+00 -4.368445841999e+00 -2.326179406213e-01 -3.306840916022e+00 -1.941622607192e+00 6.089614677715e-01 4.084974198779e+00 -4.118984955729e+00 9.865095994389e+00 1.211042167682e+01
1960	-1.441150685320e-02 2.080677747508e-01 4.340715588125e+00 3.288262943843e+00 -6.445620934514e-01 1.916963253891e+00 -4.368445841999e+00 -2.326179406213e-01 -3.306840916022e+00 -1.941622607192e+00 6.089614677715e-01 4.084974198779e+00 -4.118984955729e+00 9.862191853053e+00 1.211565290733e+01
1970	-1.441150685320e-02 2.080677747508e-01 4.340715588125e+00 3.288262943843e+00 -6.445620934514e-01 1.916963253891e+00 -4.368445841999e+00 -2.326179406213e-01 -3.306840916022e+00 -1.941622607192e+00 6.089614677715e-01 4.084974198779e+00 -4.118984955729e+00 9.859294533842e+00 1.212089488497e+01
1980	-1.441150685320e-02 2.080677747508e-01 4.340715588125e+00 3.288262943843e+00 -6.445620934514e-01 1.916963253891e+00 -4.368445841999e+00 -2.326179406213e-01 -3.306840916022e+00 -1.941622607192e+00 6.089614677715e-01 4.084974198779e+00 -4.118984955729e+00 9.856411067428e+00 1.212614402056e+01
1990	-1.441150685320e-02 2.080677747508e-01 4.340715588125e+00 3.288262943843e+00 -6.445620934514e-01 1.916963253891e+00 -4.368445841999e+00 -2.326179406213e-01 -3.306840916022e+00 -1.941622607192e+00 6.089614677715e-01 4.084974198779e+00 -4.118984955729e+00 9.853542645100e+00 1.213140212446e+01
2000	-1.441150685320e-02 2.080677747508e-01 4.340715588125e+00 3.288262943843e+00 -6.445620934514e-01 1.916963253891e+00 -4.368445841999e+00 -2.326179406213e-01 -3.306840916022e+00 -1.941622607192e+00 6.089614677715e-01 4.084974198779e+00 -4.118984955729e+00 9.850690638602e+00 1.213667005943e+01
2010	-1.441150685320e-02 2.080677747508e-01 4.340715588125e+00 3.288262943843e+00 -6.445620934514e-01 1.916963253891e+00 -4.368445841999e+00 -2.326179406213e-01 -3.306840916022e+00 -1.941622607192e+00 6.089614677715e-01 4.084974198779e+00 -4.118984955729e+00 9.847854637595e+00 1.214194836213e+01
2020	-1.441150685320e-02 2.080677747508e-01 4.340715588125e+00 3.288262943843e+00 -6.445620934514e-01 1.916963253891e+00 -4.368445841999e+00 -2.326179406213e-01 -3.306840916022e+00 -1.941622607192e+00 6.089614677715e-01 4.084974198779e+00 -4.118984955729e+00 9.845040908551e+00 1.214722868317e+01
2030	-1.441150685320e-02 2.080677747508e-01 4.340715588125e+00 3.288262943843e+00 -6.445620934514e-01 1.916963253891e+00 -4.368445841999e+00 -2.326179406213e-01 -3.306840916022e+00 -1.941622607192e+00 6.089614677715e-01 4.084974198779e+00 -4.118984955729e+00 9.842254610288e+00 1.215250318603e+01
2040	-1.441150685320e-02 2.080677747508e-01 4.340715588125e+00 3.288262943843e+00 -6.445620934514e-01 1.916963253891e+00 -4.368445841999e+00 -2.326179406213e-01 -3.306840916022e+00 -1.941622607192e+00 6.089614677715e-01 4.084974198779e+00 -4.118984955729e+00 9.839489255617e+00 1.215778032121e+01
2050	-1.441150685320e-02 2.080677747508e-01 4.340715588125e+00 3.288262943843e+00 -6.445620934514e-01 1.916963253891e+00 -4.368445841999e+00 -2.326179406213e-01 -3.306840916022e+00 -1.941622607192e+00 6.089614677715e-01 4.084974198779e+00 -4.118984955729e+00 9.836735402018e+00 1.216307665934e+01
2060	-1.441150685320e-02 2.080677747508e-01 4.340715588125e+00 3.288262943843e+00 -6.445620934514e-01 1.916963253891e+00 -4.368445841999e+00 -2.326179406213e-01 -3.306840916022e+00 -1.941622607192e+00 6.089614677715e-01 4.084974198779e+00 -4.118984955729e+00 9.833986162860e+00 1.216840090819e+01
2070	-1.441150685320e-02 2.080677747508e-01 4.340715588125e+00 3.288262943843e+00 -6.445620934514e-01 1.916963253891e+00 -4.368445841999e+00 -2.326179406213e-01 -3.306840916022e+00 -1.941622607192e+00 6.089614677715e-01 4.084974198779e+00 -4.118984955729e+00 9.831244498317e+00 1.217374539471e+01
2080	-1.441150685320e-02 2.080677747508e-01 4.340715588125e+00 3.288262943843e+00 -6.445620934514e-01 1.916963253891e+00 -4.368445841999e+00 -2.326179406213e-01 -3.306840916022e+00 -1.941622607192e+00 6.089614677715e-01 4.084974198779e+00 -4.118984955729e+00 9.828515092331e+00 1.217910487027e+01
2090	-1.441150685320e-02 2.080677747508e-01 4.340715588125e+00 3.288262943843e+00 -6.445620934514e-01 1.916963253891e+00 -4.368445841999e+00 -2.326179406213e-01 -3.306840916022e+00 -1.941622607192e+00 6.089614677715e-01 4.084974198779e+00 -4.118984955729e+00 9.825798795238e+00 1.218448218607e+01
2100	-1.441150685320e-02 2.080677747508e-01 4.340715588125e+00 3.288262943843e+00 -6.445620934514e-01 1.916963253891e+00 -4.368445841999e+00 -2.326179406213e-01 -3.306840916022e+00 -1.941622607192e+00 6.089614677715e-01 4.084974198779e+00 -4.118984955729e+00 9.823082897212e+00 1.218988820349e+01
2110	-1.441150685320e-02 2.080677747508e-01 4.340715588125e+00 3.288262943843e+00 -6.445620934514e-01 1.916963253891e+00 -4.368445841999e+00 -2.326179406213e-01 -3.306840916022e+00 -1.941622607192e+00 6.089614677715e-01 4.084974198779e+00 -4.118984955729e+00 9.820355651986e+00 1.219533190589e+01
2120	-1.441150685320e-02 2.080677747508e-01 4.340715588125e+00 3.288262943843e+00 -6.445620934514e-01 1.916963253891e+00 -4.368445841999e+00 -2.326179406213e-01 -3.306840916022e+00 -1.941622607192e+00 6.089614677715e-01 4.084974198779e+00 -4.118984955729e+00 9.817621840415e+00 1.220080834708e+01
2130	-1.441150685320e-02 2.080677747508e-01 4.340715588125e+00 3.288262943843e+00 -6.445620934514e-01 1.916963253891e+00 -4.368445841999e+00 -2.326179406213e-01 -3.306840916022e+00 -1.941622607192e+00 6.089614677715e-01 4.084974198779e+00 -4.118984955729e+00 9.814889316942e+00 1.220630584540e+01
2140	-1.441150685320e-02 2.080677747508e-01 4.340715588125e+00 3.288262943843e+00 -6.445620934514e-01 1.916963253891e+00 -4.368445841999e+00 -2.326179406213e-01 -3.306840916022e+00 -1.941622607192e+00 6.089614677715e-01 4.084974198779e+00 -4.118984955729e+00 9.812160446073e+00 1.221181414582e+01
2150	-1.441150685320e-02 2.080677747508e-01 4.340715588125e+00 3.288262943843e+00 -6.445620934514e-01 1.916963253891e+00 -4.368445841999e+00 -2.326179406213e-01 -3.306840916022e+00 -1.941622607192e+00 6.089614677715e-01 4.084974198779e+00 -4.118984955729e+00 9.809429834646e+00 1.221733370869e+01
2160	-1.441150685320e-02 2.080677747508e-01 4.340715588125e+00 3.288262943843e+00 -6.445620934514e-01 1.916963253891e+00 -4.368445841999e+00 -2.326179406213e-01 -3.306840916022e+00 -1.941622607192e+00 6.089614677715e-01 4.084974198779e+00 -4.118984955729e+00 9.806694108516e+00 1.222286790265e+01
2170	-1.441150685320e-02 2.080677747508e-01 4.340715588125e+00 3.288262943843e+00 -6.445620934514e-01 1.916963253891e+00 -4.368445841999e+00 -2.326179406213e-01 -3.306840916022e+00 -1.941622607192e+00 6.089614677715e-01 4.084974198779e+00 -4.118984955729e+00 9.803950619975e+00 1.222842010051e+01
2180	-1.441150685320e-02 2.080677747508e-01 4.340715588125e+00 3.288262943843e+00 -6.445620934514e-01 1.916963253891e+00 -4.368445841999e+00 -2.326179406213e-01 -3.306840916022e+00 -1.941622607192e+00 6.089614677715e-01 4.084974198779e+00 -4.118984955729e+00 9.801192702079e+00 1.223399534407e+01
2190	-1.441150685320e-02 2.080677747508e-01 4.340715588125e+00 3.288262943843e+00 -6.445620934514e-01 1.916963253891e+00 -4.368445841999e+00 -2.326179406213e-01 -3.306840916022e+00 -1.941622607192e+00 6.089614677715e-01 4.084974198779e+00 -4.118984955729e+00 9.798411947479e+00 1.223959928840e+01
2200	-1.441150685320e-02 2.080677747508e-01 4.340715588125e+00 3.288262943843e+00 -6.445620934514e-01 1.916963253891e+00 -4.368445841999e+00 -2.326179406213e-01 -3.306840916022e+00 -1.941622607192e+00 6.089614677715e-01 4.084974198779e+00 -4.118984955729e+00 9.795604569587e+00 1.224523335480e+01
2210	-1.441150685320e-02 2.080677747508e-01 4.340715588125e+00 3.288262943843e+00 -6.445620934514e-01 1.916963253891e+00 -4.368445841999e+00 -2.326179406213e-01 -3.306840916022e+00 -1.941622607192e+00 6.089614677715e-01 4.084974198779e+00 -4.118984955729e+00 9.792767938031e+00 1.225089739758e+01
2220	-1.441150685320e-02 2.080677747508e-01 4.340715588125e+00 3.288262943843e+00 -6.445620934514e-01 1.916963253891e+00 -4.368445841999e+00 -2.326179406213e-01 -3.306840916022e+00 -1.941622607192e+00 6.089614677715e-01 4.084974198779e+00 -4.118984955729e+00 9.789891968304e+00 1.225659822738e+01
2230	-1.441150685320e-02 2.080677747508e-01 4.340715588125e+00 3.288262943843e+00 -6.445620934514e-01 1.916963253891e+00 -4.368445841999e+00 -2.326179406213e-01 -3.306840916022e+00 -1.941622607192e+00 6.089614677715e-01 4.084974198779e+00 -4.118984955729e+00 9.786978207250e+00 1.226233484160e+01
2240	-1.441150685320e-02 2.080677747508e-01 4.340715588125e+00 3.288262943843e+00 -6.445620934514e-01 1.916963253891e+00 -4.368445841999e+00 -2.326179406213e-01 -3.306840916022e+00 -1.941622607192e+00 6.089614677715e-01 4.084974198779e+00 -4.118984955729e+00 9.784033724387e+00 1.226810893007e+01
2250	-1.441150685320e-02 2.080677747508e-01 4.340715588125e+00 3.288262943843e+00 -6.445620934514e-01 1.916963253891e+00 -4.368445841999e+00 -2.326179406213e-01 -3.306840916022e+00 -1.941622607192e+00 6.089614677715e-01 4.084974198779e+00 -4.118984955729e+00 9.781064084326e+00 1.227392372309e+01
2260	-1.441150685320e-02 2.080677747508e-01 4.340715588125e+00 3.288262943843e+00 -6.445620934514e-01 1.916963253891e+00 -4.368445841999e+00 -2.326179406213e-01 -3.306840916022e+00 -1.941622607192e+00 6.089614677715e-01 4.084974198779e+00 -4.118984955729e+00 9.778081326112e+00 1.227977051565e+01
2270	-1.441150685320e-02 2.080677747508e-01 4.340715588125e+00 3.288262943843e+00 -6.445620934514e-01 1.916963253891e+00 -4.368445841999e+00 -2.326179406213e-01 -3.306840916022e+00 -1.941622607192e+00 6.089614677715e-01 4.084974198779e+00 -4.118984955729e+00 9.775092741399e+00 1.228564350849e+01
2280	-1.441150685320e-02 2.080677747508e-01 4.340715588125e+00 3.288262943843e+00 -6.445620934514e-01 1.916963253891e+00 -4.368445841999e+00 -2.326179406213e-01 -3.306840916022e+00 -1.941622607192e+00 6.089614677715e-01 4.084974198779e+00 -4.118984955729e+00 9.772096297682e+00 1.229154538367e+01
2290	-1.441150685320e-02 2.080677747508e-01 4.340715588125e+00 3.288262943843e+00 -6.445620934514e-01 1.916963253891e+00 -4.368445841999e+00 -2.326179406213e-01 -3.306840916022e+00 -1.941622607192e+00 6.089614677715e-01 4.084974198779e+00 -4.118984955729e+00 9.769088040442e+00 1.229748055936e+01
2300	-1.441150685320e-02 2.080677747508e-01 4.340715588125e+00 3.288262943843e+00 -6.445620934514e-01 1.916963253891e+00 -4.368445841999e+00 -2.326179406213e-01 -3.306840916022e+00 -1.941622607192e+00 6.089614677715e-01 4.084974198779e+00 -4.118984955729e+00 9.766064940851e+00 1.230345365831e+01
2310	-1.441150685320e-02 2.080677747508e-01 4.340715588125e+00 3.288262943843e+00 -6.445620934514e-01 1.916963253891e+00 -4.368445841999e+00 -2.326179406213e-01 -3.306840916022e+00 -1.941622607192e+00 6.089614677715e-01 4.084974198779e+00 -4.118984955729e+00 9.763022660115e+00 1.230947200025e+01
2320	-1.441150685320e-02 2.080677747508e-01 4.340715588125e+00 3.288262943843e+00 -6.445620934514e-01 1.916963253891e+00 -4.368445841999e+00 -2.326179406213e-01 -3.306840916022e+00 -1.941622607192e+00 6.089614677715e-01 4.084974198779e+00 -4.118984955729e+00 9.759965978069e+00 1.231553360490e+01
2330	-1.441150685320e-02 2.080677747508e-01 4.340715588125e+00 3.288262943843e+00 -6.445620934514e-01 1.916963253891e+00 -4.368445841999e+00 -2.326179406213e-01 -3.306840916022e+00 -1.941622607192e+00 6.089614677715e-01 4.084974198779e+00 -4.118984955729e+00 9.756902102692e+00 1.232163107352e+01
2340	-1.441150685320e-02 2.080677747508e-01 4.340715588125e+00 3.288262943843e+00 -6.445620934514e-01 1.916963253891e+00 -4.368445841999e+00 -2.326179406213e-01 -3.306840916022e+00 -1.941622607192e+00 6.089614677715e-01 4.084974198779e+00 -4.118984955729e+00 9.753827755868e+00 1.232776634192e+01
2350	-1.441150685320e-02 2.080677747508e-01 4.340715588125e+00 3.288262943843e+00 -6.445620934514e-01 1.916963253891e+00 -4.368445841999e+00 -2.326179406213e-01 -3.306840916022e+00 -1.941622607192e+00 6.089614677715e-01 4.084974198779e+00 -4.118984955729e+00 9.750744145118e+00 1.233394161807e+01
2360	-1.441150685320e-02 2.080677747508e-01 4.340715588125e+00 3.288262943843e+00 -6.445620934514e-01 1.916963253891e+00 -4.368445841999e+00 -2.326179406213e-01 -3.306840916022e+00 -1.941622607192e+00 6.089614677715e-01 4.084974198779e+00 -4.118984955729e+00 9.747649674850e+00 1.234016174114e+01
2370	-1.441150685320e-02 2.080677747508e-01 4.340715588125e+00 3.288262943843e+00 -6.445620934514e-01 1.916963253891e+00 -4.368445841999e+00 -2.326179406213e-01 -3.306840916022e+00 -1.941622607192e+00 6.089614677715e-01 4.084974198779e+00 -4.118984955729e+00 9.744538112135e+00 1.234642925405e+01
2380	-1.441150685320e-02 2.080677747508e-01 4.340715588125e+00 3.288262943843e+00 -6.445620934514e-01 1.916963253891e+00 -4.368445841999e+00 -2.326179406213e-01 -3.306840916022e+00 -1.941622607192e+00 6.089614677715e-01 4.084974198779e+00 -4.118984955729e+00 9.741411120912e+00 1.235273917937e+01
2390	-1.441150685320e-02 2.080677747508e-01 4.340715588125e+00 3.288262943843e+00 -6.445620934514e-01 1.916963253891e+00 -4.368445841999e+00 -2.326179406213e-01 -3.306840916022e+00 -1.941622607192e+00 6.089614677715e-01 4.084974198779e+00 -4.118984955729e+00 9.738270601619e+00 1.235908841277e+01
2400	-1.441150685320e-02 2.080677747508e-01 4.340715588125e+00 3.288262943843e+00 -6.445620934514e-01 1.916963253891e+00 -4.368445841999e+00 -2.326179406213e-01 -3.306840916022e+00 -1.941622607192e+00 6.089614677715e-01 4.084974198779e+00 -4.118984955729e+00 9.735118680905e+00 1.236547285475e+01
2410	-1.441150685320e-02 2.080677747508e-01 4.340715588125e+00 3.288262943843e+00 -6.445620934514e-01 1.916963253891e+00 -4.368445841999e+00 -2.326179406213e-01 -3.306840916022e+00 -1.941622607192e+00 6.089614677715e-01 4.084974198779e+00 -4.118984955729e+00 9.731955638391e+00 1.237189234060e+01
2420	-1.441150685320e-02 2.080677747508e-01 4.340715588125e+00 3.288262943843e+00 -6.445620934514e-01 1.916963253891e+00 -4.368445841999e+00 -2.326179406213e-01 -3.306840916022e+00 -1.941622607192e+00 6.089614677715e-01 4.084974198779e+00 -4.118984955729e+00 9.728781629340e+00 1.237834950757e+01
2430	-1.441150685320e-02 2.080677747508e-01 4.340715588125e+00 3.288262943843e+00 -6.445620934514e-01 1.916963253891e+00 -4.368445841999e+00 -2.326179406213e-01 -3.306840916022e+00 -1.941622607192e+00 6.089614677715e-01 4.084974198779e+00 -4.118984955729e+00 9.725596481394e+00 1.238484293726e+01
2440	-1.441150685320e-02 2.080677747508e-01 4.340715588125e+00 3.288262943843e+00 -6.445620934514e-01 1.916963253891e+00 -4.368445841999e+00 -2.326179406213e-01 -3.306840916022e+00 -1.941622607192e+00 6.089614677715e-01 4.084974198779e+00 -4.118984955729e+00 9.722394587835e+00 1.239137041027e+01
2450	-1.441150685320e-02 2.080677747508e-01 4.340715588125e+00 3.288262943843e+00 -6.445620934514e-01 1.916963253891e+00 -4.368445841999e+00 -2.326179406213e-01 -3.306840916022e+00 -1.941622607192e+00 6.089614677715e-01 4.084974198779e+00 -4.118984955729e+00 9.719170658439e+00 1.239792863474e+01
2460	-1.441150685320e-02 2.080677747508e-01 4.340715588125e+00 3.288262943843e+00 -6.445620934514e-01 1.916963253891e+00 -4.368445841999e+00 -2.326179406213e-01 -3.306840916022e+00 -1.941622607192e+00 6.089614677715e-01 4.084974198779e+00 -4.118984955729e+00 9.715924047530e+00 1.240451376661e+01
2470	-1.441150685320e-02 2.080677747508e-01 4.340715588125e+00 3.288262943843e+00 -6.445620934514e-01 1.916963253891e+00 -4.368445841999e+00 -2.326179406213e-01 -3.306840916022e+00 -1.941622607192e+00 6.089614677715e-01 4.084974198779e+00 -4.118984955729e+00 9.712658333906e+00 1.241112225388e+01
2480	-1.441150685320e-02 2.080677747508e-01 4.340715588125e+00 3.288262943843e+00 -6.445620934514e-01 1.916963253891e+00 -4.368445841999e+00 -2.326179406213e-01 -3.306840916022e+00 -1.941622607192e+00 6.089614677715e-01 4.084974198779e+00 -4.118984955729e+00 9.709379913505e+00 1.241774978637e+01
2490	-1.441150685320e-02 2.080677747508e-01 4.340715588125e+00 3.288262943843e+00 -6.445620934514e-01 1.916963253891e+00 -4.368445841999e+00 -2.326179406213e-01 -3.306840916022e+00 -1.941622607192e+00 6.089614677715e-01 4.084974198779e+00 -4.118984955729e+00 9.706085349026e+00 1.242439943996e+01
2500	-1.441150685320e-02 2.080677747508e-01 4.340715588125e+00 3.288262943843e+00 -6.445620934514e-01 1.916963253891e+00 -4.368445841999e+00 -2.326179406213e-01 -3.306840916022e+00 -1.941622607192e+00 6.089614677715e-01 4.084974198779e+00 -4.118984955729e+00 9.702764621555e+00 1.243107533021e+01
2510	-1.441150685320e-02 2.080677747508e-01 4.340715588125e+00 3.288262943843e+00 -6.445620934514e-01 1.916963253891e+00 -4.368445841999e+00 -2.326179406213e-01 -3.306840916022e+00 -1.941622607192e+00 6.089614677715e-01 4.084974198779e+00 -4.118984955729e+00 9.699415325351e+00 1.243777510764e+01
2520	-1.441150685320e-02 2.080677747508e-01 4.340715588125e+00 3.288262943843e+00 -6.445620934514e-01 1.916963253891e+00 -4.368445841999e+00 -2.326179406213e-01 -3.306840916022e+00 -1.941622607192e+00 6.089614677715e-01 4.084974198779e+00 -4.118984955729e+00 9.696040035986e+00 1.244449739143e+01
2530	-1.441150685320e-02 2.080677747508e-01 4.340715588125e+00 3.288262943843e+00 -6.445620934514e-01 1.916963253891e+00 -4.368445841999e+00 -2.326179406213e-01 -3.306840916022e+00 -1.941622607192e+00 6.089614677715e-01 4.084974198779e+00 -4.118984955729e+00 9.692643602839e+00 1.245124285039e+01
2540	-1.441150685320e-02 2.080677747508e-01 4.340715588125e+00 3.288262943843e+00 -6.445620934514e-01 1.916963253891e+00 -4.368445841999e+00 -2.326179406213e-01 -3.306840916022e+00 -1.941622607192e+00 6.089614677715e-01 4.084974198779e+00 -4.118984955729e+00 9.689230180877e+00 1.245801272089e+01
2550	-1.441150685320e-02 2.080677747508e-01 4.340715588125e+00 3.288262943843e+00 -6.445620934514e-01 1.916963253891e+00 -4.368445841999e+00 -2.326179406213e-01 -3.306840916022e+00 -1.941622607192e+00 6.089614677715e-01 4.084974198779e+00 -4.118984955729e+00 9.685800324481e+00 1.246480842949e+01
2560	-1.441150685320e-02 2.080677747508e-01 4.340715588125e+00 3.288262943843e+00 -6.445620934514e-01 1.916963253891e+00 -4.368445841999e+00 -2.326179406213e-01 -3.306840916022e+00 -1.941622607192e+00 6.089614677715e-01 4.084974198779e+00 -4.118984955729e+00 9.682354766761e+00 1.247163102131e+01
2570	-1.441150685320e-02 2.080677747508e-01 4.340715588125e+00 3.288262943843e+00 -6.445620934514e-01 1.916963253891e+00 -4.368445841999e+00 -2.326179406213e-01 -3.306840916022e+00 -1.941622607192e+00 6.089614677715e-01 4.084974198779e+00 -4.118984955729e+00 9.678900259928e+00 1.247847827814e+01
2580	-1.441150685320e-02 2.080677747508e-01 4.340715588125e+00 3.288262943843e+00 -6.445620934514e-01 1.916963253891e+00 -4.368445841999e+00 -2.326179406213e-01 -3.306840916022e+00 -1.941622607192e+00 6.089614677715e-01 4.084974198779e+00 -4.118984955729e+00 9.675442206296e+00 1.248534876140e+01
2590	-1.441150685320e-02 2.080677747508e-01 4.340715588125e+00 3.288262943843e+00 -6.445620934514e-01 1.916963253891e+00 -4.368445841999e+00 -2.326179406213e-01 -3.306840916022e+00 -1.941622607192e+00 6.089614677715e-01 4.084974198779e+00 -4.118984955729e+00 9.671979135107e+00 1.249224521354e+01
2600	-1.441150685320e-02 2.080677747508e-01 4.340715588125e+00 3.288262943843e+00 -6.445620934514e-01 1.916963253891e+00 -4.368445841999e+00 -2.326179406213e-01 -3.306840916022e+00 -1.941622607192e+00 6.089614677715e-01 4.084974198779e+00 -4.118984955729e+00 9.668512152399e+00 1.249916755891e+01
2610	-1.441150685320e-02 2.080677747508e-01 4.340715588125e+00 3.288262943843e+00 -6.445620934514e-01 1.916963253891e+00 -4.368445841999e+00 -2.326179406213e-01 -3.306840916022e+00 -1.941622607192e+00 6.089614677715e-01 4.084974198779e+00 -4.118984955729e+00 9.665042956903e+00 1.250611638108e+01
2620	-1.441150685320e-02 2.080677747508e-01 4.340715588125e+00 3.288262943843e+00 -6.445620934514e-01 1.916963253891e+00 -4.368445841999e+00 -2.326179406213e-01 -3.306840916022e+00 -1.941622607192e+00 6.089614677715e-01 4.084974198779e+00 -4.118984955729e+00 9.661567363601e+00 1.251309588346e+01
2630	-1.441150685320e-02 2.080677747508e-01 4.340715588125e+00 3.288262943843e+00 -6.445620934514e-01 1.916963253891e+00 -4.368445841999e+00 -2.326179406213e-01 -3.306840916022e+00 -1.941622607192e+00 6.089614677715e-01 4.084974198779e+00 -4.118984955729e+00 9.658088212528e+00 1.252010428655e+01
2640	-1.441150685320e-02 2.080677747508e-01 4.340715588125e+00 3.288262943843e+00 -6.445620934514e-01 1.916963253891e+00 -4.368445841999e+00 -2.326179406213e-01 -3.306840916022e+00 -1.941622607192e+00 6.089614677715e-01 4.084974198779e+00 -4.118984955729e+00 9.654613491537e+00 1.252713918008e+01
2650	-1.441150685320e-02 2.080677747508e-01 4.340715588125e+00 3.288262943843e+00 -6.445620934514e-01 1.916963253891e+00 -4.368445841999e+00 -2.326179406213e-01 -3.306840916022e+00 -1.941622607192e+00 6.089614677715e-01 4.084974198779e+00 -4.118984955729e+00 9.651144274266e+00 1.253420359652e+01
2660	-1.441150685320e-02 2.080677747508e-01 4.340715588125e+00 3.288262943843e+00 -6.445620934514e-01 1.916963253891e+00 -4.368445841999e+00 -2.326179406213e-01 -3.306840916022e+00 -1.941622607192e+00 6.089614677715e-01 4.084974198779e+00 -4.118984955729e+00 9.647678410136e+00 1.254129552503e+01
2670	-1.441150685320e-02 2.080677747508e-01 4.340715588125e+00 3.288262943843e+00 -6.445620934514e-01 1.916963253891e+00 -4.368445841999e+00 -2.326179406213e-01 -3.306840916022e+00 -1.941622607192e+00 6.089614677715e-01 4.084974198779e+00 -4.118984955729e+00 9.644213080052e+00 1.254841366298e+01
2680	-1.441150685320e-02 2.080677747508e-01 4.340715588125e+00 3.288262943843e+00 -6.445620934514e-01 1.916963253891e+00 -4.368445841999e+00 -2.326179406213e-01 -3.306840916022e+00 -1.941622607192e+00 6.089614677715e-01 4.084974198779e+00 -4.118984955729e+00 9.640744341757e+00 1.255556053350e+01
2690	-1.441150685320e-02 2.080677747508e-01 4.340715588125e+00 3.288262943843e+00 -6.445620934514e-01 1.916963253891e+00 -4.368445841999e+00 -2.326179406213e-01 -3.306840916022e+00 -1.941622607192e+00 6.089614677715e-01 4.084974198779e+00 -4.118984955729e+00 9.637277262056e+00 1.256273088567e+01
2700	-1.441150685320e-02 2.080677747508e-01 4.340715588125e+00 3.288262943843e+00 -6.445620934514e-01 1.916963253891e+00 -4.368445841999e+00 -2.326179406213e-01 -3.306840916022e+00 -1.941622607192e+00 6.089614677715e-01 4.084974198779e+00 -4.118984955729e+00 9.633815425026e+00 1.256991923939e+01
2710	-1.441150685320e-02 2.080677747508e-01 4.340715588125e+00 3.288262943843e+00 -6.445620934514e-01 1.916963253891e+00 -4.368445841999e+00 -2.326179406213e-01 -3.306840916022e+00 -1.941622607192e+00 6.089614677715e-01 4.084974198779e+00 -4.118984955729e+00 9.630358230073e+00 1.257712389749e+01
2720	-1.441150685320e-02 2.080677747508e-01 4.340715588125e+00 3.288262943843e+00 -6.445620934514e-01 1.916963253891e+00 -4.368445841999e+00 -2.326179406213e-01 -3.306840916022e+00 -1.941622607192e+00 6.089614677715e-01 4.084974198779e+00 -4.118984955729e+00 9.626906184886e+00 1.258434115411e+01
2730	-1.441150685320e-02 2.080677747508e-01 4.340715588125e+00 3.288262943843e+00 -6.445620934514e-01 1.916963253891e+00 -4.368445841999e+00 -2.326179406213e-01 -3.306840916022e+00 -1.941622607192e+00 6.089614677715e-01 4.084974198779e+00 -4.118984955729e+00 9.623454423596e+00 1.259156912210e+01
2740	-1.441150685320e-02 2.080677747508e-01 4.340715588125e+00 3.288262943843e+00 -6.445620934514e-01 1.916963253891e+00 -4.368445841999e+00 -2.326179406213e-01 -3.306840916022e+00 -1.941622607192e+00 6.089614677715e-01 4.084974198779e+00 -4.118984955729e+00 9.619996816193e+00 1.259880733911e+01
2750	-1.441150685320e-02 2.080677747508e-01 4.340715588125e+00 3.288262943843e+00 -6.445620934514e-01 1.916963253891e+00 -4.368445841999e+00 -2.326179406213e-01 -3.306840916022e+00 -1.941622607192e+00 6.089614677715e-01 4.084974198779e+00 -4.118984955729e+00 9.616534525967e+00 1.260605178855e+01
2760	-1.441150685320e-02 2.080677747508e-01 4.340715588125e+00 3.288262943843e+00 -6.445620934514e-01 1.916963253891e+00 -4.368445841999e+00 -2.326179406213e-01 -3.306840916022e+00 -1.941622607192e+00 6.089614677715e-01 4.084974198779e+00 -4.118984955729e+00 9.613069100747e+00 1.261330090340e+01
2770	-1.441150685320e-02 2.080677747508e-01 4.340715588125e+00 3.288262943843e+00 -6.445620934514e-01 1.916963253891e+00 -4.368445841999e+00 -2.326179406213e-01 -3.306840916022e+00 -1.941622607192e+00 6.089614677715e-01 4.084974198779e+00 -4.118984955729e+00 9.609598837709e+00 1.262055673694e+01
2780	-1.441150685320e-02 2.080677747508e-01 4.340715588125e+00 3.288262943843e+00 -6.445620934514e-01 1.916963253891e+00 -4.368445841999e+00 -2.326179406213e-01 -3.306840916022e+00 -1.941622607192e+00 6.089614677715e-01 4.084974198779e+00 -4.118984955729e+00 9.606121510916e+00 1.262782086402e+01
2790	-1.441150685320e-02 2.080677747508e-01 4.340715588125e+00 3.288262943843e+00 -6.445620934514e-01 1.916963253891e+00 -4.368445841999e+00 -2.326179406213e-01 -3.306840916022e+00 -1.941622607192e+00 6.089614677715e-01 4.084974198779e+00 -4.118984955729e+00 9.602633864852e+00 1.263509884295e+01
2800	-1.441150685320e-02 2.080677747508e-01 4.340715588125e+00 3.288262943843e+00 -6.445620934514e-01 1.916963253891e+00 -4.368445841999e+00 -2.326179406213e-01 -3.306840916022e+00 -1.941622607192e+00 6.089614677715e-01 4.084974198779e+00 -4.118984955729e+00 9.599137167795e+00 1.264239399096e+01
2810	-1.441150685320e-02 2.080677747508e-01 4.340715588125e+00 3.288262943843e+00 -6.445620934514e-01 1.916963253891e+00 -4.368445841999e+00 -2.326179406213e-01 -3.306840916022e+00 -1.941622607192e+00 6.089614677715e-01 4.084974198779e+00 -4.118984955729e+00 9.595631133981e+00 1.264970326422e+01
2820	-1.441150685320e-02 2.080677747508e-01 4.340715588125e+00 3.288262943843e+00 -6.445620934514e-01 1.916963253891e+00 -4.368445841999e+00 -2.326179406213e-01 -3.306840916022e+00 -1.941622607192e+00 6.089614677715e-01 4.084974198779e+00 -4.118984955729e+00 9.592107367296e+00 1.265702996533e+01
2830	-1.441150685320e-02 2.080677747508e-01 4.340715588125e+00 3.288262943843e+00 -6.445620934514e-01 1.916963253891e+00 -4.368445841999e+00 -2.326179406213e-01 -3.306840916022e+00 -1.941622607192e+00 6.089614677715e-01 4.084974198779e+00 -4.118984955729e+00 9.588570973443e+00 1.266437793588e+01
2840	-1.441150685320e-02 2.080677747508e-01 4.340715588125e+00 3.288262943843e+00 -6.445620934514e-01 1.916963253891e+00 -4.368445841999e+00 -2.326179406213e-01 -3.306840916022e+00 -1.941622607192e+00 6.089614677715e-01 4.084974198779e+00 -4.118984955729e+00 9.585035518099e+00 1.267174807145e+01
2850	-1.441150685320e-02 2.080677747508e-01 4.340715588125e+00 3.288262943843e+00 -6.445620934514e-01 1.916963253891e+00 -4.368445841999e+00 -2.326179406213e-01 -3.306840916022e+00 -1.941622607192e+00 6.089614677715e-01 4.084974198779e+00 -4.118984955729e+00 9.581500067760e+00 1.267914548905e+01
2860	-1.441150685320e-02 2.080677747508e-01 4.340715588125e+00 3.288262943843e+00 -6.445620934514e-01 1.916963253891e+00 -4.368445841999e+00 -2.326179406213e-01 -3.306840916022e+00 -1.941622607192e+00 6.089614677715e-01 4.084974198779e+00 -4.118984955729e+00 9.577960499510e+00 1.268657091356e+01
2870	-1.441150685320e-02 2.080677747508e-01 4.340715588125e+00 3.288262943843e+00 -6.445620934514e-01 1.916963253891e+00 -4.368445841999e+00 -2.326179406213e-01 -3.306840916022e+00 -1.941622607192e+00 6.089614677715e-01 4.084974198779e+00 -4.118984955729e+00 9.574420868940e+00 1.269402059758e+01
2880	-1.441150685320e-02 2.080677747508e-01 4.340715588125e+00 3.288262943843e+00 -6.445620934514e-01 1.916963253891e+00 -4.368445841999e+00 -2.326179406213e-01 -3.306840916022e+00 -1.941622607192e+00 6.089614677715e-01 4.084974198779e+00 -4.118984955729e+00 9.570888916874e+00 1.270149389448e+01
2890	-1.441150685320e-02 2.080677747508e-01 4.340715588125e+00 3.288262943843e+00 -6.445620934514e-01 1.916963253891e+00 -4.368445841999e+00 -2.326179406213e-01 -3.306840916022e+00 -1.941622607192e+00 6.089614677715e-01 4.084974198779e+00 -4.118984955729e+00 9.567367657953e+00 1.270898490928e+01
2900	-1.441150685320e-02 2.080677747508e-01 4.340715588125e+00 3.288262943843e+00 -6.445620934514e-01 1.916963253891e+00 -4.368445841999e+00 -2.326179406213e-01 -3.306840916022e+00 -1.941622607192e+00 6.089614677715e-01 4.084974198779e+00 -4.118984955729e+00 9.563844802690e+00 1.271649917359e+01
2910	-1.441150685320e-02 2.080677747508e-01 4.340715588125e+00 3.288262943843e+00 -6.445620934514e-01 1.916963253891e+00 -4.368445841999e+00 -2.326179406213e-01 -3.306840916022e+00 -1.941622607192e+00 6.089614677715e-01 4.084974198779e+00 -4.118984955729e+00 9.560319554577e+00 1.272404685606e+01
2920	-1.441150685320e-02 2.080677747508e-01 4.340715588125e+00 3.288262943843e+00 -6.445620934514e-01 1.916963253891e+00 -4.368445841999e+00 -2.326179406213e-01 -3.306840916022e+00 -1.941622607192e+00 6.089614677715e-01 4.084974198779e+00 -4.118984955729e+00 9.556799759562e+00 1.273162437831e+01
2930	-1.441150685320e-02 2.080677747508e-01 4.340715588125e+00 3.288262943843e+00 -6.445620934514e-01 1.916963253891e+00 -4.368445841999e+00 -2.326179406213e-01 -3.306840916022e+00 -1.941622607192e+00 6.089614677715e-01 4.084974198779e+00 -4.118984955729e+00 9.553277043350e+00 1.273923811446e+01
2940	-1.441150685320e-02 2.080677747508e-01 4.340715588125e+00 3.288262943843e+00 -6.445620934514e-01 1.916963253891e+00 -4.368445841999e+00 -2.326179406213e-01 -3.306840916022e+00 -1.941622607192e+00 6.089614677715e-01 4.084974198779e+00 -4.118984955729e+00 9.549752814848e+00 1.274688804229e+01
2950	-1.441150685320e-02 2.080677747508e-01 4.340715588125e+00 3.288262943843e+00 -6.445620934514e-01 1.916963253891e+00 -4.368445841999e+00 -2.326179406213e-01 -3.306840916022e+00 -1.941622607192e+00 6.089614677715e-01 4.084974198779e+00 -4.118984955729e+00 9.546231464505e+00 1.275456871672e+01
2960	-1.441150685320e-02 2.080677747508e-01 4.340715588125e+00 3.288262943843e+00 -6.445620934514e-01 1.916963253891e+00 -4.368445841999e+00 -2.326179406213e-01 -3.306840916022e+00 -1.941622607192e+00 6.089614677715e-01 4.084974198779e+00 -4.118984955729e+00 9.542703624408e+00 1.276228665469e+01
2970	-1.441150685320e-02 2.080677747508e-01 4.340715588125e+00 3.288262943843e+00 -6.445620934514e-01 1.916963253891e+00 -4.368445841999e+00 -2.326179406213e-01 -3.306840916022e+00 -1.941622607192e+00 6.089614677715e-01 4.084974198779e+00 -4.118984955729e+00 9.539169213287e+00 1.277003671893e+01
2980	-1.441150685320e-02 2.080677747508e-01 4.340715588125e+00 3.288262943843e+00 -6.445620934514e-01 1.916963253891e+00 -4.368445841999e+00 -2.326179406213e-01 -3.306840916022e+00 -1.941622607192e+00 6.089614677715e-01 4.084974198779e+00 -4.118984955729e+00 9.535629473131e+00 1.277781484433e+01
2990	-1.441150685320e-02 2.080677747508e-01 4.340715588125e+00 3.288262943843e+00 -6.445620934514e-01 1.916963253891e+00 -4.368445841999e+00 -2.326179406213e-01 -3.306840916022e+00 -1.941622607192e+00 6.089614677715e-01 4.084974198779e+00 -4.118984955729e+00 9.532079488672e+00 1.278562453334e+01
3000	-1.441150685320e-02 2.080677747508e-01 4.340715588125e+00 3.288262943843e+00 -6.445620934514e-01 1.916963253891e+00 -4.368445841999e+00 -2.326179406213e-01 -3.306840916022e+00 -1.941622607192e+00 6.089614677715e-01 4.084974198779e+00 -4.118984955729e+00 9.528520352591e+00 1.279345896885e+01
3010	-1.441150685320e-02 2.080677747508e-01 4.340715588125e+00 3.288262943843e+00 -6.445620934514e-01 1.916963253891e+00 -4.368445841999e+00 -2.326179406213e-01 -3.306840916022e+00 -1.941622607192e+00 6.089614677715e-01 4.084974198779e+00 -4.118984955729e+00 9.524952285828e+00 1.280131363690e+01
3020	-1.441150685320e-02 2.080677747508e-01 4.340715588125e+00 3.288262943843e+00 -6.445620934514e-01 1.916963253891e+00 -4.368445841999e+00 -2.326179406213e-01 -3.306840916022e+00 -1.941622607192e+00 6.089614677715e-01 4.084974198779e+00 -4.118984955729e+00 9.521372382769e+00 1.280919110316e+01
3030	-1.441150685320e-02 2.080677747508e-01 4.340715588125e+00 3.288262943843e+00 -6.445620934514e-01 1.916963253891e+00 -4.368445841999e+00 -2.326179406213e-01 -3.306840916022e+00 -1.941622607192e+00 6.089614677715e-01 4.084974198779e+00 -4.118984955729e+00 9.517781766998e+00 1.281708837319e+01
3040	-1.441150685320e-02 2.080677747508e-01 4.340715588125e+00 3.288262943843e+00 -6.445620934514e-01 1.916963253891e+00 -4.368445841999e+00 -2.326179406213e-01 -3.306840916022e+00 -1.941622607192e+00 6.089614677715e-01 4.084974198779e+00 -4.118984955729e+00 9.514177329796e+00 1.282500511466e+01
3050	-1.441150685320e-02 2.080677747508e-01 4.340715588125e+00 3.288262943843e+00 -6.445620934514e-01 1.916963253891e+00 -4.368445841999e+00 -2.326179406213e-01 -3.306840916022e+00 -1.941622607192e+00 6.089614677715e-01 4.084974198779e+00 -4.118984955729e+00 9.510558000626e+00 1.283294107753e+01
3060	-1.441150685320e-02 2.080677747508e-01 4.340715588125e+00 3.288262943843e+00 -6.445620934514e-01 1.916963253891e+00 -4.368445841999e+00 -2.326179406213e-01 -3.306840916022e+00 -1.941622607192e+00 6.089614677715e-01 4.084974198779e+00 -4.118984955729e+00 9.506931748303e+00 1.284088861919e+01
3070	-1.441150685320e-02 2.080677747508e-01 4.340715588125e+00 3.288262943843e+00 -6.445620934514e-01 1.916963253891e+00 -4.368445841999e+00 -2.326179406213e-01 -3.306840916022e+00 -1.941622607192e+00 6.089614677715e-01 4.084974198779e+00 -4.118984955729e+00 9.503296298056e+00 1.284884987784e+01
3080	-1.441150685320e-02 2.080677747508e-01 4.340715588125e+00 3.288262943843e+00 -6.445620934514e-01 1.916963253891e+00 -4.368445841999e+00 -2.326179406213e-01 -3.306840916022e+00 -1.941622607192e+00 6.089614677715e-01 4.084974198779e+00 -4.118984955729e+00 9.499649355856e+00 1.285682552457e+01
3090	-1.441150685320e-02 2.080677747508e-01 4.340715588125e+00 3.288262943843e+00 -6.445620934514e-01 1.916963253891e+00 -4.368445841999e+00 -2.326179406213e-01 -3.306840916022e+00 -1.941622607192e+00 6.089614677715e-01 4.084974198779e+00 -4.118984955729e+00 9.496001096555e+00 1.286480784883e+01
3100	-1.441150685320e-02 2.080677747508e-01 4.340715588125e+00 3.288262943843e+00 -6.445620934514e-01 1.916963253891e+00 -4.368445841999e+00 -2.326179406213e-01 -3.306840916022e+00 -1.941622607192e+00 6.089614677715e-01 4.084974198779e+00 -4.118984955729e+00 9.492360613100e+00 1.287279622487e+01
3110	-1.441150685320e-02 2.080677747508e-01 4.340715588125e+00 3.288262943843e+00 -6.445620934514e-01 1.916963253891e+00 -4.368445841999e+00 -2.326179406213e-01 -3.306840916022e+00 -1.941622607192e+00 6.089614677715e-01 4.084974198779e+00 -4.118984955729e+00 9.488732468615e+00 1.288078710040e+01
3120	-1.441150685320e-02 2.080677747508e-01 4.340715588125e+00 3.288262943843e+00 -6.445620934514e-01 1.916963253891e+00 -4.368445841999e+00 -2.326179406213e-01 -3.306840916022e+00 -1.941622607192e+00 6.089614677715e-01 4.084974198779e+00 -4.118984955729e+00 9.485109223850e+00 1.288877842381e+01
3130	-1.441150685320e-02 2.080677747508e-01 4.340715588125e+00 3.288262943843e+00 -6.445620934514e-01 1.916963253891e+00 -4.368445841999e+00 -2.326179406213e-01 -3.306840916022e+00 -1.941622607192e+00 6.089614677715e-01 4.084974198779e+00 -4.118984955729e+00 9.481483582004e+00 1.289677657923e+01
3140	-1.441150685320e-02 2.080677747508e-01 4.340715588125e+00 3.288262943843e+00 -6.445620934514e-01 1.916963253891e+00 -4.368445841999e+00 -2.326179406213e-01 -3.306840916022e+00 -1.941622607192e+00 6.089614677715e-01 4.084974198779e+00 -4.118984955729e+00 9.477866803535e+00 1.290478270921e+01
3150	-1.441150685320e-02 2.080677747508e-01 4.340715588125e+00 3.288262943843e+00 -6.445620934514e-01 1.916963253891e+00 -4.368445841999e+00 -2.326179406213e-01 -3.306840916022e+00 -1.941622607192e+00 6.089614677715e-01 4.084974198779e+00 -4.118984955729e+00 9.474268455638e+00 1.291279490307e+01
3160	-1.441150685320e-02 2.080677747508e-01 4.340715588125e+00 3.288262943843e+00 -6.445620934514e-01 1.916963253891e+00 -4.368445841999e+00 -2.326179406213e-01 -3.306840916022e+00 -1.941622607192e+00 6.089614677715e-01 4.084974198779e+00 -4.118984955729e+00 9.470686680267e+00 1.292081663686e+01
