10	-1.123147850796e-01 7.386148099785e-02 4.815453290492e-01 3.133100011230e+00 -4.473776202533e+00 -4.223646163109e+00 -7.035163158995e-01 -2.962068225936e-01 -3.368811787652e+00 3.999829631174e+00 4.251525860871e+00 -2.112699898225e+00 1.870328545146e+00 1.041623360496e+00 1.119648129962e+00
20	-1.123147850796e-01 7.386148099785e-02 4.815453290492e-01 3.133100011230e+00 -4.473776202533e+00 -4.223646163109e+00 -7.035163158995e-01 -2.962068225936e-01 -3.368811787652e+00 3.999829631174e+00 4.251525860871e+00 -2.112699898225e+00 1.870328545146e+00 1.041623479824e+00 1.119648067562e+00
30	-1.123147850796e-01 7.386148099785e-02 4.815453290492e-01 3.133100011230e+00 -4.473776202533e+00 -4.223646163109e+00 -7.035163158995e-01 -2.962068225936e-01 -3.368811787652e+00 3.999829631174e+00 4.251525860871e+00 -2.112699898225e+00 1.870328545146e+00 1.041623754659e+00 1.119647962065e+00
40	-1.123147850796e-01 7.386148099785e-02 4.815453290492e-01 3.133100011230e+00 -4.473776202533e+00 -4.223646163109e+00 -7.035163158995e-01 -2.962068225936e-01 -3.368811787652e+00 3.999829631174e+00 4.251525860871e+00 -2.112699898225e+00 1.870328545146e+00 1.041623664161e+00 1.119648369965e+00
50	-1.123147850796e-01 7.386148099785e-02 4.815453290492e-01 3.133100011230e+00 -4.473776202533e+00 -4.223646163109e+00 -7.035163158995e-01 -2.962068225936e-01 -3.368811787652e+00 3.999829631174e+00 4.251525860871e+00 -2.112699898225e+00 1.870328545146e+00 1.041621571032e+00 1.119651007035e+00
60	-1.123147850796e-01 7.386148099785e-02 4.815453290492e-01 3.133100011230e+00 -4.473776202533e+00 -4.223646163109e+00 -7.035163158995e-01 -2.962068225936e-01 -3.368811787652e+00 3.999829631174e+00 4.251525860871e+00 -2.112699898225e+00 1.870328545146e+00 1.041615183805e+00 1.119658376781e+00
70	-1.123147850796e-01 7.386148099785e-02 4.815453290492e-01 3.133100011230e+00 -4.473776202533e+00 -4.223646163109e+00 -7.035163158995e-01 -2.962068225936e-01 -3.368811787652e+00 3.999829631174e+00 4.251525860871e+00 -2.112699898225e+00 1.870328545146e+00 1.041602301909e+00 1.119673054598e+00
80	-1.123147850796e-01 7.386148099785e-02 4.815453290492e-01 3.133100011230e+00 -4.473776202533e+00 -4.223646163109e+00 -7.035163158995e-01 -2.962068225936e-01 -3.368811787652e+00 3.999829631174e+00 4.251525860871e+00 -2.112699898225e+00 1.870328545146e+00 1.041581497857e+00 1.119697018377e+00
90	-1.123147850796e-01 7.386148099785e-02 4.815453290492e-01 3.133100011230e+00 -4.473776202533e+00 -4.223646163109e+00 -7.035163158995e-01 -2.962068225936e-01 -3.368811787652e+00 3.999829631174e+00 4.251525860871e+00 -2.112699898225e+00 1.870328545146e+00 1.041552436103e+00 1.119731243894e+00
100	-1.123147850796e-01 7.386148099785e-02 4.815453290492e-01 3.133100011230e+00 -4.473776202533e+00 -4.223646163109e+00 -7.035163158995e-01 -2.962068225936e-01 -3.368811787652e+00 3.999829631174e+00 4.251525860871e+00 -2.112699898225e+00 1.870328545146e+00 1.041516444672e+00 1.119774861560e+00
110	-1.123147850796e-01 7.386148099785e-02 4.815453290492e-01 3.133100011230e+00 -4.473776202533e+00 -4.223646163109e+00 -7.035163158995e-01 -2.962068225936e-01 -3.368811787652e+00 3.999829631174e+00 4.251525860871e+00 -2.112699898225e+00 1.870328545146e+00 1.041475873789e+00 1.119825581000e+00
120	-1.123147850796e-01 7.386148099785e-02 4.815453290492e-01 3.133100011230e+00 -4.473776202533e+00 -4.223646163109e+00 -7.035163158995e-01 -2.962068225936e-01 -3.368811787652e+00 3.999829631174e+00 4.251525860871e+00 -2.112699898225e+00 1.870328545146e+00 1.041432592774e+00 1.119881085903e+00
130	-1.123147850796e-01 7.386148099785e-02 4.815453290492e-01 3.133100011230e+00 -4.473776202533e+00 -4.223646163109e+00 -7.035163158995e-01 -2.962068225936e-01 -3.368811787652e+00 3.999829631174e+00 4.251525860871e+00 -2.112699898225e+00 1.870328545146e+00 1.041387856665e+00 1.119939171949e+00
140	-1.123147850796e-01 7.386148099785e-02 4.815453290492e-01 3.133100011230e+00 -4.473776202533e+00 -4.223646163109e+00 -7.035163158995e-01 -2.962068225936e-01 -3.368811787652e+00 3.999829631174e+00 4.251525860871e+00 -2.112699898225e+00 1.870328545146e+00 1.041342128918e+00 1.119998240253e+00
150	-1.123147850796e-01 7.386148099785e-02 4.815453290492e-01 3.133100011230e+00 -4.473776202533e+00 -4.223646163109e+00 -7.035163158995e-01 -2.962068225936e-01 -3.368811787652e+00 3.999829631174e+00 4.251525860871e+00 -2.112699898225e+00 1.870328545146e+00 1.041295633031e+00 1.120057217292e+00
160	-1.123147850796e-01 7.386148099785e-02 4.815453290492e-01 3.133100011230e+00 -4.473776202533e+00 -4.223646163109e+00 -7.035163158995e-01 -2.962068225936e-01 -3.368811787652e+00 3.999829631174e+00 4.251525860871e+00 -2.112699898225e+00 1.870328545146e+00 1.041248638846e+00 1.120115455321e+00
170	-1.123147850796e-01 7.386148099785e-02 4.815453290492e-01 3.133100011230e+00 -4.473776202533e+00 -4.223646163109e+00 -7.035163158995e-01 -2.962068225936e-01 -3.368811787652e+00 3.999829631174e+00 4.251525860871e+00 -2.112699898225e+00 1.870328545146e+00 1.041201851523e+00 1.120172243830e+00
180	-1.123147850796e-01 7.386148099785e-02 4.815453290492e-01 3.133100011230e+00 -4.473776202533e+00 -4.223646163109e+00 -7.035163158995e-01 -2.962068225936e-01 -3.368811787652e+00 3.999829631174e+00 4.251525860871e+00 -2.112699898225e+00 1.870328545146e+00 1.041155218031e+00 1.120227720522e+00
190	-1.123147850796e-01 7.386148099785e-02 4.815453290492e-01 3.133100011230e+00 -4.473776202533e+00 -4.223646163109e+00 -7.035163158995e-01 -2.962068225936e-01 -3.368811787652e+00 3.999829631174e+00 4.251525860871e+00 -2.112699898225e+00 1.870328545146e+00 1.041107173448e+00 1.120283373709e+00
200	-1.123147850796e-01 7.386148099785e-02 4.815453290492e-01 3.133100011230e+00 -4.473776202533e+00 -4.223646163109e+00 -7.035163158995e-01 -2.962068225936e-01 -3.368811787652e+00 3.999829631174e+00 4.251525860871e+00 -2.112699898225e+00 1.870328545146e+00 1.041055154637e+00 1.120341575615e+00
210	-1.123147850796e-01 7.386148099785e-02 4.815453290492e-01 3.133100011230e+00 -4.473776202533e+00 -4.223646163109e+00 -7.035163158995e-01 -2.962068225936e-01 -3.368811787652e+00 3.999829631174e+00 4.251525860871e+00 -2.112699898225e+00 1.870328545146e+00 1.040996607294e+00 1.120404933977e+00
220	-1.123147850796e-01 7.386148099785e-02 4.815453290492e-01 3.133100011230e+00 -4.473776202533e+00 -4.223646163109e+00 -7.035163158995e-01 -2.962068225936e-01 -3.368811787652e+00 3.999829631174e+00 4.251525860871e+00 -2.112699898225e+00 1.870328545146e+00 1.040929739654e+00 1.120476030482e+00
230	-1.123147850796e-01 7.386148099785e-02 4.815453290492e-01 3.133100011230e+00 -4.473776202533e+00 -4.223646163109e+00 -7.035163158995e-01 -2.962068225936e-01 -3.368811787652e+00 3.999829631174e+00 4.251525860871e+00 -2.112699898225e+00 1.870328545146e+00 1.040853724595e+00 1.120557110485e+00
240	-1.123147850796e-01 7.386148099785e-02 4.815453290492e-01 3.133100011230e+00 -4.473776202533e+00 -4.223646163109e+00 -7.035163158995e-01 -2.962068225936e-01 -3.368811787652e+00 3.999829631174e+00 4.251525860871e+00 -2.112699898225e+00 1.870328545146e+00 1.040769917892e+00 1.120648098851e+00
250	-1.123147850796e-01 7.386148099785e-02 4.815453290492e-01 3.133100011230e+00 -4.473776202533e+00 -4.223646163109e+00 -7.035163158995e-01 -2.962068225936e-01 -3.368811787652e+00 3.999829631174e+00 4.251525860871e+00 -2.112699898225e+00 1.870328545146e+00 1.040680794356e+00 1.120747274301e+00
260	-1.123147850796e-01 7.386148099785e-02 4.815453290492e-01 3.133100011230e+00 -4.473776202533e+00 -4.223646163109e+00 -7.035163158995e-01 -2.962068225936e-01 -3.368811787652e+00 3.999829631174e+00 4.251525860871e+00 -2.112699898225e+00 1.870328545146e+00 1.040589035767e+00 1.120852145312e+00
270	-1.123147850796e-01 7.386148099785e-02 4.815453290492e-01 3.133100011230e+00 -4.473776202533e+00 -4.223646163109e+00 -7.035163158995e-01 -2.962068225936e-01 -3.368811787652e+00 3.999829631174e+00 4.251525860871e+00 -2.112699898225e+00 1.870328545146e+00 1.040496657990e+00 1.120960168079e+00
280	-1.123147850796e-01 7.386148099785e-02 4.815453290492e-01 3.133100011230e+00 -4.473776202533e+00 -4.223646163109e+00 -7.035163158995e-01 -2.962068225936e-01 -3.368811787652e+00 3.999829631174e+00 4.251525860871e+00 -2.112699898225e+00 1.870328545146e+00 1.040404316980e+00 1.121069557357e+00
290	-1.123147850796e-01 7.386148099785e-02 4.815453290492e-01 3.133100011230e+00 -4.473776202533e+00 -4.223646163109e+00 -7.035163158995e-01 -2.962068225936e-01 -3.368811787652e+00 3.999829631174e+00 4.251525860871e+00 -2.112699898225e+00 1.870328545146e+00 1.040310769055e+00 1.121180687526e+00
300	-1.123147850796e-01 7.386148099785e-02 4.815453290492e-01 3.133100011230e+00 -4.473776202533e+00 -4.223646163109e+00 -7.035163158995e-01 -2.962068225936e-01 -3.368811787652e+00 3.999829631174e+00 4.251525860871e+00 -2.112699898225e+00 1.870328545146e+00 1.040214669700e+00 1.121295260260e+00
310	-1.123147850796e-01 7.386148099785e-02 4.815453290492e-01 3.133100011230e+00 -4.473776202533e+00 -4.223646163109e+00 -7.035163158995e-01 -2.962068225936e-01 -3.368811787652e+00 3.999829631174e+00 4.251525860871e+00 -2.112699898225e+00 1.870328545146e+00 1.040116427408e+00 1.121413926383e+00
320	-1.123147850796e-01 7.386148099785e-02 4.815453290492e-01 3.133100011230e+00 -4.473776202533e+00 -4.223646163109e+00 -7.035163158995e-01 -2.962068225936e-01 -3.368811787652e+00 3.999829631174e+00 4.251525860871e+00 -2.112699898225e+00 1.870328545146e+00 1.040016936957e+00 1.121535535169e+00
330	-1.123147850796e-01 7.386148099785e-02 4.815453290492e-01 3.133100011230e+00 -4.473776202533e+00 -4.223646163109e+00 -7.035163158995e-01 -2.962068225936e-01 -3.368811787652e+00 3.999829631174e+00 4.251525860871e+00 -2.112699898225e+00 1.870328545146e+00 1.039913779536e+00 1.121658872834e+00
340	-1.123147850796e-01 7.386148099785e-02 4.815453290492e-01 3.133100011230e+00 -4.473776202533e+00 -4.223646163109e+00 -7.035163158995e-01 -2.962068225936e-01 -3.368811787652e+00 3.999829631174e+00 4.251525860871e+00 -2.112699898225e+00 1.870328545146e+00 1.039798880280e+00 1.121785467480e+00
350	-1.123147850796e-01 7.386148099785e-02 4.815453290492e-01 3.133100011230e+00 -4.473776202533e+00 -4.223646163109e+00 -7.035163158995e-01 -2.962068225936e-01 -3.368811787652e+00 3.999829631174e+00 4.251525860871e+00 -2.112699898225e+00 1.870328545146e+00 1.039665034321e+00 1.121918925658e+00
360	-1.123147850796e-01 7.386148099785e-02 4.815453290492e-01 3.133100011230e+00 -4.473776202533e+00 -4.223646163109e+00 -7.035163158995e-01 -2.962068225936e-01 -3.368811787652e+00 3.999829631174e+00 4.251525860871e+00 -2.112699898225e+00 1.870328545146e+00 1.039514508058e+00 1.122061904722e+00
370	-1.123147850796e-01 7.386148099785e-02 4.815453290492e-01 3.133100011230e+00 -4.473776202533e+00 -4.223646163109e+00 -7.035163158995e-01 -2.962068225936e-01 -3.368811787652e+00 3.999829631174e+00 4.251525860871e+00 -2.112699898225e+00 1.870328545146e+00 1.039357412778e+00 1.122213476151e+00
380	-1.123147850796e-01 7.386148099785e-02 4.815453290492e-01 3.133100011230e+00 -4.473776202533e+00 -4.223646163109e+00 -7.035163158995e-01 -2.962068225936e-01 -3.368811787652e+00 3.999829631174e+00 4.251525860871e+00 -2.112699898225e+00 1.870328545146e+00 1.039198974086e+00 1.122373201118e+00
390	-1.123147850796e-01 7.386148099785e-02 4.815453290492e-01 3.133100011230e+00 -4.473776202533e+00 -4.223646163109e+00 -7.035163158995e-01 -2.962068225936e-01 -3.368811787652e+00 3.999829631174e+00 4.251525860871e+00 -2.112699898225e+00 1.870328545146e+00 1.039037221929e+00 1.122541993328e+00
400	-1.123147850796e-01 7.386148099785e-02 4.815453290492e-01 3.133100011230e+00 -4.473776202533e+00 -4.223646163109e+00 -7.035163158995e-01 -2.962068225936e-01 -3.368811787652e+00 3.999829631174e+00 4.251525860871e+00 -2.112699898225e+00 1.870328545146e+00 1.038870156169e+00 1.122719042580e+00
410	-1.123147850796e-01 7.386148099785e-02 4.815453290492e-01 3.133100011230e+00 -4.473776202533e+00 -4.223646163109e+00 -7.035163158995e-01 -2.962068225936e-01 -3.368811787652e+00 3.999829631174e+00 4.251525860871e+00 -2.112699898225e+00 1.870328545146e+00 1.038698466738e+00 1.122901555375e+00
420	-1.123147850796e-01 7.386148099785e-02 4.815453290492e-01 3.133100011230e+00 -4.473776202533e+00 -4.223646163109e+00 -7.035163158995e-01 -2.962068225936e-01 -3.368811787652e+00 3.999829631174e+00 4.251525860871e+00 -2.112699898225e+00 1.870328545146e+00 1.038523033589e+00 1.123087442806e+00
430	-1.123147850796e-01 7.386148099785e-02 4.815453290492e-01 3.133100011230e+00 -4.473776202533e+00 -4.223646163109e+00 -7.035163158995e-01 -2.962068225936e-01 -3.368811787652e+00 3.999829631174e+00 4.251525860871e+00 -2.112699898225e+00 1.870328545146e+00 1.038342986534e+00 1.123276468921e+00
440	-1.123147850796e-01 7.386148099785e-02 4.815453290492e-01 3.133100011230e+00 -4.473776202533e+00 -4.223646163109e+00 -7.035163158995e-01 -2.962068225936e-01 -3.368811787652e+00 3.999829631174e+00 4.251525860871e+00 -2.112699898225e+00 1.870328545146e+00 1.038156814276e+00 1.123469199475e+00
450	-1.123147850796e-01 7.386148099785e-02 4.815453290492e-01 3.133100011230e+00 -4.473776202533e+00 -4.223646163109e+00 -7.035163158995e-01 -2.962068225936e-01 -3.368811787652e+00 3.999829631174e+00 4.251525860871e+00 -2.112699898225e+00 1.870328545146e+00 1.037962821333e+00 1.123667392637e+00
460	-1.123147850796e-01 7.386148099785e-02 4.815453290492e-01 3.133100011230e+00 -4.473776202533e+00 -4.223646163109e+00 -7.035163158995e-01 -2.962068225936e-01 -3.368811787652e+00 3.999829631174e+00 4.251525860871e+00 -2.112699898225e+00 1.870328545146e+00 1.037761322775e+00 1.123872114227e+00
470	-1.123147850796e-01 7.386148099785e-02 4.815453290492e-01 3.133100011230e+00 -4.473776202533e+00 -4.223646163109e+00 -7.035163158995e-01 -2.962068225936e-01 -3.368811787652e+00 3.999829631174e+00 4.251525860871e+00 -2.112699898225e+00 1.870328545146e+00 1.037555064348e+00 1.124083057149e+00
480	-1.123147850796e-01 7.386148099785e-02 4.815453290492e-01 3.133100011230e+00 -4.473776202533e+00 -4.223646163109e+00 -7.035163158995e-01 -2.962068225936e-01 -3.368811787652e+00 3.999829631174e+00 4.251525860871e+00 -2.112699898225e+00 1.870328545146e+00 1.037348029726e+00 1.124299050095e+00
490	-1.123147850796e-01 7.386148099785e-02 4.815453290492e-01 3.133100011230e+00 -4.473776202533e+00 -4.223646163109e+00 -7.035163158995e-01 -2.962068225936e-01 -3.368811787652e+00 3.999829631174e+00 4.251525860871e+00 -2.112699898225e+00 1.870328545146e+00 1.037142107056e+00 1.124520401968e+00
500	-1.123147850796e-01 7.386148099785e-02 4.815453290492e-01 3.133100011230e+00 -4.473776202533e+00 -4.223646163109e+00 -7.035163158995e-01 -2.962068225936e-01 -3.368811787652e+00 3.999829631174e+00 4.251525860871e+00 -2.112699898225e+00 1.870328545146e+00 1.036936877804e+00 1.124748417771e+00
510	-1.123147850796e-01 7.386148099785e-02 4.815453290492e-01 3.133100011230e+00 -4.473776202533e+00 -4.223646163109e+00 -7.035163158995e-01 -2.962068225936e-01 -3.368811787652e+00 3.999829631174e+00 4.251525860871e+00 -2.112699898225e+00 1.870328545146e+00 1.036731687408e+00 1.124983173842e+00
520	-1.123147850796e-01 7.386148099785e-02 4.815453290492e-01 3.133100011230e+00 -4.473776202533e+00 -4.223646163109e+00 -7.035163158995e-01 -2.962068225936e-01 -3.368811787652e+00 3.999829631174e+00 4.251525860871e+00 -2.112699898225e+00 1.870328545146e+00 1.036527011406e+00 1.125223056977e+00
530	-1.123147850796e-01 7.386148099785e-02 4.815453290492e-01 3.133100011230e+00 -4.473776202533e+00 -4.223646163109e+00 -7.035163158995e-01 -2.962068225936e-01 -3.368811787652e+00 3.999829631174e+00 4.251525860871e+00 -2.112699898225e+00 1.870328545146e+00 1.036322725893e+00 1.125467781216e+00
540	-1.123147850796e-01 7.386148099785e-02 4.815453290492e-01 3.133100011230e+00 -4.473776202533e+00 -4.223646163109e+00 -7.035163158995e-01 -2.962068225936e-01 -3.368811787652e+00 3.999829631174e+00 4.251525860871e+00 -2.112699898225e+00 1.870328545146e+00 1.036116402335e+00 1.125719449186e+00
550	-1.123147850796e-01 7.386148099785e-02 4.815453290492e-01 3.133100011230e+00 -4.473776202533e+00 -4.223646163109e+00 -7.035163158995e-01 -2.962068225936e-01 -3.368811787652e+00 3.999829631174e+00 4.251525860871e+00 -2.112699898225e+00 1.870328545146e+00 1.035904791592e+00 1.125979597722e+00
560	-1.123147850796e-01 7.386148099785e-02 4.815453290492e-01 3.133100011230e+00 -4.473776202533e+00 -4.223646163109e+00 -7.035163158995e-01 -2.962068225936e-01 -3.368811787652e+00 3.999829631174e+00 4.251525860871e+00 -2.112699898225e+00 1.870328545146e+00 1.035685269780e+00 1.126248472710e+00
570	-1.123147850796e-01 7.386148099785e-02 4.815453290492e-01 3.133100011230e+00 -4.473776202533e+00 -4.223646163109e+00 -7.035163158995e-01 -2.962068225936e-01 -3.368811787652e+00 3.999829631174e+00 4.251525860871e+00 -2.112699898225e+00 1.870328545146e+00 1.035458965477e+00 1.126523856706e+00
580	-1.123147850796e-01 7.386148099785e-02 4.815453290492e-01 3.133100011230e+00 -4.473776202533e+00 -4.223646163109e+00 -7.035163158995e-01 -2.962068225936e-01 -3.368811787652e+00 3.999829631174e+00 4.251525860871e+00 -2.112699898225e+00 1.870328545146e+00 1.035230851659e+00 1.126801499333e+00
590	-1.123147850796e-01 7.386148099785e-02 4.815453290492e-01 3.133100011230e+00 -4.473776202533e+00 -4.223646163109e+00 -7.035163158995e-01 -2.962068225936e-01 -3.368811787652e+00 3.999829631174e+00 4.251525860871e+00 -2.112699898225e+00 1.870328545146e+00 1.035004721551e+00 1.127078889615e+00
600	-1.123147850796e-01 7.386148099785e-02 4.815453290492e-01 3.133100011230e+00 -4.473776202533e+00 -4.223646163109e+00 -7.035163158995e-01 -2.962068225936e-01 -3.368811787652e+00 3.999829631174e+00 4.251525860871e+00 -2.112699898225e+00 1.870328545146e+00 1.034776782481e+00 1.127359504244e+00
610	-1.123147850796e-01 7.386148099785e-02 4.815453290492e-01 3.133100011230e+00 -4.473776202533e+00 -4.223646163109e+00 -7.035163158995e-01 -2.962068225936e-01 -3.368811787652e+00 3.999829631174e+00 4.251525860871e+00 -2.112699898225e+00 1.870328545146e+00 1.034536187282e+00 1.127651473380e+00
620	-1.123147850796e-01 7.386148099785e-02 4.815453290492e-01 3.133100011230e+00 -4.473776202533e+00 -4.223646163109e+00 -7.035163158995e-01 -2.962068225936e-01 -3.368811787652e+00 3.999829631174e+00 4.251525860871e+00 -2.112699898225e+00 1.870328545146e+00 1.034279985670e+00 1.127956146306e+00
630	-1.123147850796e-01 7.386148099785e-02 4.815453290492e-01 3.133100011230e+00 -4.473776202533e+00 -4.223646163109e+00 -7.035163158995e-01 -2.962068225936e-01 -3.368811787652e+00 3.999829631174e+00 4.251525860871e+00 -2.112699898225e+00 1.870328545146e+00 1.034018266552e+00 1.128263993911e+00
640	-1.123147850796e-01 7.386148099785e-02 4.815453290492e-01 3.133100011230e+00 -4.473776202533e+00 -4.223646163109e+00 -7.035163158995e-01 -2.962068225936e-01 -3.368811787652e+00 3.999829631174e+00 4.251525860871e+00 -2.112699898225e+00 1.870328545146e+00 1.033757197449e+00 1.128568671728e+00
650	-1.123147850796e-01 7.386148099785e-02 4.815453290492e-01 3.133100011230e+00 -4.473776202533e+00 -4.223646163109e+00 -7.035163158995e-01 -2.962068225936e-01 -3.368811787652e+00 3.999829631174e+00 4.251525860871e+00 -2.112699898225e+00 1.870328545146e+00 1.033492276800e+00 1.128875426920e+00
660	-1.123147850796e-01 7.386148099785e-02 4.815453290492e-01 3.133100011230e+00 -4.473776202533e+00 -4.223646163109e+00 -7.035163158995e-01 -2.962068225936e-01 -3.368811787652e+00 3.999829631174e+00 4.251525860871e+00 -2.112699898225e+00 1.870328545146e+00 1.033220192454e+00 1.129189863517e+00
670	-1.123147850796e-01 7.386148099785e-02 4.815453290492e-01 3.133100011230e+00 -4.473776202533e+00 -4.223646163109e+00 -7.035163158995e-01 -2.962068225936e-01 -3.368811787652e+00 3.999829631174e+00 4.251525860871e+00 -2.112699898225e+00 1.870328545146e+00 1.032941554746e+00 1.129513898024e+00
680	-1.123147850796e-01 7.386148099785e-02 4.815453290492e-01 3.133100011230e+00 -4.473776202533e+00 -4.223646163109e+00 -7.035163158995e-01 -2.962068225936e-01 -3.368811787652e+00 3.999829631174e+00 4.251525860871e+00 -2.112699898225e+00 1.870328545146e+00 1.032658558766e+00 1.129847767122e+00
690	-1.123147850796e-01 7.386148099785e-02 4.815453290492e-01 3.133100011230e+00 -4.473776202533e+00 -4.223646163109e+00 -7.035163158995e-01 -2.962068225936e-01 -3.368811787652e+00 3.999829631174e+00 4.251525860871e+00 -2.112699898225e+00 1.870328545146e+00 1.032374593260e+00 1.130188436700e+00
700	-1.123147850796e-01 7.386148099785e-02 4.815453290492e-01 3.133100011230e+00 -4.473776202533e+00 -4.223646163109e+00 -7.035163158995e-01 -2.962068225936e-01 -3.368811787652e+00 3.999829631174e+00 4.251525860871e+00 -2.112699898225e+00 1.870328545146e+00 1.032092995212e+00 1.130531152258e+00
710	-1.123147850796e-01 7.386148099785e-02 4.815453290492e-01 3.133100011230e+00 -4.473776202533e+00 -4.223646163109e+00 -7.035163158995e-01 -2.962068225936e-01 -3.368811787652e+00 3.999829631174e+00 4.251525860871e+00 -2.112699898225e+00 1.870328545146e+00 1.031814354174e+00 1.130873528894e+00
720	-1.123147850796e-01 7.386148099785e-02 4.815453290492e-01 3.133100011230e+00 -4.473776202533e+00 -4.223646163109e+00 -7.035163158995e-01 -2.962068225936e-01 -3.368811787652e+00 3.999829631174e+00 4.251525860871e+00 -2.112699898225e+00 1.870328545146e+00 1.031535420808e+00 1.131217283218e+00
730	-1.123147850796e-01 7.386148099785e-02 4.815453290492e-01 3.133100011230e+00 -4.473776202533e+00 -4.223646163109e+00 -7.035163158995e-01 -2.962068225936e-01 -3.368811787652e+00 3.999829631174e+00 4.251525860871e+00 -2.112699898225e+00 1.870328545146e+00 1.031252762263e+00 1.131565146651e+00
740	-1.123147850796e-01 7.386148099785e-02 4.815453290492e-01 3.133100011230e+00 -4.473776202533e+00 -4.223646163109e+00 -7.035163158995e-01 -2.962068225936e-01 -3.368811787652e+00 3.999829631174e+00 4.251525860871e+00 -2.112699898225e+00 1.870328545146e+00 1.030966518126e+00 1.131916925827e+00
750	-1.123147850796e-01 7.386148099785e-02 4.815453290492e-01 3.133100011230e+00 -4.473776202533e+00 -4.223646163109e+00 -7.035163158995e-01 -2.962068225936e-01 -3.368811787652e+00 3.999829631174e+00 4.251525860871e+00 -2.112699898225e+00 1.870328545146e+00 1.030679697073e+00 1.132270391496e+00
760	-1.123147850796e-01 7.386148099785e-02 4.815453290492e-01 3.133100011230e+00 -4.473776202533e+00 -4.223646163109e+00 -7.035163158995e-01 -2.962068225936e-01 -3.368811787652e+00 3.999829631174e+00 4.251525860871e+00 -2.112699898225e+00 1.870328545146e+00 1.030395662934e+00 1.132624397701e+00
770	-1.123147850796e-01 7.386148099785e-02 4.815453290492e-01 3.133100011230e+00 -4.473776202533e+00 -4.223646163109e+00 -7.035163158995e-01 -2.962068225936e-01 -3.368811787652e+00 3.999829631174e+00 4.251525860871e+00 -2.112699898225e+00 1.870328545146e+00 1.030116193921e+00 1.132979828570e+00
780	-1.123147850796e-01 7.386148099785e-02 4.815453290492e-01 3.133100011230e+00 -4.473776202533e+00 -4.223646163109e+00 -7.035163158995e-01 -2.962068225936e-01 -3.368811787652e+00 3.999829631174e+00 4.251525860871e+00 -2.112699898225e+00 1.870328545146e+00 1.029841299081e+00 1.133337633344e+00
790	-1.123147850796e-01 7.386148099785e-02 4.815453290492e-01 3.133100011230e+00 -4.473776202533e+00 -4.223646163109e+00 -7.035163158995e-01 -2.962068225936e-01 -3.368811787652e+00 3.999829631174e+00 4.251525860871e+00 -2.112699898225e+00 1.870328545146e+00 1.029569829380e+00 1.133697999288e+00
800	-1.123147850796e-01 7.386148099785e-02 4.815453290492e-01 3.133100011230e+00 -4.473776202533e+00 -4.223646163109e+00 -7.035163158995e-01 -2.962068225936e-01 -3.368811787652e+00 3.999829631174e+00 4.251525860871e+00 -2.112699898225e+00 1.870328545146e+00 1.029302032571e+00 1.134060538334e+00
810	-1.123147850796e-01 7.386148099785e-02 4.815453290492e-01 3.133100011230e+00 -4.473776202533e+00 -4.223646163109e+00 -7.035163158995e-01 -2.962068225936e-01 -3.368811787652e+00 3.999829631174e+00 4.251525860871e+00 -2.112699898225e+00 1.870328545146e+00 1.029039995466e+00 1.134424559948e+00
820	-1.123147850796e-01 7.386148099785e-02 4.815453290492e-01 3.133100011230e+00 -4.473776202533e+00 -4.223646163109e+00 -7.035163158995e-01 -2.962068225936e-01 -3.368811787652e+00 3.999829631174e+00 4.251525860871e+00 -2.112699898225e+00 1.870328545146e+00 1.028785406058e+00 1.134788982828e+00
830	-1.123147850796e-01 7.386148099785e-02 4.815453290492e-01 3.133100011230e+00 -4.473776202533e+00 -4.223646163109e+00 -7.035163158995e-01 -2.962068225936e-01 -3.368811787652e+00 3.999829631174e+00 4.251525860871e+00 -2.112699898225e+00 1.870328545146e+00 1.028537432335e+00 1.135153633117e+00
840	-1.123147850796e-01 7.386148099785e-02 4.815453290492e-01 3.133100011230e+00 -4.473776202533e+00 -4.223646163109e+00 -7.035163158995e-01 -2.962068225936e-01 -3.368811787652e+00 3.999829631174e+00 4.251525860871e+00 -2.112699898225e+00 1.870328545146e+00 1.028292323140e+00 1.135520203007e+00
850	-1.123147850796e-01 7.386148099785e-02 4.815453290492e-01 3.133100011230e+00 -4.473776202533e+00 -4.223646163109e+00 -7.035163158995e-01 -2.962068225936e-01 -3.368811787652e+00 3.999829631174e+00 4.251525860871e+00 -2.112699898225e+00 1.870328545146e+00 1.028047313373e+00 1.135889273318e+00
860	-1.123147850796e-01 7.386148099785e-02 4.815453290492e-01 3.133100011230e+00 -4.473776202533e+00 -4.223646163109e+00 -7.035163158995e-01 -2.962068225936e-01 -3.368811787652e+00 3.999829631174e+00 4.251525860871e+00 -2.112699898225e+00 1.870328545146e+00 1.027803189461e+00 1.136259157597e+00
870	-1.123147850796e-01 7.386148099785e-02 4.815453290492e-01 3.133100011230e+00 -4.473776202533e+00 -4.223646163109e+00 -7.035163158995e-01 -2.962068225936e-01 -3.368811787652e+00 3.999829631174e+00 4.251525860871e+00 -2.112699898225e+00 1.870328545146e+00 1.027563460415e+00 1.136627357953e+00
880	-1.123147850796e-01 7.386148099785e-02 4.815453290492e-01 3.133100011230e+00 -4.473776202533e+00 -4.223646163109e+00 -7.035163158995e-01 -2.962068225936e-01 -3.368811787652e+00 3.999829631174e+00 4.251525860871e+00 -2.112699898225e+00 1.870328545146e+00 1.027329251889e+00 1.136994069011e+00
890	-1.123147850796e-01 7.386148099785e-02 4.815453290492e-01 3.133100011230e+00 -4.473776202533e+00 -4.223646163109e+00 -7.035163158995e-01 -2.962068225936e-01 -3.368811787652e+00 3.999829631174e+00 4.251525860871e+00 -2.112699898225e+00 1.870328545146e+00 1.027098858264e+00 1.137360621994e+00
900	-1.123147850796e-01 7.386148099785e-02 4.815453290492e-01 3.133100011230e+00 -4.473776202533e+00 -4.223646163109e+00 -7.035163158995e-01 -2.962068225936e-01 -3.368811787652e+00 3.999829631174e+00 4.251525860871e+00 -2.112699898225e+00 1.870328545146e+00 1.026870069782e+00 1.137728346623e+00
910	-1.123147850796e-01 7.386148099785e-02 4.815453290492e-01 3.133100011230e+00 -4.473776202533e+00 -4.223646163109e+00 -7.035163158995e-01 -2.962068225936e-01 -3.368811787652e+00 3.999829631174e+00 4.251525860871e+00 -2.112699898225e+00 1.870328545146e+00 1.026640752320e+00 1.138098183786e+00
920	-1.123147850796e-01 7.386148099785e-02 4.815453290492e-01 3.133100011230e+00 -4.473776202533e+00 -4.223646163109e+00 -7.035163158995e-01 -2.962068225936e-01 -3.368811787652e+00 3.999829631174e+00 4.251525860871e+00 -2.112699898225e+00 1.870328545146e+00 1.026408149816e+00 1.138471017548e+00
930	-1.123147850796e-01 7.386148099785e-02 4.815453290492e-01 3.133100011230e+00 -4.473776202533e+00 -4.223646163109e+00 -7.035163158995e-01 -2.962068225936e-01 -3.368811787652e+00 3.999829631174e+00 4.251525860871e+00 -2.112699898225e+00 1.870328545146e+00 1.026169289575e+00 1.138850574794e+00
940	-1.123147850796e-01 7.386148099785e-02 4.815453290492e-01 3.133100011230e+00 -4.473776202533e+00 -4.223646163109e+00 -7.035163158995e-01 -2.962068225936e-01 -3.368811787652e+00 3.999829631174e+00 4.251525860871e+00 -2.112699898225e+00 1.870328545146e+00 1.025924150169e+00 1.139240578067e+00
950	-1.123147850796e-01 7.386148099785e-02 4.815453290492e-01 3.133100011230e+00 -4.473776202533e+00 -4.223646163109e+00 -7.035163158995e-01 -2.962068225936e-01 -3.368811787652e+00 3.999829631174e+00 4.251525860871e+00 -2.112699898225e+00 1.870328545146e+00 1.025675281472e+00 1.139642006430e+00
960	-1.123147850796e-01 7.386148099785e-02 4.815453290492e-01 3.133100011230e+00 -4.473776202533e+00 -4.223646163109e+00 -7.035163158995e-01 -2.962068225936e-01 -3.368811787652e+00 3.999829631174e+00 4.251525860871e+00 -2.112699898225e+00 1.870328545146e+00 1.025423960828e+00 1.140052833207e+00
970	-1.123147850796e-01 7.386148099785e-02 4.815453290492e-01 3.133100011230e+00 -4.473776202533e+00 -4.223646163109e+00 -7.035163158995e-01 -2.962068225936e-01 -3.368811787652e+00 3.999829631174e+00 4.251525860871e+00 -2.112699898225e+00 1.870328545146e+00 1.025169052760e+00 1.140470022042e+00
980	-1.123147850796e-01 7.386148099785e-02 4.815453290492e-01 3.133100011230e+00 -4.473776202533e+00 -4.223646163109e+00 -7.035163158995e-01 -2.962068225936e-01 -3.368811787652e+00 3.999829631174e+00 4.251525860871e+00 -2.112699898225e+00 1.870328545146e+00 1.024908155989e+00 1.140892223737e+00
990	-1.123147850796e-01 7.386148099785e-02 4.815453290492e-01 3.133100011230e+00 -4.473776202533e+00 -4.223646163109e+00 -7.035163158995e-01 -2.962068225936e-01 -3.368811787652e+00 3.999829631174e+00 4.251525860871e+00 -2.112699898225e+00 1.870328545146e+00 1.024641307359e+00 1.141319171106e+00
1000	-1.123147850796e-01 7.386148099785e-02 4.815453290492e-01 3.133100011230e+00 -4.473776202533e+00 -4.223646163109e+00 -7.035163158995e-01 -2.962068225936e-01 -3.368811787652e+00 3.999829631174e+00 4.251525860871e+00 -2.112699898225e+00 1.870328545146e+00 1.024370757299e+00 1.141750321980e+00
1010	-1.123147850796e-01 7.386148099785e-02 4.815453290492e-01 3.133100011230e+00 -4.473776202533e+00 -4.223646163109e+00 -7.035163158995e-01 -2.962068225936e-01 -3.368811787652e+00 3.999829631174e+00 4.251525860871e+00 -2.112699898225e+00 1.870328545146e+00 1.024099542772e+00 1.142184193671e+00
1020	-1.123147850796e-01 7.386148099785e-02 4.815453290492e-01 3.133100011230e+00 -4.473776202533e+00 -4.223646163109e+00 -7.035163158995e-01 -2.962068225936e-01 -3.368811787652e+00 3.999829631174e+00 4.251525860871e+00 -2.112699898225e+00 1.870328545146e+00 1.023830261425e+00 1.142619778642e+00
1030	-1.123147850796e-01 7.386148099785e-02 4.815453290492e-01 3.133100011230e+00 -4.473776202533e+00 -4.223646163109e+00 -7.035163158995e-01 -2.962068225936e-01 -3.368811787652e+00 3.999829631174e+00 4.251525860871e+00 -2.112699898225e+00 1.870328545146e+00 1.023564461638e+00 1.143056882312e+00
1040	-1.123147850796e-01 7.386148099785e-02 4.815453290492e-01 3.133100011230e+00 -4.473776202533e+00 -4.223646163109e+00 -7.035163158995e-01 -2.962068225936e-01 -3.368811787652e+00 3.999829631174e+00 4.251525860871e+00 -2.112699898225e+00 1.870328545146e+00 1.023300258613e+00 1.143497000894e+00
1050	-1.123147850796e-01 7.386148099785e-02 4.815453290492e-01 3.133100011230e+00 -4.473776202533e+00 -4.223646163109e+00 -7.035163158995e-01 -2.962068225936e-01 -3.368811787652e+00 3.999829631174e+00 4.251525860871e+00 -2.112699898225e+00 1.870328545146e+00 1.023032065054e+00 1.143943711144e+00
1060	-1.123147850796e-01 7.386148099785e-02 4.815453290492e-01 3.133100011230e+00 -4.473776202533e+00 -4.223646163109e+00 -7.035163158995e-01 -2.962068225936e-01 -3.368811787652e+00 3.999829631174e+00 4.251525860871e+00 -2.112699898225e+00 1.870328545146e+00 1.022753460572e+00 1.144401166038e+00
1070	-1.123147850796e-01 7.386148099785e-02 4.815453290492e-01 3.133100011230e+00 -4.473776202533e+00 -4.223646163109e+00 -7.035163158995e-01 -2.962068225936e-01 -3.368811787652e+00 3.999829631174e+00 4.251525860871e+00 -2.112699898225e+00 1.870328545146e+00 1.022460866804e+00 1.144871187420e+00
1080	-1.123147850796e-01 7.386148099785e-02 4.815453290492e-01 3.133100011230e+00 -4.473776202533e+00 -4.223646163109e+00 -7.035163158995e-01 -2.962068225936e-01 -3.368811787652e+00 3.999829631174e+00 4.251525860871e+00 -2.112699898225e+00 1.870328545146e+00 1.022156511300e+00 1.145351454051e+00
1090	-1.123147850796e-01 7.386148099785e-02 4.815453290492e-01 3.133100011230e+00 -4.473776202533e+00 -4.223646163109e+00 -7.035163158995e-01 -2.962068225936e-01 -3.368811787652e+00 3.999829631174e+00 4.251525860871e+00 -2.112699898225e+00 1.870328545146e+00 1.021846675750e+00 1.145837385361e+00
1100	-1.123147850796e-01 7.386148099785e-02 4.815453290492e-01 3.133100011230e+00 -4.473776202533e+00 -4.223646163109e+00 -7.035163158995e-01 -2.962068225936e-01 -3.368811787652e+00 3.999829631174e+00 4.251525860871e+00 -2.112699898225e+00 1.870328545146e+00 1.021539167958e+00 1.146323237230e+00
1110	-1.123147850796e-01 7.386148099785e-02 4.815453290492e-01 3.133100011230e+00 -4.473776202533e+00 -4.223646163109e+00 -7.035163158995e-01 -2.962068225936e-01 -3.368811787652e+00 3.999829631174e+00 4.251525860871e+00 -2.112699898225e+00 1.870328545146e+00 1.021236716008e+00 1.146806864033e+00
1120	-1.123147850796e-01 7.386148099785e-02 4.815453290492e-01 3.133100011230e+00 -4.473776202533e+00 -4.223646163109e+00 -7.035163158995e-01 -2.962068225936e-01 -3.368811787652e+00 3.999829631174e+00 4.251525860871e+00 -2.112699898225e+00 1.870328545146e+00 1.020934539301e+00 1.147291349846e+00
1130	-1.123147850796e-01 7.386148099785e-02 4.815453290492e-01 3.133100011230e+00 -4.473776202533e+00 -4.223646163109e+00 -7.035163158995e-01 -2.962068225936e-01 -3.368811787652e+00 3.999829631174e+00 4.251525860871e+00 -2.112699898225e+00 1.870328545146e+00 1.020624956149e+00 1.147780981055e+00
1140	-1.123147850796e-01 7.386148099785e-02 4.815453290492e-01 3.133100011230e+00 -4.473776202533e+00 -4.223646163109e+00 -7.035163158995e-01 -2.962068225936e-01 -3.368811787652e+00 3.999829631174e+00 4.251525860871e+00 -2.112699898225e+00 1.870328545146e+00 1.020302564579e+00 1.148278179234e+00
1150	-1.123147850796e-01 7.386148099785e-02 4.815453290492e-01 3.133100011230e+00 -4.473776202533e+00 -4.223646163109e+00 -7.035163158995e-01 -2.962068225936e-01 -3.368811787652e+00 3.999829631174e+00 4.251525860871e+00 -2.112699898225e+00 1.870328545146e+00 1.019968846478e+00 1.148781595243e+00
1160	-1.123147850796e-01 7.386148099785e-02 4.815453290492e-01 3.133100011230e+00 -4.473776202533e+00 -4.223646163109e+00 -7.035163158995e-01 -2.962068225936e-01 -3.368811787652e+00 3.999829631174e+00 4.251525860871e+00 -2.112699898225e+00 1.870328545146e+00 1.019629035829e+00 1.149289271552e+00
1170	-1.123147850796e-01 7.386148099785e-02 4.815453290492e-01 3.133100011230e+00 -4.473776202533e+00 -4.223646163109e+00 -7.035163158995e-01 -2.962068225936e-01 -3.368811787652e+00 3.999829631174e+00 4.251525860871e+00 -2.112699898225e+00 1.870328545146e+00 1.019287982113e+00 1.149800035675e+00
1180	-1.123147850796e-01 7.386148099785e-02 4.815453290492e-01 3.133100011230e+00 -4.473776202533e+00 -4.223646163109e+00 -7.035163158995e-01 -2.962068225936e-01 -3.368811787652e+00 3.999829631174e+00 4.251525860871e+00 -2.112699898225e+00 1.870328545146e+00 1.018950820729e+00 1.150312194531e+00
1190	-1.123147850796e-01 7.386148099785e-02 4.815453290492e-01 3.133100011230e+00 -4.473776202533e+00 -4.223646163109e+00 -7.035163158995e-01 -2.962068225936e-01 -3.368811787652e+00 3.999829631174e+00 4.251525860871e+00 -2.112699898225e+00 1.870328545146e+00 1.018619702449e+00 1.150825247796e+00
1200	-1.123147850796e-01 7.386148099785e-02 4.815453290492e-01 3.133100011230e+00 -4.473776202533e+00 -4.223646163109e+00 -7.035163158995e-01 -2.962068225936e-01 -3.368811787652e+00 3.999829631174e+00 4.251525860871e+00 -2.112699898225e+00 1.870328545146e+00 1.018288019062e+00 1.151343795888e+00
1210	-1.123147850796e-01 7.386148099785e-02 4.815453290492e-01 3.133100011230e+00 -4.473776202533e+00 -4.223646163109e+00 -7.035163158995e-01 -2.962068225936e-01 -3.368811787652e+00 3.999829631174e+00 4.251525860871e+00 -2.112699898225e+00 1.870328545146e+00 1.017949157184e+00 1.151871883648e+00
1220	-1.123147850796e-01 7.386148099785e-02 4.815453290492e-01 3.133100011230e+00 -4.473776202533e+00 -4.223646163109e+00 -7.035163158995e-01 -2.962068225936e-01 -3.368811787652e+00 3.999829631174e+00 4.251525860871e+00 -2.112699898225e+00 1.870328545146e+00 1.017603877652e+00 1.152407211762e+00
1230	-1.123147850796e-01 7.386148099785e-02 4.815453290492e-01 3.133100011230e+00 -4.473776202533e+00 -4.223646163109e+00 -7.035163158995e-01 -2.962068225936e-01 -3.368811787652e+00 3.999829631174e+00 4.251525860871e+00 -2.112699898225e+00 1.870328545146e+00 1.017254314916e+00 1.152947862702e+00
1240	-1.123147850796e-01 7.386148099785e-02 4.815453290492e-01 3.133100011230e+00 -4.473776202533e+00 -4.223646163109e+00 -7.035163158995e-01 -2.962068225936e-01 -3.368811787652e+00 3.999829631174e+00 4.251525860871e+00 -2.112699898225e+00 1.870328545146e+00 1.016902190124e+00 1.153494044513e+00
1250	-1.123147850796e-01 7.386148099785e-02 4.815453290492e-01 3.133100011230e+00 -4.473776202533e+00 -4.223646163109e+00 -7.035163158995e-01 -2.962068225936e-01 -3.368811787652e+00 3.999829631174e+00 4.251525860871e+00 -2.112699898225e+00 1.870328545146e+00 1.016547552229e+00 1.154046083544e+00
1260	-1.123147850796e-01 7.386148099785e-02 4.815453290492e-01 3.133100011230e+00 -4.473776202533e+00 -4.223646163109e+00 -7.035163158995e-01 -2.962068225936e-01 -3.368811787652e+00 3.999829631174e+00 4.251525860871e+00 -2.112699898225e+00 1.870328545146e+00 1.016191764144e+00 1.154602735824e+00
1270	-1.123147850796e-01 7.386148099785e-02 4.815453290492e-01 3.133100011230e+00 -4.473776202533e+00 -4.223646163109e+00 -7.035163158995e-01 -2.962068225936e-01 -3.368811787652e+00 3.999829631174e+00 4.251525860871e+00 -2.112699898225e+00 1.870328545146e+00 1.015837809347e+00 1.155162958461e+00
1280	-1.123147850796e-01 7.386148099785e-02 4.815453290492e-01 3.133100011230e+00 -4.473776202533e+00 -4.223646163109e+00 -7.035163158995e-01 -2.962068225936e-01 -3.368811787652e+00 3.999829631174e+00 4.251525860871e+00 -2.112699898225e+00 1.870328545146e+00 1.015486489042e+00 1.155726646674e+00
1290	-1.123147850796e-01 7.386148099785e-02 4.815453290492e-01 3.133100011230e+00 -4.473776202533e+00 -4.223646163109e+00 -7.035163158995e-01 -2.962068225936e-01 -3.368811787652e+00 3.999829631174e+00 4.251525860871e+00 -2.112699898225e+00 1.870328545146e+00 1.015137338145e+00 1.156292527127e+00
1300	-1.123147850796e-01 7.386148099785e-02 4.815453290492e-01 3.133100011230e+00 -4.473776202533e+00 -4.223646163109e+00 -7.035163158995e-01 -2.962068225936e-01 -3.368811787652e+00 3.999829631174e+00 4.251525860871e+00 -2.112699898225e+00 1.870328545146e+00 1.014790076488e+00 1.156858776079e+00
1310	-1.123147850796e-01 7.386148099785e-02 4.815453290492e-01 3.133100011230e+00 -4.473776202533e+00 -4.223646163109e+00 -7.035163158995e-01 -2.962068225936e-01 -3.368811787652e+00 3.999829631174e+00 4.251525860871e+00 -2.112699898225e+00 1.870328545146e+00 1.014444273692e+00 1.157424649680e+00
1320	-1.123147850796e-01 7.386148099785e-02 4.815453290492e-01 3.133100011230e+00 -4.473776202533e+00 -4.223646163109e+00 -7.035163158995e-01 -2.962068225936e-01 -3.368811787652e+00 3.999829631174e+00 4.251525860871e+00 -2.112699898225e+00 1.870328545146e+00 1.014097881952e+00 1.157991915998e+00
1330	-1.123147850796e-01 7.386148099785e-02 4.815453290492e-01 3.133100011230e+00 -4.473776202533e+00 -4.223646163109e+00 -7.035163158995e-01 -2.962068225936e-01 -3.368811787652e+00 3.999829631174e+00 4.251525860871e+00 -2.112699898225e+00 1.870328545146e+00 1.013748895069e+00 1.158562766849e+00
1340	-1.123147850796e-01 7.386148099785e-02 4.815453290492e-01 3.133100011230e+00 -4.473776202533e+00 -4.223646163109e+00 -7.035163158995e-01 -2.962068225936e-01 -3.368811787652e+00 3.999829631174e+00 4.251525860871e+00 -2.112699898225e+00 1.870328545146e+00 1.013396870268e+00 1.159138177090e+00
1350	-1.123147850796e-01 7.386148099785e-02 4.815453290492e-01 3.133100011230e+00 -4.473776202533e+00 -4.223646163109e+00 -7.035163158995e-01 -2.962068225936e-01 -3.368811787652e+00 3.999829631174e+00 4.251525860871e+00 -2.112699898225e+00 1.870328545146e+00 1.013042496431e+00 1.159719850570e+00
1360	-1.123147850796e-01 7.386148099785e-02 4.815453290492e-01 3.133100011230e+00 -4.473776202533e+00 -4.223646163109e+00 -7.035163158995e-01 -2.962068225936e-01 -3.368811787652e+00 3.999829631174e+00 4.251525860871e+00 -2.112699898225e+00 1.870328545146e+00 1.012686743140e+00 1.160310075545e+00
1370	-1.123147850796e-01 7.386148099785e-02 4.815453290492e-01 3.133100011230e+00 -4.473776202533e+00 -4.223646163109e+00 -7.035163158995e-01 -2.962068225936e-01 -3.368811787652e+00 3.999829631174e+00 4.251525860871e+00 -2.112699898225e+00 1.870328545146e+00 1.012327373680e+00 1.160911130455e+00
1380	-1.123147850796e-01 7.386148099785e-02 4.815453290492e-01 3.133100011230e+00 -4.473776202533e+00 -4.223646163109e+00 -7.035163158995e-01 -2.962068225936e-01 -3.368811787652e+00 3.999829631174e+00 4.251525860871e+00 -2.112699898225e+00 1.870328545146e+00 1.011960358181e+00 1.161524667678e+00
1390	-1.123147850796e-01 7.386148099785e-02 4.815453290492e-01 3.133100011230e+00 -4.473776202533e+00 -4.223646163109e+00 -7.035163158995e-01 -2.962068225936e-01 -3.368811787652e+00 3.999829631174e+00 4.251525860871e+00 -2.112699898225e+00 1.870328545146e+00 1.011584890891e+00 1.162149960969e+00
1400	-1.123147850796e-01 7.386148099785e-02 4.815453290492e-01 3.133100011230e+00 -4.473776202533e+00 -4.223646163109e+00 -7.035163158995e-01 -2.962068225936e-01 -3.368811787652e+00 3.999829631174e+00 4.251525860871e+00 -2.112699898225e+00 1.870328545146e+00 1.011204183797e+00 1.162784134880e+00
1410	-1.123147850796e-01 7.386148099785e-02 4.815453290492e-01 3.133100011230e+00 -4.473776202533e+00 -4.223646163109e+00 -7.035163158995e-01 -2.962068225936e-01 -3.368811787652e+00 3.999829631174e+00 4.251525860871e+00 -2.112699898225e+00 1.870328545146e+00 1.010822629806e+00 1.163423993182e+00
1420	-1.123147850796e-01 7.386148099785e-02 4.815453290492e-01 3.133100011230e+00 -4.473776202533e+00 -4.223646163109e+00 -7.035163158995e-01 -2.962068225936e-01 -3.368811787652e+00 3.999829631174e+00 4.251525860871e+00 -2.112699898225e+00 1.870328545146e+00 1.010443658804e+00 1.164067087047e+00
1430	-1.123147850796e-01 7.386148099785e-02 4.815453290492e-01 3.133100011230e+00 -4.473776202533e+00 -4.223646163109e+00 -7.035163158995e-01 -2.962068225936e-01 -3.368811787652e+00 3.999829631174e+00 4.251525860871e+00 -2.112699898225e+00 1.870328545146e+00 1.010070624503e+00 1.164710950280e+00
1440	-1.123147850796e-01 7.386148099785e-02 4.815453290492e-01 3.133100011230e+00 -4.473776202533e+00 -4.223646163109e+00 -7.035163158995e-01 -2.962068225936e-01 -3.368811787652e+00 3.999829631174e+00 4.251525860871e+00 -2.112699898225e+00 1.870328545146e+00 1.009704450649e+00 1.165354035457e+00
1450	-1.123147850796e-01 7.386148099785e-02 4.815453290492e-01 3.133100011230e+00 -4.473776202533e+00 -4.223646163109e+00 -7.035163158995e-01 -2.962068225936e-01 -3.368811787652e+00 3.999829631174e+00 4.251525860871e+00 -2.112699898225e+00 1.870328545146e+00 1.009340801986e+00 1.165997702632e+00
1460	-1.123147850796e-01 7.386148099785e-02 4.815453290492e-01 3.133100011230e+00 -4.473776202533e+00 -4.223646163109e+00 -7.035163158995e-01 -2.962068225936e-01 -3.368811787652e+00 3.999829631174e+00 4.251525860871e+00 -2.112699898225e+00 1.870328545146e+00 1.008976006737e+00 1.166643665214e+00
1470	-1.123147850796e-01 7.386148099785e-02 4.815453290492e-01 3.133100011230e+00 -4.473776202533e+00 -4.223646163109e+00 -7.035163158995e-01 -2.962068225936e-01 -3.368811787652e+00 3.999829631174e+00 4.251525860871e+00 -2.112699898225e+00 1.870328545146e+00 1.008607947922e+00 1.167294255274e+00
1480	-1.123147850796e-01 7.386148099785e-02 4.815453290492e-01 3.133100011230e+00 -4.473776202533e+00 -4.223646163109e+00 -7.035163158995e-01 -2.962068225936e-01 -3.368811787652e+00 3.999829631174e+00 4.251525860871e+00 -2.112699898225e+00 1.870328545146e+00 1.008234516097e+00 1.167953119075e+00
1490	-1.123147850796e-01 7.386148099785e-02 4.815453290492e-01 3.133100011230e+00 -4.473776202533e+00 -4.223646163109e+00 -7.035163158995e-01 -2.962068225936e-01 -3.368811787652e+00 3.999829631174e+00 4.251525860871e+00 -2.112699898225e+00 1.870328545146e+00 1.007859833768e+00 1.168621018322e+00
1500	-1.123147850796e-01 7.386148099785e-02 4.815453290492e-01 3.133100011230e+00 -4.473776202533e+00 -4.223646163109e+00 -7.035163158995e-01 -2.962068225936e-01 -3.368811787652e+00 3.999829631174e+00 4.251525860871e+00 -2.112699898225e+00 1.870328545146e+00 1.007488299048e+00 1.169295934676e+00
1510	-1.123147850796e-01 7.386148099785e-02 4.815453290492e-01 3.133100011230e+00 -4.473776202533e+00 -4.223646163109e+00 -7.035163158995e-01 -2.962068225936e-01 -3.368811787652e+00 3.999829631174e+00 4.251525860871e+00 -2.112699898225e+00 1.870328545146e+00 1.007119626364e+00 1.169974945938e+00
1520	-1.123147850796e-01 7.386148099785e-02 4.815453290492e-01 3.133100011230e+00 -4.473776202533e+00 -4.223646163109e+00 -7.035163158995e-01 -2.962068225936e-01 -3.368811787652e+00 3.999829631174e+00 4.251525860871e+00 -2.112699898225e+00 1.870328545146e+00 1.006751035176e+00 1.170658163792e+00
1530	-1.123147850796e-01 7.386148099785e-02 4.815453290492e-01 3.133100011230e+00 -4.473776202533e+00 -4.223646163109e+00 -7.035163158995e-01 -2.962068225936e-01 -3.368811787652e+00 3.999829631174e+00 4.251525860871e+00 -2.112699898225e+00 1.870328545146e+00 1.006378501523e+00 1.171348420622e+00
1540	-1.123147850796e-01 7.386148099785e-02 4.815453290492e-01 3.133100011230e+00 -4.473776202533e+00 -4.223646163109e+00 -7.035163158995e-01 -2.962068225936e-01 -3.368811787652e+00 3.999829631174e+00 4.251525860871e+00 -2.112699898225e+00 1.870328545146e+00 1.006000339234e+00 1.172046860106e+00
1550	-1.123147850796e-01 7.386148099785e-02 4.815453290492e-01 3.133100011230e+00 -4.473776202533e+00 -4.223646163109e+00 -7.035163158995e-01 -2.962068225936e-01 -3.368811787652e+00 3.999829631174e+00 4.251525860871e+00 -2.112699898225e+00 1.870328545146e+00 1.005616548101e+00 1.172752516691e+00
1560	-1.123147850796e-01 7.386148099785e-02 4.815453290492e-01 3.133100011230e+00 -4.473776202533e+00 -4.223646163109e+00 -7.035163158995e-01 -2.962068225936e-01 -3.368811787652e+00 3.999829631174e+00 4.251525860871e+00 -2.112699898225e+00 1.870328545146e+00 1.005228794414e+00 1.173462099158e+00
1570	-1.123147850796e-01 7.386148099785e-02 4.815453290492e-01 3.133100011230e+00 -4.473776202533e+00 -4.223646163109e+00 -7.035163158995e-01 -2.962068225936e-01 -3.368811787652e+00 3.999829631174e+00 4.251525860871e+00 -2.112699898225e+00 1.870328545146e+00 1.004840564341e+00 1.174171747045e+00
1580	-1.123147850796e-01 7.386148099785e-02 4.815453290492e-01 3.133100011230e+00 -4.473776202533e+00 -4.223646163109e+00 -7.035163158995e-01 -2.962068225936e-01 -3.368811787652e+00 3.999829631174e+00 4.251525860871e+00 -2.112699898225e+00 1.870328545146e+00 1.004455838466e+00 1.174878089412e+00
1590	-1.123147850796e-01 7.386148099785e-02 4.815453290492e-01 3.133100011230e+00 -4.473776202533e+00 -4.223646163109e+00 -7.035163158995e-01 -2.962068225936e-01 -3.368811787652e+00 3.999829631174e+00 4.251525860871e+00 -2.112699898225e+00 1.870328545146e+00 1.004076921147e+00 1.175578370946e+00
1600	-1.123147850796e-01 7.386148099785e-02 4.815453290492e-01 3.133100011230e+00 -4.473776202533e+00 -4.223646163109e+00 -7.035163158995e-01 -2.962068225936e-01 -3.368811787652e+00 3.999829631174e+00 4.251525860871e+00 -2.112699898225e+00 1.870328545146e+00 1.003702600289e+00 1.176272476542e+00
1610	-1.123147850796e-01 7.386148099785e-02 4.815453290492e-01 3.133100011230e+00 -4.473776202533e+00 -4.223646163109e+00 -7.035163158995e-01 -2.962068225936e-01 -3.368811787652e+00 3.999829631174e+00 4.251525860871e+00 -2.112699898225e+00 1.870328545146e+00 1.003331984837e+00 1.176960878906e+00
1620	-1.123147850796e-01 7.386148099785e-02 4.815453290492e-01 3.133100011230e+00 -4.473776202533e+00 -4.223646163109e+00 -7.035163158995e-01 -2.962068225936e-01 -3.368811787652e+00 3.999829631174e+00 4.251525860871e+00 -2.112699898225e+00 1.870328545146e+00 1.002964641505e+00 1.177644399845e+00
1630	-1.123147850796e-01 7.386148099785e-02 4.815453290492e-01 3.133100011230e+00 -4.473776202533e+00 -4.223646163109e+00 -7.035163158995e-01 -2.962068225936e-01 -3.368811787652e+00 3.999829631174e+00 4.251525860871e+00 -2.112699898225e+00 1.870328545146e+00 1.002598106779e+00 1.178325876689e+00
1640	-1.123147850796e-01 7.386148099785e-02 4.815453290492e-01 3.133100011230e+00 -4.473776202533e+00 -4.223646163109e+00 -7.035163158995e-01 -2.962068225936e-01 -3.368811787652e+00 3.999829631174e+00 4.251525860871e+00 -2.112699898225e+00 1.870328545146e+00 1.002231868317e+00 1.179006541467e+00
1650	-1.123147850796e-01 7.386148099785e-02 4.815453290492e-01 3.133100011230e+00 -4.473776202533e+00 -4.223646163109e+00 -7.035163158995e-01 -2.962068225936e-01 -3.368811787652e+00 3.999829631174e+00 4.251525860871e+00 -2.112699898225e+00 1.870328545146e+00 1.001864878000e+00 1.179687149782e+00
1660	-1.123147850796e-01 7.386148099785e-02 4.815453290492e-01 3.133100011230e+00 -4.473776202533e+00 -4.223646163109e+00 -7.035163158995e-01 -2.962068225936e-01 -3.368811787652e+00 3.999829631174e+00 4.251525860871e+00 -2.112699898225e+00 1.870328545146e+00 1.001493261449e+00 1.180370063375e+00
1670	-1.123147850796e-01 7.386148099785e-02 4.815453290492e-01 3.133100011230e+00 -4.473776202533e+00 -4.223646163109e+00 -7.035163158995e-01 -2.962068225936e-01 -3.368811787652e+00 3.999829631174e+00 4.251525860871e+00 -2.112699898225e+00 1.870328545146e+00 1.001113951120e+00 1.181057074272e+00
1680	-1.123147850796e-01 7.386148099785e-02 4.815453290492e-01 3.133100011230e+00 -4.473776202533e+00 -4.223646163109e+00 -7.035163158995e-01 -2.962068225936e-01 -3.368811787652e+00 3.999829631174e+00 4.251525860871e+00 -2.112699898225e+00 1.870328545146e+00 1.000728202462e+00 1.181747073260e+00
1690	-1.123147850796e-01 7.386148099785e-02 4.815453290492e-01 3.133100011230e+00 -4.473776202533e+00 -4.223646163109e+00 -7.035163158995e-01 -2.962068225936e-01 -3.368811787652e+00 3.999829631174e+00 4.251525860871e+00 -2.112699898225e+00 1.870328545146e+00 1.000339978153e+00 1.182437878157e+00
1700	-1.123147850796e-01 7.386148099785e-02 4.815453290492e-01 3.133100011230e+00 -4.473776202533e+00 -4.223646163109e+00 -7.035163158995e-01 -2.962068225936e-01 -3.368811787652e+00 3.999829631174e+00 4.251525860871e+00 -2.112699898225e+00 1.870328545146e+00 9.999521397727e-01 1.183129710010e+00
1710	-1.123147850796e-01 7.386148099785e-02 4.815453290492e-01 3.133100011230e+00 -4.473776202533e+00 -4.223646163109e+00 -7.035163158995e-01 -2.962068225936e-01 -3.368811787652e+00 3.999829631174e+00 4.251525860871e+00 -2.112699898225e+00 1.870328545146e+00 9.995690739701e-01 1.183822924922e+00
1720	-1.123147850796e-01 7.386148099785e-02 4.815453290492e-01 3.133100011230e+00 -4.473776202533e+00 -4.223646163109e+00 -7.035163158995e-01 -2.962068225936e-01 -3.368811787652e+00 3.999829631174e+00 4.251525860871e+00 -2.112699898225e+00 1.870328545146e+00 9.991966096882e-01 1.184516268493e+00
1730	-1.123147850796e-01 7.386148099785e-02 4.815453290492e-01 3.133100011230e+00 -4.473776202533e+00 -4.223646163109e+00 -7.035163158995e-01 -2.962068225936e-01 -3.368811787652e+00 3.999829631174e+00 4.251525860871e+00 -2.112699898225e+00 1.870328545146e+00 9.988344269041e-01 1.185211436942e+00
1740	-1.123147850796e-01 7.386148099785e-02 4.815453290492e-01 3.133100011230e+00 -4.473776202533e+00 -4.223646163109e+00 -7.035163158995e-01 -2.962068225936e-01 -3.368811787652e+00 3.999829631174e+00 4.251525860871e+00 -2.112699898225e+00 1.870328545146e+00 9.984764278985e-01 1.185913343168e+00
1750	-1.123147850796e-01 7.386148099785e-02 4.815453290492e-01 3.133100011230e+00 -4.473776202533e+00 -4.223646163109e+00 -7.035163158995e-01 -2.962068225936e-01 -3.368811787652e+00 3.999829631174e+00 4.251525860871e+00 -2.112699898225e+00 1.870328545146e+00 9.981178649156e-01 1.186625498232e+00
1760	-1.123147850796e-01 7.386148099785e-02 4.815453290492e-01 3.133100011230e+00 -4.473776202533e+00 -4.223646163109e+00 -7.035163158995e-01 -2.962068225936e-01 -3.368811787652e+00 3.999829631174e+00 4.251525860871e+00 -2.112699898225e+00 1.870328545146e+00 9.977559901774e-01 1.187350042535e+00
1770	-1.123147850796e-01 7.386148099785e-02 4.815453290492e-01 3.133100011230e+00 -4.473776202533e+00 -4.223646163109e+00 -7.035163158995e-01 -2.962068225936e-01 -3.368811787652e+00 3.999829631174e+00 4.251525860871e+00 -2.112699898225e+00 1.870328545146e+00 9.973898237836e-01 1.188088902940e+00
1780	-1.123147850796e-01 7.386148099785e-02 4.815453290492e-01 3.133100011230e+00 -4.473776202533e+00 -4.223646163109e+00 -7.035163158995e-01 -2.962068225936e-01 -3.368811787652e+00 3.999829631174e+00 4.251525860871e+00 -2.112699898225e+00 1.870328545146e+00 9.970224038328e-01 1.188842459745e+00
1790	-1.123147850796e-01 7.386148099785e-02 4.815453290492e-01 3.133100011230e+00 -4.473776202533e+00 -4.223646163109e+00 -7.035163158995e-01 -2.962068225936e-01 -3.368811787652e+00 3.999829631174e+00 4.251525860871e+00 -2.112699898225e+00 1.870328545146e+00 9.966558087787e-01 1.189608849749e+00
1800	-1.123147850796e-01 7.386148099785e-02 4.815453290492e-01 3.133100011230e+00 -4.473776202533e+00 -4.223646163109e+00 -7.035163158995e-01 -2.962068225936e-01 -3.368811787652e+00 3.999829631174e+00 4.251525860871e+00 -2.112699898225e+00 1.870328545146e+00 9.962876375616e-01 1.190386569688e+00
1810	-1.123147850796e-01 7.386148099785e-02 4.815453290492e-01 3.133100011230e+00 -4.473776202533e+00 -4.223646163109e+00 -7.035163158995e-01 -2.962068225936e-01 -3.368811787652e+00 3.999829631174e+00 4.251525860871e+00 -2.112699898225e+00 1.870328545146e+00 9.959186500864e-01 1.191175240613e+00
1820	-1.123147850796e-01 7.386148099785e-02 4.815453290492e-01 3.133100011230e+00 -4.473776202533e+00 -4.223646163109e+00 -7.035163158995e-01 -2.962068225936e-01 -3.368811787652e+00 3.999829631174e+00 4.251525860871e+00 -2.112699898225e+00 1.870328545146e+00 9.955550385014e-01 1.191972483720e+00
1830	-1.123147850796e-01 7.386148099785e-02 4.815453290492e-01 3.133100011230e+00 -4.473776202533e+00 -4.223646163109e+00 -7.035163158995e-01 -2.962068225936e-01 -3.368811787652e+00 3.999829631174e+00 4.251525860871e+00 -2.112699898225e+00 1.870328545146e+00 9.952026541382e-01 1.192774054104e+00
1840	-1.123147850796e-01 7.386148099785e-02 4.815453290492e-01 3.133100011230e+00 -4.473776202533e+00 -4.223646163109e+00 -7.035163158995e-01 -2.962068225936e-01 -3.368811787652e+00 3.999829631174e+00 4.251525860871e+00 -2.112699898225e+00 1.870328545146e+00 9.948605195101e-01 1.193578435417e+00
1850	-1.123147850796e-01 7.386148099785e-02 4.815453290492e-01 3.133100011230e+00 -4.473776202533e+00 -4.223646163109e+00 -7.035163158995e-01 -2.962068225936e-01 -3.368811787652e+00 3.999829631174e+00 4.251525860871e+00 -2.112699898225e+00 1.870328545146e+00 9.945214460294e-01 1.194386070574e+00
1860	-1.123147850796e-01 7.386148099785e-02 4.815453290492e-01 3.133100011230e+00 -4.473776202533e+00 -4.223646163109e+00 -7.035163158995e-01 -2.962068225936e-01 -3.368811787652e+00 3.999829631174e+00 4.251525860871e+00 -2.112699898225e+00 1.870328545146e+00 9.941775708396e-01 1.195197072018e+00
1870	-1.123147850796e-01 7.386148099785e-02 4.815453290492e-01 3.133100011230e+00 -4.473776202533e+00 -4.223646163109e+00 -7.035163158995e-01 -2.962068225936e-01 -3.368811787652e+00 3.999829631174e+00 4.251525860871e+00 -2.112699898225e+00 1.870328545146e+00 9.938251358813e-01 1.196010787620e+00
1880	-1.123147850796e-01 7.386148099785e-02 4.815453290492e-01 3.133100011230e+00 -4.473776202533e+00 -4.223646163109e+00 -7.035163158995e-01 -2.962068225936e-01 -3.368811787652e+00 3.999829631174e+00 4.251525860871e+00 -2.112699898225e+00 1.870328545146e+00 9.934642895495e-01 1.196827266253e+00
1890	-1.123147850796e-01 7.386148099785e-02 4.815453290492e-01 3.133100011230e+00 -4.473776202533e+00 -4.223646163109e+00 -7.035163158995e-01 -2.962068225936e-01 -3.368811787652e+00 3.999829631174e+00 4.251525860871e+00 -2.112699898225e+00 1.870328545146e+00 9.931004979158e-01 1.197644644934e+00
1900	-1.123147850796e-01 7.386148099785e-02 4.815453290492e-01 3.133100011230e+00 -4.473776202533e+00 -4.223646163109e+00 -7.035163158995e-01 -2.962068225936e-01 -3.368811787652e+00 3.999829631174e+00 4.251525860871e+00 -2.112699898225e+00 1.870328545146e+00 9.927394094215e-01 1.198460576713e+00
1910	-1.123147850796e-01 7.386148099785e-02 4.815453290492e-01 3.133100011230e+00 -4.473776202533e+00 -4.223646163109e+00 -7.035163158995e-01 -2.962068225936e-01 -3.368811787652e+00 3.999829631174e+00 4.251525860871e+00 -2.112699898225e+00 1.870328545146e+00 9.923797577238e-01 1.199276279837e+00
1920	-1.123147850796e-01 7.386148099785e-02 4.815453290492e-01 3.133100011230e+00 -4.473776202533e+00 -4.223646163109e+00 -7.035163158995e-01 -2.962068225936e-01 -3.368811787652e+00 3.999829631174e+00 4.251525860871e+00 -2.112699898225e+00 1.870328545146e+00 9.920191170576e-01 1.200091412635e+00
1930	-1.123147850796e-01 7.386148099785e-02 4.815453290492e-01 3.133100011230e+00 -4.473776202533e+00 -4.223646163109e+00 -7.035163158995e-01 -2.962068225936e-01 -3.368811787652e+00 3.999829631174e+00 4.251525860871e+00 -2.112699898225e+00 1.870328545146e+00 9.916572998330e-01 1.200904148125e+00
1940	-1.123147850796e-01 7.386148099785e-02 4.815453290492e-01 3.133100011230e+00 -4.473776202533e+00 -4.223646163109e+00 -7.035163158995e-01 -2.962068225936e-01 -3.368811787652e+00 3.999829631174e+00 4.251525860871e+00 -2.112699898225e+00 1.870328545146e+00 9.912923732929e-01 1.201716076309e+00
1950	-1.123147850796e-01 7.386148099785e-02 4.815453290492e-01 3.133100011230e+00 -4.473776202533e+00 -4.223646163109e+00 -7.035163158995e-01 -2.962068225936e-01 -3.368811787652e+00 3.999829631174e+00 4.251525860871e+00 -2.112699898225e+00 1.870328545146e+00 9.909209718896e-01 1.202529547445e+00
1960	-1.123147850796e-01 7.386148099785e-02 4.815453290492e-01 3.133100011230e+00 -4.473776202533e+00 -4.223646163109e+00 -7.035163158995e-01 -2.962068225936e-01 -3.368811787652e+00 3.999829631174e+00 4.251525860871e+00 -2.112699898225e+00 1.870328545146e+00 9.905429541405e-01 1.203345044105e+00
1970	-1.123147850796e-01 7.386148099785e-02 4.815453290492e-01 3.133100011230e+00 -4.473776202533e+00 -4.223646163109e+00 -7.035163158995e-01 -2.962068225936e-01 -3.368811787652e+00 3.999829631174e+00 4.251525860871e+00 -2.112699898225e+00 1.870328545146e+00 9.901643186700e-01 1.204161092604e+00
1980	-1.123147850796e-01 7.386148099785e-02 4.815453290492e-01 3.133100011230e+00 -4.473776202533e+00 -4.223646163109e+00 -7.035163158995e-01 -2.962068225936e-01 -3.368811787652e+00 3.999829631174e+00 4.251525860871e+00 -2.112699898225e+00 1.870328545146e+00 9.897919258872e-01 1.204976466206e+00
1990	-1.123147850796e-01 7.386148099785e-02 4.815453290492e-01 3.133100011230e+00 -4.473776202533e+00 -4.223646163109e+00 -7.035163158995e-01 -2.962068225936e-01 -3.368811787652e+00 3.999829631174e+00 4.251525860871e+00 -2.112699898225e+00 1.870328545146e+00 9.894265159445e-01 1.205792245124e+00
2000	-1.123147850796e-01 7.386148099785e-02 4.815453290492e-01 3.133100011230e+00 -4.473776202533e+00 -4.223646163109e+00 -7.035163158995e-01 -2.962068225936e-01 -3.368811787652e+00 3.999829631174e+00 4.251525860871e+00 -2.112699898225e+00 1.870328545146e+00 9.890651318902e-01 1.206609028027e+00
2010	-1.123147850796e-01 7.386148099785e-02 4.815453290492e-01 3.133100011230e+00 -4.473776202533e+00 -4.223646163109e+00 -7.035163158995e-01 -2.962068225936e-01 -3.368811787652e+00 3.999829631174e+00 4.251525860871e+00 -2.112699898225e+00 1.870328545146e+00 9.887054839520e-01 1.207427081277e+00
2020	-1.123147850796e-01 7.386148099785e-02 4.815453290492e-01 3.133100011230e+00 -4.473776202533e+00 -4.223646163109e+00 -7.035163158995e-01 -2.962068225936e-01 -3.368811787652e+00 3.999829631174e+00 4.251525860871e+00 -2.112699898225e+00 1.870328545146e+00 9.883500073758e-01 1.208245674291e+00
2030	-1.123147850796e-01 7.386148099785e-02 4.815453290492e-01 3.133100011230e+00 -4.473776202533e+00 -4.223646163109e+00 -7.035163158995e-01 -2.962068225936e-01 -3.368811787652e+00 3.999829631174e+00 4.251525860871e+00 -2.112699898225e+00 1.870328545146e+00 9.880017414972e-01 1.209064544196e+00
2040	-1.123147850796e-01 7.386148099785e-02 4.815453290492e-01 3.133100011230e+00 -4.473776202533e+00 -4.223646163109e+00 -7.035163158995e-01 -2.962068225936e-01 -3.368811787652e+00 3.999829631174e+00 4.251525860871e+00 -2.112699898225e+00 1.870328545146e+00 9.876577063281e-01 1.209887220696e+00
2050	-1.123147850796e-01 7.386148099785e-02 4.815453290492e-01 3.133100011230e+00 -4.473776202533e+00 -4.223646163109e+00 -7.035163158995e-01 -2.962068225936e-01 -3.368811787652e+00 3.999829631174e+00 4.251525860871e+00 -2.112699898225e+00 1.870328545146e+00 9.873145489155e-01 1.210717275626e+00
2060	-1.123147850796e-01 7.386148099785e-02 4.815453290492e-01 3.133100011230e+00 -4.473776202533e+00 -4.223646163109e+00 -7.035163158995e-01 -2.962068225936e-01 -3.368811787652e+00 3.999829631174e+00 4.251525860871e+00 -2.112699898225e+00 1.870328545146e+00 9.869717713316e-01 1.211557353154e+00
2070	-1.123147850796e-01 7.386148099785e-02 4.815453290492e-01 3.133100011230e+00 -4.473776202533e+00 -4.223646163109e+00 -7.035163158995e-01 -2.962068225936e-01 -3.368811787652e+00 3.999829631174e+00 4.251525860871e+00 -2.112699898225e+00 1.870328545146e+00 9.866297331670e-01 1.212409338540e+00
2080	-1.123147850796e-01 7.386148099785e-02 4.815453290492e-01 3.133100011230e+00 -4.473776202533e+00 -4.223646163109e+00 -7.035163158995e-01 -2.962068225936e-01 -3.368811787652e+00 3.999829631174e+00 4.251525860871e+00 -2.112699898225e+00 1.870328545146e+00 9.862866424241e-01 1.213274368607e+00
2090	-1.123147850796e-01 7.386148099785e-02 4.815453290492e-01 3.133100011230e+00 -4.473776202533e+00 -4.223646163109e+00 -7.035163158995e-01 -2.962068225936e-01 -3.368811787652e+00 3.999829631174e+00 4.251525860871e+00 -2.112699898225e+00 1.870328545146e+00 9.859410133074e-01 1.214153984635e+00
2100	-1.123147850796e-01 7.386148099785e-02 4.815453290492e-01 3.133100011230e+00 -4.473776202533e+00 -4.223646163109e+00 -7.035163158995e-01 -2.962068225936e-01 -3.368811787652e+00 3.999829631174e+00 4.251525860871e+00 -2.112699898225e+00 1.870328545146e+00 9.855922790929e-01 1.215047926177e+00
2110	-1.123147850796e-01 7.386148099785e-02 4.815453290492e-01 3.133100011230e+00 -4.473776202533e+00 -4.223646163109e+00 -7.035163158995e-01 -2.962068225936e-01 -3.368811787652e+00 3.999829631174e+00 4.251525860871e+00 -2.112699898225e+00 1.870328545146e+00 9.852427359733e-01 1.215952329990e+00
2120	-1.123147850796e-01 7.386148099785e-02 4.815453290492e-01 3.133100011230e+00 -4.473776202533e+00 -4.223646163109e+00 -7.035163158995e-01 -2.962068225936e-01 -3.368811787652e+00 3.999829631174e+00 4.251525860871e+00 -2.112699898225e+00 1.870328545146e+00 9.848959659331e-01 1.216862679949e+00
2130	-1.123147850796e-01 7.386148099785e-02 4.815453290492e-01 3.133100011230e+00 -4.473776202533e+00 -4.223646163109e+00 -7.035163158995e-01 -2.962068225936e-01 -3.368811787652e+00 3.999829631174e+00 4.251525860871e+00 -2.112699898225e+00 1.870328545146e+00 9.845526184676e-01 1.217775920246e+00
2140	-1.123147850796e-01 7.386148099785e-02 4.815453290492e-01 3.133100011230e+00 -4.473776202533e+00 -4.223646163109e+00 -7.035163158995e-01 -2.962068225936e-01 -3.368811787652e+00 3.999829631174e+00 4.251525860871e+00 -2.112699898225e+00 1.870328545146e+00 9.842088463688e-01 1.218691661919e+00
2150	-1.123147850796e-01 7.386148099785e-02 4.815453290492e-01 3.133100011230e+00 -4.473776202533e+00 -4.223646163109e+00 -7.035163158995e-01 -2.962068225936e-01 -3.368811787652e+00 3.999829631174e+00 4.251525860871e+00 -2.112699898225e+00 1.870328545146e+00 9.838629560615e-01 1.219609203447e+00
2160	-1.123147850796e-01 7.386148099785e-02 4.815453290492e-01 3.133100011230e+00 -4.473776202533e+00 -4.223646163109e+00 -7.035163158995e-01 -2.962068225936e-01 -3.368811787652e+00 3.999829631174e+00 4.251525860871e+00 -2.112699898225e+00 1.870328545146e+00 9.835170005507e-01 1.220525938975e+00
2170	-1.123147850796e-01 7.386148099785e-02 4.815453290492e-01 3.133100011230e+00 -4.473776202533e+00 -4.223646163109e+00 -7.035163158995e-01 -2.962068225936e-01 -3.368811787652e+00 3.999829631174e+00 4.251525860871e+00 -2.112699898225e+00 1.870328545146e+00 9.831691828062e-01 1.221441593367e+00
2180	-1.123147850796e-01 7.386148099785e-02 4.815453290492e-01 3.133100011230e+00 -4.473776202533e+00 -4.223646163109e+00 -7.035163158995e-01 -2.962068225936e-01 -3.368811787652e+00 3.999829631174e+00 4.251525860871e+00 -2.112699898225e+00 1.870328545146e+00 9.828158173800e-01 1.222356738134e+00
2190	-1.123147850796e-01 7.386148099785e-02 4.815453290492e-01 3.133100011230e+00 -4.473776202533e+00 -4.223646163109e+00 -7.035163158995e-01 -2.962068225936e-01 -3.368811787652e+00 3.999829631174e+00 4.251525860871e+00 -2.112699898225e+00 1.870328545146e+00 9.824565155028e-01 1.223271270009e+00
2200	-1.123147850796e-01 7.386148099785e-02 4.815453290492e-01 3.133100011230e+00 -4.473776202533e+00 -4.223646163109e+00 -7.035163158995e-01 -2.962068225936e-01 -3.368811787652e+00 3.999829631174e+00 4.251525860871e+00 -2.112699898225e+00 1.870328545146e+00 9.820934446965e-01 1.224185008698e+00
2210	-1.123147850796e-01 7.386148099785e-02 4.815453290492e-01 3.133100011230e+00 -4.473776202533e+00 -4.223646163109e+00 -7.035163158995e-01 -2.962068225936e-01 -3.368811787652e+00 3.999829631174e+00 4.251525860871e+00 -2.112699898225e+00 1.870328545146e+00 9.817294277550e-01 1.225096654130e+00
2220	-1.123147850796e-01 7.386148099785e-02 4.815453290492e-01 3.133100011230e+00 -4.473776202533e+00 -4.223646163109e+00 -7.035163158995e-01 -2.962068225936e-01 -3.368811787652e+00 3.999829631174e+00 4.251525860871e+00 -2.112699898225e+00 1.870328545146e+00 9.813636312783e-01 1.226006240269e+00
2230	-1.123147850796e-01 7.386148099785e-02 4.815453290492e-01 3.133100011230e+00 -4.473776202533e+00 -4.223646163109e+00 -7.035163158995e-01 -2.962068225936e-01 -3.368811787652e+00 3.999829631174e+00 4.251525860871e+00 -2.112699898225e+00 1.870328545146e+00 9.809944579381e-01 1.226913553628e+00
2240	-1.123147850796e-01 7.386148099785e-02 4.815453290492e-01 3.133100011230e+00 -4.473776202533e+00 -4.223646163109e+00 -7.035163158995e-01 -2.962068225936e-01 -3.368811787652e+00 3.999829631174e+00 4.251525860871e+00 -2.112699898225e+00 1.870328545146e+00 9.806214465126e-01 1.227818866475e+00
2250	-1.123147850796e-01 7.386148099785e-02 4.815453290492e-01 3.133100011230e+00 -4.473776202533e+00 -4.223646163109e+00 -7.035163158995e-01 -2.962068225936e-01 -3.368811787652e+00 3.999829631174e+00 4.251525860871e+00 -2.112699898225e+00 1.870328545146e+00 9.802431041477e-01 1.228724656524e+00
2260	-1.123147850796e-01 7.386148099785e-02 4.815453290492e-01 3.133100011230e+00 -4.473776202533e+00 -4.223646163109e+00 -7.035163158995e-01 -2.962068225936e-01 -3.368811787652e+00 3.999829631174e+00 4.251525860871e+00 -2.112699898225e+00 1.870328545146e+00 9.798601542997e-01 1.229631664281e+00
2270	-1.123147850796e-01 7.386148099785e-02 4.815453290492e-01 3.133100011230e+00 -4.473776202533e+00 -4.223646163109e+00 -7.035163158995e-01 -2.962068225936e-01 -3.368811787652e+00 3.999829631174e+00 4.251525860871e+00 -2.112699898225e+00 1.870328545146e+00 9.794764525353e-01 1.230539444503e+00
2280	-1.123147850796e-01 7.386148099785e-02 4.815453290492e-01 3.133100011230e+00 -4.473776202533e+00 -4.223646163109e+00 -7.035163158995e-01 -2.962068225936e-01 -3.368811787652e+00 3.999829631174e+00 4.251525860871e+00 -2.112699898225e+00 1.870328545146e+00 9.790955899044e-01 1.231449119725e+00
2290	-1.123147850796e-01 7.386148099785e-02 4.815453290492e-01 3.133100011230e+00 -4.473776202533e+00 -4.223646163109e+00 -7.035163158995e-01 -2.962068225936e-01 -3.368811787652e+00 3.999829631174e+00 4.251525860871e+00 -2.112699898225e+00 1.870328545146e+00 9.787184174705e-01 1.232363334061e+00
2300	-1.123147850796e-01 7.386148099785e-02 4.815453290492e-01 3.133100011230e+00 -4.473776202533e+00 -4.223646163109e+00 -7.035163158995e-01 -2.962068225936e-01 -3.368811787652e+00 3.999829631174e+00 4.251525860871e+00 -2.112699898225e+00 1.870328545146e+00 9.783437203492e-01 1.233284613994e+00
2310	-1.123147850796e-01 7.386148099785e-02 4.815453290492e-01 3.133100011230e+00 -4.473776202533e+00 -4.223646163109e+00 -7.035163158995e-01 -2.962068225936e-01 -3.368811787652e+00 3.999829631174e+00 4.251525860871e+00 -2.112699898225e+00 1.870328545146e+00 9.779703351951e-01 1.234214414907e+00
2320	-1.123147850796e-01 7.386148099785e-02 4.815453290492e-01 3.133100011230e+00 -4.473776202533e+00 -4.223646163109e+00 -7.035163158995e-01 -2.962068225936e-01 -3.368811787652e+00 3.999829631174e+00 4.251525860871e+00 -2.112699898225e+00 1.870328545146e+00 9.775974174308e-01 1.235153653239e+00
2330	-1.123147850796e-01 7.386148099785e-02 4.815453290492e-01 3.133100011230e+00 -4.473776202533e+00 -4.223646163109e+00 -7.035163158995e-01 -2.962068225936e-01 -3.368811787652e+00 3.999829631174e+00 4.251525860871e+00 -2.112699898225e+00 1.870328545146e+00 9.772263054392e-01 1.236101072833e+00
2340	-1.123147850796e-01 7.386148099785e-02 4.815453290492e-01 3.133100011230e+00 -4.473776202533e+00 -4.223646163109e+00 -7.035163158995e-01 -2.962068225936e-01 -3.368811787652e+00 3.999829631174e+00 4.251525860871e+00 -2.112699898225e+00 1.870328545146e+00 9.768613089280e-01 1.237054669046e+00
2350	-1.123147850796e-01 7.386148099785e-02 4.815453290492e-01 3.133100011230e+00 -4.473776202533e+00 -4.223646163109e+00 -7.035163158995e-01 -2.962068225936e-01 -3.368811787652e+00 3.999829631174e+00 4.251525860871e+00 -2.112699898225e+00 1.870328545146e+00 9.765026159270e-01 1.238017574878e+00
2360	-1.123147850796e-01 7.386148099785e-02 4.815453290492e-01 3.133100011230e+00 -4.473776202533e+00 -4.223646163109e+00 -7.035163158995e-01 -2.962068225936e-01 -3.368811787652e+00 3.999829631174e+00 4.251525860871e+00 -2.112699898225e+00 1.870328545146e+00 9.761462143152e-01 1.238994027353e+00
2370	-1.123147850796e-01 7.386148099785e-02 4.815453290492e-01 3.133100011230e+00 -4.473776202533e+00 -4.223646163109e+00 -7.035163158995e-01 -2.962068225936e-01 -3.368811787652e+00 3.999829631174e+00 4.251525860871e+00 -2.112699898225e+00 1.870328545146e+00 9.757933020977e-01 1.239983286731e+00
2380	-1.123147850796e-01 7.386148099785e-02 4.815453290492e-01 3.133100011230e+00 -4.473776202533e+00 -4.223646163109e+00 -7.035163158995e-01 -2.962068225936e-01 -3.368811787652e+00 3.999829631174e+00 4.251525860871e+00 -2.112699898225e+00 1.870328545146e+00 9.754498628965e-01 1.240983152491e+00
2390	-1.123147850796e-01 7.386148099785e-02 4.815453290492e-01 3.133100011230e+00 -4.473776202533e+00 -4.223646163109e+00 -7.035163158995e-01 -2.962068225936e-01 -3.368811787652e+00 3.999829631174e+00 4.251525860871e+00 -2.112699898225e+00 1.870328545146e+00 9.751195078286e-01 1.241990521890e+00
2400	-1.123147850796e-01 7.386148099785e-02 4.815453290492e-01 3.133100011230e+00 -4.473776202533e+00 -4.223646163109e+00 -7.035163158995e-01 -2.962068225936e-01 -3.368811787652e+00 3.999829631174e+00 4.251525860871e+00 -2.112699898225e+00 1.870328545146e+00 9.748011794007e-01 1.243003152406e+00
2410	-1.123147850796e-01 7.386148099785e-02 4.815453290492e-01 3.133100011230e+00 -4.473776202533e+00 -4.223646163109e+00 -7.035163158995e-01 -2.962068225936e-01 -3.368811787652e+00 3.999829631174e+00 4.251525860871e+00 -2.112699898225e+00 1.870328545146e+00 9.744923740296e-01 1.244021259234e+00
2420	-1.123147850796e-01 7.386148099785e-02 4.815453290492e-01 3.133100011230e+00 -4.473776202533e+00 -4.223646163109e+00 -7.035163158995e-01 -2.962068225936e-01 -3.368811787652e+00 3.999829631174e+00 4.251525860871e+00 -2.112699898225e+00 1.870328545146e+00 9.741892839747e-01 1.245044547750e+00
2430	-1.123147850796e-01 7.386148099785e-02 4.815453290492e-01 3.133100011230e+00 -4.473776202533e+00 -4.223646163109e+00 -7.035163158995e-01 -2.962068225936e-01 -3.368811787652e+00 3.999829631174e+00 4.251525860871e+00 -2.112699898225e+00 1.870328545146e+00 9.738862781537e-01 1.246071798302e+00
2440	-1.123147850796e-01 7.386148099785e-02 4.815453290492e-01 3.133100011230e+00 -4.473776202533e+00 -4.223646163109e+00 -7.035163158995e-01 -2.962068225936e-01 -3.368811787652e+00 3.999829631174e+00 4.251525860871e+00 -2.112699898225e+00 1.870328545146e+00 9.735790205410e-01 1.247102196902e+00
2450	-1.123147850796e-01 7.386148099785e-02 4.815453290492e-01 3.133100011230e+00 -4.473776202533e+00 -4.223646163109e+00 -7.035163158995e-01 -2.962068225936e-01 -3.368811787652e+00 3.999829631174e+00 4.251525860871e+00 -2.112699898225e+00 1.870328545146e+00 9.732657944198e-01 1.248134850729e+00
2460	-1.123147850796e-01 7.386148099785e-02 4.815453290492e-01 3.133100011230e+00 -4.473776202533e+00 -4.223646163109e+00 -7.035163158995e-01 -2.962068225936e-01 -3.368811787652e+00 3.999829631174e+00 4.251525860871e+00 -2.112699898225e+00 1.870328545146e+00 9.729467556853e-01 1.249168017396e+00
2470	-1.123147850796e-01 7.386148099785e-02 4.815453290492e-01 3.133100011230e+00 -4.473776202533e+00 -4.223646163109e+00 -7.035163158995e-01 -2.962068225936e-01 -3.368811787652e+00 3.999829631174e+00 4.251525860871e+00 -2.112699898225e+00 1.870328545146e+00 9.726228915428e-01 1.250199830361e+00
2480	-1.123147850796e-01 7.386148099785e-02 4.815453290492e-01 3.133100011230e+00 -4.473776202533e+00 -4.223646163109e+00 -7.035163158995e-01 -2.962068225936e-01 -3.368811787652e+00 3.999829631174e+00 4.251525860871e+00 -2.112699898225e+00 1.870328545146e+00 9.722938415160e-01 1.251230013434e+00
2490	-1.123147850796e-01 7.386148099785e-02 4.815453290492e-01 3.133100011230e+00 -4.473776202533e+00 -4.223646163109e+00 -7.035163158995e-01 -2.962068225936e-01 -3.368811787652e+00 3.999829631174e+00 4.251525860871e+00 -2.112699898225e+00 1.870328545146e+00 9.719582599854e-01 1.252259885142e+00
2500	-1.123147850796e-01 7.386148099785e-02 4.815453290492e-01 3.133100011230e+00 -4.473776202533e+00 -4.223646163109e+00 -7.035163158995e-01 -2.962068225936e-01 -3.368811787652e+00 3.999829631174e+00 4.251525860871e+00 -2.112699898225e+00 1.870328545146e+00 9.716178133216e-01 1.253289065994e+00
2510	-1.123147850796e-01 7.386148099785e-02 4.815453290492e-01 3.133100011230e+00 -4.473776202533e+00 -4.223646163109e+00 -7.035163158995e-01 -2.962068225936e-01 -3.368811787652e+00 3.999829631174e+00 4.251525860871e+00 -2.112699898225e+00 1.870328545146e+00 9.712744566665e-01 1.254316140963e+00
2520	-1.123147850796e-01 7.386148099785e-02 4.815453290492e-01 3.133100011230e+00 -4.473776202533e+00 -4.223646163109e+00 -7.035163158995e-01 -2.962068225936e-01 -3.368811787652e+00 3.999829631174e+00 4.251525860871e+00 -2.112699898225e+00 1.870328545146e+00 9.709262480464e-01 1.255341299741e+00
2530	-1.123147850796e-01 7.386148099785e-02 4.815453290492e-01 3.133100011230e+00 -4.473776202533e+00 -4.223646163109e+00 -7.035163158995e-01 -2.962068225936e-01 -3.368811787652e+00 3.999829631174e+00 4.251525860871e+00 -2.112699898225e+00 1.870328545146e+00 9.705699416241e-01 1.256365262824e+00
2540	-1.123147850796e-01 7.386148099785e-02 4.815453290492e-01 3.133100011230e+00 -4.473776202533e+00 -4.223646163109e+00 -7.035163158995e-01 -2.962068225936e-01 -3.368811787652e+00 3.999829631174e+00 4.251525860871e+00 -2.112699898225e+00 1.870328545146e+00 9.702053130351e-01 1.257387924616e+00
2550	-1.123147850796e-01 7.386148099785e-02 4.815453290492e-01 3.133100011230e+00 -4.473776202533e+00 -4.223646163109e+00 -7.035163158995e-01 -2.962068225936e-01 -3.368811787652e+00 3.999829631174e+00 4.251525860871e+00 -2.112699898225e+00 1.870328545146e+00 9.698356402884e-01 1.258408844585e+00
2560	-1.123147850796e-01 7.386148099785e-02 4.815453290492e-01 3.133100011230e+00 -4.473776202533e+00 -4.223646163109e+00 -7.035163158995e-01 -2.962068225936e-01 -3.368811787652e+00 3.999829631174e+00 4.251525860871e+00 -2.112699898225e+00 1.870328545146e+00 9.694647748281e-01 1.259428182358e+00
2570	-1.123147850796e-01 7.386148099785e-02 4.815453290492e-01 3.133100011230e+00 -4.473776202533e+00 -4.223646163109e+00 -7.035163158995e-01 -2.962068225936e-01 -3.368811787652e+00 3.999829631174e+00 4.251525860871e+00 -2.112699898225e+00 1.870328545146e+00 9.690959485308e-01 1.260446707379e+00
2580	-1.123147850796e-01 7.386148099785e-02 4.815453290492e-01 3.133100011230e+00 -4.473776202533e+00 -4.223646163109e+00 -7.035163158995e-01 -2.962068225936e-01 -3.368811787652e+00 3.999829631174e+00 4.251525860871e+00 -2.112699898225e+00 1.870328545146e+00 9.687309798298e-01 1.261466600933e+00
2590	-1.123147850796e-01 7.386148099785e-02 4.815453290492e-01 3.133100011230e+00 -4.473776202533e+00 -4.223646163109e+00 -7.035163158995e-01 -2.962068225936e-01 -3.368811787652e+00 3.999829631174e+00 4.251525860871e+00 -2.112699898225e+00 1.870328545146e+00 9.683701653140e-01 1.262491240916e+00
2600	-1.123147850796e-01 7.386148099785e-02 4.815453290492e-01 3.133100011230e+00 -4.473776202533e+00 -4.223646163109e+00 -7.035163158995e-01 -2.962068225936e-01 -3.368811787652e+00 3.999829631174e+00 4.251525860871e+00 -2.112699898225e+00 1.870328545146e+00 9.680132885630e-01 1.263524213748e+00
2610	-1.123147850796e-01 7.386148099785e-02 4.815453290492e-01 3.133100011230e+00 -4.473776202533e+00 -4.223646163109e+00 -7.035163158995e-01 -2.962068225936e-01 -3.368811787652e+00 3.999829631174e+00 4.251525860871e+00 -2.112699898225e+00 1.870328545146e+00 9.676609657144e-01 1.264568582379e+00
2620	-1.123147850796e-01 7.386148099785e-02 4.815453290492e-01 3.133100011230e+00 -4.473776202533e+00 -4.223646163109e+00 -7.035163158995e-01 -2.962068225936e-01 -3.368811787652e+00 3.999829631174e+00 4.251525860871e+00 -2.112699898225e+00 1.870328545146e+00 9.673150035576e-01 1.265625070717e+00
2630	-1.123147850796e-01 7.386148099785e-02 4.815453290492e-01 3.133100011230e+00 -4.473776202533e+00 -4.223646163109e+00 -7.035163158995e-01 -2.962068225936e-01 -3.368811787652e+00 3.999829631174e+00 4.251525860871e+00 -2.112699898225e+00 1.870328545146e+00 9.669759220638e-01 1.266694196049e+00
2640	-1.123147850796e-01 7.386148099785e-02 4.815453290492e-01 3.133100011230e+00 -4.473776202533e+00 -4.223646163109e+00 -7.035163158995e-01 -2.962068225936e-01 -3.368811787652e+00 3.999829631174e+00 4.251525860871e+00 -2.112699898225e+00 1.870328545146e+00 9.666416482454e-01 1.267776717093e+00
2650	-1.123147850796e-01 7.386148099785e-02 4.815453290492e-01 3.133100011230e+00 -4.473776202533e+00 -4.223646163109e+00 -7.035163158995e-01 -2.962068225936e-01 -3.368811787652e+00 3.999829631174e+00 4.251525860871e+00 -2.112699898225e+00 1.870328545146e+00 9.663145075417e-01 1.268871674957e+00
2660	-1.123147850796e-01 7.386148099785e-02 4.815453290492e-01 3.133100011230e+00 -4.473776202533e+00 -4.223646163109e+00 -7.035163158995e-01 -2.962068225936e-01 -3.368811787652e+00 3.999829631174e+00 4.251525860871e+00 -2.112699898225e+00 1.870328545146e+00 9.659971386897e-01 1.269978917959e+00
2670	-1.123147850796e-01 7.386148099785e-02 4.815453290492e-01 3.133100011230e+00 -4.473776202533e+00 -4.223646163109e+00 -7.035163158995e-01 -2.962068225936e-01 -3.368811787652e+00 3.999829631174e+00 4.251525860871e+00 -2.112699898225e+00 1.870328545146e+00 9.656864095628e-01 1.271097912285e+00
2680	-1.123147850796e-01 7.386148099785e-02 4.815453290492e-01 3.133100011230e+00 -4.473776202533e+00 -4.223646163109e+00 -7.035163158995e-01 -2.962068225936e-01 -3.368811787652e+00 3.999829631174e+00 4.251525860871e+00 -2.112699898225e+00 1.870328545146e+00 9.653815741786e-01 1.272226657046e+00
2690	-1.123147850796e-01 7.386148099785e-02 4.815453290492e-01 3.133100011230e+00 -4.473776202533e+00 -4.223646163109e+00 -7.035163158995e-01 -2.962068225936e-01 -3.368811787652e+00 3.999829631174e+00 4.251525860871e+00 -2.112699898225e+00 1.870328545146e+00 9.650849389498e-01 1.273363505186e+00
2700	-1.123147850796e-01 7.386148099785e-02 4.815453290492e-01 3.133100011230e+00 -4.473776202533e+00 -4.223646163109e+00 -7.035163158995e-01 -2.962068225936e-01 -3.368811787652e+00 3.999829631174e+00 4.251525860871e+00 -2.112699898225e+00 1.870328545146e+00 9.647942108164e-01 1.274505617334e+00
2710	-1.123147850796e-01 7.386148099785e-02 4.815453290492e-01 3.133100011230e+00 -4.473776202533e+00 -4.223646163109e+00 -7.035163158995e-01 -2.962068225936e-01 -3.368811787652e+00 3.999829631174e+00 4.251525860871e+00 -2.112699898225e+00 1.870328545146e+00 9.645030365909e-01 1.275649727757e+00
2720	-1.123147850796e-01 7.386148099785e-02 4.815453290492e-01 3.133100011230e+00 -4.473776202533e+00 -4.223646163109e+00 -7.035163158995e-01 -2.962068225936e-01 -3.368811787652e+00 3.999829631174e+00 4.251525860871e+00 -2.112699898225e+00 1.870328545146e+00 9.642073934672e-01 1.276793432688e+00
2730	-1.123147850796e-01 7.386148099785e-02 4.815453290492e-01 3.133100011230e+00 -4.473776202533e+00 -4.223646163109e+00 -7.035163158995e-01 -2.962068225936e-01 -3.368811787652e+00 3.999829631174e+00 4.251525860871e+00 -2.112699898225e+00 1.870328545146e+00 9.639072091449e-01 1.277933959403e+00
2740	-1.123147850796e-01 7.386148099785e-02 4.815453290492e-01 3.133100011230e+00 -4.473776202533e+00 -4.223646163109e+00 -7.035163158995e-01 -2.962068225936e-01 -3.368811787652e+00 3.999829631174e+00 4.251525860871e+00 -2.112699898225e+00 1.870328545146e+00 9.636022350917e-01 1.279069386731e+00
2750	-1.123147850796e-01 7.386148099785e-02 4.815453290492e-01 3.133100011230e+00 -4.473776202533e+00 -4.223646163109e+00 -7.035163158995e-01 -2.962068225936e-01 -3.368811787652e+00 3.999829631174e+00 4.251525860871e+00 -2.112699898225e+00 1.870328545146e+00 9.632918383572e-01 1.280198996886e+00
2760	-1.123147850796e-01 7.386148099785e-02 4.815453290492e-01 3.133100011230e+00 -4.473776202533e+00 -4.223646163109e+00 -7.035163158995e-01 -2.962068225936e-01 -3.368811787652e+00 3.999829631174e+00 4.251525860871e+00 -2.112699898225e+00 1.870328545146e+00 9.629782834941e-01 1.281322051673e+00
2770	-1.123147850796e-01 7.386148099785e-02 4.815453290492e-01 3.133100011230e+00 -4.473776202533e+00 -4.223646163109e+00 -7.035163158995e-01 -2.962068225936e-01 -3.368811787652e+00 3.999829631174e+00 4.251525860871e+00 -2.112699898225e+00 1.870328545146e+00 9.626653843613e-01 1.282438147820e+00
2780	-1.123147850796e-01 7.386148099785e-02 4.815453290492e-01 3.133100011230e+00 -4.473776202533e+00 -4.223646163109e+00 -7.035163158995e-01 -2.962068225936e-01 -3.368811787652e+00 3.999829631174e+00 4.251525860871e+00 -2.112699898225e+00 1.870328545146e+00 9.623541493602e-01 1.283546851088e+00
2790	-1.123147850796e-01 7.386148099785e-02 4.815453290492e-01 3.133100011230e+00 -4.473776202533e+00 -4.223646163109e+00 -7.035163158995e-01 -2.962068225936e-01 -3.368811787652e+00 3.999829631174e+00 4.251525860871e+00 -2.112699898225e+00 1.870328545146e+00 9.620418693370e-01 1.284648693659e+00
2800	-1.123147850796e-01 7.386148099785e-02 4.815453290492e-01 3.133100011230e+00 -4.473776202533e+00 -4.223646163109e+00 -7.035163158995e-01 -2.962068225936e-01 -3.368811787652e+00 3.999829631174e+00 4.251525860871e+00 -2.112699898225e+00 1.870328545146e+00 9.617252983318e-01 1.285745452767e+00
2810	-1.123147850796e-01 7.386148099785e-02 4.815453290492e-01 3.133100011230e+00 -4.473776202533e+00 -4.223646163109e+00 -7.035163158995e-01 -2.962068225936e-01 -3.368811787652e+00 3.999829631174e+00 4.251525860871e+00 -2.112699898225e+00 1.870328545146e+00 9.614033669723e-01 1.286838508323e+00
2820	-1.123147850796e-01 7.386148099785e-02 4.815453290492e-01 3.133100011230e+00 -4.473776202533e+00 -4.223646163109e+00 -7.035163158995e-01 -2.962068225936e-01 -3.368811787652e+00 3.999829631174e+00 4.251525860871e+00 -2.112699898225e+00 1.870328545146e+00 9.610784408341e-01 1.287928956795e+00
2830	-1.123147850796e-01 7.386148099785e-02 4.815453290492e-01 3.133100011230e+00 -4.473776202533e+00 -4.223646163109e+00 -7.035163158995e-01 -2.962068225936e-01 -3.368811787652e+00 3.999829631174e+00 4.251525860871e+00 -2.112699898225e+00 1.870328545146e+00 9.607541046543e-01 1.289017754042e+00
2840	-1.123147850796e-01 7.386148099785e-02 4.815453290492e-01 3.133100011230e+00 -4.473776202533e+00 -4.223646163109e+00 -7.035163158995e-01 -2.962068225936e-01 -3.368811787652e+00 3.999829631174e+00 4.251525860871e+00 -2.112699898225e+00 1.870328545146e+00 9.604295308181e-01 1.290107705519e+00
2850	-1.123147850796e-01 7.386148099785e-02 4.815453290492e-01 3.133100011230e+00 -4.473776202533e+00 -4.223646163109e+00 -7.035163158995e-01 -2.962068225936e-01 -3.368811787652e+00 3.999829631174e+00 4.251525860871e+00 -2.112699898225e+00 1.870328545146e+00 9.601003198091e-01 1.291202967668e+00
2860	-1.123147850796e-01 7.386148099785e-02 4.815453290492e-01 3.133100011230e+00 -4.473776202533e+00 -4.223646163109e+00 -7.035163158995e-01 -2.962068225936e-01 -3.368811787652e+00 3.999829631174e+00 4.251525860871e+00 -2.112699898225e+00 1.870328545146e+00 9.597670937717e-01 1.292304351482e+00
2870	-1.123147850796e-01 7.386148099785e-02 4.815453290492e-01 3.133100011230e+00 -4.473776202533e+00 -4.223646163109e+00 -7.035163158995e-01 -2.962068225936e-01 -3.368811787652e+00 3.999829631174e+00 4.251525860871e+00 -2.112699898225e+00 1.870328545146e+00 9.594359634674e-01 1.293410530255e+00
2880	-1.123147850796e-01 7.386148099785e-02 4.815453290492e-01 3.133100011230e+00 -4.473776202533e+00 -4.223646163109e+00 -7.035163158995e-01 -2.962068225936e-01 -3.368811787652e+00 3.999829631174e+00 4.251525860871e+00 -2.112699898225e+00 1.870328545146e+00 9.591088971134e-01 1.294522836753e+00
2890	-1.123147850796e-01 7.386148099785e-02 4.815453290492e-01 3.133100011230e+00 -4.473776202533e+00 -4.223646163109e+00 -7.035163158995e-01 -2.962068225936e-01 -3.368811787652e+00 3.999829631174e+00 4.251525860871e+00 -2.112699898225e+00 1.870328545146e+00 9.587864680438e-01 1.295640956440e+00
2900	-1.123147850796e-01 7.386148099785e-02 4.815453290492e-01 3.133100011230e+00 -4.473776202533e+00 -4.223646163109e+00 -7.035163158995e-01 -2.962068225936e-01 -3.368811787652e+00 3.999829631174e+00 4.251525860871e+00 -2.112699898225e+00 1.870328545146e+00 9.584709806305e-01 1.296765204698e+00
2910	-1.123147850796e-01 7.386148099785e-02 4.815453290492e-01 3.133100011230e+00 -4.473776202533e+00 -4.223646163109e+00 -7.035163158995e-01 -2.962068225936e-01 -3.368811787652e+00 3.999829631174e+00 4.251525860871e+00 -2.112699898225e+00 1.870328545146e+00 9.581614400713e-01 1.297899691438e+00
2920	-1.123147850796e-01 7.386148099785e-02 4.815453290492e-01 3.133100011230e+00 -4.473776202533e+00 -4.223646163109e+00 -7.035163158995e-01 -2.962068225936e-01 -3.368811787652e+00 3.999829631174e+00 4.251525860871e+00 -2.112699898225e+00 1.870328545146e+00 9.578580038130e-01 1.299044020722e+00
2930	-1.123147850796e-01 7.386148099785e-02 4.815453290492e-01 3.133100011230e+00 -4.473776202533e+00 -4.223646163109e+00 -7.035163158995e-01 -2.962068225936e-01 -3.368811787652e+00 3.999829631174e+00 4.251525860871e+00 -2.112699898225e+00 1.870328545146e+00 9.575590945486e-01 1.300198023628e+00
2940	-1.123147850796e-01 7.386148099785e-02 4.815453290492e-01 3.133100011230e+00 -4.473776202533e+00 -4.223646163109e+00 -7.035163158995e-01 -2.962068225936e-01 -3.368811787652e+00 3.999829631174e+00 4.251525860871e+00 -2.112699898225e+00 1.870328545146e+00 9.572635104281e-01 1.301362818342e+00
2950	-1.123147850796e-01 7.386148099785e-02 4.815453290492e-01 3.133100011230e+00 -4.473776202533e+00 -4.223646163109e+00 -7.035163158995e-01 -2.962068225936e-01 -3.368811787652e+00 3.999829631174e+00 4.251525860871e+00 -2.112699898225e+00 1.870328545146e+00 9.569727911834e-01 1.302536834291e+00
2960	-1.123147850796e-01 7.386148099785e-02 4.815453290492e-01 3.133100011230e+00 -4.473776202533e+00 -4.223646163109e+00 -7.035163158995e-01 -2.962068225936e-01 -3.368811787652e+00 3.999829631174e+00 4.251525860871e+00 -2.112699898225e+00 1.870328545146e+00 9.566912552373e-01 1.303716977477e+00
2970	-1.123147850796e-01 7.386148099785e-02 4.815453290492e-01 3.133100011230e+00 -4.473776202533e+00 -4.223646163109e+00 -7.035163158995e-01 -2.962068225936e-01 -3.368811787652e+00 3.999829631174e+00 4.251525860871e+00 -2.112699898225e+00 1.870328545146e+00 9.564214946784e-01 1.304901777991e+00
2980	-1.123147850796e-01 7.386148099785e-02 4.815453290492e-01 3.133100011230e+00 -4.473776202533e+00 -4.223646163109e+00 -7.035163158995e-01 -2.962068225936e-01 -3.368811787652e+00 3.999829631174e+00 4.251525860871e+00 -2.112699898225e+00 1.870328545146e+00 9.561625534946e-01 1.306091383261e+00
2990	-1.123147850796e-01 7.386148099785e-02 4.815453290492e-01 3.133100011230e+00 -4.473776202533e+00 -4.223646163109e+00 -7.035163158995e-01 -2.962068225936e-01 -3.368811787652e+00 3.999829631174e+00 4.251525860871e+00 -2.112699898225e+00 1.870328545146e+00 9.559123774922e-01 1.307284783504e+00
3000	-1.123147850796e-01 7.386148099785e-02 4.815453290492e-01 3.133100011230e+00 -4.473776202533e+00 -4.223646163109e+00 -7.035163158995e-01 -2.962068225936e-01 -3.368811787652e+00 3.999829631174e+00 4.251525860871e+00 -2.112699898225e+00 1.870328545146e+00 9.556674174069e-01 1.308481057752e+00
3010	-1.123147850796e-01 7.386148099785e-02 4.815453290492e-01 3.133100011230e+00 -4.473776202533e+00 -4.223646163109e+00 -7.035163158995e-01 -2.962068225936e-01 -3.368811787652e+00 3.999829631174e+00 4.251525860871e+00 -2.112699898225e+00 1.870328545146e+00 9.554216303670e-01 1.309680324194e+00
3020	-1.123147850796e-01 7.386148099785e-02 4.815453290492e-01 3.133100011230e+00 -4.473776202533e+00 -4.223646163109e+00 -7.035163158995e-01 -2.962068225936e-01 -3.368811787652e+00 3.999829631174e+00 4.251525860871e+00 -2.112699898225e+00 1.870328545146e+00 9.551697276076e-01 1.310881898263e+00
3030	-1.123147850796e-01 7.386148099785e-02 4.815453290492e-01 3.133100011230e+00 -4.473776202533e+00 -4.223646163109e+00 -7.035163158995e-01 -2.962068225936e-01 -3.368811787652e+00 3.999829631174e+00 4.251525860871e+00 -2.112699898225e+00 1.870328545146e+00 9.549110029173e-01 1.312083958799e+00
3040	-1.123147850796e-01 7.386148099785e-02 4.815453290492e-01 3.133100011230e+00 -4.473776202533e+00 -4.223646163109e+00 -7.035163158995e-01 -2.962068225936e-01 -3.368811787652e+00 3.999829631174e+00 4.251525860871e+00 -2.112699898225e+00 1.870328545146e+00 9.546466678096e-01 1.313284905940e+00
3050	-1.123147850796e-01 7.386148099785e-02 4.815453290492e-01 3.133100011230e+00 -4.473776202533e+00 -4.223646163109e+00 -7.035163158995e-01 -2.962068225936e-01 -3.368811787652e+00 3.999829631174e+00 4.251525860871e+00 -2.112699898225e+00 1.870328545146e+00 9.543762505322e-01 1.314482940506e+00
3060	-1.123147850796e-01 7.386148099785e-02 4.815453290492e-01 3.133100011230e+00 -4.473776202533e+00 -4.223646163109e+00 -7.035163158995e-01 -2.962068225936e-01 -3.368811787652e+00 3.999829631174e+00 4.251525860871e+00 -2.112699898225e+00 1.870328545146e+00 9.540989766114e-01 1.315676109873e+00
3070	-1.123147850796e-01 7.386148099785e-02 4.815453290492e-01 3.133100011230e+00 -4.473776202533e+00 -4.223646163109e+00 -7.035163158995e-01 -2.962068225936e-01 -3.368811787652e+00 3.999829631174e+00 4.251525860871e+00 -2.112699898225e+00 1.870328545146e+00 9.538133960587e-01 1.316864898435e+00
3080	-1.123147850796e-01 7.386148099785e-02 4.815453290492e-01 3.133100011230e+00 -4.473776202533e+00 -4.223646163109e+00 -7.035163158995e-01 -2.962068225936e-01 -3.368811787652e+00 3.999829631174e+00 4.251525860871e+00 -2.112699898225e+00 1.870328545146e+00 9.535187346172e-01 1.318049567153e+00
3090	-1.123147850796e-01 7.386148099785e-02 4.815453290492e-01 3.133100011230e+00 -4.473776202533e+00 -4.223646163109e+00 -7.035163158995e-01 -2.962068225936e-01 -3.368811787652e+00 3.999829631174e+00 4.251525860871e+00 -2.112699898225e+00 1.870328545146e+00 9.532188629226e-01 1.319228849310e+00
3100	-1.123147850796e-01 7.386148099785e-02 4.815453290492e-01 3.133100011230e+00 -4.473776202533e+00 -4.223646163109e+00 -7.035163158995e-01 -2.962068225936e-01 -3.368811787652e+00 3.999829631174e+00 4.251525860871e+00 -2.112699898225e+00 1.870328545146e+00 9.529193594301e-01 1.320402838081e+00
3110	-1.123147850796e-01 7.386148099785e-02 4.815453290492e-01 3.133100011230e+00 -4.473776202533e+00 -4.223646163109e+00 -7.035163158995e-01 -2.962068225936e-01 -3.368811787652e+00 3.999829631174e+00 4.251525860871e+00 -2.112699898225e+00 1.870328545146e+00 9.526236602725e-01 1.321571431440e+00
3120	-1.123147850796e-01 7.386148099785e-02 4.815453290492e-01 3.133100011230e+00 -4.473776202533e+00 -4.223646163109e+00 -7.035163158995e-01 -2.962068225936e-01 -3.368811787652e+00 3.999829631174e+00 4.251525860871e+00 -2.112699898225e+00 1.870328545146e+00 9.523334075868e-01 1.322734730981e+00
3130	-1.123147850796e-01 7.386148099785e-02 4.815453290492e-01 3.133100011230e+00 -4.473776202533e+00 -4.223646163109e+00 -7.035163158995e-01 -2.962068225936e-01 -3.368811787652e+00 3.999829631174e+00 4.251525860871e+00 -2.112699898225e+00 1.870328545146e+00 9.520512398013e-01 1.323894837913e+00
3140	-1.123147850796e-01 7.386148099785e-02 4.815453290492e-01 3.133100011230e+00 -4.473776202533e+00 -4.223646163109e+00 -7.035163158995e-01 -2.962068225936e-01 -3.368811787652e+00 3.999829631174e+00 4.251525860871e+00 -2.112699898225e+00 1.870328545146e+00 9.517783208982e-01 1.325054452723e+00
3150	-1.123147850796e-01 7.386148099785e-02 4.815453290492e-01 3.133100011230e+00 -4.473776202533e+00 -4.223646163109e+00 -7.035163158995e-01 -2.962068225936e-01 -3.368811787652e+00 3.999829631174e+00 4.251525860871e+00 -2.112699898225e+00 1.870328545146e+00 9.515100685410e-01 1.326215561390e+00
3160	-1.123147850796e-01 7.386148099785e-02 4.815453290492e-01 3.133100011230e+00 -4.473776202533e+00 -4.223646163109e+00 -7.035163158995e-01 -2.962068225936e-01 -3.368811787652e+00 3.999829631174e+00 4.251525860871e+00 -2.112699898225e+00 1.870328545146e+00 9.512416972559e-01 1.327380052342e+00
