10	-1.157433448568e-01 4.916438980369e+00 -2.586379949036e+00 1.874413097836e+00 2.336465464435e+00 -2.305006820600e+00 2.355644431315e+00 -5.148176354536e+00 -2.104507362508e+00 2.070847849520e+00 -2.563013149129e+00 2.031925217215e+00 -2.267464337487e+00 3.073957839051e+00 3.522276512419e+00
20	-1.157433448568e-01 4.916438980369e+00 -2.586379949036e+00 1.874413097836e+00 2.336465464435e+00 -2.305006820600e+00 2.355644431315e+00 -5.148176354536e+00 -2.104507362508e+00 2.070847849520e+00 -2.563013149129e+00 2.031925217215e+00 -2.267464337487e+00 3.073958059231e+00 3.522276302246e+00
30	-1.157433448568e-01 4.916438980369e+00 -2.586379949036e+00 1.874413097836e+00 2.336465464435e+00 -2.305006820600e+00 2.355644431315e+00 -5.148176354536e+00 -2.104507362508e+00 2.070847849520e+00 -2.563013149129e+00 2.031925217215e+00 -2.267464337487e+00 3.073958412801e+00 3.522275980849e+00
40	-1.157433448568e-01 4.916438980369e+00 -2.586379949036e+00 1.874413097836e+00 2.336465464435e+00 -2.305006820600e+00 2.355644431315e+00 -5.148176354536e+00 -2.104507362508e+00 2.070847849520e+00 -2.563013149129e+00 2.031925217215e+00 -2.267464337487e+00 3.073958442099e+00 3.522276068519e+00
50	-1.157433448568e-01 4.916438980369e+00 -2.586379949036e+00 1.874413097836e+00 2.336465464435e+00 -2.305006820600e+00 2.355644431315e+00 -5.148176354536e+00 -2.104507362508e+00 2.070847849520e+00 -2.563013149129e+00 2.031925217215e+00 -2.267464337487e+00 3.073956830016e+00 3.522278047502e+00
60	-1.157433448568e-01 4.916438980369e+00 -2.586379949036e+00 1.874413097836e+00 2.336465464435e+00 -2.305006820600e+00 2.355644431315e+00 -5.148176354536e+00 -2.104507362508e+00 2.070847849520e+00 -2.563013149129e+00 2.031925217215e+00 -2.267464337487e+00 3.073951574261e+00 3.522284239360e+00
70	-1.157433448568e-01 4.916438980369e+00 -2.586379949036e+00 1.874413097836e+00 2.336465464435e+00 -2.305006820600e+00 2.355644431315e+00 -5.148176354536e+00 -2.104507362508e+00 2.070847849520e+00 -2.563013149129e+00 2.031925217215e+00 -2.267464337487e+00 3.073940415114e+00 3.522297387722e+00
80	-1.157433448568e-01 4.916438980369e+00 -2.586379949036e+00 1.874413097836e+00 2.336465464435e+00 -2.305006820600e+00 2.355644431315e+00 -5.148176354536e+00 -2.104507362508e+00 2.070847849520e+00 -2.563013149129e+00 2.031925217215e+00 -2.267464337487e+00 3.073921317217e+00 3.522320151706e+00
90	-1.157433448568e-01 4.916438980369e+00 -2.586379949036e+00 1.874413097836e+00 2.336465464435e+00 -2.305006820600e+00 2.355644431315e+00 -5.148176354536e+00 -2.104507362508e+00 2.070847849520e+00 -2.563013149129e+00 2.031925217215e+00 -2.267464337487e+00 3.073892867769e+00 3.522354606365e+00
100	-1.157433448568e-01 4.916438980369e+00 -2.586379949036e+00 1.874413097836e+00 2.336465464435e+00 -2.305006820600e+00 2.355644431315e+00 -5.148176354536e+00 -2.104507362508e+00 2.070847849520e+00 -2.563013149129e+00 2.031925217215e+00 -2.267464337487e+00 3.073854980983e+00 3.522401314430e+00
110	-1.157433448568e-01 4.916438980369e+00 -2.586379949036e+00 1.874413097836e+00 2.336465464435e+00 -2.305006820600e+00 2.355644431315e+00 -5.148176354536e+00 -2.104507362508e+00 2.070847849520e+00 -2.563013149129e+00 2.031925217215e+00 -2.267464337487e+00 3.073808740707e+00 3.522459288436e+00
120	-1.157433448568e-01 4.916438980369e+00 -2.586379949036e+00 1.874413097836e+00 2.336465464435e+00 -2.305006820600e+00 2.355644431315e+00 -5.148176354536e+00 -2.104507362508e+00 2.070847849520e+00 -2.563013149129e+00 2.031925217215e+00 -2.267464337487e+00 3.073755298103e+00 3.522526998300e+00
130	-1.157433448568e-01 4.916438980369e+00 -2.586379949036e+00 1.874413097836e+00 2.336465464435e+00 -2.305006820600e+00 2.355644431315e+00 -5.148176354536e+00 -2.104507362508e+00 2.070847849520e+00 -2.563013149129e+00 2.031925217215e+00 -2.267464337487e+00 3.073695468989e+00 3.522602738765e+00
140	-1.157433448568e-01 4.916438980369e+00 -2.586379949036e+00 1.874413097836e+00 2.336465464435e+00 -2.305006820600e+00 2.355644431315e+00 -5.148176354536e+00 -2.104507362508e+00 2.070847849520e+00 -2.563013149129e+00 2.031925217215e+00 -2.267464337487e+00 3.073629519434e+00 3.522685072601e+00
150	-1.157433448568e-01 4.916438980369e+00 -2.586379949036e+00 1.874413097836e+00 2.336465464435e+00 -2.305006820600e+00 2.355644431315e+00 -5.148176354536e+00 -2.104507362508e+00 2.070847849520e+00 -2.563013149129e+00 2.031925217215e+00 -2.267464337487e+00 3.073557887123e+00 3.522772561080e+00
160	-1.157433448568e-01 4.916438980369e+00 -2.586379949036e+00 1.874413097836e+00 2.336465464435e+00 -2.305006820600e+00 2.355644431315e+00 -5.148176354536e+00 -2.104507362508e+00 2.070847849520e+00 -2.563013149129e+00 2.031925217215e+00 -2.267464337487e+00 3.073481804259e+00 3.522863412732e+00
170	-1.157433448568e-01 4.916438980369e+00 -2.586379949036e+00 1.874413097836e+00 2.336465464435e+00 -2.305006820600e+00 2.355644431315e+00 -5.148176354536e+00 -2.104507362508e+00 2.070847849520e+00 -2.563013149129e+00 2.031925217215e+00 -2.267464337487e+00 3.073403241141e+00 3.522955424675e+00
180	-1.157433448568e-01 4.916438980369e+00 -2.586379949036e+00 1.874413097836e+00 2.336465464435e+00 -2.305006820600e+00 2.355644431315e+00 -5.148176354536e+00 -2.104507362508e+00 2.070847849520e+00 -2.563013149129e+00 2.031925217215e+00 -2.267464337487e+00 3.073323126875e+00 3.523047415884e+00
190	-1.157433448568e-01 4.916438980369e+00 -2.586379949036e+00 1.874413097836e+00 2.336465464435e+00 -2.305006820600e+00 2.355644431315e+00 -5.148176354536e+00 -2.104507362508e+00 2.070847849520e+00 -2.563013149129e+00 2.031925217215e+00 -2.267464337487e+00 3.073239875137e+00 3.523140581910e+00
200	-1.157433448568e-01 4.916438980369e+00 -2.586379949036e+00 1.874413097836e+00 2.336465464435e+00 -2.305006820600e+00 2.355644431315e+00 -5.148176354536e+00 -2.104507362508e+00 2.070847849520e+00 -2.563013149129e+00 2.031925217215e+00 -2.267464337487e+00 3.073149345419e+00 3.523238828497e+00
210	-1.157433448568e-01 4.916438980369e+00 -2.586379949036e+00 1.874413097836e+00 2.336465464435e+00 -2.305006820600e+00 2.355644431315e+00 -5.148176354536e+00 -2.104507362508e+00 2.070847849520e+00 -2.563013149129e+00 2.031925217215e+00 -2.267464337487e+00 3.073045945113e+00 3.523348130847e+00
220	-1.157433448568e-01 4.916438980369e+00 -2.586379949036e+00 1.874413097836e+00 2.336465464435e+00 -2.305006820600e+00 2.355644431315e+00 -5.148176354536e+00 -2.104507362508e+00 2.070847849520e+00 -2.563013149129e+00 2.031925217215e+00 -2.267464337487e+00 3.072924896227e+00 3.523474592385e+00
230	-1.157433448568e-01 4.916438980369e+00 -2.586379949036e+00 1.874413097836e+00 2.336465464435e+00 -2.305006820600e+00 2.355644431315e+00 -5.148176354536e+00 -2.104507362508e+00 2.070847849520e+00 -2.563013149129e+00 2.031925217215e+00 -2.267464337487e+00 3.072784425291e+00 3.523622013995e+00
240	-1.157433448568e-01 4.916438980369e+00 -2.586379949036e+00 1.874413097836e+00 2.336465464435e+00 -2.305006820600e+00 2.355644431315e+00 -5.148176354536e+00 -2.104507362508e+00 2.070847849520e+00 -2.563013149129e+00 2.031925217215e+00 -2.267464337487e+00 3.072626924366e+00 3.523790049253e+00
250	-1.157433448568e-01 4.916438980369e+00 -2.586379949036e+00 1.874413097836e+00 2.336465464435e+00 -2.305006820600e+00 2.355644431315e+00 -5.148176354536e+00 -2.104507362508e+00 2.070847849520e+00 -2.563013149129e+00 2.031925217215e+00 -2.267464337487e+00 3.072456944859e+00 3.523975676531e+00
260	-1.157433448568e-01 4.916438980369e+00 -2.586379949036e+00 1.874413097836e+00 2.336465464435e+00 -2.305006820600e+00 2.355644431315e+00 -5.148176354536e+00 -2.104507362508e+00 2.070847849520e+00 -2.563013149129e+00 2.031925217215e+00 -2.267464337487e+00 3.072279177098e+00 3.524174499182e+00
270	-1.157433448568e-01 4.916438980369e+00 -2.586379949036e+00 1.874413097836e+00 2.336465464435e+00 -2.305006820600e+00 2.355644431315e+00 -5.148176354536e+00 -2.104507362508e+00 2.070847849520e+00 -2.563013149129e+00 2.031925217215e+00 -2.267464337487e+00 3.072097593533e+00 3.524380929919e+00
280	-1.157433448568e-01 4.916438980369e+00 -2.586379949036e+00 1.874413097836e+00 2.336465464435e+00 -2.305006820600e+00 2.355644431315e+00 -5.148176354536e+00 -2.104507362508e+00 2.070847849520e+00 -2.563013149129e+00 2.031925217215e+00 -2.267464337487e+00 3.071916326374e+00 3.524588362272e+00
290	-1.157433448568e-01 4.916438980369e+00 -2.586379949036e+00 1.874413097836e+00 2.336465464435e+00 -2.305006820600e+00 2.355644431315e+00 -5.148176354536e+00 -2.104507362508e+00 2.070847849520e+00 -2.563013149129e+00 2.031925217215e+00 -2.267464337487e+00 3.071739212439e+00 3.524791586838e+00
300	-1.157433448568e-01 4.916438980369e+00 -2.586379949036e+00 1.874413097836e+00 2.336465464435e+00 -2.305006820600e+00 2.355644431315e+00 -5.148176354536e+00 -2.104507362508e+00 2.070847849520e+00 -2.563013149129e+00 2.031925217215e+00 -2.267464337487e+00 3.071567445685e+00 3.524989398379e+00
310	-1.157433448568e-01 4.916438980369e+00 -2.586379949036e+00 1.874413097836e+00 2.336465464435e+00 -2.305006820600e+00 2.355644431315e+00 -5.148176354536e+00 -2.104507362508e+00 2.070847849520e+00 -2.563013149129e+00 2.031925217215e+00 -2.267464337487e+00 3.071399199085e+00 3.525184198001e+00
320	-1.157433448568e-01 4.916438980369e+00 -2.586379949036e+00 1.874413097836e+00 2.336465464435e+00 -2.305006820600e+00 2.355644431315e+00 -5.148176354536e+00 -2.104507362508e+00 2.070847849520e+00 -2.563013149129e+00 2.031925217215e+00 -2.267464337487e+00 3.071230066571e+00 3.525380414819e+00
330	-1.157433448568e-01 4.916438980369e+00 -2.586379949036e+00 1.874413097836e+00 2.336465464435e+00 -2.305006820600e+00 2.355644431315e+00 -5.148176354536e+00 -2.104507362508e+00 2.070847849520e+00 -2.563013149129e+00 2.031925217215e+00 -2.267464337487e+00 3.071053427172e+00 3.525582967280e+00
340	-1.157433448568e-01 4.916438980369e+00 -2.586379949036e+00 1.874413097836e+00 2.336465464435e+00 -2.305006820600e+00 2.355644431315e+00 -5.148176354536e+00 -2.104507362508e+00 2.070847849520e+00 -2.563013149129e+00 2.031925217215e+00 -2.267464337487e+00 3.070864481366e+00 3.525794616111e+00
350	-1.157433448568e-01 4.916438980369e+00 -2.586379949036e+00 1.874413097836e+00 2.336465464435e+00 -2.305006820600e+00 2.355644431315e+00 -5.148176354536e+00 -2.104507362508e+00 2.070847849520e+00 -2.563013149129e+00 2.031925217215e+00 -2.267464337487e+00 3.070663717787e+00 3.526015013614e+00
360	-1.157433448568e-01 4.916438980369e+00 -2.586379949036e+00 1.874413097836e+00 2.336465464435e+00 -2.305006820600e+00 2.355644431315e+00 -5.148176354536e+00 -2.104507362508e+00 2.070847849520e+00 -2.563013149129e+00 2.031925217215e+00 -2.267464337487e+00 3.070453487567e+00 3.526243820400e+00
370	-1.157433448568e-01 4.916438980369e+00 -2.586379949036e+00 1.874413097836e+00 2.336465464435e+00 -2.305006820600e+00 2.355644431315e+00 -5.148176354536e+00 -2.104507362508e+00 2.070847849520e+00 -2.563013149129e+00 2.031925217215e+00 -2.267464337487e+00 3.070236580864e+00 3.526480916887e+00
380	-1.157433448568e-01 4.916438980369e+00 -2.586379949036e+00 1.874413097836e+00 2.336465464435e+00 -2.305006820600e+00 2.355644431315e+00 -5.148176354536e+00 -2.104507362508e+00 2.070847849520e+00 -2.563013149129e+00 2.031925217215e+00 -2.267464337487e+00 3.070012608329e+00 3.526728233954e+00
390	-1.157433448568e-01 4.916438980369e+00 -2.586379949036e+00 1.874413097836e+00 2.336465464435e+00 -2.305006820600e+00 2.355644431315e+00 -5.148176354536e+00 -2.104507362508e+00 2.070847849520e+00 -2.563013149129e+00 2.031925217215e+00 -2.267464337487e+00 3.069777340491e+00 3.526989612292e+00
400	-1.157433448568e-01 4.916438980369e+00 -2.586379949036e+00 1.874413097836e+00 2.336465464435e+00 -2.305006820600e+00 2.355644431315e+00 -5.148176354536e+00 -2.104507362508e+00 2.070847849520e+00 -2.563013149129e+00 2.031925217215e+00 -2.267464337487e+00 3.069528318701e+00 3.527266648920e+00
410	-1.157433448568e-01 4.916438980369e+00 -2.586379949036e+00 1.874413097836e+00 2.336465464435e+00 -2.305006820600e+00 2.355644431315e+00 -5.148176354536e+00 -2.104507362508e+00 2.070847849520e+00 -2.563013149129e+00 2.031925217215e+00 -2.267464337487e+00 3.069266725498e+00 3.527557070054e+00
420	-1.157433448568e-01 4.916438980369e+00 -2.586379949036e+00 1.874413097836e+00 2.336465464435e+00 -2.305006820600e+00 2.355644431315e+00 -5.148176354536e+00 -2.104507362508e+00 2.070847849520e+00 -2.563013149129e+00 2.031925217215e+00 -2.267464337487e+00 3.068994647450e+00 3.527857317840e+00
430	-1.157433448568e-01 4.916438980369e+00 -2.586379949036e+00 1.874413097836e+00 2.336465464435e+00 -2.305006820600e+00 2.355644431315e+00 -5.148176354536e+00 -2.104507362508e+00 2.070847849520e+00 -2.563013149129e+00 2.031925217215e+00 -2.267464337487e+00 3.068712729772e+00 3.528165388065e+00
440	-1.157433448568e-01 4.916438980369e+00 -2.586379949036e+00 1.874413097836e+00 2.336465464435e+00 -2.305006820600e+00 2.355644431315e+00 -5.148176354536e+00 -2.104507362508e+00 2.070847849520e+00 -2.563013149129e+00 2.031925217215e+00 -2.267464337487e+00 3.068419020649e+00 3.528482072857e+00
450	-1.157433448568e-01 4.916438980369e+00 -2.586379949036e+00 1.874413097836e+00 2.336465464435e+00 -2.305006820600e+00 2.355644431315e+00 -5.148176354536e+00 -2.104507362508e+00 2.070847849520e+00 -2.563013149129e+00 2.031925217215e+00 -2.267464337487e+00 3.068109274231e+00 3.528811122260e+00
460	-1.157433448568e-01 4.916438980369e+00 -2.586379949036e+00 1.874413097836e+00 2.336465464435e+00 -2.305006820600e+00 2.355644431315e+00 -5.148176354536e+00 -2.104507362508e+00 2.070847849520e+00 -2.563013149129e+00 2.031925217215e+00 -2.267464337487e+00 3.067781100051e+00 3.529155705485e+00
470	-1.157433448568e-01 4.916438980369e+00 -2.586379949036e+00 1.874413097836e+00 2.336465464435e+00 -2.305006820600e+00 2.355644431315e+00 -5.148176354536e+00 -2.104507362508e+00 2.070847849520e+00 -2.563013149129e+00 2.031925217215e+00 -2.267464337487e+00 3.067435918925e+00 3.529516414660e+00
480	-1.157433448568e-01 4.916438980369e+00 -2.586379949036e+00 1.874413097836e+00 2.336465464435e+00 -2.305006820600e+00 2.355644431315e+00 -5.148176354536e+00 -2.104507362508e+00 2.070847849520e+00 -2.563013149129e+00 2.031925217215e+00 -2.267464337487e+00 3.067076999218e+00 3.529892691591e+00
490	-1.157433448568e-01 4.916438980369e+00 -2.586379949036e+00 1.874413097836e+00 2.336465464435e+00 -2.305006820600e+00 2.355644431315e+00 -5.148176354536e+00 -2.104507362508e+00 2.070847849520e+00 -2.563013149129e+00 2.031925217215e+00 -2.267464337487e+00 3.066703676109e+00 3.530287530192e+00
500	-1.157433448568e-01 4.916438980369e+00 -2.586379949036e+00 1.874413097836e+00 2.336465464435e+00 -2.305006820600e+00 2.355644431315e+00 -5.148176354536e+00 -2.104507362508e+00 2.070847849520e+00 -2.563013149129e+00 2.031925217215e+00 -2.267464337487e+00 3.066310208909e+00 3.530707828572e+00
510	-1.157433448568e-01 4.916438980369e+00 -2.586379949036e+00 1.874413097836e+00 2.336465464435e+00 -2.305006820600e+00 2.355644431315e+00 -5.148176354536e+00 -2.104507362508e+00 2.070847849520e+00 -2.563013149129e+00 2.031925217215e+00 -2.267464337487e+00 3.065891672580e+00 3.531158545242e+00
520	-1.157433448568e-01 4.916438980369e+00 -2.586379949036e+00 1.874413097836e+00 2.336465464435e+00 -2.305006820600e+00 2.355644431315e+00 -5.148176354536e+00 -2.104507362508e+00 2.070847849520e+00 -2.563013149129e+00 2.031925217215e+00 -2.267464337487e+00 3.065448915289e+00 3.531637834036e+00
530	-1.157433448568e-01 4.916438980369e+00 -2.586379949036e+00 1.874413097836e+00 2.336465464435e+00 -2.305006820600e+00 2.355644431315e+00 -5.148176354536e+00 -2.104507362508e+00 2.070847849520e+00 -2.563013149129e+00 2.031925217215e+00 -2.267464337487e+00 3.064986271596e+00 3.532139546084e+00
540	-1.157433448568e-01 4.916438980369e+00 -2.586379949036e+00 1.874413097836e+00 2.336465464435e+00 -2.305006820600e+00 2.355644431315e+00 -5.148176354536e+00 -2.104507362508e+00 2.070847849520e+00 -2.563013149129e+00 2.031925217215e+00 -2.267464337487e+00 3.064506338549e+00 3.532659717537e+00
550	-1.157433448568e-01 4.916438980369e+00 -2.586379949036e+00 1.874413097836e+00 2.336465464435e+00 -2.305006820600e+00 2.355644431315e+00 -5.148176354536e+00 -2.104507362508e+00 2.070847849520e+00 -2.563013149129e+00 2.031925217215e+00 -2.267464337487e+00 3.064009079319e+00 3.533198630316e+00
560	-1.157433448568e-01 4.916438980369e+00 -2.586379949036e+00 1.874413097836e+00 2.336465464435e+00 -2.305006820600e+00 2.355644431315e+00 -5.148176354536e+00 -2.104507362508e+00 2.070847849520e+00 -2.563013149129e+00 2.031925217215e+00 -2.267464337487e+00 3.063493931579e+00 3.533758176778e+00
570	-1.157433448568e-01 4.916438980369e+00 -2.586379949036e+00 1.874413097836e+00 2.336465464435e+00 -2.305006820600e+00 2.355644431315e+00 -5.148176354536e+00 -2.104507362508e+00 2.070847849520e+00 -2.563013149129e+00 2.031925217215e+00 -2.267464337487e+00 3.062963082625e+00 3.534336933867e+00
580	-1.157433448568e-01 4.916438980369e+00 -2.586379949036e+00 1.874413097836e+00 2.336465464435e+00 -2.305006820600e+00 2.355644431315e+00 -5.148176354536e+00 -2.104507362508e+00 2.070847849520e+00 -2.563013149129e+00 2.031925217215e+00 -2.267464337487e+00 3.062420088505e+00 3.534931036480e+00
590	-1.157433448568e-01 4.916438980369e+00 -2.586379949036e+00 1.874413097836e+00 2.336465464435e+00 -2.305006820600e+00 2.355644431315e+00 -5.148176354536e+00 -2.104507362508e+00 2.070847849520e+00 -2.563013149129e+00 2.031925217215e+00 -2.267464337487e+00 3.061866383312e+00 3.535538329437e+00
600	-1.157433448568e-01 4.916438980369e+00 -2.586379949036e+00 1.874413097836e+00 2.336465464435e+00 -2.305006820600e+00 2.355644431315e+00 -5.148176354536e+00 -2.104507362508e+00 2.070847849520e+00 -2.563013149129e+00 2.031925217215e+00 -2.267464337487e+00 3.061298139025e+00 3.536161502789e+00
610	-1.157433448568e-01 4.916438980369e+00 -2.586379949036e+00 1.874413097836e+00 2.336465464435e+00 -2.305006820600e+00 2.355644431315e+00 -5.148176354536e+00 -2.104507362508e+00 2.070847849520e+00 -2.563013149129e+00 2.031925217215e+00 -2.267464337487e+00 3.060709391175e+00 3.536805655413e+00
620	-1.157433448568e-01 4.916438980369e+00 -2.586379949036e+00 1.874413097836e+00 2.336465464435e+00 -2.305006820600e+00 2.355644431315e+00 -5.148176354536e+00 -2.104507362508e+00 2.070847849520e+00 -2.563013149129e+00 2.031925217215e+00 -2.267464337487e+00 3.060099937519e+00 3.537471187830e+00
630	-1.157433448568e-01 4.916438980369e+00 -2.586379949036e+00 1.874413097836e+00 2.336465464435e+00 -2.305006820600e+00 2.355644431315e+00 -5.148176354536e+00 -2.104507362508e+00 2.070847849520e+00 -2.563013149129e+00 2.031925217215e+00 -2.267464337487e+00 3.059475844219e+00 3.538152487466e+00
640	-1.157433448568e-01 4.916438980369e+00 -2.586379949036e+00 1.874413097836e+00 2.336465464435e+00 -2.305006820600e+00 2.355644431315e+00 -5.148176354536e+00 -2.104507362508e+00 2.070847849520e+00 -2.563013149129e+00 2.031925217215e+00 -2.267464337487e+00 3.058840374979e+00 3.538846218750e+00
650	-1.157433448568e-01 4.916438980369e+00 -2.586379949036e+00 1.874413097836e+00 2.336465464435e+00 -2.305006820600e+00 2.355644431315e+00 -5.148176354536e+00 -2.104507362508e+00 2.070847849520e+00 -2.563013149129e+00 2.031925217215e+00 -2.267464337487e+00 3.058191668433e+00 3.539554432359e+00
660	-1.157433448568e-01 4.916438980369e+00 -2.586379949036e+00 1.874413097836e+00 2.336465464435e+00 -2.305006820600e+00 2.355644431315e+00 -5.148176354536e+00 -2.104507362508e+00 2.070847849520e+00 -2.563013149129e+00 2.031925217215e+00 -2.267464337487e+00 3.057525356813e+00 3.540282113545e+00
670	-1.157433448568e-01 4.916438980369e+00 -2.586379949036e+00 1.874413097836e+00 2.336465464435e+00 -2.305006820600e+00 2.355644431315e+00 -5.148176354536e+00 -2.104507362508e+00 2.070847849520e+00 -2.563013149129e+00 2.031925217215e+00 -2.267464337487e+00 3.056835663663e+00 3.541035565993e+00
680	-1.157433448568e-01 4.916438980369e+00 -2.586379949036e+00 1.874413097836e+00 2.336465464435e+00 -2.305006820600e+00 2.355644431315e+00 -5.148176354536e+00 -2.104507362508e+00 2.070847849520e+00 -2.563013149129e+00 2.031925217215e+00 -2.267464337487e+00 3.056117549249e+00 3.541819130000e+00
690	-1.157433448568e-01 4.916438980369e+00 -2.586379949036e+00 1.874413097836e+00 2.336465464435e+00 -2.305006820600e+00 2.355644431315e+00 -5.148176354536e+00 -2.104507362508e+00 2.070847849520e+00 -2.563013149129e+00 2.031925217215e+00 -2.267464337487e+00 3.055368989982e+00 3.542632236766e+00
700	-1.157433448568e-01 4.916438980369e+00 -2.586379949036e+00 1.874413097836e+00 2.336465464435e+00 -2.305006820600e+00 2.355644431315e+00 -5.148176354536e+00 -2.104507362508e+00 2.070847849520e+00 -2.563013149129e+00 2.031925217215e+00 -2.267464337487e+00 3.054592392351e+00 3.543469780199e+00
710	-1.157433448568e-01 4.916438980369e+00 -2.586379949036e+00 1.874413097836e+00 2.336465464435e+00 -2.305006820600e+00 2.355644431315e+00 -5.148176354536e+00 -2.104507362508e+00 2.070847849520e+00 -2.563013149129e+00 2.031925217215e+00 -2.267464337487e+00 3.053789198775e+00 3.544329048184e+00
720	-1.157433448568e-01 4.916438980369e+00 -2.586379949036e+00 1.874413097836e+00 2.336465464435e+00 -2.305006820600e+00 2.355644431315e+00 -5.148176354536e+00 -2.104507362508e+00 2.070847849520e+00 -2.563013149129e+00 2.031925217215e+00 -2.267464337487e+00 3.052956907627e+00 3.545212050575e+00
730	-1.157433448568e-01 4.916438980369e+00 -2.586379949036e+00 1.874413097836e+00 2.336465464435e+00 -2.305006820600e+00 2.355644431315e+00 -5.148176354536e+00 -2.104507362508e+00 2.070847849520e+00 -2.563013149129e+00 2.031925217215e+00 -2.267464337487e+00 3.052092464628e+00 3.546121483319e+00
740	-1.157433448568e-01 4.916438980369e+00 -2.586379949036e+00 1.874413097836e+00 2.336465464435e+00 -2.305006820600e+00 2.355644431315e+00 -5.148176354536e+00 -2.104507362508e+00 2.070847849520e+00 -2.563013149129e+00 2.031925217215e+00 -2.267464337487e+00 3.051197477824e+00 3.547055860253e+00
750	-1.157433448568e-01 4.916438980369e+00 -2.586379949036e+00 1.874413097836e+00 2.336465464435e+00 -2.305006820600e+00 2.355644431315e+00 -5.148176354536e+00 -2.104507362508e+00 2.070847849520e+00 -2.563013149129e+00 2.031925217215e+00 -2.267464337487e+00 3.050278792697e+00 3.548009814102e+00
760	-1.157433448568e-01 4.916438980369e+00 -2.586379949036e+00 1.874413097836e+00 2.336465464435e+00 -2.305006820600e+00 2.355644431315e+00 -5.148176354536e+00 -2.104507362508e+00 2.070847849520e+00 -2.563013149129e+00 2.031925217215e+00 -2.267464337487e+00 3.049344312657e+00 3.548978295861e+00
770	-1.157433448568e-01 4.916438980369e+00 -2.586379949036e+00 1.874413097836e+00 2.336465464435e+00 -2.305006820600e+00 2.355644431315e+00 -5.148176354536e+00 -2.104507362508e+00 2.070847849520e+00 -2.563013149129e+00 2.031925217215e+00 -2.267464337487e+00 3.048399665572e+00 3.549958212006e+00
780	-1.157433448568e-01 4.916438980369e+00 -2.586379949036e+00 1.874413097836e+00 2.336465464435e+00 -2.305006820600e+00 2.355644431315e+00 -5.148176354536e+00 -2.104507362508e+00 2.070847849520e+00 -2.563013149129e+00 2.031925217215e+00 -2.267464337487e+00 3.047445648994e+00 3.550949608000e+00
790	-1.157433448568e-01 4.916438980369e+00 -2.586379949036e+00 1.874413097836e+00 2.336465464435e+00 -2.305006820600e+00 2.355644431315e+00 -5.148176354536e+00 -2.104507362508e+00 2.070847849520e+00 -2.563013149129e+00 2.031925217215e+00 -2.267464337487e+00 3.046480167709e+00 3.551954085210e+00
800	-1.157433448568e-01 4.916438980369e+00 -2.586379949036e+00 1.874413097836e+00 2.336465464435e+00 -2.305006820600e+00 2.355644431315e+00 -5.148176354536e+00 -2.104507362508e+00 2.070847849520e+00 -2.563013149129e+00 2.031925217215e+00 -2.267464337487e+00 3.045499442947e+00 3.552974516665e+00
810	-1.157433448568e-01 4.916438980369e+00 -2.586379949036e+00 1.874413097836e+00 2.336465464435e+00 -2.305006820600e+00 2.355644431315e+00 -5.148176354536e+00 -2.104507362508e+00 2.070847849520e+00 -2.563013149129e+00 2.031925217215e+00 -2.267464337487e+00 3.044498825171e+00 3.554014711743e+00
820	-1.157433448568e-01 4.916438980369e+00 -2.586379949036e+00 1.874413097836e+00 2.336465464435e+00 -2.305006820600e+00 2.355644431315e+00 -5.148176354536e+00 -2.104507362508e+00 2.070847849520e+00 -2.563013149129e+00 2.031925217215e+00 -2.267464337487e+00 3.043474685825e+00 3.555077600535e+00
830	-1.157433448568e-01 4.916438980369e+00 -2.586379949036e+00 1.874413097836e+00 2.336465464435e+00 -2.305006820600e+00 2.355644431315e+00 -5.148176354536e+00 -2.104507362508e+00 2.070847849520e+00 -2.563013149129e+00 2.031925217215e+00 -2.267464337487e+00 3.042425105252e+00 3.556164459741e+00
840	-1.157433448568e-01 4.916438980369e+00 -2.586379949036e+00 1.874413097836e+00 2.336465464435e+00 -2.305006820600e+00 2.355644431315e+00 -5.148176354536e+00 -2.104507362508e+00 2.070847849520e+00 -2.563013149129e+00 2.031925217215e+00 -2.267464337487e+00 3.041352408744e+00 3.557272550299e+00
850	-1.157433448568e-01 4.916438980369e+00 -2.586379949036e+00 1.874413097836e+00 2.336465464435e+00 -2.305006820600e+00 2.355644431315e+00 -5.148176354536e+00 -2.104507362508e+00 2.070847849520e+00 -2.563013149129e+00 2.031925217215e+00 -2.267464337487e+00 3.040263331781e+00 3.558395235068e+00
860	-1.157433448568e-01 4.916438980369e+00 -2.586379949036e+00 1.874413097836e+00 2.336465464435e+00 -2.305006820600e+00 2.355644431315e+00 -5.148176354536e+00 -2.104507362508e+00 2.070847849520e+00 -2.563013149129e+00 2.031925217215e+00 -2.267464337487e+00 3.039164872352e+00 3.559526227142e+00
870	-1.157433448568e-01 4.916438980369e+00 -2.586379949036e+00 1.874413097836e+00 2.336465464435e+00 -2.305006820600e+00 2.355644431315e+00 -5.148176354536e+00 -2.104507362508e+00 2.070847849520e+00 -2.563013149129e+00 2.031925217215e+00 -2.267464337487e+00 3.038058526354e+00 3.560664619876e+00
880	-1.157433448568e-01 4.916438980369e+00 -2.586379949036e+00 1.874413097836e+00 2.336465464435e+00 -2.305006820600e+00 2.355644431315e+00 -5.148176354536e+00 -2.104507362508e+00 2.070847849520e+00 -2.563013149129e+00 2.031925217215e+00 -2.267464337487e+00 3.036937907758e+00 3.561815962332e+00
890	-1.157433448568e-01 4.916438980369e+00 -2.586379949036e+00 1.874413097836e+00 2.336465464435e+00 -2.305006820600e+00 2.355644431315e+00 -5.148176354536e+00 -2.104507362508e+00 2.070847849520e+00 -2.563013149129e+00 2.031925217215e+00 -2.267464337487e+00 3.035798653272e+00 3.562984905667e+00
900	-1.157433448568e-01 4.916438980369e+00 -2.586379949036e+00 1.874413097836e+00 2.336465464435e+00 -2.305006820600e+00 2.355644431315e+00 -5.148176354536e+00 -2.104507362508e+00 2.070847849520e+00 -2.563013149129e+00 2.031925217215e+00 -2.267464337487e+00 3.034645502456e+00 3.564170017477e+00
910	-1.157433448568e-01 4.916438980369e+00 -2.586379949036e+00 1.874413097836e+00 2.336465464435e+00 -2.305006820600e+00 2.355644431315e+00 -5.148176354536e+00 -2.104507362508e+00 2.070847849520e+00 -2.563013149129e+00 2.031925217215e+00 -2.267464337487e+00 3.033485817960e+00 3.565366322972e+00
920	-1.157433448568e-01 4.916438980369e+00 -2.586379949036e+00 1.874413097836e+00 2.336465464435e+00 -2.305006820600e+00 2.355644431315e+00 -5.148176354536e+00 -2.104507362508e+00 2.070847849520e+00 -2.563013149129e+00 2.031925217215e+00 -2.267464337487e+00 3.032322508265e+00 3.566571766300e+00
930	-1.157433448568e-01 4.916438980369e+00 -2.586379949036e+00 1.874413097836e+00 2.336465464435e+00 -2.305006820600e+00 2.355644431315e+00 -5.148176354536e+00 -2.104507362508e+00 2.070847849520e+00 -2.563013149129e+00 2.031925217215e+00 -2.267464337487e+00 3.031148069946e+00 3.567792705099e+00
940	-1.157433448568e-01 4.916438980369e+00 -2.586379949036e+00 1.874413097836e+00 2.336465464435e+00 -2.305006820600e+00 2.355644431315e+00 -5.148176354536e+00 -2.104507362508e+00 2.070847849520e+00 -2.563013149129e+00 2.031925217215e+00 -2.267464337487e+00 3.029954464057e+00 3.569037222568e+00
950	-1.157433448568e-01 4.916438980369e+00 -2.586379949036e+00 1.874413097836e+00 2.336465464435e+00 -2.305006820600e+00 2.355644431315e+00 -5.148176354536e+00 -2.104507362508e+00 2.070847849520e+00 -2.563013149129e+00 2.031925217215e+00 -2.267464337487e+00 3.028740032144e+00 3.570307639884e+00
960	-1.157433448568e-01 4.916438980369e+00 -2.586379949036e+00 1.874413097836e+00 2.336465464435e+00 -2.305006820600e+00 2.355644431315e+00 -5.148176354536e+00 -2.104507362508e+00 2.070847849520e+00 -2.563013149129e+00 2.031925217215e+00 -2.267464337487e+00 3.027505995300e+00 3.571599694678e+00
970	-1.157433448568e-01 4.916438980369e+00 -2.586379949036e+00 1.874413097836e+00 2.336465464435e+00 -2.305006820600e+00 2.355644431315e+00 -5.148176354536e+00 -2.104507362508e+00 2.070847849520e+00 -2.563013149129e+00 2.031925217215e+00 -2.267464337487e+00 3.026254866384e+00 3.572908469039e+00
980	-1.157433448568e-01 4.916438980369e+00 -2.586379949036e+00 1.874413097836e+00 2.336465464435e+00 -2.305006820600e+00 2.355644431315e+00 -5.148176354536e+00 -2.104507362508e+00 2.070847849520e+00 -2.563013149129e+00 2.031925217215e+00 -2.267464337487e+00 3.024991535322e+00 3.574230606660e+00
990	-1.157433448568e-01 4.916438980369e+00 -2.586379949036e+00 1.874413097836e+00 2.336465464435e+00 -2.305006820600e+00 2.355644431315e+00 -5.148176354536e+00 -2.104507362508e+00 2.070847849520e+00 -2.563013149129e+00 2.031925217215e+00 -2.267464337487e+00 3.023719818667e+00 3.575564759558e+00
1000	-1.157433448568e-01 4.916438980369e+00 -2.586379949036e+00 1.874413097836e+00 2.336465464435e+00 -2.305006820600e+00 2.355644431315e+00 -5.148176354536e+00 -2.104507362508e+00 2.070847849520e+00 -2.563013149129e+00 2.031925217215e+00 -2.267464337487e+00 3.022438172723e+00 3.576913101178e+00
1010	-1.157433448568e-01 4.916438980369e+00 -2.586379949036e+00 1.874413097836e+00 2.336465464435e+00 -2.305006820600e+00 2.355644431315e+00 -5.148176354536e+00 -2.104507362508e+00 2.070847849520e+00 -2.563013149129e+00 2.031925217215e+00 -2.267464337487e+00 3.021143168252e+00 3.578277645789e+00
1020	-1.157433448568e-01 4.916438980369e+00 -2.586379949036e+00 1.874413097836e+00 2.336465464435e+00 -2.305006820600e+00 2.355644431315e+00 -5.148176354536e+00 -2.104507362508e+00 2.070847849520e+00 -2.563013149129e+00 2.031925217215e+00 -2.267464337487e+00 3.019833542157e+00 3.579657314052e+00
1030	-1.157433448568e-01 4.916438980369e+00 -2.586379949036e+00 1.874413097836e+00 2.336465464435e+00 -2.305006820600e+00 2.355644431315e+00 -5.148176354536e+00 -2.104507362508e+00 2.070847849520e+00 -2.563013149129e+00 2.031925217215e+00 -2.267464337487e+00 3.018509922309e+00 3.581049593291e+00
1040	-1.157433448568e-01 4.916438980369e+00 -2.586379949036e+00 1.874413097836e+00 2.336465464435e+00 -2.305006820600e+00 2.355644431315e+00 -5.148176354536e+00 -2.104507362508e+00 2.070847849520e+00 -2.563013149129e+00 2.031925217215e+00 -2.267464337487e+00 3.017172670540e+00 3.582452608188e+00
1050	-1.157433448568e-01 4.916438980369e+00 -2.586379949036e+00 1.874413097836e+00 2.336465464435e+00 -2.305006820600e+00 2.355644431315e+00 -5.148176354536e+00 -2.104507362508e+00 2.070847849520e+00 -2.563013149129e+00 2.031925217215e+00 -2.267464337487e+00 3.015818458270e+00 3.583868210516e+00
1060	-1.157433448568e-01 4.916438980369e+00 -2.586379949036e+00 1.874413097836e+00 2.336465464435e+00 -2.305006820600e+00 2.355644431315e+00 -5.148176354536e+00 -2.104507362508e+00 2.070847849520e+00 -2.563013149129e+00 2.031925217215e+00 -2.267464337487e+00 3.014440918780e+00 3.585301850415e+00
1070	-1.157433448568e-01 4.916438980369e+00 -2.586379949036e+00 1.874413097836e+00 2.336465464435e+00 -2.305006820600e+00 2.355644431315e+00 -5.148176354536e+00 -2.104507362508e+00 2.070847849520e+00 -2.563013149129e+00 2.031925217215e+00 -2.267464337487e+00 3.013035429863e+00 3.586758141193e+00
1080	-1.157433448568e-01 4.916438980369e+00 -2.586379949036e+00 1.874413097836e+00 2.336465464435e+00 -2.305006820600e+00 2.355644431315e+00 -5.148176354536e+00 -2.104507362508e+00 2.070847849520e+00 -2.563013149129e+00 2.031925217215e+00 -2.267464337487e+00 3.011603497303e+00 3.588237238419e+00
1090	-1.157433448568e-01 4.916438980369e+00 -2.586379949036e+00 1.874413097836e+00 2.336465464435e+00 -2.305006820600e+00 2.355644431315e+00 -5.148176354536e+00 -2.104507362508e+00 2.070847849520e+00 -2.563013149129e+00 2.031925217215e+00 -2.267464337487e+00 3.010149594521e+00 3.589737564952e+00
1100	-1.157433448568e-01 4.916438980369e+00 -2.586379949036e+00 1.874413097836e+00 2.336465464435e+00 -2.305006820600e+00 2.355644431315e+00 -5.148176354536e+00 -2.104507362508e+00 2.070847849520e+00 -2.563013149129e+00 2.031925217215e+00 -2.267464337487e+00 3.008677596374e+00 3.591257579335e+00
1110	-1.157433448568e-01 4.916438980369e+00 -2.586379949036e+00 1.874413097836e+00 2.336465464435e+00 -2.305006820600e+00 2.355644431315e+00 -5.148176354536e+00 -2.104507362508e+00 2.070847849520e+00 -2.563013149129e+00 2.031925217215e+00 -2.267464337487e+00 3.007190241772e+00 3.592795542308e+00
1120	-1.157433448568e-01 4.916438980369e+00 -2.586379949036e+00 1.874413097836e+00 2.336465464435e+00 -2.305006820600e+00 2.355644431315e+00 -5.148176354536e+00 -2.104507362508e+00 2.070847849520e+00 -2.563013149129e+00 2.031925217215e+00 -2.267464337487e+00 3.005690006900e+00 3.594349045798e+00
1130	-1.157433448568e-01 4.916438980369e+00 -2.586379949036e+00 1.874413097836e+00 2.336465464435e+00 -2.305006820600e+00 2.355644431315e+00 -5.148176354536e+00 -2.104507362508e+00 2.070847849520e+00 -2.563013149129e+00 2.031925217215e+00 -2.267464337487e+00 3.004177683641e+00 3.595916987349e+00
1140	-1.157433448568e-01 4.916438980369e+00 -2.586379949036e+00 1.874413097836e+00 2.336465464435e+00 -2.305006820600e+00 2.355644431315e+00 -5.148176354536e+00 -2.104507362508e+00 2.070847849520e+00 -2.563013149129e+00 2.031925217215e+00 -2.267464337487e+00 3.002655024986e+00 3.597497184283e+00
1150	-1.157433448568e-01 4.916438980369e+00 -2.586379949036e+00 1.874413097836e+00 2.336465464435e+00 -2.305006820600e+00 2.355644431315e+00 -5.148176354536e+00 -2.104507362508e+00 2.070847849520e+00 -2.563013149129e+00 2.031925217215e+00 -2.267464337487e+00 3.001127456570e+00 3.599083960728e+00
1160	-1.157433448568e-01 4.916438980369e+00 -2.586379949036e+00 1.874413097836e+00 2.336465464435e+00 -2.305006820600e+00 2.355644431315e+00 -5.148176354536e+00 -2.104507362508e+00 2.070847849520e+00 -2.563013149129e+00 2.031925217215e+00 -2.267464337487e+00 2.999596577130e+00 3.600675508051e+00
1170	-1.157433448568e-01 4.916438980369e+00 -2.586379949036e+00 1.874413097836e+00 2.336465464435e+00 -2.305006820600e+00 2.355644431315e+00 -5.148176354536e+00 -2.104507362508e+00 2.070847849520e+00 -2.563013149129e+00 2.031925217215e+00 -2.267464337487e+00 2.998055913661e+00 3.602276821054e+00
1180	-1.157433448568e-01 4.916438980369e+00 -2.586379949036e+00 1.874413097836e+00 2.336465464435e+00 -2.305006820600e+00 2.355644431315e+00 -5.148176354536e+00 -2.104507362508e+00 2.070847849520e+00 -2.563013149129e+00 2.031925217215e+00 -2.267464337487e+00 2.996500998950e+00 3.603891967765e+00
1190	-1.157433448568e-01 4.916438980369e+00 -2.586379949036e+00 1.874413097836e+00 2.336465464435e+00 -2.305006820600e+00 2.355644431315e+00 -5.148176354536e+00 -2.104507362508e+00 2.070847849520e+00 -2.563013149129e+00 2.031925217215e+00 -2.267464337487e+00 2.994936944952e+00 3.605519662060e+00
1200	-1.157433448568e-01 4.916438980369e+00 -2.586379949036e+00 1.874413097836e+00 2.336465464435e+00 -2.305006820600e+00 2.355644431315e+00 -5.148176354536e+00 -2.104507362508e+00 2.070847849520e+00 -2.563013149129e+00 2.031925217215e+00 -2.267464337487e+00 2.993367209365e+00 3.607158617450e+00
1210	-1.157433448568e-01 4.916438980369e+00 -2.586379949036e+00 1.874413097836e+00 2.336465464435e+00 -2.305006820600e+00 2.355644431315e+00 -5.148176354536e+00 -2.104507362508e+00 2.070847849520e+00 -2.563013149129e+00 2.031925217215e+00 -2.267464337487e+00 2.991786636389e+00 3.608810009394e+00
1220	-1.157433448568e-01 4.916438980369e+00 -2.586379949036e+00 1.874413097836e+00 2.336465464435e+00 -2.305006820600e+00 2.355644431315e+00 -5.148176354536e+00 -2.104507362508e+00 2.070847849520e+00 -2.563013149129e+00 2.031925217215e+00 -2.267464337487e+00 2.990189895398e+00 3.610474310186e+00
1230	-1.157433448568e-01 4.916438980369e+00 -2.586379949036e+00 1.874413097836e+00 2.336465464435e+00 -2.305006820600e+00 2.355644431315e+00 -5.148176354536e+00 -2.104507362508e+00 2.070847849520e+00 -2.563013149129e+00 2.031925217215e+00 -2.267464337487e+00 2.988576430894e+00 3.612150845516e+00
1240	-1.157433448568e-01 4.916438980369e+00 -2.586379949036e+00 1.874413097836e+00 2.336465464435e+00 -2.305006820600e+00 2.355644431315e+00 -5.148176354536e+00 -2.104507362508e+00 2.070847849520e+00 -2.563013149129e+00 2.031925217215e+00 -2.267464337487e+00 2.986948962873e+00 3.613841413680e+00
1250	-1.157433448568e-01 4.916438980369e+00 -2.586379949036e+00 1.874413097836e+00 2.336465464435e+00 -2.305006820600e+00 2.355644431315e+00 -5.148176354536e+00 -2.104507362508e+00 2.070847849520e+00 -2.563013149129e+00 2.031925217215e+00 -2.267464337487e+00 2.985309125100e+00 3.615549652184e+00
1260	-1.157433448568e-01 4.916438980369e+00 -2.586379949036e+00 1.874413097836e+00 2.336465464435e+00 -2.305006820600e+00 2.355644431315e+00 -5.148176354536e+00 -2.104507362508e+00 2.070847849520e+00 -2.563013149129e+00 2.031925217215e+00 -2.267464337487e+00 2.983658441044e+00 3.617273901247e+00
1270	-1.157433448568e-01 4.916438980369e+00 -2.586379949036e+00 1.874413097836e+00 2.336465464435e+00 -2.305006820600e+00 2.355644431315e+00 -5.148176354536e+00 -2.104507362508e+00 2.070847849520e+00 -2.563013149129e+00 2.031925217215e+00 -2.267464337487e+00 2.981995986941e+00 3.619010628355e+00
1280	-1.157433448568e-01 4.916438980369e+00 -2.586379949036e+00 1.874413097836e+00 2.336465464435e+00 -2.305006820600e+00 2.355644431315e+00 -5.148176354536e+00 -2.104507362508e+00 2.070847849520e+00 -2.563013149129e+00 2.031925217215e+00 -2.267464337487e+00 2.980314116117e+00 3.620762067872e+00
1290	-1.157433448568e-01 4.916438980369e+00 -2.586379949036e+00 1.874413097836e+00 2.336465464435e+00 -2.305006820600e+00 2.355644431315e+00 -5.148176354536e+00 -2.104507362508e+00 2.070847849520e+00 -2.563013149129e+00 2.031925217215e+00 -2.267464337487e+00 2.978607772615e+00 3.622531361225e+00
1300	-1.157433448568e-01 4.916438980369e+00 -2.586379949036e+00 1.874413097836e+00 2.336465464435e+00 -2.305006820600e+00 2.355644431315e+00 -5.148176354536e+00 -2.104507362508e+00 2.070847849520e+00 -2.563013149129e+00 2.031925217215e+00 -2.267464337487e+00 2.976881453839e+00 3.624317246523e+00
1310	-1.157433448568e-01 4.916438980369e+00 -2.586379949036e+00 1.874413097836e+00 2.336465464435e+00 -2.305006820600e+00 2.355644431315e+00 -5.148176354536e+00 -2.104507362508e+00 2.070847849520e+00 -2.563013149129e+00 2.031925217215e+00 -2.267464337487e+00 2.975144779094e+00 3.626114668956e+00
1320	-1.157433448568e-01 4.916438980369e+00 -2.586379949036e+00 1.874413097836e+00 2.336465464435e+00 -2.305006820600e+00 2.355644431315e+00 -5.148176354536e+00 -2.104507362508e+00 2.070847849520e+00 -2.563013149129e+00 2.031925217215e+00 -2.267464337487e+00 2.973399881268e+00 3.627922912467e+00
1330	-1.157433448568e-01 4.916438980369e+00 -2.586379949036e+00 1.874413097836e+00 2.336465464435e+00 -2.305006820600e+00 2.355644431315e+00 -5.148176354536e+00 -2.104507362508e+00 2.070847849520e+00 -2.563013149129e+00 2.031925217215e+00 -2.267464337487e+00 2.971642902621e+00 3.629744118198e+00
1340	-1.157433448568e-01 4.916438980369e+00 -2.586379949036e+00 1.874413097836e+00 2.336465464435e+00 -2.305006820600e+00 2.355644431315e+00 -5.148176354536e+00 -2.104507362508e+00 2.070847849520e+00 -2.563013149129e+00 2.031925217215e+00 -2.267464337487e+00 2.969873286120e+00 3.631577571266e+00
1350	-1.157433448568e-01 4.916438980369e+00 -2.586379949036e+00 1.874413097836e+00 2.336465464435e+00 -2.305006820600e+00 2.355644431315e+00 -5.148176354536e+00 -2.104507362508e+00 2.070847849520e+00 -2.563013149129e+00 2.031925217215e+00 -2.267464337487e+00 2.968091240427e+00 3.633424539613e+00
1360	-1.157433448568e-01 4.916438980369e+00 -2.586379949036e+00 1.874413097836e+00 2.336465464435e+00 -2.305006820600e+00 2.355644431315e+00 -5.148176354536e+00 -2.104507362508e+00 2.070847849520e+00 -2.563013149129e+00 2.031925217215e+00 -2.267464337487e+00 2.966294696781e+00 3.635290498398e+00
1370	-1.157433448568e-01 4.916438980369e+00 -2.586379949036e+00 1.874413097836e+00 2.336465464435e+00 -2.305006820600e+00 2.355644431315e+00 -5.148176354536e+00 -2.104507362508e+00 2.070847849520e+00 -2.563013149129e+00 2.031925217215e+00 -2.267464337487e+00 2.964486035868e+00 3.637176783790e+00
1380	-1.157433448568e-01 4.916438980369e+00 -2.586379949036e+00 1.874413097836e+00 2.336465464435e+00 -2.305006820600e+00 2.355644431315e+00 -5.148176354536e+00 -2.104507362508e+00 2.070847849520e+00 -2.563013149129e+00 2.031925217215e+00 -2.267464337487e+00 2.962672732776e+00 3.639078617115e+00
1390	-1.157433448568e-01 4.916438980369e+00 -2.586379949036e+00 1.874413097836e+00 2.336465464435e+00 -2.305006820600e+00 2.355644431315e+00 -5.148176354536e+00 -2.104507362508e+00 2.070847849520e+00 -2.563013149129e+00 2.031925217215e+00 -2.267464337487e+00 2.960856412708e+00 3.640994379185e+00
1400	-1.157433448568e-01 4.916438980369e+00 -2.586379949036e+00 1.874413097836e+00 2.336465464435e+00 -2.305006820600e+00 2.355644431315e+00 -5.148176354536e+00 -2.104507362508e+00 2.070847849520e+00 -2.563013149129e+00 2.031925217215e+00 -2.267464337487e+00 2.959028965250e+00 3.642929096848e+00
1410	-1.157433448568e-01 4.916438980369e+00 -2.586379949036e+00 1.874413097836e+00 2.336465464435e+00 -2.305006820600e+00 2.355644431315e+00 -5.148176354536e+00 -2.104507362508e+00 2.070847849520e+00 -2.563013149129e+00 2.031925217215e+00 -2.267464337487e+00 2.957186353283e+00 3.644882581511e+00
1420	-1.157433448568e-01 4.916438980369e+00 -2.586379949036e+00 1.874413097836e+00 2.336465464435e+00 -2.305006820600e+00 2.355644431315e+00 -5.148176354536e+00 -2.104507362508e+00 2.070847849520e+00 -2.563013149129e+00 2.031925217215e+00 -2.267464337487e+00 2.955330928331e+00 3.646849332322e+00
1430	-1.157433448568e-01 4.916438980369e+00 -2.586379949036e+00 1.874413097836e+00 2.336465464435e+00 -2.305006820600e+00 2.355644431315e+00 -5.148176354536e+00 -2.104507362508e+00 2.070847849520e+00 -2.563013149129e+00 2.031925217215e+00 -2.267464337487e+00 2.953463350039e+00 3.648828194042e+00
1440	-1.157433448568e-01 4.916438980369e+00 -2.586379949036e+00 1.874413097836e+00 2.336465464435e+00 -2.305006820600e+00 2.355644431315e+00 -5.148176354536e+00 -2.104507362508e+00 2.070847849520e+00 -2.563013149129e+00 2.031925217215e+00 -2.267464337487e+00 2.951584331132e+00 3.650820469461e+00
1450	-1.157433448568e-01 4.916438980369e+00 -2.586379949036e+00 1.874413097836e+00 2.336465464435e+00 -2.305006820600e+00 2.355644431315e+00 -5.148176354536e+00 -2.104507362508e+00 2.070847849520e+00 -2.563013149129e+00 2.031925217215e+00 -2.267464337487e+00 2.949698660113e+00 3.652823051981e+00
1460	-1.157433448568e-01 4.916438980369e+00 -2.586379949036e+00 1.874413097836e+00 2.336465464435e+00 -2.305006820600e+00 2.355644431315e+00 -5.148176354536e+00 -2.104507362508e+00 2.070847849520e+00 -2.563013149129e+00 2.031925217215e+00 -2.267464337487e+00 2.947807208846e+00 3.654833475654e+00
1470	-1.157433448568e-01 4.916438980369e+00 -2.586379949036e+00 1.874413097836e+00 2.336465464435e+00 -2.305006820600e+00 2.355644431315e+00 -5.148176354536e+00 -2.104507362508e+00 2.070847849520e+00 -2.563013149129e+00 2.031925217215e+00 -2.267464337487e+00 2.945900817721e+00 3.656858092048e+00
1480	-1.157433448568e-01 4.916438980369e+00 -2.586379949036e+00 1.874413097836e+00 2.336465464435e+00 -2.305006820600e+00 2.355644431315e+00 -5.148176354536e+00 -2.104507362508e+00 2.070847849520e+00 -2.563013149129e+00 2.031925217215e+00 -2.267464337487e+00 2.943976588808e+00 3.658901416367e+00
1490	-1.157433448568e-01 4.916438980369e+00 -2.586379949036e+00 1.874413097836e+00 2.336465464435e+00 -2.305006820600e+00 2.355644431315e+00 -5.148176354536e+00 -2.104507362508e+00 2.070847849520e+00 -2.563013149129e+00 2.031925217215e+00 -2.267464337487e+00 2.942044509494e+00 3.660958507264e+00
1500	-1.157433448568e-01 4.916438980369e+00 -2.586379949036e+00 1.874413097836e+00 2.336465464435e+00 -2.305006820600e+00 2.355644431315e+00 -5.148176354536e+00 -2.104507362508e+00 2.070847849520e+00 -2.563013149129e+00 2.031925217215e+00 -2.267464337487e+00 2.940110120068e+00 3.663026750515e+00
1510	-1.157433448568e-01 4.916438980369e+00 -2.586379949036e+00 1.874413097836e+00 2.336465464435e+00 -2.305006820600e+00 2.355644431315e+00 -5.148176354536e+00 -2.104507362508e+00 2.070847849520e+00 -2.563013149129e+00 2.031925217215e+00 -2.267464337487e+00 2.938170561410e+00 3.665110139797e+00
1520	-1.157433448568e-01 4.916438980369e+00 -2.586379949036e+00 1.874413097836e+00 2.336465464435e+00 -2.305006820600e+00 2.355644431315e+00 -5.148176354536e+00 -2.104507362508e+00 2.070847849520e+00 -2.563013149129e+00 2.031925217215e+00 -2.267464337487e+00 2.936220941274e+00 3.667212252381e+00
1530	-1.157433448568e-01 4.916438980369e+00 -2.586379949036e+00 1.874413097836e+00 2.336465464435e+00 -2.305006820600e+00 2.355644431315e+00 -5.148176354536e+00 -2.104507362508e+00 2.070847849520e+00 -2.563013149129e+00 2.031925217215e+00 -2.267464337487e+00 2.934257874204e+00 3.669333014129e+00
1540	-1.157433448568e-01 4.916438980369e+00 -2.586379949036e+00 1.874413097836e+00 2.336465464435e+00 -2.305006820600e+00 2.355644431315e+00 -5.148176354536e+00 -2.104507362508e+00 2.070847849520e+00 -2.563013149129e+00 2.031925217215e+00 -2.267464337487e+00 2.932280485561e+00 3.671470863157e+00
1550	-1.157433448568e-01 4.916438980369e+00 -2.586379949036e+00 1.874413097836e+00 2.336465464435e+00 -2.305006820600e+00 2.355644431315e+00 -5.148176354536e+00 -2.104507362508e+00 2.070847849520e+00 -2.563013149129e+00 2.031925217215e+00 -2.267464337487e+00 2.930289464052e+00 3.673623213324e+00
1560	-1.157433448568e-01 4.916438980369e+00 -2.586379949036e+00 1.874413097836e+00 2.336465464435e+00 -2.305006820600e+00 2.355644431315e+00 -5.148176354536e+00 -2.104507362508e+00 2.070847849520e+00 -2.563013149129e+00 2.031925217215e+00 -2.267464337487e+00 2.928289273903e+00 3.675783345705e+00
1570	-1.157433448568e-01 4.916438980369e+00 -2.586379949036e+00 1.874413097836e+00 2.336465464435e+00 -2.305006820600e+00 2.355644431315e+00 -5.148176354536e+00 -2.104507362508e+00 2.070847849520e+00 -2.563013149129e+00 2.031925217215e+00 -2.267464337487e+00 2.926281961574e+00 3.677948603976e+00
1580	-1.157433448568e-01 4.916438980369e+00 -2.586379949036e+00 1.874413097836e+00 2.336465464435e+00 -2.305006820600e+00 2.355644431315e+00 -5.148176354536e+00 -2.104507362508e+00 2.070847849520e+00 -2.563013149129e+00 2.031925217215e+00 -2.267464337487e+00 2.924263802498e+00 3.680122938638e+00
1590	-1.157433448568e-01 4.916438980369e+00 -2.586379949036e+00 1.874413097836e+00 2.336465464435e+00 -2.305006820600e+00 2.355644431315e+00 -5.148176354536e+00 -2.104507362508e+00 2.070847849520e+00 -2.563013149129e+00 2.031925217215e+00 -2.267464337487e+00 2.922232933696e+00 3.682307125563e+00
1600	-1.157433448568e-01 4.916438980369e+00 -2.586379949036e+00 1.874413097836e+00 2.336465464435e+00 -2.305006820600e+00 2.355644431315e+00 -5.148176354536e+00 -2.104507362508e+00 2.070847849520e+00 -2.563013149129e+00 2.031925217215e+00 -2.267464337487e+00 2.920192047150e+00 3.684496474034e+00
1610	-1.157433448568e-01 4.916438980369e+00 -2.586379949036e+00 1.874413097836e+00 2.336465464435e+00 -2.305006820600e+00 2.355644431315e+00 -5.148176354536e+00 -2.104507362508e+00 2.070847849520e+00 -2.563013149129e+00 2.031925217215e+00 -2.267464337487e+00 2.918141233170e+00 3.686690065936e+00
1620	-1.157433448568e-01 4.916438980369e+00 -2.586379949036e+00 1.874413097836e+00 2.336465464435e+00 -2.305006820600e+00 2.355644431315e+00 -5.148176354536e+00 -2.104507362508e+00 2.070847849520e+00 -2.563013149129e+00 2.031925217215e+00 -2.267464337487e+00 2.916077896022e+00 3.688891839263e+00
1630	-1.157433448568e-01 4.916438980369e+00 -2.586379949036e+00 1.874413097836e+00 2.336465464435e+00 -2.305006820600e+00 2.355644431315e+00 -5.148176354536e+00 -2.104507362508e+00 2.070847849520e+00 -2.563013149129e+00 2.031925217215e+00 -2.267464337487e+00 2.914004433402e+00 3.691101516866e+00
1640	-1.157433448568e-01 4.916438980369e+00 -2.586379949036e+00 1.874413097836e+00 2.336465464435e+00 -2.305006820600e+00 2.355644431315e+00 -5.148176354536e+00 -2.104507362508e+00 2.070847849520e+00 -2.563013149129e+00 2.031925217215e+00 -2.267464337487e+00 2.911926367271e+00 3.693314828216e+00
1650	-1.157433448568e-01 4.916438980369e+00 -2.586379949036e+00 1.874413097836e+00 2.336465464435e+00 -2.305006820600e+00 2.355644431315e+00 -5.148176354536e+00 -2.104507362508e+00 2.070847849520e+00 -2.563013149129e+00 2.031925217215e+00 -2.267464337487e+00 2.909842856589e+00 3.695532465666e+00
1660	-1.157433448568e-01 4.916438980369e+00 -2.586379949036e+00 1.874413097836e+00 2.336465464435e+00 -2.305006820600e+00 2.355644431315e+00 -5.148176354536e+00 -2.104507362508e+00 2.070847849520e+00 -2.563013149129e+00 2.031925217215e+00 -2.267464337487e+00 2.907749475421e+00 3.697757325492e+00
1670	-1.157433448568e-01 4.916438980369e+00 -2.586379949036e+00 1.874413097836e+00 2.336465464435e+00 -2.305006820600e+00 2.355644431315e+00 -5.148176354536e+00 -2.104507362508e+00 2.070847849520e+00 -2.563013149129e+00 2.031925217215e+00 -2.267464337487e+00 2.905644852687e+00 3.699989320199e+00
1680	-1.157433448568e-01 4.916438980369e+00 -2.586379949036e+00 1.874413097836e+00 2.336465464435e+00 -2.305006820600e+00 2.355644431315e+00 -5.148176354536e+00 -2.104507362508e+00 2.070847849520e+00 -2.563013149129e+00 2.031925217215e+00 -2.267464337487e+00 2.903528701422e+00 3.702228895982e+00
1690	-1.157433448568e-01 4.916438980369e+00 -2.586379949036e+00 1.874413097836e+00 2.336465464435e+00 -2.305006820600e+00 2.355644431315e+00 -5.148176354536e+00 -2.104507362508e+00 2.070847849520e+00 -2.563013149129e+00 2.031925217215e+00 -2.267464337487e+00 2.901400879387e+00 3.704476856500e+00
1700	-1.157433448568e-01 4.916438980369e+00 -2.586379949036e+00 1.874413097836e+00 2.336465464435e+00 -2.305006820600e+00 2.355644431315e+00 -5.148176354536e+00 -2.104507362508e+00 2.070847849520e+00 -2.563013149129e+00 2.031925217215e+00 -2.267464337487e+00 2.899264648994e+00 3.706730390049e+00
1710	-1.157433448568e-01 4.916438980369e+00 -2.586379949036e+00 1.874413097836e+00 2.336465464435e+00 -2.305006820600e+00 2.355644431315e+00 -5.148176354536e+00 -2.104507362508e+00 2.070847849520e+00 -2.563013149129e+00 2.031925217215e+00 -2.267464337487e+00 2.897121550210e+00 3.708989374115e+00
1720	-1.157433448568e-01 4.916438980369e+00 -2.586379949036e+00 1.874413097836e+00 2.336465464435e+00 -2.305006820600e+00 2.355644431315e+00 -5.148176354536e+00 -2.104507362508e+00 2.070847849520e+00 -2.563013149129e+00 2.031925217215e+00 -2.267464337487e+00 2.894969587800e+00 3.711259172355e+00
1730	-1.157433448568e-01 4.916438980369e+00 -2.586379949036e+00 1.874413097836e+00 2.336465464435e+00 -2.305006820600e+00 2.355644431315e+00 -5.148176354536e+00 -2.104507362508e+00 2.070847849520e+00 -2.563013149129e+00 2.031925217215e+00 -2.267464337487e+00 2.892811998473e+00 3.713540906595e+00
1740	-1.157433448568e-01 4.916438980369e+00 -2.586379949036e+00 1.874413097836e+00 2.336465464435e+00 -2.305006820600e+00 2.355644431315e+00 -5.148176354536e+00 -2.104507362508e+00 2.070847849520e+00 -2.563013149129e+00 2.031925217215e+00 -2.267464337487e+00 2.890654405836e+00 3.715831243822e+00
1750	-1.157433448568e-01 4.916438980369e+00 -2.586379949036e+00 1.874413097836e+00 2.336465464435e+00 -2.305006820600e+00 2.355644431315e+00 -5.148176354536e+00 -2.104507362508e+00 2.070847849520e+00 -2.563013149129e+00 2.031925217215e+00 -2.267464337487e+00 2.888491818753e+00 3.718133901213e+00
1760	-1.157433448568e-01 4.916438980369e+00 -2.586379949036e+00 1.874413097836e+00 2.336465464435e+00 -2.305006820600e+00 2.355644431315e+00 -5.148176354536e+00 -2.104507362508e+00 2.070847849520e+00 -2.563013149129e+00 2.031925217215e+00 -2.267464337487e+00 2.886313129201e+00 3.720457830418e+00
1770	-1.157433448568e-01 4.916438980369e+00 -2.586379949036e+00 1.874413097836e+00 2.336465464435e+00 -2.305006820600e+00 2.355644431315e+00 -5.148176354536e+00 -2.104507362508e+00 2.070847849520e+00 -2.563013149129e+00 2.031925217215e+00 -2.267464337487e+00 2.884120596922e+00 3.722801736925e+00
1780	-1.157433448568e-01 4.916438980369e+00 -2.586379949036e+00 1.874413097836e+00 2.336465464435e+00 -2.305006820600e+00 2.355644431315e+00 -5.148176354536e+00 -2.104507362508e+00 2.070847849520e+00 -2.563013149129e+00 2.031925217215e+00 -2.267464337487e+00 2.881925655082e+00 3.725159731353e+00
1790	-1.157433448568e-01 4.916438980369e+00 -2.586379949036e+00 1.874413097836e+00 2.336465464435e+00 -2.305006820600e+00 2.355644431315e+00 -5.148176354536e+00 -2.104507362508e+00 2.070847849520e+00 -2.563013149129e+00 2.031925217215e+00 -2.267464337487e+00 2.879732425054e+00 3.727532984606e+00
1800	-1.157433448568e-01 4.916438980369e+00 -2.586379949036e+00 1.874413097836e+00 2.336465464435e+00 -2.305006820600e+00 2.355644431315e+00 -5.148176354536e+00 -2.104507362508e+00 2.070847849520e+00 -2.563013149129e+00 2.031925217215e+00 -2.267464337487e+00 2.877537592663e+00 3.729922884503e+00
1810	-1.157433448568e-01 4.916438980369e+00 -2.586379949036e+00 1.874413097836e+00 2.336465464435e+00 -2.305006820600e+00 2.355644431315e+00 -5.148176354536e+00 -2.104507362508e+00 2.070847849520e+00 -2.563013149129e+00 2.031925217215e+00 -2.267464337487e+00 2.875340242806e+00 3.732326633249e+00
1820	-1.157433448568e-01 4.916438980369e+00 -2.586379949036e+00 1.874413097836e+00 2.336465464435e+00 -2.305006820600e+00 2.355644431315e+00 -5.148176354536e+00 -2.104507362508e+00 2.070847849520e+00 -2.563013149129e+00 2.031925217215e+00 -2.267464337487e+00 2.873139953892e+00 3.734744765855e+00
1830	-1.157433448568e-01 4.916438980369e+00 -2.586379949036e+00 1.874413097836e+00 2.336465464435e+00 -2.305006820600e+00 2.355644431315e+00 -5.148176354536e+00 -2.104507362508e+00 2.070847849520e+00 -2.563013149129e+00 2.031925217215e+00 -2.267464337487e+00 2.870934845682e+00 3.737178910768e+00
1840	-1.157433448568e-01 4.916438980369e+00 -2.586379949036e+00 1.874413097836e+00 2.336465464435e+00 -2.305006820600e+00 2.355644431315e+00 -5.148176354536e+00 -2.104507362508e+00 2.070847849520e+00 -2.563013149129e+00 2.031925217215e+00 -2.267464337487e+00 2.868726038169e+00 3.739626139601e+00
1850	-1.157433448568e-01 4.916438980369e+00 -2.586379949036e+00 1.874413097836e+00 2.336465464435e+00 -2.305006820600e+00 2.355644431315e+00 -5.148176354536e+00 -2.104507362508e+00 2.070847849520e+00 -2.563013149129e+00 2.031925217215e+00 -2.267464337487e+00 2.866516650444e+00 3.742081199492e+00
1860	-1.157433448568e-01 4.916438980369e+00 -2.586379949036e+00 1.874413097836e+00 2.336465464435e+00 -2.305006820600e+00 2.355644431315e+00 -5.148176354536e+00 -2.104507362508e+00 2.070847849520e+00 -2.563013149129e+00 2.031925217215e+00 -2.267464337487e+00 2.864303924899e+00 3.744543398490e+00
1870	-1.157433448568e-01 4.916438980369e+00 -2.586379949036e+00 1.874413097836e+00 2.336465464435e+00 -2.305006820600e+00 2.355644431315e+00 -5.148176354536e+00 -2.104507362508e+00 2.070847849520e+00 -2.563013149129e+00 2.031925217215e+00 -2.267464337487e+00 2.862082911148e+00 3.747012566696e+00
1880	-1.157433448568e-01 4.916438980369e+00 -2.586379949036e+00 1.874413097836e+00 2.336465464435e+00 -2.305006820600e+00 2.355644431315e+00 -5.148176354536e+00 -2.104507362508e+00 2.070847849520e+00 -2.563013149129e+00 2.031925217215e+00 -2.267464337487e+00 2.859850793630e+00 3.749486401756e+00
1890	-1.157433448568e-01 4.916438980369e+00 -2.586379949036e+00 1.874413097836e+00 2.336465464435e+00 -2.305006820600e+00 2.355644431315e+00 -5.148176354536e+00 -2.104507362508e+00 2.070847849520e+00 -2.563013149129e+00 2.031925217215e+00 -2.267464337487e+00 2.857603431760e+00 3.751966274884e+00
1900	-1.157433448568e-01 4.916438980369e+00 -2.586379949036e+00 1.874413097836e+00 2.336465464435e+00 -2.305006820600e+00 2.355644431315e+00 -5.148176354536e+00 -2.104507362508e+00 2.070847849520e+00 -2.563013149129e+00 2.031925217215e+00 -2.267464337487e+00 2.855337415509e+00 3.754455496640e+00
1910	-1.157433448568e-01 4.916438980369e+00 -2.586379949036e+00 1.874413097836e+00 2.336465464435e+00 -2.305006820600e+00 2.355644431315e+00 -5.148176354536e+00 -2.104507362508e+00 2.070847849520e+00 -2.563013149129e+00 2.031925217215e+00 -2.267464337487e+00 2.853054580755e+00 3.756952749672e+00
1920	-1.157433448568e-01 4.916438980369e+00 -2.586379949036e+00 1.874413097836e+00 2.336465464435e+00 -2.305006820600e+00 2.355644431315e+00 -5.148176354536e+00 -2.104507362508e+00 2.070847849520e+00 -2.563013149129e+00 2.031925217215e+00 -2.267464337487e+00 2.850757338512e+00 3.759454463856e+00
1930	-1.157433448568e-01 4.916438980369e+00 -2.586379949036e+00 1.874413097836e+00 2.336465464435e+00 -2.305006820600e+00 2.355644431315e+00 -5.148176354536e+00 -2.104507362508e+00 2.070847849520e+00 -2.563013149129e+00 2.031925217215e+00 -2.267464337487e+00 2.848444376213e+00 3.761960388135e+00
1940	-1.157433448568e-01 4.916438980369e+00 -2.586379949036e+00 1.874413097836e+00 2.336465464435e+00 -2.305006820600e+00 2.355644431315e+00 -5.148176354536e+00 -2.104507362508e+00 2.070847849520e+00 -2.563013149129e+00 2.031925217215e+00 -2.267464337487e+00 2.846114214449e+00 3.764473383517e+00
1950	-1.157433448568e-01 4.916438980369e+00 -2.586379949036e+00 1.874413097836e+00 2.336465464435e+00 -2.305006820600e+00 2.355644431315e+00 -5.148176354536e+00 -2.104507362508e+00 2.070847849520e+00 -2.563013149129e+00 2.031925217215e+00 -2.267464337487e+00 2.843767599854e+00 3.766995576897e+00
1960	-1.157433448568e-01 4.916438980369e+00 -2.586379949036e+00 1.874413097836e+00 2.336465464435e+00 -2.305006820600e+00 2.355644431315e+00 -5.148176354536e+00 -2.104507362508e+00 2.070847849520e+00 -2.563013149129e+00 2.031925217215e+00 -2.267464337487e+00 2.841405053883e+00 3.769526708563e+00
1970	-1.157433448568e-01 4.916438980369e+00 -2.586379949036e+00 1.874413097836e+00 2.336465464435e+00 -2.305006820600e+00 2.355644431315e+00 -5.148176354536e+00 -2.104507362508e+00 2.070847849520e+00 -2.563013149129e+00 2.031925217215e+00 -2.267464337487e+00 2.839025139847e+00 3.772066392540e+00
1980	-1.157433448568e-01 4.916438980369e+00 -2.586379949036e+00 1.874413097836e+00 2.336465464435e+00 -2.305006820600e+00 2.355644431315e+00 -5.148176354536e+00 -2.104507362508e+00 2.070847849520e+00 -2.563013149129e+00 2.031925217215e+00 -2.267464337487e+00 2.836630972162e+00 3.774611289067e+00
1990	-1.157433448568e-01 4.916438980369e+00 -2.586379949036e+00 1.874413097836e+00 2.336465464435e+00 -2.305006820600e+00 2.355644431315e+00 -5.148176354536e+00 -2.104507362508e+00 2.070847849520e+00 -2.563013149129e+00 2.031925217215e+00 -2.267464337487e+00 2.834225666575e+00 3.777160893431e+00
2000	-1.157433448568e-01 4.916438980369e+00 -2.586379949036e+00 1.874413097836e+00 2.336465464435e+00 -2.305006820600e+00 2.355644431315e+00 -5.148176354536e+00 -2.104507362508e+00 2.070847849520e+00 -2.563013149129e+00 2.031925217215e+00 -2.267464337487e+00 2.831809192751e+00 3.779719411466e+00
2010	-1.157433448568e-01 4.916438980369e+00 -2.586379949036e+00 1.874413097836e+00 2.336465464435e+00 -2.305006820600e+00 2.355644431315e+00 -5.148176354536e+00 -2.104507362508e+00 2.070847849520e+00 -2.563013149129e+00 2.031925217215e+00 -2.267464337487e+00 2.829387190014e+00 3.782285408051e+00
2020	-1.157433448568e-01 4.916438980369e+00 -2.586379949036e+00 1.874413097836e+00 2.336465464435e+00 -2.305006820600e+00 2.355644431315e+00 -5.148176354536e+00 -2.104507362508e+00 2.070847849520e+00 -2.563013149129e+00 2.031925217215e+00 -2.267464337487e+00 2.826969809941e+00 3.784852061983e+00
2030	-1.157433448568e-01 4.916438980369e+00 -2.586379949036e+00 1.874413097836e+00 2.336465464435e+00 -2.305006820600e+00 2.355644431315e+00 -5.148176354536e+00 -2.104507362508e+00 2.070847849520e+00 -2.563013149129e+00 2.031925217215e+00 -2.267464337487e+00 2.824558712423e+00 3.787420265045e+00
2040	-1.157433448568e-01 4.916438980369e+00 -2.586379949036e+00 1.874413097836e+00 2.336465464435e+00 -2.305006820600e+00 2.355644431315e+00 -5.148176354536e+00 -2.104507362508e+00 2.070847849520e+00 -2.563013149129e+00 2.031925217215e+00 -2.267464337487e+00 2.822149198550e+00 3.789997462420e+00
2050	-1.157433448568e-01 4.916438980369e+00 -2.586379949036e+00 1.874413097836e+00 2.336465464435e+00 -2.305006820600e+00 2.355644431315e+00 -5.148176354536e+00 -2.104507362508e+00 2.070847849520e+00 -2.563013149129e+00 2.031925217215e+00 -2.267464337487e+00 2.819739161436e+00 3.792588943476e+00
2060	-1.157433448568e-01 4.916438980369e+00 -2.586379949036e+00 1.874413097836e+00 2.336465464435e+00 -2.305006820600e+00 2.355644431315e+00 -5.148176354536e+00 -2.104507362508e+00 2.070847849520e+00 -2.563013149129e+00 2.031925217215e+00 -2.267464337487e+00 2.817327075862e+00 3.795196743086e+00
2070	-1.157433448568e-01 4.916438980369e+00 -2.586379949036e+00 1.874413097836e+00 2.336465464435e+00 -2.305006820600e+00 2.355644431315e+00 -5.148176354536e+00 -2.104507362508e+00 2.070847849520e+00 -2.563013149129e+00 2.031925217215e+00 -2.267464337487e+00 2.814910634585e+00 3.797819452666e+00
2080	-1.157433448568e-01 4.916438980369e+00 -2.586379949036e+00 1.874413097836e+00 2.336465464435e+00 -2.305006820600e+00 2.355644431315e+00 -5.148176354536e+00 -2.104507362508e+00 2.070847849520e+00 -2.563013149129e+00 2.031925217215e+00 -2.267464337487e+00 2.812491991301e+00 3.800455491078e+00
2090	-1.157433448568e-01 4.916438980369e+00 -2.586379949036e+00 1.874413097836e+00 2.336465464435e+00 -2.305006820600e+00 2.355644431315e+00 -5.148176354536e+00 -2.104507362508e+00 2.070847849520e+00 -2.563013149129e+00 2.031925217215e+00 -2.267464337487e+00 2.810077439554e+00 3.803105066111e+00
2100	-1.157433448568e-01 4.916438980369e+00 -2.586379949036e+00 1.874413097836e+00 2.336465464435e+00 -2.305006820600e+00 2.355644431315e+00 -5.148176354536e+00 -2.104507362508e+00 2.070847849520e+00 -2.563013149129e+00 2.031925217215e+00 -2.267464337487e+00 2.807662489035e+00 3.805774489376e+00
2110	-1.157433448568e-01 4.916438980369e+00 -2.586379949036e+00 1.874413097836e+00 2.336465464435e+00 -2.305006820600e+00 2.355644431315e+00 -5.148176354536e+00 -2.104507362508e+00 2.070847849520e+00 -2.563013149129e+00 2.031925217215e+00 -2.267464337487e+00 2.805239729740e+00 3.808467352344e+00
2120	-1.157433448568e-01 4.916438980369e+00 -2.586379949036e+00 1.874413097836e+00 2.336465464435e+00 -2.305006820600e+00 2.355644431315e+00 -5.148176354536e+00 -2.104507362508e+00 2.070847849520e+00 -2.563013149129e+00 2.031925217215e+00 -2.267464337487e+00 2.802807430032e+00 3.811178625687e+00
2130	-1.157433448568e-01 4.916438980369e+00 -2.586379949036e+00 1.874413097836e+00 2.336465464435e+00 -2.305006820600e+00 2.355644431315e+00 -5.148176354536e+00 -2.104507362508e+00 2.070847849520e+00 -2.563013149129e+00 2.031925217215e+00 -2.267464337487e+00 2.800364860836e+00 3.813903454497e+00
2140	-1.157433448568e-01 4.916438980369e+00 -2.586379949036e+00 1.874413097836e+00 2.336465464435e+00 -2.305006820600e+00 2.355644431315e+00 -5.148176354536e+00 -2.104507362508e+00 2.070847849520e+00 -2.563013149129e+00 2.031925217215e+00 -2.267464337487e+00 2.797914296422e+00 3.816637350884e+00
2150	-1.157433448568e-01 4.916438980369e+00 -2.586379949036e+00 1.874413097836e+00 2.336465464435e+00 -2.305006820600e+00 2.355644431315e+00 -5.148176354536e+00 -2.104507362508e+00 2.070847849520e+00 -2.563013149129e+00 2.031925217215e+00 -2.267464337487e+00 2.795457513837e+00 3.819377702192e+00
2160	-1.157433448568e-01 4.916438980369e+00 -2.586379949036e+00 1.874413097836e+00 2.336465464435e+00 -2.305006820600e+00 2.355644431315e+00 -5.148176354536e+00 -2.104507362508e+00 2.070847849520e+00 -2.563013149129e+00 2.031925217215e+00 -2.267464337487e+00 2.792993318256e+00 3.822124718502e+00
2170	-1.157433448568e-01 4.916438980369e+00 -2.586379949036e+00 1.874413097836e+00 2.336465464435e+00 -2.305006820600e+00 2.355644431315e+00 -5.148176354536e+00 -2.104507362508e+00 2.070847849520e+00 -2.563013149129e+00 2.031925217215e+00 -2.267464337487e+00 2.790518712005e+00 3.824878925772e+00
2180	-1.157433448568e-01 4.916438980369e+00 -2.586379949036e+00 1.874413097836e+00 2.336465464435e+00 -2.305006820600e+00 2.355644431315e+00 -5.148176354536e+00 -2.104507362508e+00 2.070847849520e+00 -2.563013149129e+00 2.031925217215e+00 -2.267464337487e+00 2.788028686283e+00 3.827641633683e+00
2190	-1.157433448568e-01 4.916438980369e+00 -2.586379949036e+00 1.874413097836e+00 2.336465464435e+00 -2.305006820600e+00 2.355644431315e+00 -5.148176354536e+00 -2.104507362508e+00 2.070847849520e+00 -2.563013149129e+00 2.031925217215e+00 -2.267464337487e+00 2.785518632215e+00 3.830414683653e+00
2200	-1.157433448568e-01 4.916438980369e+00 -2.586379949036e+00 1.874413097836e+00 2.336465464435e+00 -2.305006820600e+00 2.355644431315e+00 -5.148176354536e+00 -2.104507362508e+00 2.070847849520e+00 -2.563013149129e+00 2.031925217215e+00 -2.267464337487e+00 2.782986504213e+00 3.833198350673e+00
2210	-1.157433448568e-01 4.916438980369e+00 -2.586379949036e+00 1.874413097836e+00 2.336465464435e+00 -2.305006820600e+00 2.355644431315e+00 -5.148176354536e+00 -2.104507362508e+00 2.070847849520e+00 -2.563013149129e+00 2.031925217215e+00 -2.267464337487e+00 2.780429213773e+00 3.835993681878e+00
2220	-1.157433448568e-01 4.916438980369e+00 -2.586379949036e+00 1.874413097836e+00 2.336465464435e+00 -2.305006820600e+00 2.355644431315e+00 -5.148176354536e+00 -2.104507362508e+00 2.070847849520e+00 -2.563013149129e+00 2.031925217215e+00 -2.267464337487e+00 2.777842573836e+00 3.838803668643e+00
2230	-1.157433448568e-01 4.916438980369e+00 -2.586379949036e+00 1.874413097836e+00 2.336465464435e+00 -2.305006820600e+00 2.355644431315e+00 -5.148176354536e+00 -2.104507362508e+00 2.070847849520e+00 -2.563013149129e+00 2.031925217215e+00 -2.267464337487e+00 2.775228868368e+00 3.841628695752e+00
2240	-1.157433448568e-01 4.916438980369e+00 -2.586379949036e+00 1.874413097836e+00 2.336465464435e+00 -2.305006820600e+00 2.355644431315e+00 -5.148176354536e+00 -2.104507362508e+00 2.070847849520e+00 -2.563013149129e+00 2.031925217215e+00 -2.267464337487e+00 2.772592043870e+00 3.844470752798e+00
2250	-1.157433448568e-01 4.916438980369e+00 -2.586379949036e+00 1.874413097836e+00 2.336465464435e+00 -2.305006820600e+00 2.355644431315e+00 -5.148176354536e+00 -2.104507362508e+00 2.070847849520e+00 -2.563013149129e+00 2.031925217215e+00 -2.267464337487e+00 2.769936832811e+00 3.847328882775e+00
2260	-1.157433448568e-01 4.916438980369e+00 -2.586379949036e+00 1.874413097836e+00 2.336465464435e+00 -2.305006820600e+00 2.355644431315e+00 -5.148176354536e+00 -2.104507362508e+00 2.070847849520e+00 -2.563013149129e+00 2.031925217215e+00 -2.267464337487e+00 2.767266416764e+00 3.850200002596e+00
2270	-1.157433448568e-01 4.916438980369e+00 -2.586379949036e+00 1.874413097836e+00 2.336465464435e+00 -2.305006820600e+00 2.355644431315e+00 -5.148176354536e+00 -2.104507362508e+00 2.070847849520e+00 -2.563013149129e+00 2.031925217215e+00 -2.267464337487e+00 2.764581189455e+00 3.853083849738e+00
2280	-1.157433448568e-01 4.916438980369e+00 -2.586379949036e+00 1.874413097836e+00 2.336465464435e+00 -2.305006820600e+00 2.355644431315e+00 -5.148176354536e+00 -2.104507362508e+00 2.070847849520e+00 -2.563013149129e+00 2.031925217215e+00 -2.267464337487e+00 2.761884882799e+00 3.855980299945e+00
2290	-1.157433448568e-01 4.916438980369e+00 -2.586379949036e+00 1.874413097836e+00 2.336465464435e+00 -2.305006820600e+00 2.355644431315e+00 -5.148176354536e+00 -2.104507362508e+00 2.070847849520e+00 -2.563013149129e+00 2.031925217215e+00 -2.267464337487e+00 2.759180836361e+00 3.858892486962e+00
2300	-1.157433448568e-01 4.916438980369e+00 -2.586379949036e+00 1.874413097836e+00 2.336465464435e+00 -2.305006820600e+00 2.355644431315e+00 -5.148176354536e+00 -2.104507362508e+00 2.070847849520e+00 -2.563013149129e+00 2.031925217215e+00 -2.267464337487e+00 2.756471645812e+00 3.861823735283e+00
2310	-1.157433448568e-01 4.916438980369e+00 -2.586379949036e+00 1.874413097836e+00 2.336465464435e+00 -2.305006820600e+00 2.355644431315e+00 -5.148176354536e+00 -2.104507362508e+00 2.070847849520e+00 -2.563013149129e+00 2.031925217215e+00 -2.267464337487e+00 2.753758213059e+00 3.864775988373e+00
2320	-1.157433448568e-01 4.916438980369e+00 -2.586379949036e+00 1.874413097836e+00 2.336465464435e+00 -2.305006820600e+00 2.355644431315e+00 -5.148176354536e+00 -2.104507362508e+00 2.070847849520e+00 -2.563013149129e+00 2.031925217215e+00 -2.267464337487e+00 2.751037687091e+00 3.867750534886e+00
2330	-1.157433448568e-01 4.916438980369e+00 -2.586379949036e+00 1.874413097836e+00 2.336465464435e+00 -2.305006820600e+00 2.355644431315e+00 -5.148176354536e+00 -2.104507362508e+00 2.070847849520e+00 -2.563013149129e+00 2.031925217215e+00 -2.267464337487e+00 2.748305061851e+00 3.870746720533e+00
2340	-1.157433448568e-01 4.916438980369e+00 -2.586379949036e+00 1.874413097836e+00 2.336465464435e+00 -2.305006820600e+00 2.355644431315e+00 -5.148176354536e+00 -2.104507362508e+00 2.070847849520e+00 -2.563013149129e+00 2.031925217215e+00 -2.267464337487e+00 2.745552342175e+00 3.873767398419e+00
2350	-1.157433448568e-01 4.916438980369e+00 -2.586379949036e+00 1.874413097836e+00 2.336465464435e+00 -2.305006820600e+00 2.355644431315e+00 -5.148176354536e+00 -2.104507362508e+00 2.070847849520e+00 -2.563013149129e+00 2.031925217215e+00 -2.267464337487e+00 2.742779699566e+00 3.876814491055e+00
2360	-1.157433448568e-01 4.916438980369e+00 -2.586379949036e+00 1.874413097836e+00 2.336465464435e+00 -2.305006820600e+00 2.355644431315e+00 -5.148176354536e+00 -2.104507362508e+00 2.070847849520e+00 -2.563013149129e+00 2.031925217215e+00 -2.267464337487e+00 2.739992944744e+00 3.879887791330e+00
2370	-1.157433448568e-01 4.916438980369e+00 -2.586379949036e+00 1.874413097836e+00 2.336465464435e+00 -2.305006820600e+00 2.355644431315e+00 -5.148176354536e+00 -2.104507362508e+00 2.070847849520e+00 -2.563013149129e+00 2.031925217215e+00 -2.267464337487e+00 2.737196431618e+00 3.882987140771e+00
2380	-1.157433448568e-01 4.916438980369e+00 -2.586379949036e+00 1.874413097836e+00 2.336465464435e+00 -2.305006820600e+00 2.355644431315e+00 -5.148176354536e+00 -2.104507362508e+00 2.070847849520e+00 -2.563013149129e+00 2.031925217215e+00 -2.267464337487e+00 2.734395855758e+00 3.886109482185e+00
2390	-1.157433448568e-01 4.916438980369e+00 -2.586379949036e+00 1.874413097836e+00 2.336465464435e+00 -2.305006820600e+00 2.355644431315e+00 -5.148176354536e+00 -2.104507362508e+00 2.070847849520e+00 -2.563013149129e+00 2.031925217215e+00 -2.267464337487e+00 2.731590606549e+00 3.889252042853e+00
2400	-1.157433448568e-01 4.916438980369e+00 -2.586379949036e+00 1.874413097836e+00 2.336465464435e+00 -2.305006820600e+00 2.355644431315e+00 -5.148176354536e+00 -2.104507362508e+00 2.070847849520e+00 -2.563013149129e+00 2.031925217215e+00 -2.267464337487e+00 2.728774679448e+00 3.892414199515e+00
2410	-1.157433448568e-01 4.916438980369e+00 -2.586379949036e+00 1.874413097836e+00 2.336465464435e+00 -2.305006820600e+00 2.355644431315e+00 -5.148176354536e+00 -2.104507362508e+00 2.070847849520e+00 -2.563013149129e+00 2.031925217215e+00 -2.267464337487e+00 2.725945517167e+00 3.895595311231e+00
2420	-1.157433448568e-01 4.916438980369e+00 -2.586379949036e+00 1.874413097836e+00 2.336465464435e+00 -2.305006820600e+00 2.355644431315e+00 -5.148176354536e+00 -2.104507362508e+00 2.070847849520e+00 -2.563013149129e+00 2.031925217215e+00 -2.267464337487e+00 2.723103532757e+00 3.898793957212e+00
2430	-1.157433448568e-01 4.916438980369e+00 -2.586379949036e+00 1.874413097836e+00 2.336465464435e+00 -2.305006820600e+00 2.355644431315e+00 -5.148176354536e+00 -2.104507362508e+00 2.070847849520e+00 -2.563013149129e+00 2.031925217215e+00 -2.267464337487e+00 2.720246209612e+00 3.902009155914e+00
2440	-1.157433448568e-01 4.916438980369e+00 -2.586379949036e+00 1.874413097836e+00 2.336465464435e+00 -2.305006820600e+00 2.355644431315e+00 -5.148176354536e+00 -2.104507362508e+00 2.070847849520e+00 -2.563013149129e+00 2.031925217215e+00 -2.267464337487e+00 2.717368481478e+00 3.905239574862e+00
2450	-1.157433448568e-01 4.916438980369e+00 -2.586379949036e+00 1.874413097836e+00 2.336465464435e+00 -2.305006820600e+00 2.355644431315e+00 -5.148176354536e+00 -2.104507362508e+00 2.070847849520e+00 -2.563013149129e+00 2.031925217215e+00 -2.267464337487e+00 2.714465528326e+00 3.908483788190e+00
2460	-1.157433448568e-01 4.916438980369e+00 -2.586379949036e+00 1.874413097836e+00 2.336465464435e+00 -2.305006820600e+00 2.355644431315e+00 -5.148176354536e+00 -2.104507362508e+00 2.070847849520e+00 -2.563013149129e+00 2.031925217215e+00 -2.267464337487e+00 2.711534013551e+00 3.911741651990e+00
2470	-1.157433448568e-01 4.916438980369e+00 -2.586379949036e+00 1.874413097836e+00 2.336465464435e+00 -2.305006820600e+00 2.355644431315e+00 -5.148176354536e+00 -2.104507362508e+00 2.070847849520e+00 -2.563013149129e+00 2.031925217215e+00 -2.267464337487e+00 2.708574524654e+00 3.915011304765e+00
2480	-1.157433448568e-01 4.916438980369e+00 -2.586379949036e+00 1.874413097836e+00 2.336465464435e+00 -2.305006820600e+00 2.355644431315e+00 -5.148176354536e+00 -2.104507362508e+00 2.070847849520e+00 -2.563013149129e+00 2.031925217215e+00 -2.267464337487e+00 2.705588971910e+00 3.918289959720e+00
2490	-1.157433448568e-01 4.916438980369e+00 -2.586379949036e+00 1.874413097836e+00 2.336465464435e+00 -2.305006820600e+00 2.355644431315e+00 -5.148176354536e+00 -2.104507362508e+00 2.070847849520e+00 -2.563013149129e+00 2.031925217215e+00 -2.267464337487e+00 2.702576466426e+00 3.921579407225e+00
2500	-1.157433448568e-01 4.916438980369e+00 -2.586379949036e+00 1.874413097836e+00 2.336465464435e+00 -2.305006820600e+00 2.355644431315e+00 -5.148176354536e+00 -2.104507362508e+00 2.070847849520e+00 -2.563013149129e+00 2.031925217215e+00 -2.267464337487e+00 2.699540311848e+00 3.924879688139e+00
2510	-1.157433448568e-01 4.916438980369e+00 -2.586379949036e+00 1.874413097836e+00 2.336465464435e+00 -2.305006820600e+00 2.355644431315e+00 -5.148176354536e+00 -2.104507362508e+00 2.070847849520e+00 -2.563013149129e+00 2.031925217215e+00 -2.267464337487e+00 2.696486756553e+00 3.928187990822e+00
2520	-1.157433448568e-01 4.916438980369e+00 -2.586379949036e+00 1.874413097836e+00 2.336465464435e+00 -2.305006820600e+00 2.355644431315e+00 -5.148176354536e+00 -2.104507362508e+00 2.070847849520e+00 -2.563013149129e+00 2.031925217215e+00 -2.267464337487e+00 2.693414800526e+00 3.931504911602e+00
2530	-1.157433448568e-01 4.916438980369e+00 -2.586379949036e+00 1.874413097836e+00 2.336465464435e+00 -2.305006820600e+00 2.355644431315e+00 -5.148176354536e+00 -2.104507362508e+00 2.070847849520e+00 -2.563013149129e+00 2.031925217215e+00 -2.267464337487e+00 2.690321377416e+00 3.934830488562e+00
2540	-1.157433448568e-01 4.916438980369e+00 -2.586379949036e+00 1.874413097836e+00 2.336465464435e+00 -2.305006820600e+00 2.355644431315e+00 -5.148176354536e+00 -2.104507362508e+00 2.070847849520e+00 -2.563013149129e+00 2.031925217215e+00 -2.267464337487e+00 2.687206247826e+00 3.938164786040e+00
2550	-1.157433448568e-01 4.916438980369e+00 -2.586379949036e+00 1.874413097836e+00 2.336465464435e+00 -2.305006820600e+00 2.355644431315e+00 -5.148176354536e+00 -2.104507362508e+00 2.070847849520e+00 -2.563013149129e+00 2.031925217215e+00 -2.267464337487e+00 2.684070804026e+00 3.941510262977e+00
2560	-1.157433448568e-01 4.916438980369e+00 -2.586379949036e+00 1.874413097836e+00 2.336465464435e+00 -2.305006820600e+00 2.355644431315e+00 -5.148176354536e+00 -2.104507362508e+00 2.070847849520e+00 -2.563013149129e+00 2.031925217215e+00 -2.267464337487e+00 2.680919138763e+00 3.944867965120e+00
2570	-1.157433448568e-01 4.916438980369e+00 -2.586379949036e+00 1.874413097836e+00 2.336465464435e+00 -2.305006820600e+00 2.355644431315e+00 -5.148176354536e+00 -2.104507362508e+00 2.070847849520e+00 -2.563013149129e+00 2.031925217215e+00 -2.267464337487e+00 2.677756550166e+00 3.948237038037e+00
2580	-1.157433448568e-01 4.916438980369e+00 -2.586379949036e+00 1.874413097836e+00 2.336465464435e+00 -2.305006820600e+00 2.355644431315e+00 -5.148176354536e+00 -2.104507362508e+00 2.070847849520e+00 -2.563013149129e+00 2.031925217215e+00 -2.267464337487e+00 2.674586172335e+00 3.951618346976e+00
2590	-1.157433448568e-01 4.916438980369e+00 -2.586379949036e+00 1.874413097836e+00 2.336465464435e+00 -2.305006820600e+00 2.355644431315e+00 -5.148176354536e+00 -2.104507362508e+00 2.070847849520e+00 -2.563013149129e+00 2.031925217215e+00 -2.267464337487e+00 2.671409506560e+00 3.955014058700e+00
2600	-1.157433448568e-01 4.916438980369e+00 -2.586379949036e+00 1.874413097836e+00 2.336465464435e+00 -2.305006820600e+00 2.355644431315e+00 -5.148176354536e+00 -2.104507362508e+00 2.070847849520e+00 -2.563013149129e+00 2.031925217215e+00 -2.267464337487e+00 2.668227302026e+00 3.958425748709e+00
2610	-1.157433448568e-01 4.916438980369e+00 -2.586379949036e+00 1.874413097836e+00 2.336465464435e+00 -2.305006820600e+00 2.355644431315e+00 -5.148176354536e+00 -2.104507362508e+00 2.070847849520e+00 -2.563013149129e+00 2.031925217215e+00 -2.267464337487e+00 2.665038599034e+00 3.961855669148e+00
2620	-1.157433448568e-01 4.916438980369e+00 -2.586379949036e+00 1.874413097836e+00 2.336465464435e+00 -2.305006820600e+00 2.355644431315e+00 -5.148176354536e+00 -2.104507362508e+00 2.070847849520e+00 -2.563013149129e+00 2.031925217215e+00 -2.267464337487e+00 2.661842620904e+00 3.965305649191e+00
2630	-1.157433448568e-01 4.916438980369e+00 -2.586379949036e+00 1.874413097836e+00 2.336465464435e+00 -2.305006820600e+00 2.355644431315e+00 -5.148176354536e+00 -2.104507362508e+00 2.070847849520e+00 -2.563013149129e+00 2.031925217215e+00 -2.267464337487e+00 2.658643093597e+00 3.968775812474e+00
2640	-1.157433448568e-01 4.916438980369e+00 -2.586379949036e+00 1.874413097836e+00 2.336465464435e+00 -2.305006820600e+00 2.355644431315e+00 -5.148176354536e+00 -2.104507362508e+00 2.070847849520e+00 -2.563013149129e+00 2.031925217215e+00 -2.267464337487e+00 2.655445332105e+00 3.972266379302e+00
2650	-1.157433448568e-01 4.916438980369e+00 -2.586379949036e+00 1.874413097836e+00 2.336465464435e+00 -2.305006820600e+00 2.355644431315e+00 -5.148176354536e+00 -2.104507362508e+00 2.070847849520e+00 -2.563013149129e+00 2.031925217215e+00 -2.267464337487e+00 2.652251086662e+00 3.975777950536e+00
2660	-1.157433448568e-01 4.916438980369e+00 -2.586379949036e+00 1.874413097836e+00 2.336465464435e+00 -2.305006820600e+00 2.355644431315e+00 -5.148176354536e+00 -2.104507362508e+00 2.070847849520e+00 -2.563013149129e+00 2.031925217215e+00 -2.267464337487e+00 2.649060025953e+00 3.979309319431e+00
2670	-1.157433448568e-01 4.916438980369e+00 -2.586379949036e+00 1.874413097836e+00 2.336465464435e+00 -2.305006820600e+00 2.355644431315e+00 -5.148176354536e+00 -2.104507362508e+00 2.070847849520e+00 -2.563013149129e+00 2.031925217215e+00 -2.267464337487e+00 2.645869715244e+00 3.982859154677e+00
2680	-1.157433448568e-01 4.916438980369e+00 -2.586379949036e+00 1.874413097836e+00 2.336465464435e+00 -2.305006820600e+00 2.355644431315e+00 -5.148176354536e+00 -2.104507362508e+00 2.070847849520e+00 -2.563013149129e+00 2.031925217215e+00 -2.267464337487e+00 2.642672696927e+00 3.986427111428e+00
2690	-1.157433448568e-01 4.916438980369e+00 -2.586379949036e+00 1.874413097836e+00 2.336465464435e+00 -2.305006820600e+00 2.355644431315e+00 -5.148176354536e+00 -2.104507362508e+00 2.070847849520e+00 -2.563013149129e+00 2.031925217215e+00 -2.267464337487e+00 2.639466786240e+00 3.990010611886e+00
2700	-1.157433448568e-01 4.916438980369e+00 -2.586379949036e+00 1.874413097836e+00 2.336465464435e+00 -2.305006820600e+00 2.355644431315e+00 -5.148176354536e+00 -2.104507362508e+00 2.070847849520e+00 -2.563013149129e+00 2.031925217215e+00 -2.267464337487e+00 2.636253382091e+00 3.993606361806e+00
2710	-1.157433448568e-01 4.916438980369e+00 -2.586379949036e+00 1.874413097836e+00 2.336465464435e+00 -2.305006820600e+00 2.355644431315e+00 -5.148176354536e+00 -2.104507362508e+00 2.070847849520e+00 -2.563013149129e+00 2.031925217215e+00 -2.267464337487e+00 2.633029745008e+00 3.997212806450e+00
2720	-1.157433448568e-01 4.916438980369e+00 -2.586379949036e+00 1.874413097836e+00 2.336465464435e+00 -2.305006820600e+00 2.355644431315e+00 -5.148176354536e+00 -2.104507362508e+00 2.070847849520e+00 -2.563013149129e+00 2.031925217215e+00 -2.267464337487e+00 2.629794020008e+00 4.000828161720e+00
2730	-1.157433448568e-01 4.916438980369e+00 -2.586379949036e+00 1.874413097836e+00 2.336465464435e+00 -2.305006820600e+00 2.355644431315e+00 -5.148176354536e+00 -2.104507362508e+00 2.070847849520e+00 -2.563013149129e+00 2.031925217215e+00 -2.267464337487e+00 2.626548768509e+00 4.004450122629e+00
2740	-1.157433448568e-01 4.916438980369e+00 -2.586379949036e+00 1.874413097836e+00 2.336465464435e+00 -2.305006820600e+00 2.355644431315e+00 -5.148176354536e+00 -2.104507362508e+00 2.070847849520e+00 -2.563013149129e+00 2.031925217215e+00 -2.267464337487e+00 2.623296831873e+00 4.008076867433e+00
2750	-1.157433448568e-01 4.916438980369e+00 -2.586379949036e+00 1.874413097836e+00 2.336465464435e+00 -2.305006820600e+00 2.355644431315e+00 -5.148176354536e+00 -2.104507362508e+00 2.070847849520e+00 -2.563013149129e+00 2.031925217215e+00 -2.267464337487e+00 2.620038004329e+00 4.011704974094e+00
2760	-1.157433448568e-01 4.916438980369e+00 -2.586379949036e+00 1.874413097836e+00 2.336465464435e+00 -2.305006820600e+00 2.355644431315e+00 -5.148176354536e+00 -2.104507362508e+00 2.070847849520e+00 -2.563013149129e+00 2.031925217215e+00 -2.267464337487e+00 2.616767147207e+00 4.015332467765e+00
2770	-1.157433448568e-01 4.916438980369e+00 -2.586379949036e+00 1.874413097836e+00 2.336465464435e+00 -2.305006820600e+00 2.355644431315e+00 -5.148176354536e+00 -2.104507362508e+00 2.070847849520e+00 -2.563013149129e+00 2.031925217215e+00 -2.267464337487e+00 2.613478557392e+00 4.018960862915e+00
2780	-1.157433448568e-01 4.916438980369e+00 -2.586379949036e+00 1.874413097836e+00 2.336465464435e+00 -2.305006820600e+00 2.355644431315e+00 -5.148176354536e+00 -2.104507362508e+00 2.070847849520e+00 -2.563013149129e+00 2.031925217215e+00 -2.267464337487e+00 2.610171362075e+00 4.022591303466e+00
2790	-1.157433448568e-01 4.916438980369e+00 -2.586379949036e+00 1.874413097836e+00 2.336465464435e+00 -2.305006820600e+00 2.355644431315e+00 -5.148176354536e+00 -2.104507362508e+00 2.070847849520e+00 -2.563013149129e+00 2.031925217215e+00 -2.267464337487e+00 2.606845020718e+00 4.026225785288e+00
2800	-1.157433448568e-01 4.916438980369e+00 -2.586379949036e+00 1.874413097836e+00 2.336465464435e+00 -2.305006820600e+00 2.355644431315e+00 -5.148176354536e+00 -2.104507362508e+00 2.070847849520e+00 -2.563013149129e+00 2.031925217215e+00 -2.267464337487e+00 2.603499435970e+00 4.029864928883e+00
2810	-1.157433448568e-01 4.916438980369e+00 -2.586379949036e+00 1.874413097836e+00 2.336465464435e+00 -2.305006820600e+00 2.355644431315e+00 -5.148176354536e+00 -2.104507362508e+00 2.070847849520e+00 -2.563013149129e+00 2.031925217215e+00 -2.267464337487e+00 2.600135537583e+00 4.033506472491e+00
2820	-1.157433448568e-01 4.916438980369e+00 -2.586379949036e+00 1.874413097836e+00 2.336465464435e+00 -2.305006820600e+00 2.355644431315e+00 -5.148176354536e+00 -2.104507362508e+00 2.070847849520e+00 -2.563013149129e+00 2.031925217215e+00 -2.267464337487e+00 2.596751925934e+00 4.037152289514e+00
2830	-1.157433448568e-01 4.916438980369e+00 -2.586379949036e+00 1.874413097836e+00 2.336465464435e+00 -2.305006820600e+00 2.355644431315e+00 -5.148176354536e+00 -2.104507362508e+00 2.070847849520e+00 -2.563013149129e+00 2.031925217215e+00 -2.267464337487e+00 2.593351978554e+00 4.040804222350e+00
2840	-1.157433448568e-01 4.916438980369e+00 -2.586379949036e+00 1.874413097836e+00 2.336465464435e+00 -2.305006820600e+00 2.355644431315e+00 -5.148176354536e+00 -2.104507362508e+00 2.070847849520e+00 -2.563013149129e+00 2.031925217215e+00 -2.267464337487e+00 2.589941111161e+00 4.044462874946e+00
2850	-1.157433448568e-01 4.916438980369e+00 -2.586379949036e+00 1.874413097836e+00 2.336465464435e+00 -2.305006820600e+00 2.355644431315e+00 -5.148176354536e+00 -2.104507362508e+00 2.070847849520e+00 -2.563013149129e+00 2.031925217215e+00 -2.267464337487e+00 2.586518241317e+00 4.048132803571e+00
2860	-1.157433448568e-01 4.916438980369e+00 -2.586379949036e+00 1.874413097836e+00 2.336465464435e+00 -2.305006820600e+00 2.355644431315e+00 -5.148176354536e+00 -2.104507362508e+00 2.070847849520e+00 -2.563013149129e+00 2.031925217215e+00 -2.267464337487e+00 2.583081347444e+00 4.051816853750e+00
2870	-1.157433448568e-01 4.916438980369e+00 -2.586379949036e+00 1.874413097836e+00 2.336465464435e+00 -2.305006820600e+00 2.355644431315e+00 -5.148176354536e+00 -2.104507362508e+00 2.070847849520e+00 -2.563013149129e+00 2.031925217215e+00 -2.267464337487e+00 2.579632622827e+00 4.055514190527e+00
2880	-1.157433448568e-01 4.916438980369e+00 -2.586379949036e+00 1.874413097836e+00 2.336465464435e+00 -2.305006820600e+00 2.355644431315e+00 -5.148176354536e+00 -2.104507362508e+00 2.070847849520e+00 -2.563013149129e+00 2.031925217215e+00 -2.267464337487e+00 2.576176837556e+00 4.059225164476e+00
2890	-1.157433448568e-01 4.916438980369e+00 -2.586379949036e+00 1.874413097836e+00 2.336465464435e+00 -2.305006820600e+00 2.355644431315e+00 -5.148176354536e+00 -2.104507362508e+00 2.070847849520e+00 -2.563013149129e+00 2.031925217215e+00 -2.267464337487e+00 2.572716088683e+00 4.062949268179e+00
2900	-1.157433448568e-01 4.916438980369e+00 -2.586379949036e+00 1.874413097836e+00 2.336465464435e+00 -2.305006820600e+00 2.355644431315e+00 -5.148176354536e+00 -2.104507362508e+00 2.070847849520e+00 -2.563013149129e+00 2.031925217215e+00 -2.267464337487e+00 2.569247647266e+00 4.066689555646e+00
2910	-1.157433448568e-01 4.916438980369e+00 -2.586379949036e+00 1.874413097836e+00 2.336465464435e+00 -2.305006820600e+00 2.355644431315e+00 -5.148176354536e+00 -2.104507362508e+00 2.070847849520e+00 -2.563013149129e+00 2.031925217215e+00 -2.267464337487e+00 2.565773196383e+00 4.070449374559e+00
2920	-1.157433448568e-01 4.916438980369e+00 -2.586379949036e+00 1.874413097836e+00 2.336465464435e+00 -2.305006820600e+00 2.355644431315e+00 -5.148176354536e+00 -2.104507362508e+00 2.070847849520e+00 -2.563013149129e+00 2.031925217215e+00 -2.267464337487e+00 2.562295302239e+00 4.074226170985e+00
2930	-1.157433448568e-01 4.916438980369e+00 -2.586379949036e+00 1.874413097836e+00 2.336465464435e+00 -2.305006820600e+00 2.355644431315e+00 -5.148176354536e+00 -2.104507362508e+00 2.070847849520e+00 -2.563013149129e+00 2.031925217215e+00 -2.267464337487e+00 2.558817591019e+00 4.078020950529e+00
2940	-1.157433448568e-01 4.916438980369e+00 -2.586379949036e+00 1.874413097836e+00 2.336465464435e+00 -2.305006820600e+00 2.355644431315e+00 -5.148176354536e+00 -2.104507362508e+00 2.070847849520e+00 -2.563013149129e+00 2.031925217215e+00 -2.267464337487e+00 2.555342636093e+00 4.081834581889e+00
2950	-1.157433448568e-01 4.916438980369e+00 -2.586379949036e+00 1.874413097836e+00 2.336465464435e+00 -2.305006820600e+00 2.355644431315e+00 -5.148176354536e+00 -2.104507362508e+00 2.070847849520e+00 -2.563013149129e+00 2.031925217215e+00 -2.267464337487e+00 2.551866370361e+00 4.085665953672e+00
2960	-1.157433448568e-01 4.916438980369e+00 -2.586379949036e+00 1.874413097836e+00 2.336465464435e+00 -2.305006820600e+00 2.355644431315e+00 -5.148176354536e+00 -2.104507362508e+00 2.070847849520e+00 -2.563013149129e+00 2.031925217215e+00 -2.267464337487e+00 2.548384024672e+00 4.089518029689e+00
2970	-1.157433448568e-01 4.916438980369e+00 -2.586379949036e+00 1.874413097836e+00 2.336465464435e+00 -2.305006820600e+00 2.355644431315e+00 -5.148176354536e+00 -2.104507362508e+00 2.070847849520e+00 -2.563013149129e+00 2.031925217215e+00 -2.267464337487e+00 2.544897376597e+00 4.093389617956e+00
2980	-1.157433448568e-01 4.916438980369e+00 -2.586379949036e+00 1.874413097836e+00 2.336465464435e+00 -2.305006820600e+00 2.355644431315e+00 -5.148176354536e+00 -2.104507362508e+00 2.070847849520e+00 -2.563013149129e+00 2.031925217215e+00 -2.267464337487e+00 2.541406212298e+00 4.097277879190e+00
2990	-1.157433448568e-01 4.916438980369e+00 -2.586379949036e+00 1.874413097836e+00 2.336465464435e+00 -2.305006820600e+00 2.355644431315e+00 -5.148176354536e+00 -2.104507362508e+00 2.070847849520e+00 -2.563013149129e+00 2.031925217215e+00 -2.267464337487e+00 2.537905935061e+00 4.101181866147e+00
3000	-1.157433448568e-01 4.916438980369e+00 -2.586379949036e+00 1.874413097836e+00 2.336465464435e+00 -2.305006820600e+00 2.355644431315e+00 -5.148176354536e+00 -2.104507362508e+00 2.070847849520e+00 -2.563013149129e+00 2.031925217215e+00 -2.267464337487e+00 2.534396980757e+00 4.105098044519e+00
3010	-1.157433448568e-01 4.916438980369e+00 -2.586379949036e+00 1.874413097836e+00 2.336465464435e+00 -2.305006820600e+00 2.355644431315e+00 -5.148176354536e+00 -2.104507362508e+00 2.070847849520e+00 -2.563013149129e+00 2.031925217215e+00 -2.267464337487e+00 2.530879415908e+00 4.109024642442e+00
3020	-1.157433448568e-01 4.916438980369e+00 -2.586379949036e+00 1.874413097836e+00 2.336465464435e+00 -2.305006820600e+00 2.355644431315e+00 -5.148176354536e+00 -2.104507362508e+00 2.070847849520e+00 -2.563013149129e+00 2.031925217215e+00 -2.267464337487e+00 2.527349251884e+00 4.112961217529e+00
3030	-1.157433448568e-01 4.916438980369e+00 -2.586379949036e+00 1.874413097836e+00 2.336465464435e+00 -2.305006820600e+00 2.355644431315e+00 -5.148176354536e+00 -2.104507362508e+00 2.070847849520e+00 -2.563013149129e+00 2.031925217215e+00 -2.267464337487e+00 2.523805423933e+00 4.116904866602e+00
3040	-1.157433448568e-01 4.916438980369e+00 -2.586379949036e+00 1.874413097836e+00 2.336465464435e+00 -2.305006820600e+00 2.355644431315e+00 -5.148176354536e+00 -2.104507362508e+00 2.070847849520e+00 -2.563013149129e+00 2.031925217215e+00 -2.267464337487e+00 2.520246355793e+00 4.120855089940e+00
3050	-1.157433448568e-01 4.916438980369e+00 -2.586379949036e+00 1.874413097836e+00 2.336465464435e+00 -2.305006820600e+00 2.355644431315e+00 -5.148176354536e+00 -2.104507362508e+00 2.070847849520e+00 -2.563013149129e+00 2.031925217215e+00 -2.267464337487e+00 2.516669493777e+00 4.124810812098e+00
3060	-1.157433448568e-01 4.916438980369e+00 -2.586379949036e+00 1.874413097836e+00 2.336465464435e+00 -2.305006820600e+00 2.355644431315e+00 -5.148176354536e+00 -2.104507362508e+00 2.070847849520e+00 -2.563013149129e+00 2.031925217215e+00 -2.267464337487e+00 2.513076188401e+00 4.128768235735e+00
3070	-1.157433448568e-01 4.916438980369e+00 -2.586379949036e+00 1.874413097836e+00 2.336465464435e+00 -2.305006820600e+00 2.355644431315e+00 -5.148176354536e+00 -2.104507362508e+00 2.070847849520e+00 -2.563013149129e+00 2.031925217215e+00 -2.267464337487e+00 2.509465383861e+00 4.132729497157e+00
3080	-1.157433448568e-01 4.916438980369e+00 -2.586379949036e+00 1.874413097836e+00 2.336465464435e+00 -2.305006820600e+00 2.355644431315e+00 -5.148176354536e+00 -2.104507362508e+00 2.070847849520e+00 -2.563013149129e+00 2.031925217215e+00 -2.267464337487e+00 2.505837214404e+00 4.136695376880e+00
3090	-1.157433448568e-01 4.916438980369e+00 -2.586379949036e+00 1.874413097836e+00 2.336465464435e+00 -2.305006820600e+00 2.355644431315e+00 -5.148176354536e+00 -2.104507362508e+00 2.070847849520e+00 -2.563013149129e+00 2.031925217215e+00 -2.267464337487e+00 2.502195276363e+00 4.140663232956e+00
3100	-1.157433448568e-01 4.916438980369e+00 -2.586379949036e+00 1.874413097836e+00 2.336465464435e+00 -2.305006820600e+00 2.355644431315e+00 -5.148176354536e+00 -2.104507362508e+00 2.070847849520e+00 -2.563013149129e+00 2.031925217215e+00 -2.267464337487e+00 2.498541510461e+00 4.144633596428e+00
3110	-1.157433448568e-01 4.916438980369e+00 -2.586379949036e+00 1.874413097836e+00 2.336465464435e+00 -2.305006820600e+00 2.355644431315e+00 -5.148176354536e+00 -2.104507362508e+00 2.070847849520e+00 -2.563013149129e+00 2.031925217215e+00 -2.267464337487e+00 2.494878932828e+00 4.148605013227e+00
3120	-1.157433448568e-01 4.916438980369e+00 -2.586379949036e+00 1.874413097836e+00 2.336465464435e+00 -2.305006820600e+00 2.355644431315e+00 -5.148176354536e+00 -2.104507362508e+00 2.070847849520e+00 -2.563013149129e+00 2.031925217215e+00 -2.267464337487e+00 2.491209877514e+00 4.152577490978e+00
3130	-1.157433448568e-01 4.916438980369e+00 -2.586379949036e+00 1.874413097836e+00 2.336465464435e+00 -2.305006820600e+00 2.355644431315e+00 -5.148176354536e+00 -2.104507362508e+00 2.070847849520e+00 -2.563013149129e+00 2.031925217215e+00 -2.267464337487e+00 2.487533946897e+00 4.156554924532e+00
3140	-1.157433448568e-01 4.916438980369e+00 -2.586379949036e+00 1.874413097836e+00 2.336465464435e+00 -2.305006820600e+00 2.355644431315e+00 -5.148176354536e+00 -2.104507362508e+00 2.070847849520e+00 -2.563013149129e+00 2.031925217215e+00 -2.267464337487e+00 2.483849378613e+00 4.160539349333e+00
3150	-1.157433448568e-01 4.916438980369e+00 -2.586379949036e+00 1.874413097836e+00 2.336465464435e+00 -2.305006820600e+00 2.355644431315e+00 -5.148176354536e+00 -2.104507362508e+00 2.070847849520e+00 -2.563013149129e+00 2.031925217215e+00 -2.267464337487e+00 2.480155782040e+00 4.164531652299e+00
3160	-1.157433448568e-01 4.916438980369e+00 -2.586379949036e+00 1.874413097836e+00 2.336465464435e+00 -2.305006820600e+00 2.355644431315e+00 -5.148176354536e+00 -2.104507362508e+00 2.070847849520e+00 -2.563013149129e+00 2.031925217215e+00 -2.267464337487e+00 2.476456470994e+00 4.168532896950e+00
