0.3475108624	0.0000835682	0.3410191921	0.3411027603
0.3475108624	0.0000835682	0.3410191921	0.3411027603
0.5245519466	0.0000857125	0.3347880664	0.3348737789
0.7495256032	0.0000086786	0.0010393306	0.0010480093
0.9316409850	0.0000000000	0.0000000000	0.0000000000
0.9318702298	0.0000000000	0.0000000000	0.0000000000
1.1087792445	0.0000021025	0.0004021047	0.0004042072
1.1087792445	0.0000021025	0.0004021047	0.0004042072
1.1973084381	0.0000088429	0.0048892361	0.0048980791
1.2120393793	0.0000001405	0.0000429021	0.0000430426
1.2120393793	0.0000001405	0.0000429021	0.0000430426
1.4405115715	0.0000027007	0.0009044109	0.0009071116
1.7362940620	0.0000071318	0.0001756758	0.0001828075
1.7753203558	0.0000000000	0.0000000000	0.0000000000
1.7757946690	0.0000000000	0.0000000000	0.0000000000
2.0070786846	0.0000000257	0.0000725300	0.0000725557
2.0070786846	0.0000000257	0.0000725300	0.0000725557
2.1886585917	0.0000015212	0.0001444996	0.0001460208
2.3034940514	0.0000002750	0.0001409821	0.0001412571
2.3034940514	0.0000002750	0.0001409821	0.0001412571
2.6433787540	0.0000000199	0.0005163240	0.0005163440
2.7263736336	0.0000010766	0.0000085919	0.0000096686
2.7734133241	0.0000000000	0.0000000000	0.0000000000
2.7735919199	0.0000000000	0.0000000000	0.0000000000
3.0640733153	0.0000003061	0.0002678950	0.0002682012
3.0640733154	0.0000003061	0.0002678950	0.0002682012
3.3151247888	0.0000025931	0.0003202226	0.0003228157
3.3342169824	0.0000000307	0.0000067493	0.0000067800
3.3342169825	0.0000000307	0.0000067493	0.0000067800
3.7623776186	0.0000027269	0.0000188496	0.0000215765
3.7736066236	0.0000000000	0.0000000000	0.0000000000
3.7754897696	0.0000000000	0.0000000000	0.0000000000
3.8494842228	0.0000000214	0.0002177261	0.0002177475
4.1526698234	0.0000000202	0.0000398732	0.0000398933
4.1526698235	0.0000000202	0.0000398732	0.0000398933
4.4549223961	0.0000001890	0.0001397038	0.0001398929
4.4878248207	0.0000000023	0.0000173392	0.0000173414
4.4878248207	0.0000000023	0.0000173392	0.0000173414
4.7417010910	0.0000021125	0.0000438412	0.0000459537
4.8270925196	0.0000000000	0.0000000000	0.0000000000
4.8279316685	0.0000000000	0.0000000000	0.0000000000
5.0859185220	0.0000012863	0.0000918855	0.0000931718
5.1121903741	0.0000001754	0.0002217257	0.0002219011
5.1121903753	0.0000001754	0.0002217257	0.0002219011
5.5728882361	0.0000000066	0.0000130893	0.0000130959
5.5728882372	0.0000000066	0.0000130893	0.0000130959
5.6501430877	0.0000002029	0.0002090532	0.0002092562
5.7880804759	0.0000000000	0.0000000000	0.0000000000
5.7933954794	0.0000000000	0.0000000000	0.0000000000
6.2159598619	0.0000000277	0.0000108115	0.0000108393
6.6411011025	0.0000000869	0.0002990192	0.0002991061
6.6411011048	0.0000000869	0.0002990192	0.0002991061
6.8389633889	0.0000007532	0.0002119710	0.0002127242
7.4524177980	0.0000000017	0.0000046393	0.0000046410
7.4524178002	0.0000000017	0.0000046393	0.0000046410
7.5103655375	0.0000000000	0.0000000000	0.0000000000
7.5165335994	0.0000000000	0.0000000000	0.0000000000
7.6396938618	0.0000000002	0.0001747307	0.0001747310
7.8856408267	0.0000000000	0.0000000000	0.0000000000
8.2214339399	0.0000000000	0.0000000000	0.0000000000
8.2214351454	0.0000000000	0.0000000000	0.0000000000
8.4637320212	0.0000000098	0.0000304490	0.0000304587
8.7890599630	0.0000000086	0.0003077016	0.0003077101
8.7890599651	0.0000000086	0.0003077016	0.0003077101
9.3658400187	0.0222033985	0.0000127453	0.0222161438
9.3658400187	0.0222033985	0.0000127453	0.0222161438
9.4838830004	0.0000003904	0.0004886532	0.0004890436
9.7999359615	0.0000000000	0.0000000000	0.0000000000
9.8029859708	0.0000000000	0.0000000000	0.0000000000
9.9219941113	0.0002269198	0.0000029609	0.0002298806
9.9219941113	0.0002269198	0.0000029609	0.0002298806
10.5045247935	0.0000000359	0.0000004216	0.0000004575
10.5045247956	0.0000000359	0.0000004216	0.0000004575
10.6130232555	0.0072235911	0.0000196174	0.0072432086
11.4393270679	0.0000004699	0.0000019442	0.0000024141
13.3344764488	0.9942609159	0.0000025936	0.9942635095
14.0207278177	0.1423388623	0.0000066260	0.1423454883
14.0207278177	0.1423388623	0.0000066260	0.1423454883
14.5481858699	0.0000010993	0.0000101842	0.0000112834
14.5481858706	0.0000010993	0.0000101842	0.0000112834
14.6403223184	0.1022937391	0.0000000586	0.1022937977
15.8691882472	0.2848756875	0.0000310752	0.2849067627
15.8691882472	0.2848756875	0.0000310752	0.2849067627
16.8759470198	0.3159041645	0.0000631457	0.3159673102
18.0419478975	0.0000043376	0.0001371245	0.0001414621
20.1941757483	0.0000000000	0.0000000000	0.0000000000
20.1941764962	0.0000000000	0.0000000000	0.0000000000
20.3219541735	0.0000000000	0.0000000000	0.0000000000
21.3028275026	0.1524551482	0.0000011235	0.1524562717
21.3623040859	0.0610275451	0.0000003209	0.0610278660
21.3623040859	0.0610275451	0.0000003209	0.0610278660
23.2220662109	0.0399227611	0.0000017940	0.0399245552
23.3572730371	0.0107345734	0.0000004386	0.0107350120
23.3572730371	0.0107345734	0.0000004386	0.0107350120
23.8765046020	0.0000000209	0.0000002216	0.0000002425
23.8765046020	0.0000000209	0.0000002216	0.0000002425
25.1335688615	0.0112114432	0.0000003395	0.0112117827
25.4483907271	0.0646552557	0.0000000034	0.0646552592
26.2348010404	0.0024900840	0.0000000612	0.0024901452
26.2348010404	0.0024900840	0.0000000612	0.0024901452
26.7047057894	0.0727594837	0.0000003740	0.0727598577
26.7047057894	0.0727594837	0.0000003740	0.0727598577
28.1115711119	0.6011578530	0.0000005843	0.6011584373
28.2159305217	0.0620321945	0.0000000686	0.0620322631
28.2159305217	0.0620321945	0.0000000686	0.0620322631
28.9271935181	0.0000000000	0.0000000000	0.0000000000
28.9271941263	0.0000000000	0.0000000000	0.0000000000
28.9776944951	0.0366369195	0.0000004718	0.0366373913
29.0610265480	0.0000000000	0.0000000000	0.0000000000
29.1700223383	0.1163203131	0.0000002897	0.1163206028
29.3991867565	0.1209148851	0.0000000729	0.1209149580
29.3991867565	0.1209148851	0.0000000729	0.1209149580
30.4127839525	0.0000000669	0.0002539795	0.0002540464
31.0358984470	0.1103836047	0.0000000058	0.1103836104
33.1329497139	0.0023970002	0.0000010916	0.0023980918
33.2026878153	0.1381493709	0.0000006378	0.1381500087
34.6840229620	0.0055310034	0.0000000337	0.0055310371
34.6840229620	0.0055310034	0.0000000337	0.0055310371
35.6931546691	0.0952336472	0.0000000008	0.0952336481
35.6931546691	0.0952336472	0.0000000008	0.0952336481
36.0710130883	0.0016874466	0.0000087827	0.0016962293
36.2272663131	0.0779511910	0.0000009132	0.0779521043
36.2272663132	0.0779511910	0.0000009132	0.0779521043
37.0032683503	0.0000000000	0.0000000000	0.0000000000
37.0032697720	0.0000000000	0.0000000000	0.0000000000
37.0681588446	0.0000000000	0.0000000000	0.0000000000
37.0869365057	0.0000000000	0.0000000000	0.0000000000
37.0869365057	0.0000000000	0.0000000000	0.0000000000
37.3679913195	0.0032823059	0.0000008468	0.0032831526
37.9691777101	0.0001146876	0.0000018250	0.0001165126
37.9691777101	0.0001146876	0.0000018250	0.0001165126
38.3353895863	0.0000000000	0.0000000000	0.0000000000
38.3353936135	0.0000000000	0.0000000000	0.0000000000
38.8478514121	0.0494782928	0.0000000780	0.0494783708
39.1442872558	0.0028999061	0.0000002035	0.0029001097
40.6727982488	0.9094049948	0.0000000746	0.9094050694
40.6727982488	0.9094049948	0.0000000746	0.9094050694
41.6362377850	0.0058453689	0.0000050332	0.0058504021
42.2807613392	0.0384668355	0.0000020815	0.0384689170
43.8594765629	0.0000000000	0.0000000000	0.0000000000
43.8594796938	0.0000000000	0.0000000000	0.0000000000
43.8990410376	0.0000006095	0.0000017018	0.0000023114
44.4699180557	0.0257481452	0.0000000000	0.0257481452
44.4699180557	0.0257481452	0.0000000000	0.0257481452
44.8874704767	0.5643960783	0.0000216733	0.5644177516
44.8874704767	0.5643960783	0.0000216733	0.5644177516
47.1687119201	0.2238698665	0.0000006067	0.2238704732
47.1687119201	0.2238698665	0.0000006067	0.2238704732
48.7784808833	0.0202771528	0.0000000508	0.0202772036
52.1498427563	0.1742583214	0.0000000290	0.1742583503
