1 5.905385776366e-09
2 5.905385776366e-09
3 5.905385776366e-09
4 5.905385776366e-09
5 5.905385776366e-09
6 5.905385776366e-09
7 5.905385776366e-09
8 5.905385776366e-09
9 5.905385776366e-09
10 5.905385776366e-09
11 2.339957572223e-08
12 2.339957572223e-08
13 2.339957572223e-08
14 2.339957572223e-08
15 2.339957572223e-08
16 2.339957572223e-08
17 2.339957572223e-08
18 2.339957572223e-08
19 2.339957572223e-08
20 2.339957572223e-08
21 5.306418303644e-08
22 5.306418303644e-08
23 5.306418303644e-08
24 5.306418303644e-08
25 5.306418303644e-08
26 5.306418303644e-08
27 5.306418303644e-08
28 5.306418303644e-08
29 5.306418303644e-08
30 5.306418303644e-08
31 1.018319996812e-07
32 1.018319996812e-07
33 1.018319996812e-07
34 1.018319996812e-07
35 1.018319996812e-07
36 1.018319996812e-07
37 1.018319996812e-07
38 1.018319996812e-07
39 1.018319996812e-07
40 1.018319996812e-07
41 2.011943850818e-07
42 2.011943850818e-07
43 2.011943850818e-07
44 2.011943850818e-07
45 2.011943850818e-07
46 2.011943850818e-07
47 2.011943850818e-07
48 2.011943850818e-07
49 2.011943850818e-07
50 2.011943850818e-07
51 4.618182928355e-07
52 4.618182928355e-07
53 4.618182928355e-07
54 4.618182928355e-07
55 4.618182928355e-07
56 4.618182928355e-07
57 4.618182928355e-07
58 4.618182928355e-07
59 4.618182928355e-07
60 4.618182928355e-07
61 1.126688636008e-06
62 1.126688636008e-06
63 1.126688636008e-06
64 1.126688636008e-06
65 1.126688636008e-06
66 1.126688636008e-06
67 1.126688636008e-06
68 1.126688636008e-06
69 1.126688636008e-06
70 1.126688636008e-06
71 2.561505119874e-06
72 2.561505119874e-06
73 2.561505119874e-06
74 2.561505119874e-06
75 2.561505119874e-06
76 2.561505119874e-06
77 2.561505119874e-06
78 2.561505119874e-06
79 2.561505119874e-06
80 2.561505119874e-06
81 5.145710255014e-06
82 5.145710255014e-06
83 5.145710255014e-06
84 5.145710255014e-06
85 5.145710255014e-06
86 5.145710255014e-06
87 5.145710255014e-06
88 5.145710255014e-06
89 5.145710255014e-06
90 5.145710255014e-06
91 8.985011347888e-06
92 8.985011347888e-06
93 8.985011347888e-06
94 8.985011347888e-06
95 8.985011347888e-06
96 8.985011347888e-06
97 8.985011347888e-06
98 8.985011347888e-06
99 8.985011347888e-06
100 8.985011347888e-06
101 1.382773747482e-05
102 1.382773747482e-05
103 1.382773747482e-05
104 1.382773747482e-05
105 1.382773747482e-05
106 1.382773747482e-05
107 1.382773747482e-05
108 1.382773747482e-05
109 1.382773747482e-05
110 1.382773747482e-05
111 1.943153459061e-05
112 1.943153459061e-05
113 1.943153459061e-05
114 1.943153459061e-05
115 1.943153459061e-05
116 1.943153459061e-05
117 1.943153459061e-05
118 1.943153459061e-05
119 1.943153459061e-05
120 1.943153459061e-05
121 2.572258233851e-05
122 2.572258233851e-05
123 2.572258233851e-05
124 2.572258233851e-05
125 2.572258233851e-05
126 2.572258233851e-05
127 2.572258233851e-05
128 2.572258233851e-05
129 2.572258233851e-05
130 2.572258233851e-05
131 3.275064416282e-05
132 3.275064416282e-05
133 3.275064416282e-05
134 3.275064416282e-05
135 3.275064416282e-05
136 3.275064416282e-05
137 3.275064416282e-05
138 3.275064416282e-05
139 3.275064416282e-05
140 3.275064416282e-05
141 4.016099795534e-05
142 4.016099795534e-05
143 4.016099795534e-05
144 4.016099795534e-05
145 4.016099795534e-05
146 4.016099795534e-05
147 4.016099795534e-05
148 4.016099795534e-05
149 4.016099795534e-05
150 4.016099795534e-05
151 4.689209484847e-05
152 4.689209484847e-05
153 4.689209484847e-05
154 4.689209484847e-05
155 4.689209484847e-05
156 4.689209484847e-05
157 4.689209484847e-05
158 4.689209484847e-05
159 4.689209484847e-05
160 4.689209484847e-05
161 5.178313007059e-05
162 5.178313007059e-05
163 5.178313007059e-05
164 5.178313007059e-05
165 5.178313007059e-05
166 5.178313007059e-05
167 5.178313007059e-05
168 5.178313007059e-05
169 5.178313007059e-05
170 5.178313007059e-05
171 5.493907257763e-05
172 5.493907257763e-05
173 5.493907257763e-05
174 5.493907257763e-05
175 5.493907257763e-05
176 5.493907257763e-05
177 5.493907257763e-05
178 5.493907257763e-05
179 5.493907257763e-05
180 5.493907257763e-05
181 5.839101880544e-05
182 5.839101880544e-05
183 5.839101880544e-05
184 5.839101880544e-05
185 5.839101880544e-05
186 5.839101880544e-05
187 5.839101880544e-05
188 5.839101880544e-05
189 5.839101880544e-05
190 5.839101880544e-05
191 6.566554461559e-05
192 6.566554461559e-05
193 6.566554461559e-05
194 6.566554461559e-05
195 6.566554461559e-05
196 6.566554461559e-05
197 6.566554461559e-05
198 6.566554461559e-05
199 6.566554461559e-05
200 6.566554461559e-05
201 8.065722321670e-05
202 8.065722321670e-05
203 8.065722321670e-05
204 8.065722321670e-05
205 8.065722321670e-05
206 8.065722321670e-05
207 8.065722321670e-05
208 8.065722321670e-05
209 8.065722321670e-05
210 8.065722321670e-05
211 1.058789358383e-04
212 1.058789358383e-04
213 1.058789358383e-04
214 1.058789358383e-04
215 1.058789358383e-04
216 1.058789358383e-04
217 1.058789358383e-04
218 1.058789358383e-04
219 1.058789358383e-04
220 1.058789358383e-04
221 1.403484960146e-04
222 1.403484960146e-04
223 1.403484960146e-04
224 1.403484960146e-04
225 1.403484960146e-04
226 1.403484960146e-04
227 1.403484960146e-04
228 1.403484960146e-04
229 1.403484960146e-04
230 1.403484960146e-04
231 1.787330592386e-04
232 1.787330592386e-04
233 1.787330592386e-04
234 1.787330592386e-04
235 1.787330592386e-04
236 1.787330592386e-04
237 1.787330592386e-04
238 1.787330592386e-04
239 1.787330592386e-04
240 1.787330592386e-04
241 2.141766951391e-04
242 2.141766951391e-04
243 2.141766951391e-04
244 2.141766951391e-04
245 2.141766951391e-04
246 2.141766951391e-04
247 2.141766951391e-04
248 2.141766951391e-04
249 2.141766951391e-04
250 2.141766951391e-04
251 2.410968377117e-04
252 2.410968377117e-04
253 2.410968377117e-04
254 2.410968377117e-04
255 2.410968377117e-04
256 2.410968377117e-04
257 2.410968377117e-04
258 2.410968377117e-04
259 2.410968377117e-04
260 2.410968377117e-04
261 2.557458150087e-04
262 2.557458150087e-04
263 2.557458150087e-04
264 2.557458150087e-04
265 2.557458150087e-04
266 2.557458150087e-04
267 2.557458150087e-04
268 2.557458150087e-04
269 2.557458150087e-04
270 2.557458150087e-04
271 2.569402242515e-04
272 2.569402242515e-04
273 2.569402242515e-04
274 2.569402242515e-04
275 2.569402242515e-04
276 2.569402242515e-04
277 2.569402242515e-04
278 2.569402242515e-04
279 2.569402242515e-04
280 2.569402242515e-04
281 2.487113101709e-04
282 2.487113101709e-04
283 2.487113101709e-04
284 2.487113101709e-04
285 2.487113101709e-04
286 2.487113101709e-04
287 2.487113101709e-04
288 2.487113101709e-04
289 2.487113101709e-04
290 2.487113101709e-04
291 2.403256061289e-04
292 2.403256061289e-04
293 2.403256061289e-04
294 2.403256061289e-04
295 2.403256061289e-04
296 2.403256061289e-04
297 2.403256061289e-04
298 2.403256061289e-04
299 2.403256061289e-04
300 2.403256061289e-04
301 2.397140452327e-04
302 2.397140452327e-04
303 2.397140452327e-04
304 2.397140452327e-04
305 2.397140452327e-04
306 2.397140452327e-04
307 2.397140452327e-04
308 2.397140452327e-04
309 2.397140452327e-04
310 2.397140452327e-04
311 2.501643788615e-04
312 2.501643788615e-04
313 2.501643788615e-04
314 2.501643788615e-04
315 2.501643788615e-04
316 2.501643788615e-04
317 2.501643788615e-04
318 2.501643788615e-04
319 2.501643788615e-04
320 2.501643788615e-04
321 2.710593133350e-04
322 2.710593133350e-04
323 2.710593133350e-04
324 2.710593133350e-04
325 2.710593133350e-04
326 2.710593133350e-04
327 2.710593133350e-04
328 2.710593133350e-04
329 2.710593133350e-04
330 2.710593133350e-04
331 2.953262280484e-04
332 2.953262280484e-04
333 2.953262280484e-04
334 2.953262280484e-04
335 2.953262280484e-04
336 2.953262280484e-04
337 2.953262280484e-04
338 2.953262280484e-04
339 2.953262280484e-04
340 2.953262280484e-04
341 3.149145893654e-04
342 3.149145893654e-04
343 3.149145893654e-04
344 3.149145893654e-04
345 3.149145893654e-04
346 3.149145893654e-04
347 3.149145893654e-04
348 3.149145893654e-04
349 3.149145893654e-04
350 3.149145893654e-04
351 3.278197596803e-04
352 3.278197596803e-04
353 3.278197596803e-04
354 3.278197596803e-04
355 3.278197596803e-04
356 3.278197596803e-04
357 3.278197596803e-04
358 3.278197596803e-04
359 3.278197596803e-04
360 3.278197596803e-04
361 3.378967591420e-04
362 3.378967591420e-04
363 3.378967591420e-04
364 3.378967591420e-04
365 3.378967591420e-04
366 3.378967591420e-04
367 3.378967591420e-04
368 3.378967591420e-04
369 3.378967591420e-04
370 3.378967591420e-04
371 3.573533154013e-04
372 3.573533154013e-04
373 3.573533154013e-04
374 3.573533154013e-04
375 3.573533154013e-04
376 3.573533154013e-04
377 3.573533154013e-04
378 3.573533154013e-04
379 3.573533154013e-04
380 3.573533154013e-04
381 3.935451190638e-04
382 3.935451190638e-04
383 3.935451190638e-04
384 3.935451190638e-04
385 3.935451190638e-04
386 3.935451190638e-04
387 3.935451190638e-04
388 3.935451190638e-04
389 3.935451190638e-04
390 3.935451190638e-04
391 4.383139943428e-04
392 4.383139943428e-04
393 4.383139943428e-04
394 4.383139943428e-04
395 4.383139943428e-04
396 4.383139943428e-04
397 4.383139943428e-04
398 4.383139943428e-04
399 4.383139943428e-04
400 4.383139943428e-04
401 4.812279654694e-04
402 4.812279654694e-04
403 4.812279654694e-04
404 4.812279654694e-04
405 4.812279654694e-04
406 4.812279654694e-04
407 4.812279654694e-04
408 4.812279654694e-04
409 4.812279654694e-04
410 4.812279654694e-04
411 5.200302753933e-04
412 5.200302753933e-04
413 5.200302753933e-04
414 5.200302753933e-04
415 5.200302753933e-04
416 5.200302753933e-04
417 5.200302753933e-04
418 5.200302753933e-04
419 5.200302753933e-04
420 5.200302753933e-04
421 5.606059731628e-04
422 5.606059731628e-04
423 5.606059731628e-04
424 5.606059731628e-04
425 5.606059731628e-04
426 5.606059731628e-04
427 5.606059731628e-04
428 5.606059731628e-04
429 5.606059731628e-04
430 5.606059731628e-04
431 6.126055837660e-04
432 6.126055837660e-04
433 6.126055837660e-04
434 6.126055837660e-04
435 6.126055837660e-04
436 6.126055837660e-04
437 6.126055837660e-04
438 6.126055837660e-04
439 6.126055837660e-04
440 6.126055837660e-04
441 6.841357150359e-04
442 6.841357150359e-04
443 6.841357150359e-04
444 6.841357150359e-04
445 6.841357150359e-04
446 6.841357150359e-04
447 6.841357150359e-04
448 6.841357150359e-04
449 6.841357150359e-04
450 6.841357150359e-04
451 7.758572777890e-04
452 7.758572777890e-04
453 7.758572777890e-04
454 7.758572777890e-04
455 7.758572777890e-04
456 7.758572777890e-04
457 7.758572777890e-04
458 7.758572777890e-04
459 7.758572777890e-04
460 7.758572777890e-04
461 8.789555296720e-04
462 8.789555296720e-04
463 8.789555296720e-04
464 8.789555296720e-04
465 8.789555296720e-04
466 8.789555296720e-04
467 8.789555296720e-04
468 8.789555296720e-04
469 8.789555296720e-04
470 8.789555296720e-04
471 9.850380127152e-04
472 9.850380127152e-04
473 9.850380127152e-04
474 9.850380127152e-04
475 9.850380127152e-04
476 9.850380127152e-04
477 9.850380127152e-04
478 9.850380127152e-04
479 9.850380127152e-04
480 9.850380127152e-04
481 1.099775603499e-03
482 1.099775603499e-03
483 1.099775603499e-03
484 1.099775603499e-03
485 1.099775603499e-03
486 1.099775603499e-03
487 1.099775603499e-03
488 1.099775603499e-03
489 1.099775603499e-03
490 1.099775603499e-03
491 1.227772839589e-03
492 1.227772839589e-03
493 1.227772839589e-03
494 1.227772839589e-03
495 1.227772839589e-03
496 1.227772839589e-03
497 1.227772839589e-03
498 1.227772839589e-03
499 1.227772839589e-03
500 1.227772839589e-03
501 1.352395772277e-03
502 1.352395772277e-03
503 1.352395772277e-03
504 1.352395772277e-03
505 1.352395772277e-03
506 1.352395772277e-03
507 1.352395772277e-03
508 1.352395772277e-03
509 1.352395772277e-03
510 1.352395772277e-03
511 1.458228886954e-03
512 1.458228886954e-03
513 1.458228886954e-03
514 1.458228886954e-03
515 1.458228886954e-03
516 1.458228886954e-03
517 1.458228886954e-03
518 1.458228886954e-03
519 1.458228886954e-03
520 1.458228886954e-03
521 1.559159650235e-03
522 1.559159650235e-03
523 1.559159650235e-03
524 1.559159650235e-03
525 1.559159650235e-03
526 1.559159650235e-03
527 1.559159650235e-03
528 1.559159650235e-03
529 1.559159650235e-03
530 1.559159650235e-03
531 1.682795153240e-03
532 1.682795153240e-03
533 1.682795153240e-03
534 1.682795153240e-03
535 1.682795153240e-03
536 1.682795153240e-03
537 1.682795153240e-03
538 1.682795153240e-03
539 1.682795153240e-03
540 1.682795153240e-03
541 1.833942175129e-03
542 1.833942175129e-03
543 1.833942175129e-03
544 1.833942175129e-03
545 1.833942175129e-03
546 1.833942175129e-03
547 1.833942175129e-03
548 1.833942175129e-03
549 1.833942175129e-03
550 1.833942175129e-03
551 1.985786090692e-03
552 1.985786090692e-03
553 1.985786090692e-03
554 1.985786090692e-03
555 1.985786090692e-03
556 1.985786090692e-03
557 1.985786090692e-03
558 1.985786090692e-03
559 1.985786090692e-03
560 1.985786090692e-03
561 2.112578017639e-03
562 2.112578017639e-03
563 2.112578017639e-03
564 2.112578017639e-03
565 2.112578017639e-03
566 2.112578017639e-03
567 2.112578017639e-03
568 2.112578017639e-03
569 2.112578017639e-03
570 2.112578017639e-03
571 2.222303558758e-03
572 2.222303558758e-03
573 2.222303558758e-03
574 2.222303558758e-03
575 2.222303558758e-03
576 2.222303558758e-03
577 2.222303558758e-03
578 2.222303558758e-03
579 2.222303558758e-03
580 2.222303558758e-03
581 2.339764864992e-03
582 2.339764864992e-03
583 2.339764864992e-03
584 2.339764864992e-03
585 2.339764864992e-03
586 2.339764864992e-03
587 2.339764864992e-03
588 2.339764864992e-03
589 2.339764864992e-03
590 2.339764864992e-03
591 2.478509793013e-03
592 2.478509793013e-03
593 2.478509793013e-03
594 2.478509793013e-03
595 2.478509793013e-03
596 2.478509793013e-03
597 2.478509793013e-03
598 2.478509793013e-03
599 2.478509793013e-03
600 2.478509793013e-03
601 2.630656425606e-03
602 2.630656425606e-03
603 2.630656425606e-03
604 2.630656425606e-03
605 2.630656425606e-03
606 2.630656425606e-03
607 2.630656425606e-03
608 2.630656425606e-03
609 2.630656425606e-03
610 2.630656425606e-03
611 2.755056552038e-03
612 2.755056552038e-03
613 2.755056552038e-03
614 2.755056552038e-03
615 2.755056552038e-03
616 2.755056552038e-03
617 2.755056552038e-03
618 2.755056552038e-03
619 2.755056552038e-03
620 2.755056552038e-03
621 2.833872237051e-03
622 2.833872237051e-03
623 2.833872237051e-03
624 2.833872237051e-03
625 2.833872237051e-03
626 2.833872237051e-03
627 2.833872237051e-03
628 2.833872237051e-03
629 2.833872237051e-03
630 2.833872237051e-03
631 2.922602428282e-03
632 2.922602428282e-03
633 2.922602428282e-03
634 2.922602428282e-03
635 2.922602428282e-03
636 2.922602428282e-03
637 2.922602428282e-03
638 2.922602428282e-03
639 2.922602428282e-03
640 2.922602428282e-03
641 3.064329785626e-03
642 3.064329785626e-03
643 3.064329785626e-03
644 3.064329785626e-03
645 3.064329785626e-03
646 3.064329785626e-03
647 3.064329785626e-03
648 3.064329785626e-03
649 3.064329785626e-03
650 3.064329785626e-03
651 3.256913575139e-03
652 3.256913575139e-03
653 3.256913575139e-03
654 3.256913575139e-03
655 3.256913575139e-03
656 3.256913575139e-03
657 3.256913575139e-03
658 3.256913575139e-03
659 3.256913575139e-03
660 3.256913575139e-03
661 3.475698874423e-03
662 3.475698874423e-03
663 3.475698874423e-03
664 3.475698874423e-03
665 3.475698874423e-03
666 3.475698874423e-03
667 3.475698874423e-03
668 3.475698874423e-03
669 3.475698874423e-03
670 3.475698874423e-03
671 3.683026689012e-03
672 3.683026689012e-03
673 3.683026689012e-03
674 3.683026689012e-03
675 3.683026689012e-03
676 3.683026689012e-03
677 3.683026689012e-03
678 3.683026689012e-03
679 3.683026689012e-03
680 3.683026689012e-03
681 3.846641666157e-03
682 3.846641666157e-03
683 3.846641666157e-03
684 3.846641666157e-03
685 3.846641666157e-03
686 3.846641666157e-03
687 3.846641666157e-03
688 3.846641666157e-03
689 3.846641666157e-03
690 3.846641666157e-03
691 4.001865315818e-03
692 4.001865315818e-03
693 4.001865315818e-03
694 4.001865315818e-03
695 4.001865315818e-03
696 4.001865315818e-03
697 4.001865315818e-03
698 4.001865315818e-03
699 4.001865315818e-03
700 4.001865315818e-03
701 4.212125437190e-03
702 4.212125437190e-03
703 4.212125437190e-03
704 4.212125437190e-03
705 4.212125437190e-03
706 4.212125437190e-03
707 4.212125437190e-03
708 4.212125437190e-03
709 4.212125437190e-03
710 4.212125437190e-03
711 4.493441612156e-03
712 4.493441612156e-03
713 4.493441612156e-03
714 4.493441612156e-03
715 4.493441612156e-03
716 4.493441612156e-03
717 4.493441612156e-03
718 4.493441612156e-03
719 4.493441612156e-03
720 4.493441612156e-03
721 4.792441730749e-03
722 4.792441730749e-03
723 4.792441730749e-03
724 4.792441730749e-03
725 4.792441730749e-03
726 4.792441730749e-03
727 4.792441730749e-03
728 4.792441730749e-03
729 4.792441730749e-03
730 4.792441730749e-03
731 5.046895325663e-03
732 5.046895325663e-03
733 5.046895325663e-03
734 5.046895325663e-03
735 5.046895325663e-03
736 5.046895325663e-03
737 5.046895325663e-03
738 5.046895325663e-03
739 5.046895325663e-03
740 5.046895325663e-03
741 5.239923490765e-03
742 5.239923490765e-03
743 5.239923490765e-03
744 5.239923490765e-03
745 5.239923490765e-03
746 5.239923490765e-03
747 5.239923490765e-03
748 5.239923490765e-03
749 5.239923490765e-03
750 5.239923490765e-03
751 5.410672401708e-03
752 5.410672401708e-03
753 5.410672401708e-03
754 5.410672401708e-03
755 5.410672401708e-03
756 5.410672401708e-03
757 5.410672401708e-03
758 5.410672401708e-03
759 5.410672401708e-03
760 5.410672401708e-03
761 5.608993297820e-03
762 5.608993297820e-03
763 5.608993297820e-03
764 5.608993297820e-03
765 5.608993297820e-03
766 5.608993297820e-03
767 5.608993297820e-03
768 5.608993297820e-03
769 5.608993297820e-03
770 5.608993297820e-03
771 5.854478131139e-03
772 5.854478131139e-03
773 5.854478131139e-03
774 5.854478131139e-03
775 5.854478131139e-03
776 5.854478131139e-03
777 5.854478131139e-03
778 5.854478131139e-03
779 5.854478131139e-03
780 5.854478131139e-03
781 6.117714837828e-03
782 6.117714837828e-03
783 6.117714837828e-03
784 6.117714837828e-03
785 6.117714837828e-03
786 6.117714837828e-03
787 6.117714837828e-03
788 6.117714837828e-03
789 6.117714837828e-03
790 6.117714837828e-03
791 6.361817267557e-03
792 6.361817267557e-03
793 6.361817267557e-03
794 6.361817267557e-03
795 6.361817267557e-03
796 6.361817267557e-03
797 6.361817267557e-03
798 6.361817267557e-03
799 6.361817267557e-03
800 6.361817267557e-03
801 6.592223473828e-03
802 6.592223473828e-03
803 6.592223473828e-03
804 6.592223473828e-03
805 6.592223473828e-03
806 6.592223473828e-03
807 6.592223473828e-03
808 6.592223473828e-03
809 6.592223473828e-03
810 6.592223473828e-03
811 6.843299815405e-03
812 6.843299815405e-03
813 6.843299815405e-03
814 6.843299815405e-03
815 6.843299815405e-03
816 6.843299815405e-03
817 6.843299815405e-03
818 6.843299815405e-03
819 6.843299815405e-03
820 6.843299815405e-03
821 7.101754203755e-03
822 7.101754203755e-03
823 7.101754203755e-03
824 7.101754203755e-03
825 7.101754203755e-03
826 7.101754203755e-03
827 7.101754203755e-03
828 7.101754203755e-03
829 7.101754203755e-03
830 7.101754203755e-03
831 7.288425650677e-03
832 7.288425650677e-03
833 7.288425650677e-03
834 7.288425650677e-03
835 7.288425650677e-03
836 7.288425650677e-03
837 7.288425650677e-03
838 7.288425650677e-03
839 7.288425650677e-03
840 7.288425650677e-03
841 7.346381090114e-03
842 7.346381090114e-03
843 7.346381090114e-03
844 7.346381090114e-03
845 7.346381090114e-03
846 7.346381090114e-03
847 7.346381090114e-03
848 7.346381090114e-03
849 7.346381090114e-03
850 7.346381090114e-03
851 7.325369694835e-03
852 7.325369694835e-03
853 7.325369694835e-03
854 7.325369694835e-03
855 7.325369694835e-03
856 7.325369694835e-03
857 7.325369694835e-03
858 7.325369694835e-03
859 7.325369694835e-03
860 7.325369694835e-03
861 7.362544392473e-03
862 7.362544392473e-03
863 7.362544392473e-03
864 7.362544392473e-03
865 7.362544392473e-03
866 7.362544392473e-03
867 7.362544392473e-03
868 7.362544392473e-03
869 7.362544392473e-03
870 7.362544392473e-03
871 7.529714597420e-03
872 7.529714597420e-03
873 7.529714597420e-03
874 7.529714597420e-03
875 7.529714597420e-03
876 7.529714597420e-03
877 7.529714597420e-03
878 7.529714597420e-03
879 7.529714597420e-03
880 7.529714597420e-03
881 7.767704801121e-03
882 7.767704801121e-03
883 7.767704801121e-03
884 7.767704801121e-03
885 7.767704801121e-03
886 7.767704801121e-03
887 7.767704801121e-03
888 7.767704801121e-03
889 7.767704801121e-03
890 7.767704801121e-03
891 7.956940299541e-03
892 7.956940299541e-03
893 7.956940299541e-03
894 7.956940299541e-03
895 7.956940299541e-03
896 7.956940299541e-03
897 7.956940299541e-03
898 7.956940299541e-03
899 7.956940299541e-03
900 7.956940299541e-03
901 8.056306472083e-03
902 8.056306472083e-03
903 8.056306472083e-03
904 8.056306472083e-03
905 8.056306472083e-03
906 8.056306472083e-03
907 8.056306472083e-03
908 8.056306472083e-03
909 8.056306472083e-03
910 8.056306472083e-03
911 8.136437769509e-03
912 8.136437769509e-03
913 8.136437769509e-03
914 8.136437769509e-03
915 8.136437769509e-03
916 8.136437769509e-03
917 8.136437769509e-03
918 8.136437769509e-03
919 8.136437769509e-03
920 8.136437769509e-03
921 8.311732864888e-03
922 8.311732864888e-03
923 8.311732864888e-03
924 8.311732864888e-03
925 8.311732864888e-03
926 8.311732864888e-03
927 8.311732864888e-03
928 8.311732864888e-03
929 8.311732864888e-03
930 8.311732864888e-03
931 8.615031089467e-03
932 8.615031089467e-03
933 8.615031089467e-03
934 8.615031089467e-03
935 8.615031089467e-03
936 8.615031089467e-03
937 8.615031089467e-03
938 8.615031089467e-03
939 8.615031089467e-03
940 8.615031089467e-03
941 8.945211100946e-03
942 8.945211100946e-03
943 8.945211100946e-03
944 8.945211100946e-03
945 8.945211100946e-03
946 8.945211100946e-03
947 8.945211100946e-03
948 8.945211100946e-03
949 8.945211100946e-03
950 8.945211100946e-03
951 9.196197026355e-03
952 9.196197026355e-03
953 9.196197026355e-03
954 9.196197026355e-03
955 9.196197026355e-03
956 9.196197026355e-03
957 9.196197026355e-03
958 9.196197026355e-03
959 9.196197026355e-03
960 9.196197026355e-03
961 9.338692246810e-03
962 9.338692246810e-03
963 9.338692246810e-03
964 9.338692246810e-03
965 9.338692246810e-03
966 9.338692246810e-03
967 9.338692246810e-03
968 9.338692246810e-03
969 9.338692246810e-03
970 9.338692246810e-03
971 9.461052076011e-03
972 9.461052076011e-03
973 9.461052076011e-03
974 9.461052076011e-03
975 9.461052076011e-03
976 9.461052076011e-03
977 9.461052076011e-03
978 9.461052076011e-03
979 9.461052076011e-03
980 9.461052076011e-03
981 9.645623218908e-03
982 9.645623218908e-03
983 9.645623218908e-03
984 9.645623218908e-03
985 9.645623218908e-03
986 9.645623218908e-03
987 9.645623218908e-03
988 9.645623218908e-03
989 9.645623218908e-03
990 9.645623218908e-03
991 9.866468676431e-03
992 9.866468676431e-03
993 9.866468676431e-03
994 9.866468676431e-03
995 9.866468676431e-03
996 9.866468676431e-03
997 9.866468676431e-03
998 9.866468676431e-03
999 9.866468676431e-03
1000 9.866468676431e-03
1001 1.002930415252e-02
1002 1.002930415252e-02
1003 1.002930415252e-02
1004 1.002930415252e-02
1005 1.002930415252e-02
1006 1.002930415252e-02
1007 1.002930415252e-02
1008 1.002930415252e-02
1009 1.002930415252e-02
1010 1.002930415252e-02
1011 1.009309230122e-02
1012 1.009309230122e-02
1013 1.009309230122e-02
1014 1.009309230122e-02
1015 1.009309230122e-02
1016 1.009309230122e-02
1017 1.009309230122e-02
1018 1.009309230122e-02
1019 1.009309230122e-02
1020 1.009309230122e-02
1021 1.011645123322e-02
1022 1.011645123322e-02
1023 1.011645123322e-02
1024 1.011645123322e-02
1025 1.011645123322e-02
1026 1.011645123322e-02
1027 1.011645123322e-02
1028 1.011645123322e-02
1029 1.011645123322e-02
1030 1.011645123322e-02
1031 1.021691734491e-02
1032 1.021691734491e-02
1033 1.021691734491e-02
1034 1.021691734491e-02
1035 1.021691734491e-02
1036 1.021691734491e-02
1037 1.021691734491e-02
1038 1.021691734491e-02
1039 1.021691734491e-02
1040 1.021691734491e-02
1041 1.045867262766e-02
1042 1.045867262766e-02
1043 1.045867262766e-02
1044 1.045867262766e-02
1045 1.045867262766e-02
1046 1.045867262766e-02
1047 1.045867262766e-02
1048 1.045867262766e-02
1049 1.045867262766e-02
1050 1.045867262766e-02
1051 1.079142995380e-02
1052 1.079142995380e-02
1053 1.079142995380e-02
1054 1.079142995380e-02
1055 1.079142995380e-02
1056 1.079142995380e-02
1057 1.079142995380e-02
1058 1.079142995380e-02
1059 1.079142995380e-02
1060 1.079142995380e-02
1061 1.114537027877e-02
1062 1.114537027877e-02
1063 1.114537027877e-02
1064 1.114537027877e-02
1065 1.114537027877e-02
1066 1.114537027877e-02
1067 1.114537027877e-02
1068 1.114537027877e-02
1069 1.114537027877e-02
1070 1.114537027877e-02
1071 1.150513426474e-02
1072 1.150513426474e-02
1073 1.150513426474e-02
1074 1.150513426474e-02
1075 1.150513426474e-02
1076 1.150513426474e-02
1077 1.150513426474e-02
1078 1.150513426474e-02
1079 1.150513426474e-02
1080 1.150513426474e-02
1081 1.194068915147e-02
1082 1.194068915147e-02
1083 1.194068915147e-02
1084 1.194068915147e-02
1085 1.194068915147e-02
1086 1.194068915147e-02
1087 1.194068915147e-02
1088 1.194068915147e-02
1089 1.194068915147e-02
1090 1.194068915147e-02
1091 1.245031041076e-02
1092 1.245031041076e-02
1093 1.245031041076e-02
1094 1.245031041076e-02
1095 1.245031041076e-02
1096 1.245031041076e-02
1097 1.245031041076e-02
1098 1.245031041076e-02
1099 1.245031041076e-02
1100 1.245031041076e-02
1101 1.289428506079e-02
1102 1.289428506079e-02
1103 1.289428506079e-02
1104 1.289428506079e-02
1105 1.289428506079e-02
1106 1.289428506079e-02
1107 1.289428506079e-02
1108 1.289428506079e-02
1109 1.289428506079e-02
1110 1.289428506079e-02
1111 1.314145803364e-02
1112 1.314145803364e-02
1113 1.314145803364e-02
1114 1.314145803364e-02
1115 1.314145803364e-02
1116 1.314145803364e-02
1117 1.314145803364e-02
1118 1.314145803364e-02
1119 1.314145803364e-02
1120 1.314145803364e-02
1121 1.325433774275e-02
1122 1.325433774275e-02
1123 1.325433774275e-02
1124 1.325433774275e-02
1125 1.325433774275e-02
1126 1.325433774275e-02
1127 1.325433774275e-02
1128 1.325433774275e-02
1129 1.325433774275e-02
1130 1.325433774275e-02
1131 1.344094308484e-02
1132 1.344094308484e-02
1133 1.344094308484e-02
1134 1.344094308484e-02
1135 1.344094308484e-02
1136 1.344094308484e-02
1137 1.344094308484e-02
1138 1.344094308484e-02
1139 1.344094308484e-02
1140 1.344094308484e-02
1141 1.378307449390e-02
1142 1.378307449390e-02
1143 1.378307449390e-02
1144 1.378307449390e-02
1145 1.378307449390e-02
1146 1.378307449390e-02
1147 1.378307449390e-02
1148 1.378307449390e-02
1149 1.378307449390e-02
1150 1.378307449390e-02
1151 1.419937056765e-02
1152 1.419937056765e-02
1153 1.419937056765e-02
1154 1.419937056765e-02
1155 1.419937056765e-02
1156 1.419937056765e-02
1157 1.419937056765e-02
1158 1.419937056765e-02
1159 1.419937056765e-02
1160 1.419937056765e-02
1161 1.452745472528e-02
1162 1.452745472528e-02
1163 1.452745472528e-02
1164 1.452745472528e-02
1165 1.452745472528e-02
1166 1.452745472528e-02
1167 1.452745472528e-02
1168 1.452745472528e-02
1169 1.452745472528e-02
1170 1.452745472528e-02
1171 1.466419362929e-02
1172 1.466419362929e-02
1173 1.466419362929e-02
1174 1.466419362929e-02
1175 1.466419362929e-02
1176 1.466419362929e-02
1177 1.466419362929e-02
1178 1.466419362929e-02
1179 1.466419362929e-02
1180 1.466419362929e-02
1181 1.470042437440e-02
1182 1.470042437440e-02
1183 1.470042437440e-02
1184 1.470042437440e-02
1185 1.470042437440e-02
1186 1.470042437440e-02
1187 1.470042437440e-02
1188 1.470042437440e-02
1189 1.470042437440e-02
1190 1.470042437440e-02
1191 1.482436691326e-02
1192 1.482436691326e-02
1193 1.482436691326e-02
1194 1.482436691326e-02
1195 1.482436691326e-02
1196 1.482436691326e-02
1197 1.482436691326e-02
1198 1.482436691326e-02
1199 1.482436691326e-02
1200 1.482436691326e-02
1201 1.516701976814e-02
1202 1.516701976814e-02
1203 1.516701976814e-02
1204 1.516701976814e-02
1205 1.516701976814e-02
1206 1.516701976814e-02
1207 1.516701976814e-02
1208 1.516701976814e-02
1209 1.516701976814e-02
1210 1.516701976814e-02
1211 1.567467091470e-02
1212 1.567467091470e-02
1213 1.567467091470e-02
1214 1.567467091470e-02
1215 1.567467091470e-02
1216 1.567467091470e-02
1217 1.567467091470e-02
1218 1.567467091470e-02
1219 1.567467091470e-02
1220 1.567467091470e-02
1221 1.614797498323e-02
1222 1.614797498323e-02
1223 1.614797498323e-02
1224 1.614797498323e-02
1225 1.614797498323e-02
1226 1.614797498323e-02
1227 1.614797498323e-02
1228 1.614797498323e-02
1229 1.614797498323e-02
1230 1.614797498323e-02
1231 1.647349825022e-02
1232 1.647349825022e-02
1233 1.647349825022e-02
1234 1.647349825022e-02
1235 1.647349825022e-02
1236 1.647349825022e-02
1237 1.647349825022e-02
1238 1.647349825022e-02
1239 1.647349825022e-02
1240 1.647349825022e-02
1241 1.670221702495e-02
1242 1.670221702495e-02
1243 1.670221702495e-02
1244 1.670221702495e-02
1245 1.670221702495e-02
1246 1.670221702495e-02
1247 1.670221702495e-02
1248 1.670221702495e-02
1249 1.670221702495e-02
1250 1.670221702495e-02
1251 1.701530989494e-02
1252 1.701530989494e-02
1253 1.701530989494e-02
1254 1.701530989494e-02
1255 1.701530989494e-02
1256 1.701530989494e-02
1257 1.701530989494e-02
1258 1.701530989494e-02
1259 1.701530989494e-02
1260 1.701530989494e-02
1261 1.749056168551e-02
1262 1.749056168551e-02
1263 1.749056168551e-02
1264 1.749056168551e-02
1265 1.749056168551e-02
1266 1.749056168551e-02
1267 1.749056168551e-02
1268 1.749056168551e-02
1269 1.749056168551e-02
1270 1.749056168551e-02
1271 1.801697203543e-02
1272 1.801697203543e-02
1273 1.801697203543e-02
1274 1.801697203543e-02
1275 1.801697203543e-02
1276 1.801697203543e-02
1277 1.801697203543e-02
1278 1.801697203543e-02
1279 1.801697203543e-02
1280 1.801697203543e-02
1281 1.846773481833e-02
1282 1.846773481833e-02
1283 1.846773481833e-02
1284 1.846773481833e-02
1285 1.846773481833e-02
1286 1.846773481833e-02
1287 1.846773481833e-02
1288 1.846773481833e-02
1289 1.846773481833e-02
1290 1.846773481833e-02
1291 1.884516177971e-02
1292 1.884516177971e-02
1293 1.884516177971e-02
1294 1.884516177971e-02
1295 1.884516177971e-02
1296 1.884516177971e-02
1297 1.884516177971e-02
1298 1.884516177971e-02
1299 1.884516177971e-02
1300 1.884516177971e-02
1301 1.921264441538e-02
1302 1.921264441538e-02
1303 1.921264441538e-02
1304 1.921264441538e-02
1305 1.921264441538e-02
1306 1.921264441538e-02
1307 1.921264441538e-02
1308 1.921264441538e-02
1309 1.921264441538e-02
1310 1.921264441538e-02
1311 1.957173223711e-02
1312 1.957173223711e-02
1313 1.957173223711e-02
1314 1.957173223711e-02
1315 1.957173223711e-02
1316 1.957173223711e-02
1317 1.957173223711e-02
1318 1.957173223711e-02
1319 1.957173223711e-02
1320 1.957173223711e-02
1321 1.991600032531e-02
1322 1.991600032531e-02
1323 1.991600032531e-02
1324 1.991600032531e-02
1325 1.991600032531e-02
1326 1.991600032531e-02
1327 1.991600032531e-02
1328 1.991600032531e-02
1329 1.991600032531e-02
1330 1.991600032531e-02
1331 2.027094134201e-02
1332 2.027094134201e-02
1333 2.027094134201e-02
1334 2.027094134201e-02
1335 2.027094134201e-02
1336 2.027094134201e-02
1337 2.027094134201e-02
1338 2.027094134201e-02
1339 2.027094134201e-02
1340 2.027094134201e-02
1341 2.070654539787e-02
1342 2.070654539787e-02
1343 2.070654539787e-02
1344 2.070654539787e-02
1345 2.070654539787e-02
1346 2.070654539787e-02
1347 2.070654539787e-02
1348 2.070654539787e-02
1349 2.070654539787e-02
1350 2.070654539787e-02
1351 2.120047301886e-02
1352 2.120047301886e-02
1353 2.120047301886e-02
1354 2.120047301886e-02
1355 2.120047301886e-02
1356 2.120047301886e-02
1357 2.120047301886e-02
1358 2.120047301886e-02
1359 2.120047301886e-02
1360 2.120047301886e-02
1361 2.166870324751e-02
1362 2.166870324751e-02
1363 2.166870324751e-02
1364 2.166870324751e-02
1365 2.166870324751e-02
1366 2.166870324751e-02
1367 2.166870324751e-02
1368 2.166870324751e-02
1369 2.166870324751e-02
1370 2.166870324751e-02
1371 2.213314708563e-02
1372 2.213314708563e-02
1373 2.213314708563e-02
1374 2.213314708563e-02
1375 2.213314708563e-02
1376 2.213314708563e-02
1377 2.213314708563e-02
1378 2.213314708563e-02
1379 2.213314708563e-02
1380 2.213314708563e-02
1381 2.264520311836e-02
1382 2.264520311836e-02
1383 2.264520311836e-02
1384 2.264520311836e-02
1385 2.264520311836e-02
1386 2.264520311836e-02
1387 2.264520311836e-02
1388 2.264520311836e-02
1389 2.264520311836e-02
1390 2.264520311836e-02
1391 2.318194651926e-02
1392 2.318194651926e-02
1393 2.318194651926e-02
1394 2.318194651926e-02
1395 2.318194651926e-02
1396 2.318194651926e-02
1397 2.318194651926e-02
1398 2.318194651926e-02
1399 2.318194651926e-02
1400 2.318194651926e-02
1401 2.364096170795e-02
1402 2.364096170795e-02
1403 2.364096170795e-02
1404 2.364096170795e-02
1405 2.364096170795e-02
1406 2.364096170795e-02
1407 2.364096170795e-02
1408 2.364096170795e-02
1409 2.364096170795e-02
1410 2.364096170795e-02
1411 2.394722225831e-02
1412 2.394722225831e-02
1413 2.394722225831e-02
1414 2.394722225831e-02
1415 2.394722225831e-02
1416 2.394722225831e-02
1417 2.394722225831e-02
1418 2.394722225831e-02
1419 2.394722225831e-02
1420 2.394722225831e-02
1421 2.416838845740e-02
1422 2.416838845740e-02
1423 2.416838845740e-02
1424 2.416838845740e-02
1425 2.416838845740e-02
1426 2.416838845740e-02
1427 2.416838845740e-02
1428 2.416838845740e-02
1429 2.416838845740e-02
1430 2.416838845740e-02
1431 2.436053482335e-02
1432 2.436053482335e-02
1433 2.436053482335e-02
1434 2.436053482335e-02
1435 2.436053482335e-02
1436 2.436053482335e-02
1437 2.436053482335e-02
1438 2.436053482335e-02
1439 2.436053482335e-02
1440 2.436053482335e-02
1441 2.456421927484e-02
1442 2.456421927484e-02
1443 2.456421927484e-02
1444 2.456421927484e-02
1445 2.456421927484e-02
1446 2.456421927484e-02
1447 2.456421927484e-02
1448 2.456421927484e-02
1449 2.456421927484e-02
1450 2.456421927484e-02
1451 2.482140326771e-02
1452 2.482140326771e-02
1453 2.482140326771e-02
1454 2.482140326771e-02
1455 2.482140326771e-02
1456 2.482140326771e-02
1457 2.482140326771e-02
1458 2.482140326771e-02
1459 2.482140326771e-02
1460 2.482140326771e-02
1461 2.511905413244e-02
1462 2.511905413244e-02
1463 2.511905413244e-02
1464 2.511905413244e-02
1465 2.511905413244e-02
1466 2.511905413244e-02
1467 2.511905413244e-02
1468 2.511905413244e-02
1469 2.511905413244e-02
1470 2.511905413244e-02
1471 2.544079368540e-02
1472 2.544079368540e-02
1473 2.544079368540e-02
1474 2.544079368540e-02
1475 2.544079368540e-02
1476 2.544079368540e-02
1477 2.544079368540e-02
1478 2.544079368540e-02
1479 2.544079368540e-02
1480 2.544079368540e-02
1481 2.578632639393e-02
1482 2.578632639393e-02
1483 2.578632639393e-02
1484 2.578632639393e-02
1485 2.578632639393e-02
1486 2.578632639393e-02
1487 2.578632639393e-02
1488 2.578632639393e-02
1489 2.578632639393e-02
1490 2.578632639393e-02
1491 2.612929090450e-02
1492 2.612929090450e-02
1493 2.612929090450e-02
1494 2.612929090450e-02
1495 2.612929090450e-02
1496 2.612929090450e-02
1497 2.612929090450e-02
1498 2.612929090450e-02
1499 2.612929090450e-02
1500 2.612929090450e-02
1501 2.646268616009e-02
1502 2.646268616009e-02
1503 2.646268616009e-02
1504 2.646268616009e-02
1505 2.646268616009e-02
1506 2.646268616009e-02
1507 2.646268616009e-02
1508 2.646268616009e-02
1509 2.646268616009e-02
1510 2.646268616009e-02
1511 2.681691887899e-02
1512 2.681691887899e-02
1513 2.681691887899e-02
1514 2.681691887899e-02
1515 2.681691887899e-02
1516 2.681691887899e-02
1517 2.681691887899e-02
1518 2.681691887899e-02
1519 2.681691887899e-02
1520 2.681691887899e-02
1521 2.720313146138e-02
1522 2.720313146138e-02
1523 2.720313146138e-02
1524 2.720313146138e-02
1525 2.720313146138e-02
1526 2.720313146138e-02
1527 2.720313146138e-02
1528 2.720313146138e-02
1529 2.720313146138e-02
1530 2.720313146138e-02
1531 2.757655149867e-02
1532 2.757655149867e-02
1533 2.757655149867e-02
1534 2.757655149867e-02
1535 2.757655149867e-02
1536 2.757655149867e-02
1537 2.757655149867e-02
1538 2.757655149867e-02
1539 2.757655149867e-02
1540 2.757655149867e-02
1541 2.793914177974e-02
1542 2.793914177974e-02
1543 2.793914177974e-02
1544 2.793914177974e-02
1545 2.793914177974e-02
1546 2.793914177974e-02
1547 2.793914177974e-02
1548 2.793914177974e-02
1549 2.793914177974e-02
1550 2.793914177974e-02
1551 2.832749870554e-02
1552 2.832749870554e-02
1553 2.832749870554e-02
1554 2.832749870554e-02
1555 2.832749870554e-02
1556 2.832749870554e-02
1557 2.832749870554e-02
1558 2.832749870554e-02
1559 2.832749870554e-02
1560 2.832749870554e-02
1561 2.875937286233e-02
1562 2.875937286233e-02
1563 2.875937286233e-02
1564 2.875937286233e-02
1565 2.875937286233e-02
1566 2.875937286233e-02
1567 2.875937286233e-02
1568 2.875937286233e-02
1569 2.875937286233e-02
1570 2.875937286233e-02
1571 2.916856922282e-02
1572 2.916856922282e-02
1573 2.916856922282e-02
1574 2.916856922282e-02
1575 2.916856922282e-02
1576 2.916856922282e-02
1577 2.916856922282e-02
1578 2.916856922282e-02
1579 2.916856922282e-02
1580 2.916856922282e-02
1581 2.954388342466e-02
1582 2.954388342466e-02
1583 2.954388342466e-02
1584 2.954388342466e-02
1585 2.954388342466e-02
1586 2.954388342466e-02
1587 2.954388342466e-02
1588 2.954388342466e-02
1589 2.954388342466e-02
1590 2.954388342466e-02
1591 2.991293123738e-02
1592 2.991293123738e-02
1593 2.991293123738e-02
1594 2.991293123738e-02
1595 2.991293123738e-02
1596 2.991293123738e-02
1597 2.991293123738e-02
1598 2.991293123738e-02
1599 2.991293123738e-02
1600 2.991293123738e-02
1601 3.029642428404e-02
1602 3.029642428404e-02
1603 3.029642428404e-02
1604 3.029642428404e-02
1605 3.029642428404e-02
1606 3.029642428404e-02
1607 3.029642428404e-02
1608 3.029642428404e-02
1609 3.029642428404e-02
1610 3.029642428404e-02
1611 3.066887917987e-02
1612 3.066887917987e-02
1613 3.066887917987e-02
1614 3.066887917987e-02
1615 3.066887917987e-02
1616 3.066887917987e-02
1617 3.066887917987e-02
1618 3.066887917987e-02
1619 3.066887917987e-02
1620 3.066887917987e-02
1621 3.099530092752e-02
1622 3.099530092752e-02
1623 3.099530092752e-02
1624 3.099530092752e-02
1625 3.099530092752e-02
1626 3.099530092752e-02
1627 3.099530092752e-02
1628 3.099530092752e-02
1629 3.099530092752e-02
1630 3.099530092752e-02
1631 3.124916038354e-02
1632 3.124916038354e-02
1633 3.124916038354e-02
1634 3.124916038354e-02
1635 3.124916038354e-02
1636 3.124916038354e-02
1637 3.124916038354e-02
1638 3.124916038354e-02
1639 3.124916038354e-02
1640 3.124916038354e-02
1641 3.147966813433e-02
1642 3.147966813433e-02
1643 3.147966813433e-02
1644 3.147966813433e-02
1645 3.147966813433e-02
1646 3.147966813433e-02
1647 3.147966813433e-02
1648 3.147966813433e-02
1649 3.147966813433e-02
1650 3.147966813433e-02
1651 3.170610223274e-02
1652 3.170610223274e-02
1653 3.170610223274e-02
1654 3.170610223274e-02
1655 3.170610223274e-02
1656 3.170610223274e-02
1657 3.170610223274e-02
1658 3.170610223274e-02
1659 3.170610223274e-02
1660 3.170610223274e-02
1661 3.189296942143e-02
1662 3.189296942143e-02
1663 3.189296942143e-02
1664 3.189296942143e-02
1665 3.189296942143e-02
1666 3.189296942143e-02
1667 3.189296942143e-02
1668 3.189296942143e-02
1669 3.189296942143e-02
1670 3.189296942143e-02
1671 3.206124636467e-02
1672 3.206124636467e-02
1673 3.206124636467e-02
1674 3.206124636467e-02
1675 3.206124636467e-02
1676 3.206124636467e-02
1677 3.206124636467e-02
1678 3.206124636467e-02
1679 3.206124636467e-02
1680 3.206124636467e-02
1681 3.220715894081e-02
1682 3.220715894081e-02
1683 3.220715894081e-02
1684 3.220715894081e-02
1685 3.220715894081e-02
1686 3.220715894081e-02
1687 3.220715894081e-02
1688 3.220715894081e-02
1689 3.220715894081e-02
1690 3.220715894081e-02
1691 3.230262079073e-02
1692 3.230262079073e-02
1693 3.230262079073e-02
1694 3.230262079073e-02
1695 3.230262079073e-02
1696 3.230262079073e-02
1697 3.230262079073e-02
1698 3.230262079073e-02
1699 3.230262079073e-02
1700 3.230262079073e-02
1701 3.234312216636e-02
1702 3.234312216636e-02
1703 3.234312216636e-02
1704 3.234312216636e-02
1705 3.234312216636e-02
1706 3.234312216636e-02
1707 3.234312216636e-02
1708 3.234312216636e-02
1709 3.234312216636e-02
1710 3.234312216636e-02
1711 3.237389396934e-02
1712 3.237389396934e-02
1713 3.237389396934e-02
1714 3.237389396934e-02
1715 3.237389396934e-02
1716 3.237389396934e-02
1717 3.237389396934e-02
1718 3.237389396934e-02
1719 3.237389396934e-02
1720 3.237389396934e-02
1721 3.244999024805e-02
1722 3.244999024805e-02
1723 3.244999024805e-02
1724 3.244999024805e-02
1725 3.244999024805e-02
1726 3.244999024805e-02
1727 3.244999024805e-02
1728 3.244999024805e-02
1729 3.244999024805e-02
1730 3.244999024805e-02
1731 3.258554836597e-02
1732 3.258554836597e-02
1733 3.258554836597e-02
1734 3.258554836597e-02
1735 3.258554836597e-02
1736 3.258554836597e-02
1737 3.258554836597e-02
1738 3.258554836597e-02
1739 3.258554836597e-02
1740 3.258554836597e-02
1741 3.272051557497e-02
1742 3.272051557497e-02
1743 3.272051557497e-02
1744 3.272051557497e-02
1745 3.272051557497e-02
1746 3.272051557497e-02
1747 3.272051557497e-02
1748 3.272051557497e-02
1749 3.272051557497e-02
1750 3.272051557497e-02
1751 3.280597589274e-02
1752 3.280597589274e-02
1753 3.280597589274e-02
1754 3.280597589274e-02
1755 3.280597589274e-02
1756 3.280597589274e-02
1757 3.280597589274e-02
1758 3.280597589274e-02
1759 3.280597589274e-02
1760 3.280597589274e-02
1761 3.283729564145e-02
1762 3.283729564145e-02
1763 3.283729564145e-02
1764 3.283729564145e-02
1765 3.283729564145e-02
1766 3.283729564145e-02
1767 3.283729564145e-02
1768 3.283729564145e-02
1769 3.283729564145e-02
1770 3.283729564145e-02
1771 3.284512988382e-02
1772 3.284512988382e-02
1773 3.284512988382e-02
1774 3.284512988382e-02
1775 3.284512988382e-02
1776 3.284512988382e-02
1777 3.284512988382e-02
1778 3.284512988382e-02
1779 3.284512988382e-02
1780 3.284512988382e-02
1781 3.290988253753e-02
1782 3.290988253753e-02
1783 3.290988253753e-02
1784 3.290988253753e-02
1785 3.290988253753e-02
1786 3.290988253753e-02
1787 3.290988253753e-02
1788 3.290988253753e-02
1789 3.290988253753e-02
1790 3.290988253753e-02
1791 3.311148418541e-02
1792 3.311148418541e-02
1793 3.311148418541e-02
1794 3.311148418541e-02
1795 3.311148418541e-02
1796 3.311148418541e-02
1797 3.311148418541e-02
1798 3.311148418541e-02
1799 3.311148418541e-02
1800 3.311148418541e-02
1801 3.345166956874e-02
1802 3.345166956874e-02
1803 3.345166956874e-02
1804 3.345166956874e-02
1805 3.345166956874e-02
1806 3.345166956874e-02
1807 3.345166956874e-02
1808 3.345166956874e-02
1809 3.345166956874e-02
1810 3.345166956874e-02
1811 3.380801046516e-02
1812 3.380801046516e-02
1813 3.380801046516e-02
1814 3.380801046516e-02
1815 3.380801046516e-02
1816 3.380801046516e-02
1817 3.380801046516e-02
1818 3.380801046516e-02
1819 3.380801046516e-02
1820 3.380801046516e-02
1821 3.407981896188e-02
1822 3.407981896188e-02
1823 3.407981896188e-02
1824 3.407981896188e-02
1825 3.407981896188e-02
1826 3.407981896188e-02
1827 3.407981896188e-02
1828 3.407981896188e-02
1829 3.407981896188e-02
1830 3.407981896188e-02
1831 3.426188395007e-02
1832 3.426188395007e-02
1833 3.426188395007e-02
1834 3.426188395007e-02
1835 3.426188395007e-02
1836 3.426188395007e-02
1837 3.426188395007e-02
1838 3.426188395007e-02
1839 3.426188395007e-02
1840 3.426188395007e-02
1841 3.444991244144e-02
1842 3.444991244144e-02
1843 3.444991244144e-02
1844 3.444991244144e-02
1845 3.444991244144e-02
1846 3.444991244144e-02
1847 3.444991244144e-02
1848 3.444991244144e-02
1849 3.444991244144e-02
1850 3.444991244144e-02
1851 3.468624450771e-02
1852 3.468624450771e-02
1853 3.468624450771e-02
1854 3.468624450771e-02
1855 3.468624450771e-02
1856 3.468624450771e-02
1857 3.468624450771e-02
1858 3.468624450771e-02
1859 3.468624450771e-02
1860 3.468624450771e-02
1861 3.493025327230e-02
1862 3.493025327230e-02
1863 3.493025327230e-02
1864 3.493025327230e-02
1865 3.493025327230e-02
1866 3.493025327230e-02
1867 3.493025327230e-02
1868 3.493025327230e-02
1869 3.493025327230e-02
1870 3.493025327230e-02
1871 3.512729035212e-02
1872 3.512729035212e-02
1873 3.512729035212e-02
1874 3.512729035212e-02
1875 3.512729035212e-02
1876 3.512729035212e-02
1877 3.512729035212e-02
1878 3.512729035212e-02
1879 3.512729035212e-02
1880 3.512729035212e-02
1881 3.525036065121e-02
1882 3.525036065121e-02
1883 3.525036065121e-02
1884 3.525036065121e-02
1885 3.525036065121e-02
1886 3.525036065121e-02
1887 3.525036065121e-02
1888 3.525036065121e-02
1889 3.525036065121e-02
1890 3.525036065121e-02
1891 3.534062084364e-02
1892 3.534062084364e-02
1893 3.534062084364e-02
1894 3.534062084364e-02
1895 3.534062084364e-02
1896 3.534062084364e-02
1897 3.534062084364e-02
1898 3.534062084364e-02
1899 3.534062084364e-02
1900 3.534062084364e-02
1901 3.551706976638e-02
1902 3.551706976638e-02
1903 3.551706976638e-02
1904 3.551706976638e-02
1905 3.551706976638e-02
1906 3.551706976638e-02
1907 3.551706976638e-02
1908 3.551706976638e-02
1909 3.551706976638e-02
1910 3.551706976638e-02
1911 3.586728634652e-02
1912 3.586728634652e-02
1913 3.586728634652e-02
1914 3.586728634652e-02
1915 3.586728634652e-02
1916 3.586728634652e-02
1917 3.586728634652e-02
1918 3.586728634652e-02
1919 3.586728634652e-02
1920 3.586728634652e-02
1921 3.639169039736e-02
1922 3.639169039736e-02
1923 3.639169039736e-02
1924 3.639169039736e-02
1925 3.639169039736e-02
1926 3.639169039736e-02
1927 3.639169039736e-02
1928 3.639169039736e-02
1929 3.639169039736e-02
1930 3.639169039736e-02
1931 3.701942283873e-02
1932 3.701942283873e-02
1933 3.701942283873e-02
1934 3.701942283873e-02
1935 3.701942283873e-02
1936 3.701942283873e-02
1937 3.701942283873e-02
1938 3.701942283873e-02
1939 3.701942283873e-02
1940 3.701942283873e-02
1941 3.757124069629e-02
1942 3.757124069629e-02
1943 3.757124069629e-02
1944 3.757124069629e-02
1945 3.757124069629e-02
1946 3.757124069629e-02
1947 3.757124069629e-02
1948 3.757124069629e-02
1949 3.757124069629e-02
1950 3.757124069629e-02
1951 3.793359136734e-02
1952 3.793359136734e-02
1953 3.793359136734e-02
1954 3.793359136734e-02
1955 3.793359136734e-02
1956 3.793359136734e-02
1957 3.793359136734e-02
1958 3.793359136734e-02
1959 3.793359136734e-02
1960 3.793359136734e-02
1961 3.821251917088e-02
1962 3.821251917088e-02
1963 3.821251917088e-02
1964 3.821251917088e-02
1965 3.821251917088e-02
1966 3.821251917088e-02
1967 3.821251917088e-02
1968 3.821251917088e-02
1969 3.821251917088e-02
1970 3.821251917088e-02
1971 3.854688004556e-02
1972 3.854688004556e-02
1973 3.854688004556e-02
1974 3.854688004556e-02
1975 3.854688004556e-02
1976 3.854688004556e-02
1977 3.854688004556e-02
1978 3.854688004556e-02
1979 3.854688004556e-02
1980 3.854688004556e-02
1981 3.888431066461e-02
1982 3.888431066461e-02
1983 3.888431066461e-02
1984 3.888431066461e-02
1985 3.888431066461e-02
1986 3.888431066461e-02
1987 3.888431066461e-02
1988 3.888431066461e-02
1989 3.888431066461e-02
1990 3.888431066461e-02
1991 3.909577876665e-02
1992 3.909577876665e-02
1993 3.909577876665e-02
1994 3.909577876665e-02
1995 3.909577876665e-02
1996 3.909577876665e-02
1997 3.909577876665e-02
1998 3.909577876665e-02
1999 3.909577876665e-02
2000 3.909577876665e-02
2001 3.915723380333e-02
2002 3.915723380333e-02
2003 3.915723380333e-02
2004 3.915723380333e-02
2005 3.915723380333e-02
2006 3.915723380333e-02
2007 3.915723380333e-02
2008 3.915723380333e-02
2009 3.915723380333e-02
2010 3.915723380333e-02
2011 3.920254063636e-02
2012 3.920254063636e-02
2013 3.920254063636e-02
2014 3.920254063636e-02
2015 3.920254063636e-02
2016 3.920254063636e-02
2017 3.920254063636e-02
2018 3.920254063636e-02
2019 3.920254063636e-02
2020 3.920254063636e-02
2021 3.940645244659e-02
2022 3.940645244659e-02
2023 3.940645244659e-02
2024 3.940645244659e-02
2025 3.940645244659e-02
2026 3.940645244659e-02
2027 3.940645244659e-02
2028 3.940645244659e-02
2029 3.940645244659e-02
2030 3.940645244659e-02
2031 3.978535691601e-02
2032 3.978535691601e-02
2033 3.978535691601e-02
2034 3.978535691601e-02
2035 3.978535691601e-02
2036 3.978535691601e-02
2037 3.978535691601e-02
2038 3.978535691601e-02
2039 3.978535691601e-02
2040 3.978535691601e-02
2041 4.021177038131e-02
2042 4.021177038131e-02
2043 4.021177038131e-02
2044 4.021177038131e-02
2045 4.021177038131e-02
2046 4.021177038131e-02
2047 4.021177038131e-02
2048 4.021177038131e-02
2049 4.021177038131e-02
2050 4.021177038131e-02
2051 4.057649504738e-02
2052 4.057649504738e-02
2053 4.057649504738e-02
2054 4.057649504738e-02
2055 4.057649504738e-02
2056 4.057649504738e-02
2057 4.057649504738e-02
2058 4.057649504738e-02
2059 4.057649504738e-02
2060 4.057649504738e-02
2061 4.083529128035e-02
2062 4.083529128035e-02
2063 4.083529128035e-02
2064 4.083529128035e-02
2065 4.083529128035e-02
2066 4.083529128035e-02
2067 4.083529128035e-02
2068 4.083529128035e-02
2069 4.083529128035e-02
2070 4.083529128035e-02
2071 4.099692922826e-02
2072 4.099692922826e-02
2073 4.099692922826e-02
2074 4.099692922826e-02
2075 4.099692922826e-02
2076 4.099692922826e-02
2077 4.099692922826e-02
2078 4.099692922826e-02
2079 4.099692922826e-02
2080 4.099692922826e-02
2081 4.117703185623e-02
2082 4.117703185623e-02
2083 4.117703185623e-02
2084 4.117703185623e-02
2085 4.117703185623e-02
2086 4.117703185623e-02
2087 4.117703185623e-02
2088 4.117703185623e-02
2089 4.117703185623e-02
2090 4.117703185623e-02
2091 4.138028996328e-02
2092 4.138028996328e-02
2093 4.138028996328e-02
2094 4.138028996328e-02
2095 4.138028996328e-02
2096 4.138028996328e-02
2097 4.138028996328e-02
2098 4.138028996328e-02
2099 4.138028996328e-02
2100 4.138028996328e-02
2101 4.152016062483e-02
2102 4.152016062483e-02
2103 4.152016062483e-02
2104 4.152016062483e-02
2105 4.152016062483e-02
2106 4.152016062483e-02
2107 4.152016062483e-02
2108 4.152016062483e-02
2109 4.152016062483e-02
2110 4.152016062483e-02
2111 4.153683882884e-02
2112 4.153683882884e-02
2113 4.153683882884e-02
2114 4.153683882884e-02
2115 4.153683882884e-02
2116 4.153683882884e-02
2117 4.153683882884e-02
2118 4.153683882884e-02
2119 4.153683882884e-02
2120 4.153683882884e-02
2121 4.144919302817e-02
2122 4.144919302817e-02
2123 4.144919302817e-02
2124 4.144919302817e-02
2125 4.144919302817e-02
2126 4.144919302817e-02
2127 4.144919302817e-02
2128 4.144919302817e-02
2129 4.144919302817e-02
2130 4.144919302817e-02
2131 4.134594037294e-02
2132 4.134594037294e-02
2133 4.134594037294e-02
2134 4.134594037294e-02
2135 4.134594037294e-02
2136 4.134594037294e-02
2137 4.134594037294e-02
2138 4.134594037294e-02
2139 4.134594037294e-02
2140 4.134594037294e-02
2141 4.132506481046e-02
2142 4.132506481046e-02
2143 4.132506481046e-02
2144 4.132506481046e-02
2145 4.132506481046e-02
2146 4.132506481046e-02
2147 4.132506481046e-02
2148 4.132506481046e-02
2149 4.132506481046e-02
2150 4.132506481046e-02
2151 4.142690913185e-02
2152 4.142690913185e-02
2153 4.142690913185e-02
2154 4.142690913185e-02
2155 4.142690913185e-02
2156 4.142690913185e-02
2157 4.142690913185e-02
2158 4.142690913185e-02
2159 4.142690913185e-02
2160 4.142690913185e-02
2161 4.157213996277e-02
2162 4.157213996277e-02
2163 4.157213996277e-02
2164 4.157213996277e-02
2165 4.157213996277e-02
2166 4.157213996277e-02
2167 4.157213996277e-02
2168 4.157213996277e-02
2169 4.157213996277e-02
2170 4.157213996277e-02
2171 4.164401308925e-02
2172 4.164401308925e-02
2173 4.164401308925e-02
2174 4.164401308925e-02
2175 4.164401308925e-02
2176 4.164401308925e-02
2177 4.164401308925e-02
2178 4.164401308925e-02
2179 4.164401308925e-02
2180 4.164401308925e-02
2181 4.159995022142e-02
2182 4.159995022142e-02
2183 4.159995022142e-02
2184 4.159995022142e-02
2185 4.159995022142e-02
2186 4.159995022142e-02
2187 4.159995022142e-02
2188 4.159995022142e-02
2189 4.159995022142e-02
2190 4.159995022142e-02
2191 4.158779189382e-02
2192 4.158779189382e-02
2193 4.158779189382e-02
2194 4.158779189382e-02
2195 4.158779189382e-02
2196 4.158779189382e-02
2197 4.158779189382e-02
2198 4.158779189382e-02
2199 4.158779189382e-02
2200 4.158779189382e-02
2201 4.177289304547e-02
2202 4.177289304547e-02
2203 4.177289304547e-02
2204 4.177289304547e-02
2205 4.177289304547e-02
2206 4.177289304547e-02
2207 4.177289304547e-02
2208 4.177289304547e-02
2209 4.177289304547e-02
2210 4.177289304547e-02
2211 4.216498368946e-02
2212 4.216498368946e-02
2213 4.216498368946e-02
2214 4.216498368946e-02
2215 4.216498368946e-02
2216 4.216498368946e-02
2217 4.216498368946e-02
2218 4.216498368946e-02
2219 4.216498368946e-02
2220 4.216498368946e-02
2221 4.254653026018e-02
2222 4.254653026018e-02
2223 4.254653026018e-02
2224 4.254653026018e-02
2225 4.254653026018e-02
2226 4.254653026018e-02
2227 4.254653026018e-02
2228 4.254653026018e-02
2229 4.254653026018e-02
2230 4.254653026018e-02
2231 4.280094883735e-02
2232 4.280094883735e-02
2233 4.280094883735e-02
2234 4.280094883735e-02
2235 4.280094883735e-02
2236 4.280094883735e-02
2237 4.280094883735e-02
2238 4.280094883735e-02
2239 4.280094883735e-02
2240 4.280094883735e-02
2241 4.299120087411e-02
2242 4.299120087411e-02
2243 4.299120087411e-02
2244 4.299120087411e-02
2245 4.299120087411e-02
2246 4.299120087411e-02
2247 4.299120087411e-02
2248 4.299120087411e-02
2249 4.299120087411e-02
2250 4.299120087411e-02
2251 4.323205144851e-02
2252 4.323205144851e-02
2253 4.323205144851e-02
2254 4.323205144851e-02
2255 4.323205144851e-02
2256 4.323205144851e-02
2257 4.323205144851e-02
2258 4.323205144851e-02
2259 4.323205144851e-02
2260 4.323205144851e-02
2261 4.350023743103e-02
2262 4.350023743103e-02
2263 4.350023743103e-02
2264 4.350023743103e-02
2265 4.350023743103e-02
2266 4.350023743103e-02
2267 4.350023743103e-02
2268 4.350023743103e-02
2269 4.350023743103e-02
2270 4.350023743103e-02
2271 4.373968660558e-02
2272 4.373968660558e-02
2273 4.373968660558e-02
2274 4.373968660558e-02
2275 4.373968660558e-02
2276 4.373968660558e-02
2277 4.373968660558e-02
2278 4.373968660558e-02
2279 4.373968660558e-02
2280 4.373968660558e-02
2281 4.388737076047e-02
2282 4.388737076047e-02
2283 4.388737076047e-02
2284 4.388737076047e-02
2285 4.388737076047e-02
2286 4.388737076047e-02
2287 4.388737076047e-02
2288 4.388737076047e-02
2289 4.388737076047e-02
2290 4.388737076047e-02
2291 4.403257906794e-02
2292 4.403257906794e-02
2293 4.403257906794e-02
2294 4.403257906794e-02
2295 4.403257906794e-02
2296 4.403257906794e-02
2297 4.403257906794e-02
2298 4.403257906794e-02
2299 4.403257906794e-02
2300 4.403257906794e-02
2301 4.429108119554e-02
2302 4.429108119554e-02
2303 4.429108119554e-02
2304 4.429108119554e-02
2305 4.429108119554e-02
2306 4.429108119554e-02
2307 4.429108119554e-02
2308 4.429108119554e-02
2309 4.429108119554e-02
2310 4.429108119554e-02
2311 4.470671340168e-02
2312 4.470671340168e-02
2313 4.470671340168e-02
2314 4.470671340168e-02
2315 4.470671340168e-02
2316 4.470671340168e-02
2317 4.470671340168e-02
2318 4.470671340168e-02
2319 4.470671340168e-02
2320 4.470671340168e-02
2321 4.511637026237e-02
2322 4.511637026237e-02
2323 4.511637026237e-02
2324 4.511637026237e-02
2325 4.511637026237e-02
2326 4.511637026237e-02
2327 4.511637026237e-02
2328 4.511637026237e-02
2329 4.511637026237e-02
2330 4.511637026237e-02
2331 4.545458798748e-02
2332 4.545458798748e-02
2333 4.545458798748e-02
2334 4.545458798748e-02
2335 4.545458798748e-02
2336 4.545458798748e-02
2337 4.545458798748e-02
2338 4.545458798748e-02
2339 4.545458798748e-02
2340 4.545458798748e-02
2341 4.579235556788e-02
2342 4.579235556788e-02
2343 4.579235556788e-02
2344 4.579235556788e-02
2345 4.579235556788e-02
2346 4.579235556788e-02
2347 4.579235556788e-02
2348 4.579235556788e-02
2349 4.579235556788e-02
2350 4.579235556788e-02
2351 4.616327556916e-02
2352 4.616327556916e-02
2353 4.616327556916e-02
2354 4.616327556916e-02
2355 4.616327556916e-02
2356 4.616327556916e-02
2357 4.616327556916e-02
2358 4.616327556916e-02
2359 4.616327556916e-02
2360 4.616327556916e-02
2361 4.661814446711e-02
2362 4.661814446711e-02
2363 4.661814446711e-02
2364 4.661814446711e-02
2365 4.661814446711e-02
2366 4.661814446711e-02
2367 4.661814446711e-02
2368 4.661814446711e-02
2369 4.661814446711e-02
2370 4.661814446711e-02
2371 4.707742823226e-02
2372 4.707742823226e-02
2373 4.707742823226e-02
2374 4.707742823226e-02
2375 4.707742823226e-02
2376 4.707742823226e-02
2377 4.707742823226e-02
2378 4.707742823226e-02
2379 4.707742823226e-02
2380 4.707742823226e-02
2381 4.760765008366e-02
2382 4.760765008366e-02
2383 4.760765008366e-02
2384 4.760765008366e-02
2385 4.760765008366e-02
2386 4.760765008366e-02
2387 4.760765008366e-02
2388 4.760765008366e-02
2389 4.760765008366e-02
2390 4.760765008366e-02
2391 4.809946933402e-02
2392 4.809946933402e-02
2393 4.809946933402e-02
2394 4.809946933402e-02
2395 4.809946933402e-02
2396 4.809946933402e-02
2397 4.809946933402e-02
2398 4.809946933402e-02
2399 4.809946933402e-02
2400 4.809946933402e-02
2401 4.853119527968e-02
2402 4.853119527968e-02
2403 4.853119527968e-02
2404 4.853119527968e-02
2405 4.853119527968e-02
2406 4.853119527968e-02
2407 4.853119527968e-02
2408 4.853119527968e-02
2409 4.853119527968e-02
2410 4.853119527968e-02
2411 4.878678234323e-02
2412 4.878678234323e-02
2413 4.878678234323e-02
2414 4.878678234323e-02
2415 4.878678234323e-02
2416 4.878678234323e-02
2417 4.878678234323e-02
2418 4.878678234323e-02
2419 4.878678234323e-02
2420 4.878678234323e-02
2421 4.901968698011e-02
2422 4.901968698011e-02
2423 4.901968698011e-02
2424 4.901968698011e-02
2425 4.901968698011e-02
2426 4.901968698011e-02
2427 4.901968698011e-02
2428 4.901968698011e-02
2429 4.901968698011e-02
2430 4.901968698011e-02
2431 4.933427268344e-02
2432 4.933427268344e-02
2433 4.933427268344e-02
2434 4.933427268344e-02
2435 4.933427268344e-02
2436 4.933427268344e-02
2437 4.933427268344e-02
2438 4.933427268344e-02
2439 4.933427268344e-02
2440 4.933427268344e-02
2441 4.973880528323e-02
2442 4.973880528323e-02
2443 4.973880528323e-02
2444 4.973880528323e-02
2445 4.973880528323e-02
2446 4.973880528323e-02
2447 4.973880528323e-02
2448 4.973880528323e-02
2449 4.973880528323e-02
2450 4.973880528323e-02
2451 5.006149081132e-02
2452 5.006149081132e-02
2453 5.006149081132e-02
2454 5.006149081132e-02
2455 5.006149081132e-02
2456 5.006149081132e-02
2457 5.006149081132e-02
2458 5.006149081132e-02
2459 5.006149081132e-02
2460 5.006149081132e-02
2461 5.014008223169e-02
2462 5.014008223169e-02
2463 5.014008223169e-02
2464 5.014008223169e-02
2465 5.014008223169e-02
2466 5.014008223169e-02
2467 5.014008223169e-02
2468 5.014008223169e-02
2469 5.014008223169e-02
2470 5.014008223169e-02
2471 5.011297077066e-02
2472 5.011297077066e-02
2473 5.011297077066e-02
2474 5.011297077066e-02
2475 5.011297077066e-02
2476 5.011297077066e-02
2477 5.011297077066e-02
2478 5.011297077066e-02
2479 5.011297077066e-02
2480 5.011297077066e-02
2481 5.014525907355e-02
2482 5.014525907355e-02
2483 5.014525907355e-02
2484 5.014525907355e-02
2485 5.014525907355e-02
2486 5.014525907355e-02
2487 5.014525907355e-02
2488 5.014525907355e-02
2489 5.014525907355e-02
2490 5.014525907355e-02
2491 5.050413723178e-02
2492 5.050413723178e-02
2493 5.050413723178e-02
2494 5.050413723178e-02
2495 5.050413723178e-02
2496 5.050413723178e-02
2497 5.050413723178e-02
2498 5.050413723178e-02
2499 5.050413723178e-02
2500 5.050413723178e-02
2501 5.101786530788e-02
2502 5.101786530788e-02
2503 5.101786530788e-02
2504 5.101786530788e-02
2505 5.101786530788e-02
2506 5.101786530788e-02
2507 5.101786530788e-02
2508 5.101786530788e-02
2509 5.101786530788e-02
2510 5.101786530788e-02
2511 5.158178871355e-02
2512 5.158178871355e-02
2513 5.158178871355e-02
2514 5.158178871355e-02
2515 5.158178871355e-02
2516 5.158178871355e-02
2517 5.158178871355e-02
2518 5.158178871355e-02
2519 5.158178871355e-02
2520 5.158178871355e-02
2521 5.209754110267e-02
2522 5.209754110267e-02
2523 5.209754110267e-02
2524 5.209754110267e-02
2525 5.209754110267e-02
2526 5.209754110267e-02
2527 5.209754110267e-02
2528 5.209754110267e-02
2529 5.209754110267e-02
2530 5.209754110267e-02
2531 5.267485863540e-02
2532 5.267485863540e-02
2533 5.267485863540e-02
2534 5.267485863540e-02
2535 5.267485863540e-02
2536 5.267485863540e-02
2537 5.267485863540e-02
2538 5.267485863540e-02
2539 5.267485863540e-02
2540 5.267485863540e-02
2541 5.326232485865e-02
2542 5.326232485865e-02
2543 5.326232485865e-02
2544 5.326232485865e-02
2545 5.326232485865e-02
2546 5.326232485865e-02
2547 5.326232485865e-02
2548 5.326232485865e-02
2549 5.326232485865e-02
2550 5.326232485865e-02
2551 5.370843237305e-02
2552 5.370843237305e-02
2553 5.370843237305e-02
2554 5.370843237305e-02
2555 5.370843237305e-02
2556 5.370843237305e-02
2557 5.370843237305e-02
2558 5.370843237305e-02
2559 5.370843237305e-02
2560 5.370843237305e-02
2561 5.402688902989e-02
2562 5.402688902989e-02
2563 5.402688902989e-02
2564 5.402688902989e-02
2565 5.402688902989e-02
2566 5.402688902989e-02
2567 5.402688902989e-02
2568 5.402688902989e-02
2569 5.402688902989e-02
2570 5.402688902989e-02
2571 5.422585648692e-02
2572 5.422585648692e-02
2573 5.422585648692e-02
2574 5.422585648692e-02
2575 5.422585648692e-02
2576 5.422585648692e-02
2577 5.422585648692e-02
2578 5.422585648692e-02
2579 5.422585648692e-02
2580 5.422585648692e-02
2581 5.449329194902e-02
2582 5.449329194902e-02
2583 5.449329194902e-02
2584 5.449329194902e-02
2585 5.449329194902e-02
2586 5.449329194902e-02
2587 5.449329194902e-02
2588 5.449329194902e-02
2589 5.449329194902e-02
2590 5.449329194902e-02
2591 5.480753880796e-02
2592 5.480753880796e-02
2593 5.480753880796e-02
2594 5.480753880796e-02
2595 5.480753880796e-02
2596 5.480753880796e-02
2597 5.480753880796e-02
2598 5.480753880796e-02
2599 5.480753880796e-02
2600 5.480753880796e-02
2601 5.513521845785e-02
2602 5.513521845785e-02
2603 5.513521845785e-02
2604 5.513521845785e-02
2605 5.513521845785e-02
2606 5.513521845785e-02
2607 5.513521845785e-02
2608 5.513521845785e-02
2609 5.513521845785e-02
2610 5.513521845785e-02
2611 5.539591487667e-02
2612 5.539591487667e-02
2613 5.539591487667e-02
2614 5.539591487667e-02
2615 5.539591487667e-02
2616 5.539591487667e-02
2617 5.539591487667e-02
2618 5.539591487667e-02
2619 5.539591487667e-02
2620 5.539591487667e-02
2621 5.573304026078e-02
2622 5.573304026078e-02
2623 5.573304026078e-02
2624 5.573304026078e-02
2625 5.573304026078e-02
2626 5.573304026078e-02
2627 5.573304026078e-02
2628 5.573304026078e-02
2629 5.573304026078e-02
2630 5.573304026078e-02
2631 5.623627430118e-02
2632 5.623627430118e-02
2633 5.623627430118e-02
2634 5.623627430118e-02
2635 5.623627430118e-02
2636 5.623627430118e-02
2637 5.623627430118e-02
2638 5.623627430118e-02
2639 5.623627430118e-02
2640 5.623627430118e-02
2641 5.667001135624e-02
2642 5.667001135624e-02
2643 5.667001135624e-02
2644 5.667001135624e-02
2645 5.667001135624e-02
2646 5.667001135624e-02
2647 5.667001135624e-02
2648 5.667001135624e-02
2649 5.667001135624e-02
2650 5.667001135624e-02
