1 -3.151186588373e+03
2 -3.151186587363e+03
3 -3.151186579349e+03
4 -3.151186552666e+03
5 -3.151186490581e+03
6 -3.151186372072e+03
7 -3.151186172666e+03
8 -3.151185865210e+03
9 -3.151185420472e+03
10 -3.151184807493e+03
11 -3.151183993676e+03
12 -3.151182944527e+03
13 -3.151181623353e+03
14 -3.151179990649e+03
15 -3.151178003534e+03
16 -3.151175615233e+03
17 -3.151172774697e+03
18 -3.151169426446e+03
19 -3.151165510676e+03
20 -3.151160963634e+03
21 -3.151155718285e+03
22 -3.151149705039e+03
23 -3.151142852925e+03
24 -3.151135090530e+03
25 -3.151126347068e+03
26 -3.151116553308e+03
27 -3.151105642337e+03
28 -3.151093550083e+03
29 -3.151080215586e+03
30 -3.151065581009e+03
31 -3.151049591451e+03
32 -3.151032194358e+03
33 -3.151013339232e+03
34 -3.150992976870e+03
35 -3.150971058857e+03
36 -3.150947537123e+03
37 -3.150922363703e+03
38 -3.150895490736e+03
39 -3.150866870747e+03
40 -3.150836457216e+03
41 -3.150804205491e+03
42 -3.150770073581e+03
43 -3.150734023770e+03
44 -3.150696023608e+03
45 -3.150656047171e+03
46 -3.150614076067e+03
47 -3.150570100160e+03
48 -3.150524117924e+03
49 -3.150476136395e+03
50 -3.150426170716e+03
51 -3.150374243477e+03
52 -3.150320383143e+03
53 -3.150264623687e+03
54 -3.150207002937e+03
55 -3.150147561755e+03
56 -3.150086343375e+03
57 -3.150023393123e+03
58 -3.149958758556e+03
59 -3.149892489974e+03
60 -3.149824641263e+03
61 -3.149755271209e+03
62 -3.149684443445e+03
63 -3.149612229165e+03
64 -3.149538706755e+03
65 -3.149463962527e+03
66 -3.149388090784e+03
67 -3.149311193483e+03
68 -3.149233379533e+03
69 -3.149154763790e+03
70 -3.149075465834e+03
71 -3.148995609255e+03
72 -3.148915317830e+03
73 -3.148834718022e+03
74 -3.148753935435e+03
75 -3.148673094647e+03
76 -3.148592318721e+03
77 -3.148511729037e+03
78 -3.148431445422e+03
79 -3.148351586492e+03
80 -3.148272270103e+03
81 -3.148193615050e+03
82 -3.148115736439e+03
83 -3.148038753306e+03
84 -3.147962783482e+03
85 -3.147887944277e+03
86 -3.147814351740e+03
87 -3.147742119670e+03
88 -3.147671358410e+03
89 -3.147602173736e+03
90 -3.147534665760e+03
91 -3.147468930208e+03
92 -3.147405049198e+03
93 -3.147343103811e+03
94 -3.147283165352e+03
95 -3.147225297672e+03
96 -3.147169557446e+03
97 -3.147115994539e+03
98 -3.147064652431e+03
99 -3.147015568523e+03
100 -3.146968774506e+03
101 -3.146924299563e+03
102 -3.146882157962e+03
103 -3.146842367830e+03
104 -3.146804938357e+03
105 -3.146769872596e+03
106 -3.146737167114e+03
107 -3.146706811590e+03
108 -3.146678788412e+03
109 -3.146653072374e+03
110 -3.146629630494e+03
111 -3.146608426173e+03
112 -3.146589402525e+03
113 -3.146572507989e+03
114 -3.146557679836e+03
115 -3.146544848937e+03
116 -3.146533940324e+03
117 -3.146524873742e+03
118 -3.146517564151e+03
119 -3.146511922159e+03
120 -3.146507854369e+03
121 -3.146505268970e+03
122 -3.146504054581e+03
123 -3.146504112577e+03
124 -3.146505335712e+03
125 -3.146507613670e+03
126 -3.146510833240e+03
127 -3.146514878527e+03
128 -3.146519631212e+03
129 -3.146524970860e+03
130 -3.146530775268e+03
131 -3.146536927335e+03
132 -3.146543289417e+03
133 -3.146549742945e+03
134 -3.146556162583e+03
135 -3.146562423172e+03
136 -3.146568400041e+03
137 -3.146573969267e+03
138 -3.146579007862e+03
139 -3.146583393896e+03
140 -3.146587006581e+03
141 -3.146589733557e+03
142 -3.146591441885e+03
143 -3.146592021840e+03
144 -3.146591357795e+03
145 -3.146589335743e+03
146 -3.146585843535e+03
147 -3.146580771176e+03
148 -3.146574011141e+03
149 -3.146565458685e+03
150 -3.146555012132e+03
151 -3.146542580005e+03
152 -3.146528053521e+03
153 -3.146511348276e+03
154 -3.146492376514e+03
155 -3.146471054085e+03
156 -3.146447300436e+03
157 -3.146421038596e+03
158 -3.146392195191e+03
159 -3.146360700499e+03
160 -3.146326488556e+03
161 -3.146289502663e+03
162 -3.146249674276e+03
163 -3.146206955314e+03
164 -3.146161297136e+03
165 -3.146112656253e+03
166 -3.146060994698e+03
167 -3.146006280401e+03
168 -3.145948487530e+03
169 -3.145887596788e+03
170 -3.145823595670e+03
171 -3.145756482251e+03
172 -3.145686250963e+03
173 -3.145612914254e+03
174 -3.145536488305e+03
175 -3.145456996695e+03
176 -3.145374470464e+03
177 -3.145288948206e+03
178 -3.145200476162e+03
179 -3.145109108352e+03
180 -3.145014906708e+03
181 -3.144917944613e+03
182 -3.144818293480e+03
183 -3.144716043225e+03
184 -3.144611288778e+03
185 -3.144504133504e+03
186 -3.144394689158e+03
187 -3.144283075747e+03
188 -3.144169421300e+03
189 -3.144053861515e+03
190 -3.143936539301e+03
191 -3.143817610244e+03
192 -3.143697217740e+03
193 -3.143575528645e+03
194 -3.143452708202e+03
195 -3.143328925356e+03
196 -3.143204352016e+03
197 -3.143079162390e+03
198 -3.142953532413e+03
199 -3.142827639264e+03
200 -3.142701660975e+03
201 -3.142575788043e+03
202 -3.142450175127e+03
203 -3.142325012961e+03
204 -3.142200479646e+03
205 -3.142076752311e+03
206 -3.141954006564e+03
207 -3.141832415860e+03
208 -3.141712150811e+03
209 -3.141593378454e+03
210 -3.141476261513e+03
211 -3.141360977785e+03
212 -3.141247638664e+03
213 -3.141136410247e+03
214 -3.141027431263e+03
215 -3.140920833016e+03
216 -3.140816738932e+03
217 -3.140715264170e+03
218 -3.140616515298e+03
219 -3.140520590015e+03
220 -3.140427576945e+03
221 -3.140337583091e+03
222 -3.140250622890e+03
223 -3.140166785304e+03
224 -3.140086122052e+03
225 -3.140008675766e+03
226 -3.139934480144e+03
227 -3.139863560148e+03
228 -3.139795932155e+03
229 -3.139731604100e+03
230 -3.139670575661e+03
231 -3.139612869146e+03
232 -3.139558406638e+03
233 -3.139507195562e+03
234 -3.139459205191e+03
235 -3.139414398182e+03
236 -3.139372731075e+03
237 -3.139334154810e+03
238 -3.139298615230e+03
239 -3.139266053559e+03
240 -3.139236406824e+03
241 -3.139209636319e+03
242 -3.139185615235e+03
243 -3.139164298319e+03
244 -3.139145608956e+03
245 -3.139129467730e+03
246 -3.139115792620e+03
247 -3.139104499157e+03
248 -3.139095500560e+03
249 -3.139088707826e+03
250 -3.139084029807e+03
251 -3.139081394428e+03
252 -3.139080663916e+03
253 -3.139081762161e+03
254 -3.139084589821e+03
255 -3.139089045628e+03
256 -3.139095026440e+03
257 -3.139102427304e+03
258 -3.139111141522e+03
259 -3.139121060728e+03
260 -3.139132074976e+03
261 -3.139144083912e+03
262 -3.139156952695e+03
263 -3.139170578461e+03
264 -3.139184846380e+03
265 -3.139199640885e+03
266 -3.139214845882e+03
267 -3.139230344931e+03
268 -3.139246021410e+03
269 -3.139261758659e+03
270 -3.139277440108e+03
271 -3.139292948943e+03
272 -3.139308170182e+03
273 -3.139322987905e+03
274 -3.139337287518e+03
275 -3.139350955508e+03
276 -3.139363879788e+03
277 -3.139375950065e+03
278 -3.139387058251e+03
279 -3.139397098896e+03
280 -3.139405969627e+03
281 -3.139413563008e+03
282 -3.139419801278e+03
283 -3.139424585312e+03
284 -3.139427829310e+03
285 -3.139429452566e+03
286 -3.139429379783e+03
287 -3.139427541331e+03
288 -3.139423873454e+03
289 -3.139418318417e+03
290 -3.139410824595e+03
291 -3.139401338056e+03
292 -3.139389836254e+03
293 -3.139376277380e+03
294 -3.139360633881e+03
295 -3.139342883837e+03
296 -3.139323010698e+03
297 -3.139301002968e+03
298 -3.139276853842e+03
299 -3.139250560794e+03
300 -3.139222125124e+03
301 -3.139191549706e+03
302 -3.139158845526e+03
303 -3.139124020585e+03
304 -3.139087086445e+03
305 -3.139048055987e+03
306 -3.139006942989e+03
307 -3.138963761768e+03
308 -3.138918526907e+03
309 -3.138871253078e+03
310 -3.138821954964e+03
311 -3.138770654891e+03
312 -3.138717352577e+03
313 -3.138662070821e+03
314 -3.138604825549e+03
315 -3.138545633738e+03
316 -3.138484513847e+03
317 -3.138421486297e+03
318 -3.138356573969e+03
319 -3.138289802715e+03
320 -3.138221201855e+03
321 -3.138150821521e+03
322 -3.138078665768e+03
323 -3.138004793805e+03
324 -3.137929253248e+03
325 -3.137852097207e+03
326 -3.137773384577e+03
327 -3.137693180306e+03
328 -3.137611555643e+03
329 -3.137528588340e+03
330 -3.137444362823e+03
331 -3.137358990060e+03
332 -3.137272528704e+03
333 -3.137185103063e+03
334 -3.137096824357e+03
335 -3.137007809970e+03
336 -3.136918182956e+03
337 -3.136828071431e+03
338 -3.136737607857e+03
339 -3.136646928257e+03
340 -3.136556171403e+03
341 -3.136465491900e+03
342 -3.136375004076e+03
343 -3.136284864054e+03
344 -3.136195214159e+03
345 -3.136106196088e+03
346 -3.136017950455e+03
347 -3.135930616377e+03
348 -3.135844331085e+03
349 -3.135759229549e+03
350 -3.135675444086e+03
351 -3.135593109320e+03
352 -3.135512340379e+03
353 -3.135433264299e+03
354 -3.135355998385e+03
355 -3.135280654939e+03
356 -3.135207340710e+03
357 -3.135136156316e+03
358 -3.135067195656e+03
359 -3.135000545312e+03
360 -3.134936283955e+03
361 -3.134874484371e+03
362 -3.134815202757e+03
363 -3.134758493322e+03
364 -3.134704398023e+03
365 -3.134652948748e+03
366 -3.134604167178e+03
367 -3.134558064767e+03
368 -3.134514642840e+03
369 -3.134473892817e+03
370 -3.134435796537e+03
371 -3.134400339132e+03
372 -3.134367459992e+03
373 -3.134337127335e+03
374 -3.134309289740e+03
375 -3.134283889077e+03
376 -3.134260861231e+03
377 -3.134240136874e+03
378 -3.134221642237e+03
379 -3.134205299894e+03
380 -3.134191029529e+03
381 -3.134178777236e+03
382 -3.134168402039e+03
383 -3.134159847641e+03
384 -3.134153029037e+03
385 -3.134147861460e+03
386 -3.134144260796e+03
387 -3.134142143917e+03
388 -3.134141428938e+03
389 -3.134142035406e+03
390 -3.134143884425e+03
391 -3.134146936099e+03
392 -3.134151039889e+03
393 -3.134156159305e+03
394 -3.134162221993e+03
395 -3.134169157179e+03
396 -3.134176895609e+03
397 -3.134185369468e+03
398 -3.134194512280e+03
399 -3.134204258759e+03
400 -3.134214544637e+03
401 -3.134225343934e+03
402 -3.134236518524e+03
403 -3.134248043531e+03
404 -3.134259856472e+03
405 -3.134271894774e+03
406 -3.134284095665e+03
407 -3.134296396132e+03
408 -3.134308732954e+03
409 -3.134321042793e+03
410 -3.134333262330e+03
411 -3.134345364477e+03
412 -3.134357214113e+03
413 -3.134368785159e+03
414 -3.134380015878e+03
415 -3.134390845227e+03
416 -3.134401212928e+03
417 -3.134411059542e+03
418 -3.134420326515e+03
419 -3.134428956243e+03
420 -3.134436892122e+03
421 -3.134444118388e+03
422 -3.134450500888e+03
423 -3.134456026345e+03
424 -3.134460642795e+03
425 -3.134464299616e+03
426 -3.134466947630e+03
427 -3.134468539208e+03
428 -3.134469028411e+03
429 -3.134468371133e+03
430 -3.134466525273e+03
431 -3.134463502776e+03
432 -3.134459162083e+03
433 -3.134453520225e+03
434 -3.134446544754e+03
435 -3.134438205948e+03
436 -3.134428476860e+03
437 -3.134417333338e+03
438 -3.134404753990e+03
439 -3.134390720130e+03
440 -3.134375215666e+03
441 -3.134358298436e+03
442 -3.134339813863e+03
443 -3.134319824583e+03
444 -3.134298323345e+03
445 -3.134275304606e+03
446 -3.134250764302e+03
447 -3.134224699628e+03
448 -3.134197108824e+03
449 -3.134167990989e+03
450 -3.134137345917e+03
451 -3.134105265768e+03
452 -3.134071567357e+03
453 -3.134036344350e+03
454 -3.133999598687e+03
455 -3.133961332987e+03
456 -3.133921550773e+03
457 -3.133880256777e+03
458 -3.133837457352e+03
459 -3.133793160952e+03
460 -3.133747378691e+03
461 -3.133700228349e+03
462 -3.133651520710e+03
463 -3.133601382424e+03
464 -3.133549841029e+03
465 -3.133496929342e+03
466 -3.133442685720e+03
467 -3.133387154165e+03
468 -3.133330384302e+03
469 -3.133272431213e+03
470 -3.133213355159e+03
471 -3.133153327186e+03
472 -3.133092204174e+03
473 -3.133030166087e+03
474 -3.132967289702e+03
475 -3.132903654712e+03
476 -3.132839343248e+03
477 -3.132774439432e+03
478 -3.132709028965e+03
479 -3.132643198771e+03
480 -3.132577036697e+03
481 -3.132510743006e+03
482 -3.132444182625e+03
483 -3.132377557444e+03
484 -3.132310957399e+03
485 -3.132244472850e+03
486 -3.132178194615e+03
487 -3.132112213994e+03
488 -3.132046622755e+03
489 -3.131981513049e+03
490 -3.131916977232e+03
491 -3.131853226377e+03
492 -3.131790113798e+03
493 -3.131727849957e+03
494 -3.131666524131e+03
495 -3.131606223361e+03
496 -3.131547031727e+03
497 -3.131489029614e+03
498 -3.131432292981e+03
499 -3.131376892680e+03
500 -3.131322893858e+03
501 -3.131270464984e+03
502 -3.131219438349e+03
503 -3.131169969997e+03
504 -3.131122098636e+03
505 -3.131075856151e+03
506 -3.131031267781e+03
507 -3.130988352378e+03
508 -3.130947122742e+03
509 -3.130907586004e+03
510 -3.130869744053e+03
511 -3.130833683486e+03
512 -3.130799217367e+03
513 -3.130766424888e+03
514 -3.130735291822e+03
515 -3.130705801261e+03
516 -3.130677934156e+03
517 -3.130651669826e+03
518 -3.130626986386e+03
519 -3.130603861069e+03
520 -3.130582270413e+03
521 -3.130562277048e+03
522 -3.130543682212e+03
523 -3.130526547108e+03
524 -3.130510844507e+03
525 -3.130496545441e+03
526 -3.130483618773e+03
527 -3.130472030776e+03
528 -3.130461744756e+03
529 -3.130452720736e+03
530 -3.130444915231e+03
531 -3.130438393500e+03
532 -3.130432879630e+03
533 -3.130428431916e+03
534 -3.130424992598e+03
535 -3.130422500862e+03
536 -3.130420893282e+03
537 -3.130420104360e+03
538 -3.130420067151e+03
539 -3.130420713949e+03
540 -3.130421977011e+03
541 -3.130423932985e+03
542 -3.130426228338e+03
543 -3.130428943571e+03
544 -3.130432017706e+03
545 -3.130435392937e+03
546 -3.130439015066e+03
547 -3.130442833847e+03
548 -3.130446803232e+03
549 -3.130450881500e+03
550 -3.130455031260e+03
551 -3.130459367821e+03
552 -3.130463564639e+03
553 -3.130467744784e+03
554 -3.130471885529e+03
555 -3.130475966490e+03
556 -3.130479968898e+03
557 -3.130483874839e+03
558 -3.130487666502e+03
559 -3.130491325487e+03
560 -3.130494832195e+03
561 -3.130498291352e+03
562 -3.130501427493e+03
563 -3.130504341085e+03
564 -3.130507004101e+03
565 -3.130509386133e+03
566 -3.130511454500e+03
567 -3.130513174452e+03
568 -3.130514509453e+03
569 -3.130515421511e+03
570 -3.130515871569e+03
571 -3.130515929565e+03
572 -3.130515336165e+03
573 -3.130514161358e+03
574 -3.130512366006e+03
575 -3.130509911976e+03
576 -3.130506762513e+03
577 -3.130502882576e+03
578 -3.130498239142e+03
579 -3.130492801454e+03
580 -3.130486541212e+03
581 -3.130479549308e+03
582 -3.130471569307e+03
583 -3.130462697362e+03
584 -3.130452915334e+03
585 -3.130442207295e+03
586 -3.130430559266e+03
587 -3.130417958912e+03
588 -3.130404395232e+03
589 -3.130389858255e+03
590 -3.130374338778e+03
591 -3.130357964011e+03
592 -3.130340454009e+03
593 -3.130321936647e+03
594 -3.130302404218e+03
595 -3.130281849287e+03
596 -3.130260264744e+03
597 -3.130237643890e+03
598 -3.130213980540e+03
599 -3.130189269144e+03
600 -3.130163504894e+03
601 -3.130136831337e+03
602 -3.130108950447e+03
603 -3.130080007634e+03
604 -3.130050001875e+03
605 -3.130018933205e+03
606 -3.129986802753e+03
607 -3.129953612800e+03
608 -3.129919366899e+03
609 -3.129884070044e+03
610 -3.129847728927e+03
611 -3.129810475608e+03
612 -3.129772074493e+03
613 -3.129732662684e+03
614 -3.129692257080e+03
615 -3.129650877972e+03
616 -3.129608549275e+03
617 -3.129565298649e+03
618 -3.129521157519e+03
619 -3.129476161008e+03
620 -3.129430347791e+03
621 -3.129383843220e+03
622 -3.129336526454e+03
623 -3.129288528365e+03
624 -3.129239899689e+03
625 -3.129190693547e+03
626 -3.129140965172e+03
627 -3.129090771625e+03
628 -3.129040171507e+03
629 -3.128989224669e+03
630 -3.128937991928e+03
631 -3.128886620962e+03
632 -3.128835002408e+03
633 -3.128783283759e+03
634 -3.128731527341e+03
635 -3.128679795369e+03
636 -3.128628149778e+03
637 -3.128576652038e+03
638 -3.128525362969e+03
639 -3.128474342560e+03
640 -3.128423649797e+03
641 -3.128373469283e+03
642 -3.128323604856e+03
643 -3.128274237997e+03
644 -3.128225422953e+03
645 -3.128177212924e+03
646 -3.128129660224e+03
647 -3.128082816448e+03
648 -3.128036732620e+03
649 -3.127991459275e+03
650 -3.127947046468e+03
651 -3.127903718164e+03
652 -3.127861174528e+03
653 -3.127819637540e+03
654 -3.127779153830e+03
655 -3.127739768537e+03
656 -3.127701525008e+03
657 -3.127664464500e+03
658 -3.127628625890e+03
659 -3.127594045394e+03
660 -3.127560756291e+03
661 -3.127528991879e+03
662 -3.127498372645e+03
663 -3.127469124411e+03
664 -3.127441266278e+03
665 -3.127414813324e+03
666 -3.127389776456e+03
667 -3.127366162276e+03
668 -3.127343972951e+03
669 -3.127323206085e+03
670 -3.127303854592e+03
671 -3.127286099061e+03
672 -3.127269538109e+03
673 -3.127254341871e+03
674 -3.127240483492e+03
675 -3.127227931140e+03
676 -3.127216648143e+03
677 -3.127206593212e+03
678 -3.127197720751e+03
679 -3.127189981252e+03
680 -3.127183321756e+03
681 -3.127177837470e+03
682 -3.127173168094e+03
683 -3.127169404334e+03
684 -3.127166484808e+03
685 -3.127164347440e+03
686 -3.127162929998e+03
687 -3.127162170589e+03
688 -3.127162008113e+03
689 -3.127162382651e+03
690 -3.127163235799e+03
691 -3.127164658503e+03
692 -3.127166300809e+03
693 -3.127168258012e+03
694 -3.127170479929e+03
695 -3.127172918736e+03
696 -3.127175528987e+03
697 -3.127178267575e+03
698 -3.127181093639e+03
699 -3.127183968400e+03
700 -3.127186854939e+03
701 -3.127189925231e+03
702 -3.127192730222e+03
703 -3.127195444700e+03
704 -3.127198036462e+03
705 -3.127200473886e+03
706 -3.127202725809e+03
707 -3.127204761483e+03
708 -3.127206550627e+03
709 -3.127208063561e+03
710 -3.127209271412e+03
711 -3.127210426967e+03
712 -3.127210941951e+03
713 -3.127211072902e+03
714 -3.127210797089e+03
715 -3.127210094067e+03
716 -3.127208945908e+03
717 -3.127207337371e+03
718 -3.127205255992e+03
719 -3.127202692097e+03
720 -3.127199638741e+03
721 -3.127196389054e+03
722 -3.127192345567e+03
723 -3.127187806742e+03
724 -3.127182774917e+03
725 -3.127177254199e+03
726 -3.127171250247e+03
727 -3.127164770069e+03
728 -3.127157821828e+03
729 -3.127150414694e+03
730 -3.127142558749e+03
731 -3.127134515187e+03
732 -3.127125795170e+03
733 -3.127116662219e+03
734 -3.127107130518e+03
735 -3.127097215652e+03
736 -3.127086934829e+03
737 -3.127076307099e+03
738 -3.127065353548e+03
739 -3.127054097407e+03
740 -3.127042564070e+03
741 -3.127030966477e+03
742 -3.127018962812e+03
743 -3.127006769320e+03
744 -3.126994417556e+03
745 -3.126981939286e+03
746 -3.126969365737e+03
747 -3.126956726816e+03
748 -3.126944050323e+03
749 -3.126931361196e+03
750 -3.126918680843e+03
751 -3.126906188190e+03
752 -3.126893572727e+03
753 -3.126881004309e+03
754 -3.126868486399e+03
755 -3.126856017930e+03
756 -3.126843593634e+03
757 -3.126831204521e+03
758 -3.126818838428e+03
759 -3.126806480623e+03
760 -3.126794114409e+03
761 -3.126781910836e+03
762 -3.126769472374e+03
763 -3.126756969094e+03
764 -3.126744381814e+03
765 -3.126731691865e+03
766 -3.126718881473e+03
767 -3.126705934104e+03
768 -3.126692834771e+03
769 -3.126679570310e+03
770 -3.126666129614e+03
771 -3.126652738537e+03
772 -3.126638920874e+03
773 -3.126624907939e+03
774 -3.126610698837e+03
775 -3.126596295680e+03
776 -3.126581703771e+03
777 -3.126566931797e+03
778 -3.126551992013e+03
779 -3.126536900408e+03
780 -3.126521676848e+03
781 -3.126506593064e+03
782 -3.126491180303e+03
783 -3.126475719179e+03
784 -3.126460245710e+03
785 -3.126444799849e+03
786 -3.126429425319e+03
787 -3.126414169367e+03
788 -3.126399082397e+03
789 -3.126384217502e+03
790 -3.126369629849e+03
791 -3.126355602565e+03
792 -3.126341737847e+03
793 -3.126328320061e+03
794 -3.126315404018e+03
795 -3.126303041835e+03
796 -3.126291281838e+03
797 -3.126280167527e+03
798 -3.126269736633e+03
799 -3.126260020328e+03
800 -3.126251042606e+03
801 -3.126243036826e+03
802 -3.126235576334e+03
803 -3.126228880174e+03
804 -3.126222941669e+03
805 -3.126217746975e+03
806 -3.126213275577e+03
807 -3.126209500859e+03
808 -3.126206390725e+03
809 -3.126203908239e+03
810 -3.126202012271e+03
811 -3.126200901682e+03
812 -3.126200041081e+03
813 -3.126199624626e+03
814 -3.126199600719e+03
815 -3.126199916707e+03
816 -3.126200519497e+03
817 -3.126201356208e+03
818 -3.126202374848e+03
819 -3.126203525022e+03
820 -3.126204758639e+03
821 -3.126206285500e+03
822 -3.126207554387e+03
823 -3.126208782876e+03
824 -3.126209938566e+03
825 -3.126210994234e+03
826 -3.126211928082e+03
827 -3.126212723831e+03
828 -3.126213370637e+03
829 -3.126213862848e+03
830 -3.126214199615e+03
831 -3.126214568665e+03
832 -3.126214608927e+03
833 -3.126214514446e+03
834 -3.126214297822e+03
835 -3.126213973387e+03
836 -3.126213556590e+03
837 -3.126213063434e+03
838 -3.126212509983e+03
839 -3.126211911938e+03
840 -3.126211284289e+03
841 -3.126210697194e+03
842 -3.126210051403e+03
843 -3.126209414255e+03
844 -3.126208795850e+03
845 -3.126208204881e+03
846 -3.126207648684e+03
847 -3.126207133340e+03
848 -3.126206663820e+03
849 -3.126206244172e+03
850 -3.126205877740e+03
851 -3.126205545970e+03
852 -3.126205294550e+03
853 -3.126205104537e+03
854 -3.126204978838e+03
855 -3.126204920782e+03
856 -3.126204934267e+03
857 -3.126205023841e+03
858 -3.126205194718e+03
859 -3.126205452719e+03
860 -3.126205804130e+03
861 -3.126206293095e+03
862 -3.126206851139e+03
863 -3.126207521854e+03
864 -3.126208310746e+03
865 -3.126209222297e+03
866 -3.126210259639e+03
867 -3.126211424290e+03
868 -3.126212715946e+03
869 -3.126214132356e+03
870 -3.126215669292e+03
871 -3.126217486755e+03
872 -3.126219244365e+03
873 -3.126221098972e+03
874 -3.126223039914e+03
875 -3.126225055707e+03
876 -3.126227134507e+03
877 -3.126229264623e+03
878 -3.126231435092e+03
879 -3.126233636251e+03
880 -3.126235860324e+03
881 -3.126238336141e+03
882 -3.126240592635e+03
883 -3.126242865275e+03
884 -3.126245158608e+03
885 -3.126247480964e+03
886 -3.126249844501e+03
887 -3.126252265135e+03
888 -3.126254762331e+03
889 -3.126257358770e+03
890 -3.126260079895e+03
891 -3.126263133022e+03
892 -3.126266188269e+03
893 -3.126269455010e+03
894 -3.126272963026e+03
895 -3.126276741084e+03
896 -3.126280816020e+03
897 -3.126285211820e+03
898 -3.126289948724e+03
899 -3.126295042380e+03
900 -3.126300503100e+03
901 -3.126306420235e+03
902 -3.126312622705e+03
903 -3.126319185935e+03
904 -3.126326094432e+03
905 -3.126333326063e+03
906 -3.126340852393e+03
907 -3.126348639210e+03
908 -3.126356647241e+03
909 -3.126364833018e+03
910 -3.126373149869e+03
911 -3.126381615830e+03
912 -3.126390048608e+03
913 -3.126398464348e+03
914 -3.126406814639e+03
915 -3.126415053419e+03
916 -3.126423137967e+03
917 -3.126431029782e+03
918 -3.126438695327e+03
919 -3.126446106630e+03
920 -3.126453241757e+03
921 -3.126460245066e+03
922 -3.126466788948e+03
923 -3.126473030028e+03
924 -3.126478972666e+03
925 -3.126484627621e+03
926 -3.126490011670e+03
927 -3.126495147058e+03
928 -3.126500060799e+03
929 -3.126504783828e+03
930 -3.126509350012e+03
931 -3.126514077343e+03
932 -3.126518438260e+03
933 -3.126522750097e+03
934 -3.126527046483e+03
935 -3.126531357900e+03
936 -3.126535710654e+03
937 -3.126540126032e+03
938 -3.126544619680e+03
939 -3.126549201243e+03
940 -3.126553874268e+03
941 -3.126558943555e+03
942 -3.126563787958e+03
943 -3.126568700668e+03
944 -3.126573664264e+03
945 -3.126578657798e+03
946 -3.126583657667e+03
947 -3.126588638507e+03
948 -3.126593574083e+03
949 -3.126598438139e+03
950 -3.126603205204e+03
951 -3.126608084508e+03
952 -3.126612589360e+03
953 -3.126616932301e+03
954 -3.126621097236e+03
955 -3.126625071502e+03
956 -3.126628846032e+03
957 -3.126632415385e+03
958 -3.126635777628e+03
959 -3.126638934099e+03
960 -3.126641889049e+03
961 -3.126644782957e+03
962 -3.126647357997e+03
963 -3.126649757067e+03
964 -3.126651991163e+03
965 -3.126654071685e+03
966 -3.126656010014e+03
967 -3.126657817161e+03
968 -3.126659503507e+03
969 -3.126661078623e+03
970 -3.126662551151e+03
971 -3.126664046460e+03
972 -3.126665336687e+03
973 -3.126666544431e+03
974 -3.126667674394e+03
975 -3.126668730409e+03
976 -3.126669715526e+03
977 -3.126670632126e+03
978 -3.126671482035e+03
979 -3.126672266662e+03
980 -3.126672987127e+03
981 -3.126673825000e+03
982 -3.126674420570e+03
983 -3.126674954975e+03
984 -3.126675429454e+03
985 -3.126675845558e+03
986 -3.126676205225e+03
987 -3.126676510834e+03
988 -3.126676765227e+03
989 -3.126676971708e+03
990 -3.126677134015e+03
991 -3.126677475078e+03
992 -3.126677561952e+03
993 -3.126677618087e+03
994 -3.126677648599e+03
995 -3.126677658922e+03
996 -3.126677654847e+03
997 -3.126677642579e+03
998 -3.126677628827e+03
999 -3.126677620894e+03
1000 -3.126677626794e+03
1001 -3.126677819086e+03
1002 -3.126677880303e+03
1003 -3.126677984624e+03
1004 -3.126678143706e+03
1005 -3.126678370120e+03
1006 -3.126678677221e+03
1007 -3.126679078959e+03
1008 -3.126679589618e+03
1009 -3.126680223515e+03
1010 -3.126680994655e+03
1011 -3.126681981910e+03
1012 -3.126683067086e+03
1013 -3.126684326162e+03
1014 -3.126685768497e+03
1015 -3.126687401602e+03
1016 -3.126689230979e+03
1017 -3.126691260048e+03
1018 -3.126693490149e+03
1019 -3.126695920625e+03
1020 -3.126698548980e+03
1021 -3.126701395447e+03
1022 -3.126704406648e+03
1023 -3.126707599782e+03
1024 -3.126710967874e+03
1025 -3.126714503772e+03
1026 -3.126718200571e+03
1027 -3.126722052012e+03
1028 -3.126726052862e+03
1029 -3.126730199240e+03
1030 -3.126734488914e+03
1031 -3.126739022517e+03
1032 -3.126743600704e+03
1033 -3.126748327375e+03
1034 -3.126753208686e+03
1035 -3.126758253013e+03
1036 -3.126763470815e+03
1037 -3.126768874358e+03
1038 -3.126774477296e+03
1039 -3.126780294096e+03
1040 -3.126786339337e+03
1041 -3.126792865374e+03
1042 -3.126799408377e+03
1043 -3.126806215811e+03
1044 -3.126813294374e+03
1045 -3.126820646851e+03
1046 -3.126828271617e+03
1047 -3.126836162334e+03
1048 -3.126844307882e+03
1049 -3.126852692501e+03
1050 -3.126861296139e+03
1051 -3.126870415874e+03
1052 -3.126879383380e+03
1053 -3.126888489598e+03
1054 -3.126897703572e+03
1055 -3.126906993493e+03
1056 -3.126916327411e+03
1057 -3.126925673872e+03
1058 -3.126935002416e+03
1059 -3.126944283957e+03
1060 -3.126953490998e+03
1061 -3.126962930518e+03
1062 -3.126971913196e+03
1063 -3.126980748708e+03
1064 -3.126989416037e+03
1065 -3.126997895625e+03
1066 -3.127006169379e+03
1067 -3.127014220770e+03
1068 -3.127022035020e+03
1069 -3.127029599366e+03
1070 -3.127036903374e+03
1071 -3.127044274196e+03
1072 -3.127051037244e+03
1073 -3.127057525394e+03
1074 -3.127063740306e+03
1075 -3.127069687125e+03
1076 -3.127075374539e+03
1077 -3.127080814778e+03
1078 -3.127086023550e+03
1079 -3.127091019935e+03
1080 -3.127095826214e+03
1081 -3.127100883737e+03
1082 -3.127105387575e+03
1083 -3.127109784247e+03
1084 -3.127114105415e+03
1085 -3.127118383633e+03
1086 -3.127122651531e+03
1087 -3.127126940902e+03
1088 -3.127131281734e+03
1089 -3.127135701216e+03
1090 -3.127140222767e+03
1091 -3.127145360928e+03
1092 -3.127150136523e+03
1093 -3.127155053115e+03
1094 -3.127160111350e+03
1095 -3.127165305130e+03
1096 -3.127170621684e+03
1097 -3.127176041904e+03
1098 -3.127181540923e+03
1099 -3.127187088898e+03
1100 -3.127192651942e+03
1101 -3.127198623005e+03
1102 -3.127204103016e+03
1103 -3.127209482042e+03
1104 -3.127214720086e+03
1105 -3.127219777994e+03
1106 -3.127224618316e+03
1107 -3.127229206161e+03
1108 -3.127233510026e+03
1109 -3.127237502604e+03
1110 -3.127241161516e+03
1111 -3.127244707109e+03
1112 -3.127247654324e+03
1113 -3.127250235535e+03
1114 -3.127252452485e+03
1115 -3.127254313030e+03
1116 -3.127255830733e+03
1117 -3.127257024267e+03
1118 -3.127257916668e+03
1119 -3.127258534484e+03
1120 -3.127258906855e+03
1121 -3.127259175916e+03
1122 -3.127259150836e+03
1123 -3.127258973994e+03
1124 -3.127258675851e+03
1125 -3.127258285277e+03
1126 -3.127257829001e+03
1127 -3.127257331195e+03
1128 -3.127256813192e+03
1129 -3.127256293323e+03
1130 -3.127255786879e+03
1131 -3.127255495015e+03
1132 -3.127255049773e+03
1133 -3.127254646630e+03
1134 -3.127254290160e+03
1135 -3.127253983001e+03
1136 -3.127253726259e+03
1137 -3.127253519950e+03
1138 -3.127253363456e+03
1139 -3.127253255979e+03
1140 -3.127253196967e+03
1141 -3.127253528474e+03
1142 -3.127253567566e+03
1143 -3.127253658344e+03
1144 -3.127253804164e+03
1145 -3.127254009574e+03
1146 -3.127254280188e+03
1147 -3.127254622453e+03
1148 -3.127255043355e+03
1149 -3.127255550059e+03
1150 -3.127256149550e+03
1151 -3.127257256490e+03
1152 -3.127258060042e+03
1153 -3.127258972938e+03
1154 -3.127259998385e+03
1155 -3.127261138214e+03
1156 -3.127262392891e+03
1157 -3.127263761623e+03
1158 -3.127265242565e+03
1159 -3.127266833095e+03
1160 -3.127268530178e+03
1161 -3.127270646252e+03
1162 -3.127272547807e+03
1163 -3.127274548284e+03
1164 -3.127276646986e+03
1165 -3.127278844721e+03
1166 -3.127281144048e+03
1167 -3.127283549419e+03
1168 -3.127286067221e+03
1169 -3.127288705700e+03
1170 -3.127291474779e+03
1171 -3.127294512782e+03
1172 -3.127297578368e+03
1173 -3.127300810946e+03
1174 -3.127304223392e+03
1175 -3.127307828046e+03
1176 -3.127311636093e+03
1177 -3.127315656914e+03
1178 -3.127319897428e+03
1179 -3.127324361439e+03
1180 -3.127329049008e+03
1181 -3.127333984013e+03
1182 -3.127339101963e+03
1183 -3.127344415956e+03
1184 -3.127349906339e+03
1185 -3.127355547965e+03
1186 -3.127361310292e+03
1187 -3.127367157678e+03
1188 -3.127373049899e+03
1189 -3.127378942882e+03
1190 -3.127384789665e+03
1191 -3.127390661513e+03
1192 -3.127396270840e+03
1193 -3.127401687935e+03
1194 -3.127406866787e+03
1195 -3.127411765013e+03
1196 -3.127416345082e+03
1197 -3.127420575377e+03
1198 -3.127424431048e+03
1199 -3.127427894621e+03
1200 -3.127430956350e+03
1201 -3.127433950760e+03
1202 -3.127436211937e+03
1203 -3.127438088273e+03
1204 -3.127439599589e+03
1205 -3.127440771717e+03
1206 -3.127441635633e+03
1207 -3.127442226499e+03
1208 -3.127442582660e+03
1209 -3.127442744630e+03
1210 -3.127442754083e+03
1211 -3.127443142702e+03
1212 -3.127442971644e+03
1213 -3.127442770613e+03
1214 -3.127442576482e+03
1215 -3.127442422658e+03
1216 -3.127442338240e+03
1217 -3.127442347252e+03
1218 -3.127442467969e+03
1219 -3.127442712393e+03
1220 -3.127443085916e+03
1221 -3.127444036971e+03
1222 -3.127444657652e+03
1223 -3.127445384359e+03
1224 -3.127446197433e+03
1225 -3.127447072468e+03
1226 -3.127447981361e+03
1227 -3.127448893491e+03
1228 -3.127449776957e+03
1229 -3.127450599818e+03
1230 -3.127451331248e+03
1231 -3.127452237864e+03
1232 -3.127452704185e+03
1233 -3.127453002741e+03
1234 -3.127453115349e+03
1235 -3.127453027902e+03
1236 -3.127452730245e+03
1237 -3.127452215814e+03
1238 -3.127451481094e+03
1239 -3.127450524988e+03
1240 -3.127449348172e+03
1241 -3.127448145130e+03
1242 -3.127446534549e+03
1243 -3.127444710979e+03
1244 -3.127442677939e+03
1245 -3.127440439484e+03
1246 -3.127438000485e+03
1247 -3.127435366979e+03
1248 -3.127432546556e+03
1249 -3.127429548715e+03
1250 -3.127426385149e+03
1251 -3.127423352237e+03
1252 -3.127419902570e+03
1253 -3.127416336605e+03
1254 -3.127412675257e+03
1255 -3.127408941270e+03
1256 -3.127405158823e+03
1257 -3.127401353086e+03
1258 -3.127397549758e+03
1259 -3.127393774602e+03
1260 -3.127390053015e+03
1261 -3.127386865545e+03
1262 -3.127383324110e+03
1263 -3.127379906639e+03
1264 -3.127376633612e+03
1265 -3.127373523623e+03
1266 -3.127370593124e+03
1267 -3.127367856136e+03
1268 -3.127365323949e+03
1269 -3.127363004845e+03
1270 -3.127360903865e+03
1271 -3.127359540391e+03
1272 -3.127357877278e+03
1273 -3.127356427320e+03
1274 -3.127355182424e+03
1275 -3.127354131777e+03
1276 -3.127353262300e+03
1277 -3.127352559167e+03
1278 -3.127352006380e+03
1279 -3.127351587357e+03
1280 -3.127351285499e+03
1281 -3.127351534501e+03
1282 -3.127351419664e+03
1283 -3.127351377054e+03
1284 -3.127351394503e+03
1285 -3.127351461613e+03
1286 -3.127351569814e+03
1287 -3.127351712304e+03
1288 -3.127351883895e+03
1289 -3.127352080772e+03
1290 -3.127352300176e+03
1291 -3.127352917410e+03
1292 -3.127353176093e+03
1293 -3.127353451789e+03
1294 -3.127353742372e+03
1295 -3.127354045037e+03
1296 -3.127354356103e+03
1297 -3.127354670907e+03
1298 -3.127354983809e+03
1299 -3.127355288298e+03
1300 -3.127355577205e+03
1301 -3.127356205444e+03
1302 -3.127356440517e+03
1303 -3.127356638116e+03
1304 -3.127356792392e+03
1305 -3.127356899055e+03
1306 -3.127356955923e+03
1307 -3.127356963438e+03
1308 -3.127356925110e+03
1309 -3.127356847871e+03
1310 -3.127356742275e+03
1311 -3.127356968768e+03
1312 -3.127356851831e+03
1313 -3.127356759064e+03
1314 -3.127356713651e+03
1315 -3.127356740352e+03
1316 -3.127356864493e+03
1317 -3.127357110818e+03
1318 -3.127357502256e+03
1319 -3.127358058651e+03
1320 -3.127358795537e+03
1321 -3.127360047356e+03
1322 -3.127361168376e+03
1323 -3.127362480438e+03
1324 -3.127363972993e+03
1325 -3.127365628095e+03
1326 -3.127367420719e+03
1327 -3.127369319425e+03
1328 -3.127371287358e+03
1329 -3.127373283549e+03
1330 -3.127375264460e+03
1331 -3.127377521772e+03
1332 -3.127379340290e+03
1333 -3.127381015330e+03
1334 -3.127382511282e+03
1335 -3.127383799005e+03
1336 -3.127384857321e+03
1337 -3.127385674215e+03
1338 -3.127386247667e+03
1339 -3.127386586064e+03
1340 -3.127386708144e+03
1341 -3.127387062684e+03
1342 -3.127386848161e+03
1343 -3.127386528115e+03
1344 -3.127386153266e+03
1345 -3.127385778131e+03
1346 -3.127385458874e+03
1347 -3.127385251118e+03
1348 -3.127385207816e+03
1349 -3.127385377307e+03
1350 -3.127385801608e+03
1351 -3.127386989109e+03
1352 -3.127388017065e+03
1353 -3.127389375035e+03
1354 -3.127391068599e+03
1355 -3.127393093081e+03
1356 -3.127395433739e+03
1357 -3.127398066263e+03
1358 -3.127400957543e+03
1359 -3.127404066682e+03
1360 -3.127407346219e+03
1361 -3.127411189018e+03
1362 -3.127414645849e+03
1363 -3.127418105801e+03
1364 -3.127421510202e+03
1365 -3.127424801619e+03
1366 -3.127427925377e+03
1367 -3.127430830948e+03
1368 -3.127433473171e+03
1369 -3.127435813270e+03
1370 -3.127437819645e+03
1371 -3.127439915730e+03
1372 -3.127441189557e+03
1373 -3.127442081958e+03
1374 -3.127442592958e+03
1375 -3.127442730079e+03
1376 -3.127442507793e+03
1377 -3.127441946848e+03
1378 -3.127441073508e+03
1379 -3.127439918740e+03
1380 -3.127438517375e+03
1381 -3.127437411706e+03
1382 -3.127435633065e+03
1383 -3.127433726947e+03
1384 -3.127431735335e+03
1385 -3.127429700011e+03
1386 -3.127427661759e+03
1387 -3.127425659593e+03
1388 -3.127423730010e+03
1389 -3.127421906308e+03
1390 -3.127420217949e+03
1391 -3.127419231907e+03
1392 -3.127417885257e+03
1393 -3.127416734531e+03
1394 -3.127415789776e+03
1395 -3.127415055804e+03
1396 -3.127414532286e+03
1397 -3.127414213998e+03
1398 -3.127414091198e+03
1399 -3.127414150155e+03
1400 -3.127414373809e+03
1401 -3.127415214890e+03
1402 -3.127415707793e+03
1403 -3.127416302297e+03
1404 -3.127416976282e+03
1405 -3.127417708436e+03
1406 -3.127418478902e+03
1407 -3.127419269775e+03
1408 -3.127420065419e+03
1409 -3.127420852620e+03
1410 -3.127421620573e+03
1411 -3.127422677256e+03
1412 -3.127423383506e+03
1413 -3.127424050600e+03
1414 -3.127424674999e+03
1415 -3.127425254114e+03
1416 -3.127425785976e+03
1417 -3.127426268968e+03
1418 -3.127426701620e+03
1419 -3.127427082475e+03
1420 -3.127427410024e+03
1421 -3.127427907160e+03
1422 -3.127428123655e+03
1423 -3.127428282174e+03
1424 -3.127428381272e+03
1425 -3.127428419698e+03
1426 -3.127428396501e+03
1427 -3.127428311152e+03
1428 -3.127428163686e+03
1429 -3.127427954864e+03
1430 -3.127427686367e+03
1431 -3.127427551012e+03
1432 -3.127427173542e+03
1433 -3.127426749107e+03
1434 -3.127426285119e+03
1435 -3.127425790839e+03
1436 -3.127425277448e+03
1437 -3.127424758029e+03
1438 -3.127424247440e+03
1439 -3.127423762073e+03
1440 -3.127423319484e+03
1441 -3.127423137497e+03
1442 -3.127422836327e+03
1443 -3.127422632456e+03
1444 -3.127422542512e+03
1445 -3.127422581276e+03
1446 -3.127422761087e+03
1447 -3.127423091369e+03
1448 -3.127423578294e+03
1449 -3.127424224614e+03
1450 -3.127425029660e+03
1451 -3.127426242183e+03
1452 -3.127427351209e+03
1453 -3.127428598761e+03
1454 -3.127429973209e+03
1455 -3.127431461274e+03
1456 -3.127433048493e+03
1457 -3.127434719641e+03
1458 -3.127436459082e+03
1459 -3.127438251045e+03
1460 -3.127440079798e+03
1461 -3.127442217909e+03
1462 -3.127444074775e+03
1463 -3.127445922082e+03
1464 -3.127447744384e+03
1465 -3.127449526014e+03
1466 -3.127451250879e+03
1467 -3.127452902246e+03
1468 -3.127454462567e+03
1469 -3.127455913370e+03
1470 -3.127457235281e+03
1471 -3.127458716267e+03
1472 -3.127459719966e+03
1473 -3.127460533672e+03
1474 -3.127461137578e+03
1475 -3.127461513213e+03
1476 -3.127461644167e+03
1477 -3.127461516816e+03
1478 -3.127461120990e+03
1479 -3.127460450539e+03
1480 -3.127459503762e+03
1481 -3.127458611573e+03
1482 -3.127457126524e+03
1483 -3.127455388833e+03
1484 -3.127453415650e+03
1485 -3.127451228204e+03
1486 -3.127448851312e+03
1487 -3.127446312869e+03
1488 -3.127443643365e+03
1489 -3.127440875467e+03
1490 -3.127438043618e+03
1491 -3.127435493976e+03
1492 -3.127432643872e+03
1493 -3.127429839329e+03
1494 -3.127427116377e+03
1495 -3.127424509149e+03
1496 -3.127422048559e+03
1497 -3.127419760897e+03
1498 -3.127417666499e+03
1499 -3.127415778629e+03
1500 -3.127414102666e+03
1501 -3.127412920281e+03
1502 -3.127411652412e+03
1503 -3.127410563376e+03
1504 -3.127409626874e+03
1505 -3.127408810784e+03
1506 -3.127408078746e+03
1507 -3.127407391946e+03
1508 -3.127406710986e+03
1509 -3.127405997708e+03
1510 -3.127405216873e+03
1511 -3.127404634573e+03
1512 -3.127403632339e+03
1513 -3.127402487369e+03
1514 -3.127401187311e+03
1515 -3.127399726726e+03
1516 -3.127398106974e+03
1517 -3.127396335896e+03
1518 -3.127394427289e+03
1519 -3.127392400238e+03
1520 -3.127390278308e+03
1521 -3.127388418332e+03
1522 -3.127386192011e+03
1523 -3.127383959334e+03
1524 -3.127381752342e+03
1525 -3.127379602656e+03
1526 -3.127377540421e+03
1527 -3.127375593264e+03
1528 -3.127373785283e+03
1529 -3.127372136118e+03
1530 -3.127370660148e+03
1531 -3.127369692737e+03
1532 -3.127368583758e+03
1533 -3.127367654853e+03
1534 -3.127366895870e+03
1535 -3.127366291085e+03
1536 -3.127365819993e+03
1537 -3.127365458317e+03
1538 -3.127365179159e+03
1539 -3.127364954226e+03
1540 -3.127364755057e+03
1541 -3.127364884113e+03
1542 -3.127364657090e+03
1543 -3.127364380506e+03
1544 -3.127364035560e+03
1545 -3.127363607735e+03
1546 -3.127363087198e+03
1547 -3.127362469020e+03
1548 -3.127361753215e+03
1549 -3.127360944562e+03
1550 -3.127360052230e+03
1551 -3.127359461223e+03
1552 -3.127358444331e+03
1553 -3.127357391035e+03
1554 -3.127356320922e+03
1555 -3.127355253998e+03
1556 -3.127354209819e+03
1557 -3.127353206706e+03
1558 -3.127352261090e+03
1559 -3.127351387008e+03
1560 -3.127350595757e+03
1561 -3.127350323000e+03
1562 -3.127349719946e+03
1563 -3.127349216037e+03
1564 -3.127348811201e+03
1565 -3.127348503056e+03
1566 -3.127348287294e+03
1567 -3.127348158122e+03
1568 -3.127348108727e+03
1569 -3.127348131763e+03
1570 -3.127348219828e+03
1571 -3.127348776307e+03
1572 -3.127348974345e+03
1573 -3.127349218916e+03
1574 -3.127349505979e+03
1575 -3.127349832727e+03
1576 -3.127350197537e+03
1577 -3.127350599800e+03
1578 -3.127351039664e+03
1579 -3.127351517714e+03
1580 -3.127352034598e+03
1581 -3.127352966258e+03
1582 -3.127353561796e+03
1583 -3.127354194856e+03
1584 -3.127354862803e+03
1585 -3.127355561470e+03
1586 -3.127356285010e+03
1587 -3.127357025837e+03
1588 -3.127357774640e+03
1589 -3.127358520500e+03
1590 -3.127359251069e+03
1591 -3.127360315787e+03
1592 -3.127360975729e+03
1593 -3.127361577853e+03
1594 -3.127362107469e+03
1595 -3.127362550397e+03
1596 -3.127362893460e+03
1597 -3.127363124994e+03
1598 -3.127363235329e+03
1599 -3.127363217232e+03
1600 -3.127363066274e+03
1601 -3.127363150107e+03
1602 -3.127362734146e+03
1603 -3.127362191020e+03
1604 -3.127361529100e+03
1605 -3.127360759651e+03
1606 -3.127359896409e+03
1607 -3.127358955014e+03
1608 -3.127357952342e+03
1609 -3.127356905741e+03
1610 -3.127355832257e+03
1611 -3.127355093017e+03
1612 -3.127354012377e+03
1613 -3.127352946524e+03
1614 -3.127351904223e+03
1615 -3.127350890840e+03
1616 -3.127349908029e+03
1617 -3.127348953543e+03
1618 -3.127348021141e+03
1619 -3.127347100604e+03
1620 -3.127346177848e+03
1621 -3.127345523215e+03
1622 -3.127344538672e+03
1623 -3.127343488719e+03
1624 -3.127342346797e+03
1625 -3.127341084480e+03
1626 -3.127339672203e+03
1627 -3.127338080129e+03
1628 -3.127336279138e+03
1629 -3.127334241919e+03
1630 -3.127331944134e+03
1631 -3.127329580556e+03
1632 -3.127326705796e+03
1633 -3.127323526503e+03
1634 -3.127320041112e+03
1635 -3.127316255686e+03
1636 -3.127312184188e+03
1637 -3.127307848436e+03
1638 -3.127303277747e+03
1639 -3.127298508275e+03
1640 -3.127293582103e+03
1641 -3.127288738155e+03
1642 -3.127283642890e+03
1643 -3.127278540702e+03
1644 -3.127273485072e+03
1645 -3.127268529001e+03
1646 -3.127263723777e+03
1647 -3.127259117880e+03
1648 -3.127254756034e+03
1649 -3.127250678415e+03
1650 -3.127246920025e+03
1651 -3.127243699084e+03
1652 -3.127240660666e+03
1653 -3.127238010981e+03
1654 -3.127235760533e+03
1655 -3.127233913160e+03
1656 -3.127232465954e+03
1657 -3.127231409233e+03
1658 -3.127230726621e+03
1659 -3.127230395231e+03
1660 -3.127230386012e+03
1661 -3.127230821938e+03
1662 -3.127231346870e+03
1663 -3.127232076131e+03
1664 -3.127232963457e+03
1665 -3.127233961115e+03
1666 -3.127235021350e+03
1667 -3.127236097862e+03
1668 -3.127237147238e+03
1669 -3.127238130248e+03
1670 -3.127239012909e+03
1671 -3.127239917070e+03
1672 -3.127240520470e+03
1673 -3.127240959626e+03
1674 -3.127241226741e+03
1675 -3.127241320483e+03
1676 -3.127241245513e+03
1677 -3.127241011868e+03
1678 -3.127240634226e+03
1679 -3.127240131086e+03
1680 -3.127239523890e+03
1681 -3.127238975815e+03
1682 -3.127238231090e+03
1683 -3.127237455170e+03
1684 -3.127236672273e+03
1685 -3.127235905237e+03
1686 -3.127235174846e+03
1687 -3.127234499275e+03
1688 -3.127233893651e+03
1689 -3.127233369741e+03
1690 -3.127232935772e+03
1691 -3.127232696417e+03
1692 -3.127232452548e+03
1693 -3.127232302107e+03
1694 -3.127232239879e+03
1695 -3.127232258068e+03
1696 -3.127232346791e+03
1697 -3.127232494603e+03
1698 -3.127232689053e+03
1699 -3.127232917215e+03
1700 -3.127233166209e+03
1701 -3.127233470613e+03
1702 -3.127233725590e+03
1703 -3.127233967551e+03
1704 -3.127234188076e+03
1705 -3.127234380628e+03
1706 -3.127234540709e+03
1707 -3.127234665953e+03
1708 -3.127234756125e+03
1709 -3.127234813056e+03
1710 -3.127234840487e+03
1711 -3.127234874843e+03
1712 -3.127234861328e+03
1713 -3.127234838524e+03
1714 -3.127234815085e+03
1715 -3.127234800000e+03
1716 -3.127234802210e+03
1717 -3.127234830257e+03
1718 -3.127234891969e+03
1719 -3.127234994198e+03
1720 -3.127235142620e+03
1721 -3.127235408144e+03
1722 -3.127235660654e+03
1723 -3.127235968379e+03
1724 -3.127236331726e+03
1725 -3.127236750058e+03
1726 -3.127237221987e+03
1727 -3.127237745757e+03
1728 -3.127238319691e+03
1729 -3.127238942687e+03
1730 -3.127239614722e+03
1731 -3.127240453198e+03
1732 -3.127241229973e+03
1733 -3.127242066784e+03
1734 -3.127242971919e+03
1735 -3.127243956191e+03
1736 -3.127245032863e+03
1737 -3.127246217437e+03
1738 -3.127247527344e+03
1739 -3.127248981524e+03
1740 -3.127250599933e+03
1741 -3.127252512175e+03
1742 -3.127254520956e+03
1743 -3.127256754366e+03
1744 -3.127259230464e+03
1745 -3.127261965196e+03
1746 -3.127264971747e+03
1747 -3.127268259930e+03
1748 -3.127271835640e+03
1749 -3.127275700407e+03
1750 -3.127279851050e+03
1751 -3.127284331363e+03
1752 -3.127289025524e+03
1753 -3.127293966353e+03
1754 -3.127299130828e+03
1755 -3.127304491338e+03
1756 -3.127310016091e+03
1757 -3.127315669663e+03
1758 -3.127321413678e+03
1759 -3.127327207604e+03
1760 -3.127333009639e+03
1761 -3.127338769725e+03
1762 -3.127344463246e+03
1763 -3.127350041362e+03
1764 -3.127355466474e+03
1765 -3.127360704208e+03
1766 -3.127365724121e+03
1767 -3.127370500281e+03
1768 -3.127375011722e+03
1769 -3.127379242749e+03
1770 -3.127383183091e+03
1771 -3.127386807071e+03
1772 -3.127390156910e+03
1773 -3.127393216902e+03
1774 -3.127395996760e+03
1775 -3.127398509925e+03
1776 -3.127400772794e+03
1777 -3.127402803877e+03
1778 -3.127404622930e+03
1779 -3.127406250109e+03
1780 -3.127407705191e+03
1781 -3.127409049190e+03
1782 -3.127410214760e+03
1783 -3.127411259416e+03
1784 -3.127412195883e+03
1785 -3.127413034311e+03
1786 -3.127413782227e+03
1787 -3.127414444607e+03
1788 -3.127415024050e+03
1789 -3.127415521043e+03
1790 -3.127415934279e+03
1791 -3.127416426238e+03
1792 -3.127416664837e+03
1793 -3.127416808659e+03
1794 -3.127416852227e+03
1795 -3.127416789472e+03
1796 -3.127416613752e+03
1797 -3.127416317804e+03
1798 -3.127415893663e+03
1799 -3.127415332577e+03
1800 -3.127414624968e+03
1801 -3.127414047068e+03
1802 -3.127413016602e+03
1803 -3.127411806951e+03
1804 -3.127410406603e+03
1805 -3.127408804398e+03
1806 -3.127406990023e+03
1807 -3.127404954530e+03
1808 -3.127402690866e+03
1809 -3.127400194381e+03
1810 -3.127397463308e+03
1811 -3.127394807254e+03
1812 -3.127391616112e+03
1813 -3.127388206625e+03
1814 -3.127384592306e+03
1815 -3.127380791010e+03
1816 -3.127376824910e+03
1817 -3.127372720309e+03
1818 -3.127368507272e+03
1819 -3.127364219063e+03
1820 -3.127359891423e+03
1821 -3.127355801458e+03
1822 -3.127351508384e+03
1823 -3.127347288950e+03
1824 -3.127343179205e+03
1825 -3.127339212780e+03
1826 -3.127335420022e+03
1827 -3.127331827269e+03
1828 -3.127328456292e+03
1829 -3.127325323909e+03
1830 -3.127322441779e+03
1831 -3.127319979843e+03
1832 -3.127317613445e+03
1833 -3.127315502134e+03
1834 -3.127313638234e+03
1835 -3.127312010272e+03
1836 -3.127310603579e+03
1837 -3.127309400956e+03
1838 -3.127308383365e+03
1839 -3.127307530634e+03
1840 -3.127306822149e+03
1841 -3.127306418112e+03
1842 -3.127305938202e+03
1843 -3.127305544648e+03
1844 -3.127305221238e+03
1845 -3.127304954047e+03
1846 -3.127304731686e+03
1847 -3.127304545422e+03
1848 -3.127304389128e+03
1849 -3.127304259092e+03
1850 -3.127304153665e+03
1851 -3.127304308288e+03
1852 -3.127304253283e+03
1853 -3.127304225270e+03
1854 -3.127304225458e+03
1855 -3.127304254286e+03
1856 -3.127304310926e+03
1857 -3.127304392902e+03
1858 -3.127304495833e+03
1859 -3.127304613309e+03
1860 -3.127304736904e+03
1861 -3.127305106258e+03
1862 -3.127305209890e+03
1863 -3.127305284123e+03
1864 -3.127305314810e+03
1865 -3.127305287392e+03
1866 -3.127305187411e+03
1867 -3.127305001009e+03
1868 -3.127304715393e+03
1869 -3.127304319247e+03
1870 -3.127303803056e+03
1871 -3.127303369765e+03
1872 -3.127302594094e+03
1873 -3.127301682864e+03
1874 -3.127300635539e+03
1875 -3.127299453838e+03
1876 -3.127298141597e+03
1877 -3.127296704572e+03
1878 -3.127295150175e+03
1879 -3.127293487149e+03
1880 -3.127291725180e+03
1881 -3.127290008741e+03
1882 -3.127288080783e+03
1883 -3.127286084291e+03
1884 -3.127284028400e+03
1885 -3.127281921095e+03
1886 -3.127279768931e+03
1887 -3.127277576837e+03
1888 -3.127275348021e+03
1889 -3.127273083960e+03
1890 -3.127270784480e+03
1891 -3.127268542780e+03
1892 -3.127266167221e+03
1893 -3.127263747649e+03
1894 -3.127261279431e+03
1895 -3.127258757602e+03
1896 -3.127256177289e+03
1897 -3.127253534157e+03
1898 -3.127250824889e+03
1899 -3.127248047643e+03
1900 -3.127245202477e+03
1901 -3.127242465186e+03
1902 -3.127239493892e+03
1903 -3.127236469344e+03
1904 -3.127233401705e+03
1905 -3.127230303587e+03
1906 -3.127227189744e+03
1907 -3.127224076656e+03
1908 -3.127220982021e+03
1909 -3.127217924182e+03
1910 -3.127214921544e+03
1911 -3.127212319875e+03
1912 -3.127209479683e+03
1913 -3.127206744977e+03
1914 -3.127204129419e+03
1915 -3.127201644544e+03
1916 -3.127199299560e+03
1917 -3.127197101243e+03
1918 -3.127195053902e+03
1919 -3.127193159404e+03
1920 -3.127191417269e+03
1921 -3.127190302146e+03
1922 -3.127188853973e+03
1923 -3.127187544264e+03
1924 -3.127186364886e+03
1925 -3.127185306289e+03
1926 -3.127184357772e+03
1927 -3.127183507807e+03
1928 -3.127182744424e+03
1929 -3.127182055655e+03
1930 -3.127181430024e+03
1931 -3.127181425000e+03
1932 -3.127180894963e+03
1933 -3.127180401197e+03
1934 -3.127179938404e+03
1935 -3.127179503235e+03
1936 -3.127179094134e+03
1937 -3.127178711019e+03
1938 -3.127178354808e+03
1939 -3.127178026829e+03
1940 -3.127177728183e+03
1941 -3.127177954266e+03
1942 -3.127177712584e+03
1943 -3.127177496353e+03
1944 -3.127177300714e+03
1945 -3.127177118800e+03
1946 -3.127176941907e+03
1947 -3.127176759807e+03
1948 -3.127176561150e+03
1949 -3.127176333929e+03
1950 -3.127176065974e+03
1951 -3.127176060763e+03
1952 -3.127175676517e+03
1953 -3.127175218991e+03
1954 -3.127174680360e+03
1955 -3.127174054954e+03
1956 -3.127173339498e+03
1957 -3.127172533216e+03
1958 -3.127171637802e+03
1959 -3.127170657282e+03
1960 -3.127169597796e+03
1961 -3.127168711046e+03
1962 -3.127167520350e+03
1963 -3.127166278900e+03
1964 -3.127164998569e+03
1965 -3.127163692029e+03
1966 -3.127162372519e+03
1967 -3.127161053604e+03
1968 -3.127159748931e+03
1969 -3.127158471957e+03
1970 -3.127157235655e+03
1971 -3.127156366125e+03
1972 -3.127155247840e+03
1973 -3.127154202870e+03
1974 -3.127153239120e+03
1975 -3.127152362525e+03
1976 -3.127151576823e+03
1977 -3.127150883396e+03
1978 -3.127150281208e+03
1979 -3.127149766854e+03
1980 -3.127149334749e+03
1981 -3.127149308629e+03
1982 -3.127149017797e+03
1983 -3.127148783013e+03
1984 -3.127148594243e+03
1985 -3.127148441775e+03
1986 -3.127148316775e+03
1987 -3.127148211753e+03
1988 -3.127148120902e+03
1989 -3.127148040303e+03
1990 -3.127147967960e+03
1991 -3.127148115528e+03
1992 -3.127148061032e+03
1993 -3.127148018789e+03
1994 -3.127147992406e+03
1995 -3.127147985943e+03
1996 -3.127148003500e+03
1997 -3.127148048821e+03
1998 -3.127148124972e+03
1999 -3.127148234065e+03
2000 -3.127148377066e+03
2001 -3.127148613470e+03
2002 -3.127148822170e+03
2003 -3.127149059741e+03
2004 -3.127149321689e+03
2005 -3.127149602150e+03
2006 -3.127149893991e+03
2007 -3.127150188972e+03
2008 -3.127150477975e+03
2009 -3.127150751301e+03
2010 -3.127150999058e+03
2011 -3.127151249627e+03
2012 -3.127151418663e+03
2013 -3.127151536330e+03
2014 -3.127151597186e+03
2015 -3.127151598384e+03
2016 -3.127151540233e+03
2017 -3.127151426681e+03
2018 -3.127151265632e+03
2019 -3.127151069085e+03
2020 -3.127150853034e+03
2021 -3.127150824144e+03
2022 -3.127150632275e+03
2023 -3.127150488275e+03
2024 -3.127150418294e+03
2025 -3.127150448608e+03
2026 -3.127150604496e+03
2027 -3.127150909165e+03
2028 -3.127151382802e+03
2029 -3.127152041794e+03
2030 -3.127152898169e+03
2031 -3.127154305195e+03
2032 -3.127155575368e+03
2033 -3.127157051035e+03
2034 -3.127158725890e+03
2035 -3.127160589819e+03
2036 -3.127162629524e+03
2037 -3.127164829198e+03
2038 -3.127167171228e+03
2039 -3.127169636870e+03
2040 -3.127172206850e+03
2041 -3.127175236039e+03
2042 -3.127177959177e+03
2043 -3.127180730031e+03
2044 -3.127183530580e+03
2045 -3.127186343212e+03
2046 -3.127189150507e+03
2047 -3.127191934958e+03
2048 -3.127194678663e+03
2049 -3.127197363042e+03
2050 -3.127199968623e+03
2051 -3.127202775038e+03
2052 -3.127205161953e+03
2053 -3.127207405648e+03
2054 -3.127209483011e+03
2055 -3.127211370588e+03
2056 -3.127213044944e+03
2057 -3.127214483036e+03
2058 -3.127215662570e+03
2059 -3.127216562323e+03
2060 -3.127217162421e+03
2061 -3.127217643063e+03
2062 -3.127217590406e+03
2063 -3.127217188997e+03
2064 -3.127216426815e+03
2065 -3.127215294521e+03
2066 -3.127213785808e+03
2067 -3.127211897752e+03
2068 -3.127209631113e+03
2069 -3.127206990551e+03
2070 -3.127203984694e+03
2071 -3.127200745820e+03
2072 -3.127197051090e+03
2073 -3.127193039582e+03
2074 -3.127188733557e+03
2075 -3.127184157539e+03
2076 -3.127179337769e+03
2077 -3.127174301679e+03
2078 -3.127169077396e+03
2079 -3.127163693280e+03
2080 -3.127158177501e+03
2081 -3.127152712446e+03
2082 -3.127147017847e+03
2083 -3.127141271324e+03
2084 -3.127135496596e+03
2085 -3.127129715553e+03
2086 -3.127123948080e+03
2087 -3.127118211967e+03
2088 -3.127112522908e+03
2089 -3.127106894592e+03
2090 -3.127101338880e+03
2091 -3.127096045721e+03
2092 -3.127090667683e+03
2093 -3.127085389610e+03
2094 -3.127080218907e+03
2095 -3.127075162684e+03
2096 -3.127070228014e+03
2097 -3.127065422129e+03
2098 -3.127060752517e+03
2099 -3.127056226927e+03
2100 -3.127051853269e+03
2101 -3.127047757469e+03
2102 -3.127043712825e+03
2103 -3.127039842351e+03
2104 -3.127036151843e+03
2105 -3.127032645687e+03
2106 -3.127029326545e+03
2107 -3.127026195119e+03
2108 -3.127023250031e+03
2109 -3.127020487833e+03
2110 -3.127017903139e+03
2111 -3.127015489902e+03
2112 -3.127013238230e+03
2113 -3.127011139123e+03
2114 -3.127009182600e+03
2115 -3.127007358502e+03
2116 -3.127005656833e+03
2117 -3.127004068052e+03
2118 -3.127002583297e+03
2119 -3.127001194519e+03
2120 -3.126999894559e+03
2121 -3.126998580063e+03
2122 -3.126997440272e+03
2123 -3.126996373240e+03
2124 -3.126995375207e+03
2125 -3.126994443143e+03
2126 -3.126993574732e+03
2127 -3.126992768378e+03
2128 -3.126992023237e+03
2129 -3.126991339255e+03
2130 -3.126990717212e+03
2131 -3.126990051146e+03
2132 -3.126989559256e+03
2133 -3.126989136780e+03
2134 -3.126988787681e+03
2135 -3.126988516426e+03
2136 -3.126988327770e+03
2137 -3.126988226486e+03
2138 -3.126988217076e+03
2139 -3.126988303460e+03
2140 -3.126988488687e+03
2141 -3.126988756242e+03
2142 -3.126989143755e+03
2143 -3.126989631581e+03
2144 -3.126990217137e+03
2145 -3.126990896194e+03
2146 -3.126991662910e+03
2147 -3.126992509929e+03
2148 -3.126993428528e+03
2149 -3.126994408792e+03
2150 -3.126995439803e+03
2151 -3.126996620794e+03
2152 -3.126997717898e+03
2153 -3.126998828914e+03
2154 -3.126999940852e+03
2155 -3.127001040618e+03
2156 -3.127002115129e+03
2157 -3.127003151443e+03
2158 -3.127004136876e+03
2159 -3.127005059154e+03
2160 -3.127005906561e+03
2161 -3.127006824134e+03
2162 -3.127007490264e+03
2163 -3.127008051376e+03
2164 -3.127008499677e+03
2165 -3.127008828699e+03
2166 -3.127009033356e+03
2167 -3.127009109939e+03
2168 -3.127009056050e+03
2169 -3.127008870482e+03
2170 -3.127008553076e+03
2171 -3.127008190840e+03
2172 -3.127007612826e+03
2173 -3.127006907091e+03
2174 -3.127006076015e+03
2175 -3.127005122218e+03
2176 -3.127004048464e+03
2177 -3.127002857619e+03
2178 -3.127001552666e+03
2179 -3.127000136802e+03
2180 -3.126998613606e+03
2181 -3.126996968699e+03
2182 -3.126995244660e+03
2183 -3.126993428979e+03
2184 -3.126991529561e+03
2185 -3.126989556035e+03
2186 -3.126987519879e+03
2187 -3.126985434424e+03
2188 -3.126983314725e+03
2189 -3.126981177302e+03
2190 -3.126979039781e+03
2191 -3.126976936168e+03
2192 -3.126974854553e+03
2193 -3.126972827554e+03
2194 -3.126970872362e+03
2195 -3.126969004737e+03
2196 -3.126967238537e+03
2197 -3.126965585323e+03
2198 -3.126964054046e+03
2199 -3.126962650827e+03
2200 -3.126961378848e+03
2201 -3.126960435353e+03
2202 -3.126959425549e+03
2203 -3.126958539473e+03
2204 -3.126957769859e+03
2205 -3.126957107691e+03
2206 -3.126956542748e+03
2207 -3.126956064191e+03
2208 -3.126955661178e+03
2209 -3.126955323467e+03
2210 -3.126955041977e+03
2211 -3.126955195796e+03
2212 -3.126955008018e+03
2213 -3.126954860284e+03
2214 -3.126954751861e+03
2215 -3.126954684270e+03
2216 -3.126954661026e+03
2217 -3.126954687225e+03
2218 -3.126954769007e+03
2219 -3.126954912947e+03
2220 -3.126955125404e+03
2221 -3.126955771919e+03
2222 -3.126956137781e+03
2223 -3.126956583885e+03
2224 -3.126957110602e+03
2225 -3.126957716137e+03
2226 -3.126958396570e+03
2227 -3.126959146038e+03
2228 -3.126959957018e+03
2229 -3.126960820669e+03
2230 -3.126961727203e+03
2231 -3.126962884195e+03
2232 -3.126963846160e+03
2233 -3.126964819179e+03
2234 -3.126965793017e+03
2235 -3.126966757906e+03
2236 -3.126967704692e+03
2237 -3.126968624954e+03
2238 -3.126969511086e+03
2239 -3.126970356342e+03
2240 -3.126971154855e+03
2241 -3.126972056925e+03
2242 -3.126972748239e+03
2243 -3.126973380173e+03
2244 -3.126973950143e+03
2245 -3.126974456220e+03
2246 -3.126974897109e+03
2247 -3.126975272168e+03
2248 -3.126975581460e+03
2249 -3.126975825819e+03
2250 -3.126976006900e+03
2251 -3.126976348428e+03
2252 -3.126976411073e+03
2253 -3.126976420405e+03
2254 -3.126976381293e+03
2255 -3.126976299105e+03
2256 -3.126976179512e+03
2257 -3.126976028269e+03
2258 -3.126975851011e+03
2259 -3.126975653051e+03
2260 -3.126975439218e+03
2261 -3.126975472804e+03
2262 -3.126975239176e+03
2263 -3.126975000393e+03
2264 -3.126974758836e+03
2265 -3.126974516422e+03
2266 -3.126974274747e+03
2267 -3.126974035239e+03
2268 -3.126973799314e+03
2269 -3.126973568493e+03
2270 -3.126973344495e+03
2271 -3.126973364165e+03
2272 -3.126973160093e+03
2273 -3.126972969370e+03
2274 -3.126972794563e+03
2275 -3.126972638295e+03
2276 -3.126972503139e+03
2277 -3.126972391513e+03
2278 -3.126972305575e+03
2279 -3.126972247148e+03
2280 -3.126972217650e+03
2281 -3.126972366130e+03
2282 -3.126972397218e+03
2283 -3.126972458892e+03
2284 -3.126972550833e+03
2285 -3.126972672279e+03
2286 -3.126972821988e+03
2287 -3.126972998211e+03
2288 -3.126973198655e+03
2289 -3.126973420469e+03
2290 -3.126973660255e+03
2291 -3.126974061549e+03
2292 -3.126974325333e+03
2293 -3.126974594398e+03
2294 -3.126974864061e+03
2295 -3.126975129735e+03
2296 -3.126975387144e+03
2297 -3.126975632540e+03
2298 -3.126975862891e+03
2299 -3.126976076043e+03
2300 -3.126976270849e+03
2301 -3.126976707429e+03
2302 -3.126976866668e+03
2303 -3.126977010521e+03
2304 -3.126977141548e+03
2305 -3.126977262655e+03
2306 -3.126977376735e+03
2307 -3.126977486318e+03
2308 -3.126977593254e+03
2309 -3.126977698462e+03
2310 -3.126977801762e+03
2311 -3.126978312979e+03
2312 -3.126978409039e+03
2313 -3.126978496987e+03
2314 -3.126978573372e+03
2315 -3.126978634597e+03
2316 -3.126978677333e+03
2317 -3.126978698999e+03
2318 -3.126978698258e+03
2319 -3.126978675504e+03
2320 -3.126978633319e+03
2321 -3.126978954151e+03
2322 -3.126978894311e+03
2323 -3.126978840084e+03
2324 -3.126978806096e+03
2325 -3.126978810311e+03
2326 -3.126978873921e+03
2327 -3.126979021084e+03
2328 -3.126979278497e+03
2329 -3.126979674808e+03
2330 -3.126980239878e+03
2331 -3.126981274428e+03
2332 -3.126982268879e+03
2333 -3.126983520102e+03
2334 -3.126985053226e+03
2335 -3.126986889649e+03
2336 -3.126989046124e+03
2337 -3.126991533988e+03
2338 -3.126994358522e+03
2339 -3.126997518477e+03
2340 -3.127001005760e+03
2341 -3.127005064978e+03
2342 -3.127009155070e+03
2343 -3.127013506880e+03
2344 -3.127018085388e+03
2345 -3.127022849913e+03
2346 -3.127027754966e+03
2347 -3.127032751344e+03
2348 -3.127037787422e+03
2349 -3.127042810631e+03
2350 -3.127047769052e+03
2351 -3.127052910182e+03
2352 -3.127057594362e+03
2353 -3.127062077733e+03
2354 -3.127066326239e+03
2355 -3.127070313080e+03
2356 -3.127074019137e+03
2357 -3.127077433014e+03
2358 -3.127080550691e+03
2359 -3.127083374842e+03
2360 -3.127085913908e+03
2361 -3.127088552078e+03
2362 -3.127090564899e+03
2363 -3.127092341281e+03
2364 -3.127093901378e+03
2365 -3.127095265522e+03
2366 -3.127096453404e+03
2367 -3.127097483444e+03
2368 -3.127098372351e+03
2369 -3.127099134830e+03
2370 -3.127099783411e+03
2371 -3.127100692943e+03
2372 -3.127101144795e+03
2373 -3.127101507800e+03
2374 -3.127101786509e+03
2375 -3.127101984152e+03
2376 -3.127102103052e+03
2377 -3.127102145051e+03
2378 -3.127102111894e+03
2379 -3.127102005553e+03
2380 -3.127101828461e+03
2381 -3.127102034902e+03
2382 -3.127101727255e+03
2383 -3.127101359907e+03
2384 -3.127100937614e+03
2385 -3.127100465458e+03
2386 -3.127099948665e+03
2387 -3.127099392429e+03
2388 -3.127098801758e+03
2389 -3.127098181363e+03
2390 -3.127097535596e+03
2391 -3.127097311421e+03
2392 -3.127096626597e+03
2393 -3.127095927649e+03
2394 -3.127095218002e+03
2395 -3.127094501191e+03
2396 -3.127093781008e+03
2397 -3.127093061583e+03
2398 -3.127092347399e+03
2399 -3.127091643222e+03
2400 -3.127090953949e+03
2401 -3.127090687599e+03
2402 -3.127090043385e+03
2403 -3.127089427899e+03
2404 -3.127088844746e+03
2405 -3.127088296887e+03
2406 -3.127087786571e+03
2407 -3.127087315308e+03
2408 -3.127086883866e+03
2409 -3.127086492298e+03
2410 -3.127086139978e+03
2411 -3.127086066893e+03
2412 -3.127085789910e+03
2413 -3.127085546931e+03
2414 -3.127085335321e+03
2415 -3.127085152242e+03
2416 -3.127084994819e+03
2417 -3.127084860328e+03
2418 -3.127084746414e+03
2419 -3.127084651326e+03
2420 -3.127084574139e+03
2421 -3.127084746253e+03
2422 -3.127084706737e+03
2423 -3.127084689166e+03
2424 -3.127084697540e+03
2425 -3.127084737216e+03
2426 -3.127084814816e+03
2427 -3.127084938031e+03
2428 -3.127085115372e+03
2429 -3.127085355863e+03
2430 -3.127085668703e+03
2431 -3.127086381795e+03
2432 -3.127086866351e+03
2433 -3.127087448665e+03
2434 -3.127088135431e+03
2435 -3.127088932020e+03
2436 -3.127089842286e+03
2437 -3.127090868422e+03
2438 -3.127092010878e+03
2439 -3.127093268328e+03
2440 -3.127094637696e+03
2441 -3.127096526775e+03
2442 -3.127098105414e+03
2443 -3.127099777484e+03
2444 -3.127101534215e+03
2445 -3.127103365902e+03
2446 -3.127105262162e+03
2447 -3.127107212215e+03
2448 -3.127109205162e+03
2449 -3.127111230250e+03
2450 -3.127113277121e+03
2451 -3.127115664347e+03
2452 -3.127117727959e+03
2453 -3.127119786787e+03
2454 -3.127121834059e+03
2455 -3.127123864190e+03
2456 -3.127125872807e+03
2457 -3.127127856721e+03
2458 -3.127129813859e+03
2459 -3.127131743141e+03
2460 -3.127133644332e+03
2461 -3.127135578344e+03
2462 -3.127137426388e+03
2463 -3.127139249102e+03
2464 -3.127141048414e+03
2465 -3.127142826782e+03
2466 -3.127144587355e+03
2467 -3.127146334218e+03
2468 -3.127148072675e+03
2469 -3.127149809552e+03
2470 -3.127151553468e+03
2471 -3.127153238348e+03
2472 -3.127155030522e+03
2473 -3.127156867417e+03
2474 -3.127158765297e+03
2475 -3.127160741616e+03
2476 -3.127162814403e+03
2477 -3.127165001535e+03
2478 -3.127167319958e+03
2479 -3.127169784895e+03
2480 -3.127172409084e+03
2481 -3.127175179837e+03
2482 -3.127178147104e+03
2483 -3.127181290118e+03
2484 -3.127184605574e+03
2485 -3.127188085110e+03
2486 -3.127191715225e+03
2487 -3.127195477425e+03
2488 -3.127199348633e+03
2489 -3.127203301854e+03
2490 -3.127207307089e+03
2491 -3.127211650533e+03
2492 -3.127215662448e+03
2493 -3.127219629960e+03
2494 -3.127223523640e+03
2495 -3.127227317483e+03
2496 -3.127230989958e+03
2497 -3.127234524778e+03
2498 -3.127237911346e+03
2499 -3.127241144870e+03
2500 -3.127244226170e+03
2501 -3.127247630456e+03
2502 -3.127250427241e+03
2503 -3.127253101647e+03
2504 -3.127255670243e+03
2505 -3.127258151152e+03
2506 -3.127260562972e+03
2507 -3.127262923739e+03
2508 -3.127265249946e+03
2509 -3.127267555678e+03
2510 -3.127269851900e+03
2511 -3.127272655384e+03
2512 -3.127274948262e+03
2513 -3.127277240892e+03
2514 -3.127279528163e+03
2515 -3.127281801006e+03
2516 -3.127284046729e+03
2517 -3.127286249495e+03
2518 -3.127288390932e+03
2519 -3.127290450868e+03
2520 -3.127292408187e+03
2521 -3.127294715405e+03
2522 -3.127296403743e+03
2523 -3.127297929187e+03
2524 -3.127299276082e+03
2525 -3.127300432228e+03
2526 -3.127301389412e+03
2527 -3.127302143746e+03
2528 -3.127302695772e+03
2529 -3.127303050384e+03
2530 -3.127303216556e+03
2531 -3.127303762145e+03
2532 -3.127303591239e+03
2533 -3.127303278149e+03
2534 -3.127302843113e+03
2535 -3.127302307600e+03
2536 -3.127301693627e+03
2537 -3.127301023080e+03
2538 -3.127300317064e+03
2539 -3.127299595299e+03
2540 -3.127298875585e+03
2541 -3.127298753384e+03
2542 -3.127298080072e+03
2543 -3.127297446760e+03
2544 -3.127296860360e+03
2545 -3.127296324896e+03
2546 -3.127295841691e+03
2547 -3.127295409662e+03
2548 -3.127295025717e+03
2549 -3.127294685210e+03
2550 -3.127294382442e+03
2551 -3.127294561829e+03
2552 -3.127294315539e+03
2553 -3.127294088609e+03
2554 -3.127293875957e+03
2555 -3.127293673651e+03
2556 -3.127293479124e+03
2557 -3.127293291294e+03
2558 -3.127293110544e+03
2559 -3.127292938609e+03
2560 -3.127292778364e+03
2561 -3.127292957560e+03
2562 -3.127292832896e+03
2563 -3.127292732491e+03
2564 -3.127292660870e+03
2565 -3.127292622266e+03
2566 -3.127292620404e+03
2567 -3.127292658356e+03
2568 -3.127292738444e+03
2569 -3.127292862193e+03
2570 -3.127293030333e+03
2571 -3.127293434113e+03
2572 -3.127293690082e+03
2573 -3.127293988388e+03
2574 -3.127294327182e+03
2575 -3.127294704161e+03
2576 -3.127295116652e+03
2577 -3.127295561699e+03
2578 -3.127296036144e+03
2579 -3.127296536728e+03
2580 -3.127297060193e+03
2581 -3.127297852217e+03
2582 -3.127298412517e+03
2583 -3.127298987410e+03
2584 -3.127299574840e+03
2585 -3.127300173209e+03
2586 -3.127300781347e+03
2587 -3.127301398434e+03
2588 -3.127302023873e+03
2589 -3.127302657151e+03
2590 -3.127303297697e+03
2591 -3.127304226343e+03
2592 -3.127304880801e+03
2593 -3.127305539884e+03
2594 -3.127306202466e+03
2595 -3.127306867563e+03
2596 -3.127307534540e+03
2597 -3.127308203295e+03
2598 -3.127308874405e+03
2599 -3.127309549174e+03
2600 -3.127310229599e+03
2601 -3.127311181631e+03
2602 -3.127311883336e+03
2603 -3.127312598932e+03
2604 -3.127313330956e+03
2605 -3.127314081206e+03
2606 -3.127314850340e+03
2607 -3.127315637479e+03
2608 -3.127316439827e+03
2609 -3.127317252328e+03
2610 -3.127318067378e+03
2611 -3.127319043365e+03
2612 -3.127319830691e+03
2613 -3.127320581204e+03
2614 -3.127321276391e+03
2615 -3.127321895440e+03
2616 -3.127322415647e+03
2617 -3.127322812907e+03
2618 -3.127323062239e+03
2619 -3.127323138322e+03
2620 -3.127323016024e+03
2621 -3.127322911953e+03
2622 -3.127322322144e+03
2623 -3.127321464911e+03
2624 -3.127320320869e+03
2625 -3.127318873283e+03
2626 -3.127317108525e+03
2627 -3.127315016483e+03
2628 -3.127312590897e+03
2629 -3.127309829611e+03
2630 -3.127306734713e+03
2631 -3.127303725720e+03
2632 -3.127299989639e+03
2633 -3.127295951478e+03
2634 -3.127291629635e+03
2635 -3.127287046010e+03
2636 -3.127282225637e+03
2637 -3.127277196264e+03
2638 -3.127271987891e+03
2639 -3.127266632250e+03
2640 -3.127261162244e+03
2641 -3.127255955460e+03
2642 -3.127250359180e+03
2643 -3.127244747991e+03
2644 -3.127239153447e+03
2645 -3.127233605438e+03
2646 -3.127228131829e+03
2647 -3.127222758224e+03
2648 -3.127217507862e+03
2649 -3.127212401612e+03
2650 -3.127207458047e+03
