10	-1.441744342782e-02 2.080618381762e-01 4.340709651550e+00 3.288257007269e+00 -6.445680300260e-01 1.916957317316e+00 -4.368451778574e+00 -2.326238771959e-01 -3.306846852597e+00 -1.941628543766e+00 6.089555311969e-01 4.084968262205e+00 -4.118990892304e+00 1.024810057403e+01 1.155111794770e+01
20	-1.441744342782e-02 2.080618381762e-01 4.340709651550e+00 3.288257007269e+00 -6.445680300260e-01 1.916957317316e+00 -4.368451778574e+00 -2.326238771959e-01 -3.306846852597e+00 -1.941628543766e+00 6.089555311969e-01 4.084968262205e+00 -4.118990892304e+00 1.024809815601e+01 1.155112035780e+01
30	-1.441744342782e-02 2.080618381762e-01 4.340709651550e+00 3.288257007269e+00 -6.445680300260e-01 1.916957317316e+00 -4.368451778574e+00 -2.326238771959e-01 -3.306846852597e+00 -1.941628543766e+00 6.089555311969e-01 4.084968262205e+00 -4.118990892304e+00 1.024809451144e+01 1.155112399874e+01
40	-1.441744342782e-02 2.080618381762e-01 4.340709651550e+00 3.288257007269e+00 -6.445680300260e-01 1.916957317316e+00 -4.368451778574e+00 -2.326238771959e-01 -3.306846852597e+00 -1.941628543766e+00 6.089555311969e-01 4.084968262205e+00 -4.118990892304e+00 1.024808959844e+01 1.155112903933e+01
50	-1.441744342782e-02 2.080618381762e-01 4.340709651550e+00 3.288257007269e+00 -6.445680300260e-01 1.916957317316e+00 -4.368451778574e+00 -2.326238771959e-01 -3.306846852597e+00 -1.941628543766e+00 6.089555311969e-01 4.084968262205e+00 -4.118990892304e+00 1.024808328741e+01 1.155113588385e+01
60	-1.441744342782e-02 2.080618381762e-01 4.340709651550e+00 3.288257007269e+00 -6.445680300260e-01 1.916957317316e+00 -4.368451778574e+00 -2.326238771959e-01 -3.306846852597e+00 -1.941628543766e+00 6.089555311969e-01 4.084968262205e+00 -4.118990892304e+00 1.024807506694e+01 1.155114541896e+01
70	-1.441744342782e-02 2.080618381762e-01 4.340709651550e+00 3.288257007269e+00 -6.445680300260e-01 1.916957317316e+00 -4.368451778574e+00 -2.326238771959e-01 -3.306846852597e+00 -1.941628543766e+00 6.089555311969e-01 4.084968262205e+00 -4.118990892304e+00 1.024806377839e+01 1.155115918612e+01
80	-1.441744342782e-02 2.080618381762e-01 4.340709651550e+00 3.288257007269e+00 -6.445680300260e-01 1.916957317316e+00 -4.368451778574e+00 -2.326238771959e-01 -3.306846852597e+00 -1.941628543766e+00 6.089555311969e-01 4.084968262205e+00 -4.118990892304e+00 1.024804763792e+01 1.155117927094e+01
90	-1.441744342782e-02 2.080618381762e-01 4.340709651550e+00 3.288257007269e+00 -6.445680300260e-01 1.916957317316e+00 -4.368451778574e+00 -2.326238771959e-01 -3.306846852597e+00 -1.941628543766e+00 6.089555311969e-01 4.084968262205e+00 -4.118990892304e+00 1.024802466907e+01 1.155120786133e+01
100	-1.441744342782e-02 2.080618381762e-01 4.340709651550e+00 3.288257007269e+00 -6.445680300260e-01 1.916957317316e+00 -4.368451778574e+00 -2.326238771959e-01 -3.306846852597e+00 -1.941628543766e+00 6.089555311969e-01 4.084968262205e+00 -4.118990892304e+00 1.024799324961e+01 1.155124669513e+01
110	-1.441744342782e-02 2.080618381762e-01 4.340709651550e+00 3.288257007269e+00 -6.445680300260e-01 1.916957317316e+00 -4.368451778574e+00 -2.326238771959e-01 -3.306846852597e+00 -1.941628543766e+00 6.089555311969e-01 4.084968262205e+00 -4.118990892304e+00 1.024795243869e+01 1.155129669822e+01
120	-1.441744342782e-02 2.080618381762e-01 4.340709651550e+00 3.288257007269e+00 -6.445680300260e-01 1.916957317316e+00 -4.368451778574e+00 -2.326238771959e-01 -3.306846852597e+00 -1.941628543766e+00 6.089555311969e-01 4.084968262205e+00 -4.118990892304e+00 1.024790188072e+01 1.155135806764e+01
130	-1.441744342782e-02 2.080618381762e-01 4.340709651550e+00 3.288257007269e+00 -6.445680300260e-01 1.916957317316e+00 -4.368451778574e+00 -2.326238771959e-01 -3.306846852597e+00 -1.941628543766e+00 6.089555311969e-01 4.084968262205e+00 -4.118990892304e+00 1.024784125338e+01 1.155143076434e+01
140	-1.441744342782e-02 2.080618381762e-01 4.340709651550e+00 3.288257007269e+00 -6.445680300260e-01 1.916957317316e+00 -4.368451778574e+00 -2.326238771959e-01 -3.306846852597e+00 -1.941628543766e+00 6.089555311969e-01 4.084968262205e+00 -4.118990892304e+00 1.024777014610e+01 1.155151461196e+01
150	-1.441744342782e-02 2.080618381762e-01 4.340709651550e+00 3.288257007269e+00 -6.445680300260e-01 1.916957317316e+00 -4.368451778574e+00 -2.326238771959e-01 -3.306846852597e+00 -1.941628543766e+00 6.089555311969e-01 4.084968262205e+00 -4.118990892304e+00 1.024768870798e+01 1.155160885895e+01
160	-1.441744342782e-02 2.080618381762e-01 4.340709651550e+00 3.288257007269e+00 -6.445680300260e-01 1.916957317316e+00 -4.368451778574e+00 -2.326238771959e-01 -3.306846852597e+00 -1.941628543766e+00 6.089555311969e-01 4.084968262205e+00 -4.118990892304e+00 1.024759846312e+01 1.155171168218e+01
170	-1.441744342782e-02 2.080618381762e-01 4.340709651550e+00 3.288257007269e+00 -6.445680300260e-01 1.916957317316e+00 -4.368451778574e+00 -2.326238771959e-01 -3.306846852597e+00 -1.941628543766e+00 6.089555311969e-01 4.084968262205e+00 -4.118990892304e+00 1.024750205998e+01 1.155182051765e+01
180	-1.441744342782e-02 2.080618381762e-01 4.340709651550e+00 3.288257007269e+00 -6.445680300260e-01 1.916957317316e+00 -4.368451778574e+00 -2.326238771959e-01 -3.306846852597e+00 -1.941628543766e+00 6.089555311969e-01 4.084968262205e+00 -4.118990892304e+00 1.024740190759e+01 1.155193317492e+01
190	-1.441744342782e-02 2.080618381762e-01 4.340709651550e+00 3.288257007269e+00 -6.445680300260e-01 1.916957317316e+00 -4.368451778574e+00 -2.326238771959e-01 -3.306846852597e+00 -1.941628543766e+00 6.089555311969e-01 4.084968262205e+00 -4.118990892304e+00 1.024729838724e+01 1.155204938334e+01
200	-1.441744342782e-02 2.080618381762e-01 4.340709651550e+00 3.288257007269e+00 -6.445680300260e-01 1.916957317316e+00 -4.368451778574e+00 -2.326238771959e-01 -3.306846852597e+00 -1.941628543766e+00 6.089555311969e-01 4.084968262205e+00 -4.118990892304e+00 1.024718852326e+01 1.155217222270e+01
210	-1.441744342782e-02 2.080618381762e-01 4.340709651550e+00 3.288257007269e+00 -6.445680300260e-01 1.916957317316e+00 -4.368451778574e+00 -2.326238771959e-01 -3.306846852597e+00 -1.941628543766e+00 6.089555311969e-01 4.084968262205e+00 -4.118990892304e+00 1.024706651740e+01 1.155230804053e+01
220	-1.441744342782e-02 2.080618381762e-01 4.340709651550e+00 3.288257007269e+00 -6.445680300260e-01 1.916957317316e+00 -4.368451778574e+00 -2.326238771959e-01 -3.306846852597e+00 -1.941628543766e+00 6.089555311969e-01 4.084968262205e+00 -4.118990892304e+00 1.024692658342e+01 1.155246410229e+01
230	-1.441744342782e-02 2.080618381762e-01 4.340709651550e+00 3.288257007269e+00 -6.445680300260e-01 1.916957317316e+00 -4.368451778574e+00 -2.326238771959e-01 -3.306846852597e+00 -1.941628543766e+00 6.089555311969e-01 4.084968262205e+00 -4.118990892304e+00 1.024676613890e+01 1.155264521315e+01
240	-1.441744342782e-02 2.080618381762e-01 4.340709651550e+00 3.288257007269e+00 -6.445680300260e-01 1.916957317316e+00 -4.368451778574e+00 -2.326238771959e-01 -3.306846852597e+00 -1.941628543766e+00 6.089555311969e-01 4.084968262205e+00 -4.118990892304e+00 1.024658653551e+01 1.155285195475e+01
250	-1.441744342782e-02 2.080618381762e-01 4.340709651550e+00 3.288257007269e+00 -6.445680300260e-01 1.916957317316e+00 -4.368451778574e+00 -2.326238771959e-01 -3.306846852597e+00 -1.941628543766e+00 6.089555311969e-01 4.084968262205e+00 -4.118990892304e+00 1.024639177097e+01 1.155308111798e+01
260	-1.441744342782e-02 2.080618381762e-01 4.340709651550e+00 3.288257007269e+00 -6.445680300260e-01 1.916957317316e+00 -4.368451778574e+00 -2.326238771959e-01 -3.306846852597e+00 -1.941628543766e+00 6.089555311969e-01 4.084968262205e+00 -4.118990892304e+00 1.024618704942e+01 1.155332693372e+01
270	-1.441744342782e-02 2.080618381762e-01 4.340709651550e+00 3.288257007269e+00 -6.445680300260e-01 1.916957317316e+00 -4.368451778574e+00 -2.326238771959e-01 -3.306846852597e+00 -1.941628543766e+00 6.089555311969e-01 4.084968262205e+00 -4.118990892304e+00 1.024597792124e+01 1.155358202413e+01
280	-1.441744342782e-02 2.080618381762e-01 4.340709651550e+00 3.288257007269e+00 -6.445680300260e-01 1.916957317316e+00 -4.368451778574e+00 -2.326238771959e-01 -3.306846852597e+00 -1.941628543766e+00 6.089555311969e-01 4.084968262205e+00 -4.118990892304e+00 1.024576961844e+01 1.155383876945e+01
290	-1.441744342782e-02 2.080618381762e-01 4.340709651550e+00 3.288257007269e+00 -6.445680300260e-01 1.916957317316e+00 -4.368451778574e+00 -2.326238771959e-01 -3.306846852597e+00 -1.941628543766e+00 6.089555311969e-01 4.084968262205e+00 -4.118990892304e+00 1.024556589495e+01 1.155409184966e+01
300	-1.441744342782e-02 2.080618381762e-01 4.340709651550e+00 3.288257007269e+00 -6.445680300260e-01 1.916957317316e+00 -4.368451778574e+00 -2.326238771959e-01 -3.306846852597e+00 -1.941628543766e+00 6.089555311969e-01 4.084968262205e+00 -4.118990892304e+00 1.024536725784e+01 1.155434091084e+01
310	-1.441744342782e-02 2.080618381762e-01 4.340709651550e+00 3.288257007269e+00 -6.445680300260e-01 1.916957317316e+00 -4.368451778574e+00 -2.326238771959e-01 -3.306846852597e+00 -1.941628543766e+00 6.089555311969e-01 4.084968262205e+00 -4.118990892304e+00 1.024517078208e+01 1.155459029013e+01
320	-1.441744342782e-02 2.080618381762e-01 4.340709651550e+00 3.288257007269e+00 -6.445680300260e-01 1.916957317316e+00 -4.368451778574e+00 -2.326238771959e-01 -3.306846852597e+00 -1.941628543766e+00 6.089555311969e-01 4.084968262205e+00 -4.118990892304e+00 1.024497182499e+01 1.155484591596e+01
330	-1.441744342782e-02 2.080618381762e-01 4.340709651550e+00 3.288257007269e+00 -6.445680300260e-01 1.916957317316e+00 -4.368451778574e+00 -2.326238771959e-01 -3.306846852597e+00 -1.941628543766e+00 6.089555311969e-01 4.084968262205e+00 -4.118990892304e+00 1.024476607267e+01 1.155511198573e+01
340	-1.441744342782e-02 2.080618381762e-01 4.340709651550e+00 3.288257007269e+00 -6.445680300260e-01 1.916957317316e+00 -4.368451778574e+00 -2.326238771959e-01 -3.306846852597e+00 -1.941628543766e+00 6.089555311969e-01 4.084968262205e+00 -4.118990892304e+00 1.024455305546e+01 1.155538798553e+01
350	-1.441744342782e-02 2.080618381762e-01 4.340709651550e+00 3.288257007269e+00 -6.445680300260e-01 1.916957317316e+00 -4.368451778574e+00 -2.326238771959e-01 -3.306846852597e+00 -1.941628543766e+00 6.089555311969e-01 4.084968262205e+00 -4.118990892304e+00 1.024433613230e+01 1.155567046374e+01
360	-1.441744342782e-02 2.080618381762e-01 4.340709651550e+00 3.288257007269e+00 -6.445680300260e-01 1.916957317316e+00 -4.368451778574e+00 -2.326238771959e-01 -3.306846852597e+00 -1.941628543766e+00 6.089555311969e-01 4.084968262205e+00 -4.118990892304e+00 1.024411911506e+01 1.155595700235e+01
370	-1.441744342782e-02 2.080618381762e-01 4.340709651550e+00 3.288257007269e+00 -6.445680300260e-01 1.916957317316e+00 -4.368451778574e+00 -2.326238771959e-01 -3.306846852597e+00 -1.941628543766e+00 6.089555311969e-01 4.084968262205e+00 -4.118990892304e+00 1.024390367406e+01 1.155624822908e+01
380	-1.441744342782e-02 2.080618381762e-01 4.340709651550e+00 3.288257007269e+00 -6.445680300260e-01 1.916957317316e+00 -4.368451778574e+00 -2.326238771959e-01 -3.306846852597e+00 -1.941628543766e+00 6.089555311969e-01 4.084968262205e+00 -4.118990892304e+00 1.024368587418e+01 1.155654883819e+01
390	-1.441744342782e-02 2.080618381762e-01 4.340709651550e+00 3.288257007269e+00 -6.445680300260e-01 1.916957317316e+00 -4.368451778574e+00 -2.326238771959e-01 -3.306846852597e+00 -1.941628543766e+00 6.089555311969e-01 4.084968262205e+00 -4.118990892304e+00 1.024345783034e+01 1.155686472009e+01
400	-1.441744342782e-02 2.080618381762e-01 4.340709651550e+00 3.288257007269e+00 -6.445680300260e-01 1.916957317316e+00 -4.368451778574e+00 -2.326238771959e-01 -3.306846852597e+00 -1.941628543766e+00 6.089555311969e-01 4.084968262205e+00 -4.118990892304e+00 1.024321461121e+01 1.155719796432e+01
410	-1.441744342782e-02 2.080618381762e-01 4.340709651550e+00 3.288257007269e+00 -6.445680300260e-01 1.916957317316e+00 -4.368451778574e+00 -2.326238771959e-01 -3.306846852597e+00 -1.941628543766e+00 6.089555311969e-01 4.084968262205e+00 -4.118990892304e+00 1.024295586157e+01 1.155754678131e+01
420	-1.441744342782e-02 2.080618381762e-01 4.340709651550e+00 3.288257007269e+00 -6.445680300260e-01 1.916957317316e+00 -4.368451778574e+00 -2.326238771959e-01 -3.306846852597e+00 -1.941628543766e+00 6.089555311969e-01 4.084968262205e+00 -4.118990892304e+00 1.024268299933e+01 1.155790893380e+01
430	-1.441744342782e-02 2.080618381762e-01 4.340709651550e+00 3.288257007269e+00 -6.445680300260e-01 1.916957317316e+00 -4.368451778574e+00 -2.326238771959e-01 -3.306846852597e+00 -1.941628543766e+00 6.089555311969e-01 4.084968262205e+00 -4.118990892304e+00 1.024239642084e+01 1.155828423441e+01
440	-1.441744342782e-02 2.080618381762e-01 4.340709651550e+00 3.288257007269e+00 -6.445680300260e-01 1.916957317316e+00 -4.368451778574e+00 -2.326238771959e-01 -3.306846852597e+00 -1.941628543766e+00 6.089555311969e-01 4.084968262205e+00 -4.118990892304e+00 1.024209339860e+01 1.155867559358e+01
450	-1.441744342782e-02 2.080618381762e-01 4.340709651550e+00 3.288257007269e+00 -6.445680300260e-01 1.916957317316e+00 -4.368451778574e+00 -2.326238771959e-01 -3.306846852597e+00 -1.941628543766e+00 6.089555311969e-01 4.084968262205e+00 -4.118990892304e+00 1.024176883852e+01 1.155908826306e+01
460	-1.441744342782e-02 2.080618381762e-01 4.340709651550e+00 3.288257007269e+00 -6.445680300260e-01 1.916957317316e+00 -4.368451778574e+00 -2.326238771959e-01 -3.306846852597e+00 -1.941628543766e+00 6.089555311969e-01 4.084968262205e+00 -4.118990892304e+00 1.024141812945e+01 1.155952770219e+01
470	-1.441744342782e-02 2.080618381762e-01 4.340709651550e+00 3.288257007269e+00 -6.445680300260e-01 1.916957317316e+00 -4.368451778574e+00 -2.326238771959e-01 -3.306846852597e+00 -1.941628543766e+00 6.089555311969e-01 4.084968262205e+00 -4.118990892304e+00 1.024104019383e+01 1.155999680038e+01
480	-1.441744342782e-02 2.080618381762e-01 4.340709651550e+00 3.288257007269e+00 -6.445680300260e-01 1.916957317316e+00 -4.368451778574e+00 -2.326238771959e-01 -3.306846852597e+00 -1.941628543766e+00 6.089555311969e-01 4.084968262205e+00 -4.118990892304e+00 1.024063684034e+01 1.156049605761e+01
490	-1.441744342782e-02 2.080618381762e-01 4.340709651550e+00 3.288257007269e+00 -6.445680300260e-01 1.916957317316e+00 -4.368451778574e+00 -2.326238771959e-01 -3.306846852597e+00 -1.941628543766e+00 6.089555311969e-01 4.084968262205e+00 -4.118990892304e+00 1.024020848966e+01 1.156102663098e+01
500	-1.441744342782e-02 2.080618381762e-01 4.340709651550e+00 3.288257007269e+00 -6.445680300260e-01 1.916957317316e+00 -4.368451778574e+00 -2.326238771959e-01 -3.306846852597e+00 -1.941628543766e+00 6.089555311969e-01 4.084968262205e+00 -4.118990892304e+00 1.023975421832e+01 1.156158932036e+01
510	-1.441744342782e-02 2.080618381762e-01 4.340709651550e+00 3.288257007269e+00 -6.445680300260e-01 1.916957317316e+00 -4.368451778574e+00 -2.326238771959e-01 -3.306846852597e+00 -1.941628543766e+00 6.089555311969e-01 4.084968262205e+00 -4.118990892304e+00 1.023927629727e+01 1.156218052735e+01
520	-1.441744342782e-02 2.080618381762e-01 4.340709651550e+00 3.288257007269e+00 -6.445680300260e-01 1.916957317316e+00 -4.368451778574e+00 -2.326238771959e-01 -3.306846852597e+00 -1.941628543766e+00 6.089555311969e-01 4.084968262205e+00 -4.118990892304e+00 1.023877949510e+01 1.156279416239e+01
530	-1.441744342782e-02 2.080618381762e-01 4.340709651550e+00 3.288257007269e+00 -6.445680300260e-01 1.916957317316e+00 -4.368451778574e+00 -2.326238771959e-01 -3.306846852597e+00 -1.941628543766e+00 6.089555311969e-01 4.084968262205e+00 -4.118990892304e+00 1.023826500432e+01 1.156342830880e+01
540	-1.441744342782e-02 2.080618381762e-01 4.340709651550e+00 3.288257007269e+00 -6.445680300260e-01 1.916957317316e+00 -4.368451778574e+00 -2.326238771959e-01 -3.306846852597e+00 -1.941628543766e+00 6.089555311969e-01 4.084968262205e+00 -4.118990892304e+00 1.023772919890e+01 1.156408696453e+01
550	-1.441744342782e-02 2.080618381762e-01 4.340709651550e+00 3.288257007269e+00 -6.445680300260e-01 1.916957317316e+00 -4.368451778574e+00 -2.326238771959e-01 -3.306846852597e+00 -1.941628543766e+00 6.089555311969e-01 4.084968262205e+00 -4.118990892304e+00 1.023716879655e+01 1.156477510218e+01
560	-1.441744342782e-02 2.080618381762e-01 4.340709651550e+00 3.288257007269e+00 -6.445680300260e-01 1.916957317316e+00 -4.368451778574e+00 -2.326238771959e-01 -3.306846852597e+00 -1.941628543766e+00 6.089555311969e-01 4.084968262205e+00 -4.118990892304e+00 1.023658598784e+01 1.156549254101e+01
570	-1.441744342782e-02 2.080618381762e-01 4.340709651550e+00 3.288257007269e+00 -6.445680300260e-01 1.916957317316e+00 -4.368451778574e+00 -2.326238771959e-01 -3.306846852597e+00 -1.941628543766e+00 6.089555311969e-01 4.084968262205e+00 -4.118990892304e+00 1.023598635299e+01 1.156623465355e+01
580	-1.441744342782e-02 2.080618381762e-01 4.340709651550e+00 3.288257007269e+00 -6.445680300260e-01 1.916957317316e+00 -4.368451778574e+00 -2.326238771959e-01 -3.306846852597e+00 -1.941628543766e+00 6.089555311969e-01 4.084968262205e+00 -4.118990892304e+00 1.023537276685e+01 1.156699837920e+01
590	-1.441744342782e-02 2.080618381762e-01 4.340709651550e+00 3.288257007269e+00 -6.445680300260e-01 1.916957317316e+00 -4.368451778574e+00 -2.326238771959e-01 -3.306846852597e+00 -1.941628543766e+00 6.089555311969e-01 4.084968262205e+00 -4.118990892304e+00 1.023474409255e+01 1.156778458882e+01
600	-1.441744342782e-02 2.080618381762e-01 4.340709651550e+00 3.288257007269e+00 -6.445680300260e-01 1.916957317316e+00 -4.368451778574e+00 -2.326238771959e-01 -3.306846852597e+00 -1.941628543766e+00 6.089555311969e-01 4.084968262205e+00 -4.118990892304e+00 1.023409780193e+01 1.156859571252e+01
610	-1.441744342782e-02 2.080618381762e-01 4.340709651550e+00 3.288257007269e+00 -6.445680300260e-01 1.916957317316e+00 -4.368451778574e+00 -2.326238771959e-01 -3.306846852597e+00 -1.941628543766e+00 6.089555311969e-01 4.084968262205e+00 -4.118990892304e+00 1.023343247368e+01 1.156943269554e+01
620	-1.441744342782e-02 2.080618381762e-01 4.340709651550e+00 3.288257007269e+00 -6.445680300260e-01 1.916957317316e+00 -4.368451778574e+00 -2.326238771959e-01 -3.306846852597e+00 -1.941628543766e+00 6.089555311969e-01 4.084968262205e+00 -4.118990892304e+00 1.023275110701e+01 1.157029064448e+01
630	-1.441744342782e-02 2.080618381762e-01 4.340709651550e+00 3.288257007269e+00 -6.445680300260e-01 1.916957317316e+00 -4.368451778574e+00 -2.326238771959e-01 -3.306846852597e+00 -1.941628543766e+00 6.089555311969e-01 4.084968262205e+00 -4.118990892304e+00 1.023205814575e+01 1.157116153064e+01
640	-1.441744342782e-02 2.080618381762e-01 4.340709651550e+00 3.288257007269e+00 -6.445680300260e-01 1.916957317316e+00 -4.368451778574e+00 -2.326238771959e-01 -3.306846852597e+00 -1.941628543766e+00 6.089555311969e-01 4.084968262205e+00 -4.118990892304e+00 1.023135221688e+01 1.157204534515e+01
650	-1.441744342782e-02 2.080618381762e-01 4.340709651550e+00 3.288257007269e+00 -6.445680300260e-01 1.916957317316e+00 -4.368451778574e+00 -2.326238771959e-01 -3.306846852597e+00 -1.941628543766e+00 6.089555311969e-01 4.084968262205e+00 -4.118990892304e+00 1.023062799431e+01 1.157294917588e+01
660	-1.441744342782e-02 2.080618381762e-01 4.340709651550e+00 3.288257007269e+00 -6.445680300260e-01 1.916957317316e+00 -4.368451778574e+00 -2.326238771959e-01 -3.306846852597e+00 -1.941628543766e+00 6.089555311969e-01 4.084968262205e+00 -4.118990892304e+00 1.022988076928e+01 1.157388018121e+01
670	-1.441744342782e-02 2.080618381762e-01 4.340709651550e+00 3.288257007269e+00 -6.445680300260e-01 1.916957317316e+00 -4.368451778574e+00 -2.326238771959e-01 -3.306846852597e+00 -1.941628543766e+00 6.089555311969e-01 4.084968262205e+00 -4.118990892304e+00 1.022910882728e+01 1.157484178767e+01
680	-1.441744342782e-02 2.080618381762e-01 4.340709651550e+00 3.288257007269e+00 -6.445680300260e-01 1.916957317316e+00 -4.368451778574e+00 -2.326238771959e-01 -3.306846852597e+00 -1.941628543766e+00 6.089555311969e-01 4.084968262205e+00 -4.118990892304e+00 1.022831492691e+01 1.157583129589e+01
690	-1.441744342782e-02 2.080618381762e-01 4.340709651550e+00 3.288257007269e+00 -6.445680300260e-01 1.916957317316e+00 -4.368451778574e+00 -2.326238771959e-01 -3.306846852597e+00 -1.941628543766e+00 6.089555311969e-01 4.084968262205e+00 -4.118990892304e+00 1.022750605200e+01 1.157684175702e+01
700	-1.441744342782e-02 2.080618381762e-01 4.340709651550e+00 3.288257007269e+00 -6.445680300260e-01 1.916957317316e+00 -4.368451778574e+00 -2.326238771959e-01 -3.306846852597e+00 -1.941628543766e+00 6.089555311969e-01 4.084968262205e+00 -4.118990892304e+00 1.022668407540e+01 1.157787189670e+01
710	-1.441744342782e-02 2.080618381762e-01 4.340709651550e+00 3.288257007269e+00 -6.445680300260e-01 1.916957317316e+00 -4.368451778574e+00 -2.326238771959e-01 -3.306846852597e+00 -1.941628543766e+00 6.089555311969e-01 4.084968262205e+00 -4.118990892304e+00 1.022584222422e+01 1.157892862374e+01
720	-1.441744342782e-02 2.080618381762e-01 4.340709651550e+00 3.288257007269e+00 -6.445680300260e-01 1.916957317316e+00 -4.368451778574e+00 -2.326238771959e-01 -3.306846852597e+00 -1.941628543766e+00 6.089555311969e-01 4.084968262205e+00 -4.118990892304e+00 1.022497178116e+01 1.158002018054e+01
730	-1.441744342782e-02 2.080618381762e-01 4.340709651550e+00 3.288257007269e+00 -6.445680300260e-01 1.916957317316e+00 -4.368451778574e+00 -2.326238771959e-01 -3.306846852597e+00 -1.941628543766e+00 6.089555311969e-01 4.084968262205e+00 -4.118990892304e+00 1.022407067915e+01 1.158114781285e+01
740	-1.441744342782e-02 2.080618381762e-01 4.340709651550e+00 3.288257007269e+00 -6.445680300260e-01 1.916957317316e+00 -4.368451778574e+00 -2.326238771959e-01 -3.306846852597e+00 -1.941628543766e+00 6.089555311969e-01 4.084968262205e+00 -4.118990892304e+00 1.022314406112e+01 1.158230563615e+01
750	-1.441744342782e-02 2.080618381762e-01 4.340709651550e+00 3.288257007269e+00 -6.445680300260e-01 1.916957317316e+00 -4.368451778574e+00 -2.326238771959e-01 -3.306846852597e+00 -1.941628543766e+00 6.089555311969e-01 4.084968262205e+00 -4.118990892304e+00 1.022219878231e+01 1.158348646372e+01
760	-1.441744342782e-02 2.080618381762e-01 4.340709651550e+00 3.288257007269e+00 -6.445680300260e-01 1.916957317316e+00 -4.368451778574e+00 -2.326238771959e-01 -3.306846852597e+00 -1.941628543766e+00 6.089555311969e-01 4.084968262205e+00 -4.118990892304e+00 1.022123754343e+01 1.158468750928e+01
770	-1.441744342782e-02 2.080618381762e-01 4.340709651550e+00 3.288257007269e+00 -6.445680300260e-01 1.916957317316e+00 -4.368451778574e+00 -2.326238771959e-01 -3.306846852597e+00 -1.941628543766e+00 6.089555311969e-01 4.084968262205e+00 -4.118990892304e+00 1.022025800299e+01 1.158591103126e+01
780	-1.441744342782e-02 2.080618381762e-01 4.340709651550e+00 3.288257007269e+00 -6.445680300260e-01 1.916957317316e+00 -4.368451778574e+00 -2.326238771959e-01 -3.306846852597e+00 -1.941628543766e+00 6.089555311969e-01 4.084968262205e+00 -4.118990892304e+00 1.021925650582e+01 1.158716079212e+01
790	-1.441744342782e-02 2.080618381762e-01 4.340709651550e+00 3.288257007269e+00 -6.445680300260e-01 1.916957317316e+00 -4.368451778574e+00 -2.326238771959e-01 -3.306846852597e+00 -1.941628543766e+00 6.089555311969e-01 4.084968262205e+00 -4.118990892304e+00 1.021823281062e+01 1.158843772961e+01
800	-1.441744342782e-02 2.080618381762e-01 4.340709651550e+00 3.288257007269e+00 -6.445680300260e-01 1.916957317316e+00 -4.368451778574e+00 -2.326238771959e-01 -3.306846852597e+00 -1.941628543766e+00 6.089555311969e-01 4.084968262205e+00 -4.118990892304e+00 1.021718986161e+01 1.158974009130e+01
810	-1.441744342782e-02 2.080618381762e-01 4.340709651550e+00 3.288257007269e+00 -6.445680300260e-01 1.916957317316e+00 -4.368451778574e+00 -2.326238771959e-01 -3.306846852597e+00 -1.941628543766e+00 6.089555311969e-01 4.084968262205e+00 -4.118990892304e+00 1.021612947239e+01 1.159106777922e+01
820	-1.441744342782e-02 2.080618381762e-01 4.340709651550e+00 3.288257007269e+00 -6.445680300260e-01 1.916957317316e+00 -4.368451778574e+00 -2.326238771959e-01 -3.306846852597e+00 -1.941628543766e+00 6.089555311969e-01 4.084968262205e+00 -4.118990892304e+00 1.021505077009e+01 1.159242380586e+01
830	-1.441744342782e-02 2.080618381762e-01 4.340709651550e+00 3.288257007269e+00 -6.445680300260e-01 1.916957317316e+00 -4.368451778574e+00 -2.326238771959e-01 -3.306846852597e+00 -1.941628543766e+00 6.089555311969e-01 4.084968262205e+00 -4.118990892304e+00 1.021395468203e+01 1.159380848542e+01
840	-1.441744342782e-02 2.080618381762e-01 4.340709651550e+00 3.288257007269e+00 -6.445680300260e-01 1.916957317316e+00 -4.368451778574e+00 -2.326238771959e-01 -3.306846852597e+00 -1.941628543766e+00 6.089555311969e-01 4.084968262205e+00 -4.118990892304e+00 1.021284803298e+01 1.159521404402e+01
850	-1.441744342782e-02 2.080618381762e-01 4.340709651550e+00 3.288257007269e+00 -6.445680300260e-01 1.916957317316e+00 -4.368451778574e+00 -2.326238771959e-01 -3.306846852597e+00 -1.941628543766e+00 6.089555311969e-01 4.084968262205e+00 -4.118990892304e+00 1.021174083658e+01 1.159662755793e+01
860	-1.441744342782e-02 2.080618381762e-01 4.340709651550e+00 3.288257007269e+00 -6.445680300260e-01 1.916957317316e+00 -4.368451778574e+00 -2.326238771959e-01 -3.306846852597e+00 -1.941628543766e+00 6.089555311969e-01 4.084968262205e+00 -4.118990892304e+00 1.021063871315e+01 1.159804130595e+01
870	-1.441744342782e-02 2.080618381762e-01 4.340709651550e+00 3.288257007269e+00 -6.445680300260e-01 1.916957317316e+00 -4.368451778574e+00 -2.326238771959e-01 -3.306846852597e+00 -1.941628543766e+00 6.089555311969e-01 4.084968262205e+00 -4.118990892304e+00 1.020953688671e+01 1.159946087210e+01
880	-1.441744342782e-02 2.080618381762e-01 4.340709651550e+00 3.288257007269e+00 -6.445680300260e-01 1.916957317316e+00 -4.368451778574e+00 -2.326238771959e-01 -3.306846852597e+00 -1.941628543766e+00 6.089555311969e-01 4.084968262205e+00 -4.118990892304e+00 1.020842417044e+01 1.160089845143e+01
890	-1.441744342782e-02 2.080618381762e-01 4.340709651550e+00 3.288257007269e+00 -6.445680300260e-01 1.916957317316e+00 -4.368451778574e+00 -2.326238771959e-01 -3.306846852597e+00 -1.941628543766e+00 6.089555311969e-01 4.084968262205e+00 -4.118990892304e+00 1.020729354555e+01 1.160235989995e+01
900	-1.441744342782e-02 2.080618381762e-01 4.340709651550e+00 3.288257007269e+00 -6.445680300260e-01 1.916957317316e+00 -4.368451778574e+00 -2.326238771959e-01 -3.306846852597e+00 -1.941628543766e+00 6.089555311969e-01 4.084968262205e+00 -4.118990892304e+00 1.020614879180e+01 1.160384022790e+01
910	-1.441744342782e-02 2.080618381762e-01 4.340709651550e+00 3.288257007269e+00 -6.445680300260e-01 1.916957317316e+00 -4.368451778574e+00 -2.326238771959e-01 -3.306846852597e+00 -1.941628543766e+00 6.089555311969e-01 4.084968262205e+00 -4.118990892304e+00 1.020499777685e+01 1.160533056014e+01
920	-1.441744342782e-02 2.080618381762e-01 4.340709651550e+00 3.288257007269e+00 -6.445680300260e-01 1.916957317316e+00 -4.368451778574e+00 -2.326238771959e-01 -3.306846852597e+00 -1.941628543766e+00 6.089555311969e-01 4.084968262205e+00 -4.118990892304e+00 1.020384265490e+01 1.160682777898e+01
930	-1.441744342782e-02 2.080618381762e-01 4.340709651550e+00 3.288257007269e+00 -6.445680300260e-01 1.916957317316e+00 -4.368451778574e+00 -2.326238771959e-01 -3.306846852597e+00 -1.941628543766e+00 6.089555311969e-01 4.084968262205e+00 -4.118990892304e+00 1.020267642435e+01 1.160833990052e+01
940	-1.441744342782e-02 2.080618381762e-01 4.340709651550e+00 3.288257007269e+00 -6.445680300260e-01 1.916957317316e+00 -4.368451778574e+00 -2.326238771959e-01 -3.306846852597e+00 -1.941628543766e+00 6.089555311969e-01 4.084968262205e+00 -4.118990892304e+00 1.020148940092e+01 1.160987904500e+01
950	-1.441744342782e-02 2.080618381762e-01 4.340709651550e+00 3.288257007269e+00 -6.445680300260e-01 1.916957317316e+00 -4.368451778574e+00 -2.326238771959e-01 -3.306846852597e+00 -1.941628543766e+00 6.089555311969e-01 4.084968262205e+00 -4.118990892304e+00 1.020028089946e+01 1.161144830023e+01
960	-1.441744342782e-02 2.080618381762e-01 4.340709651550e+00 3.288257007269e+00 -6.445680300260e-01 1.916957317316e+00 -4.368451778574e+00 -2.326238771959e-01 -3.306846852597e+00 -1.941628543766e+00 6.089555311969e-01 4.084968262205e+00 -4.118990892304e+00 1.019905933612e+01 1.161304108707e+01
970	-1.441744342782e-02 2.080618381762e-01 4.340709651550e+00 3.288257007269e+00 -6.445680300260e-01 1.916957317316e+00 -4.368451778574e+00 -2.326238771959e-01 -3.306846852597e+00 -1.941628543766e+00 6.089555311969e-01 4.084968262205e+00 -4.118990892304e+00 1.019783393240e+01 1.161464810741e+01
980	-1.441744342782e-02 2.080618381762e-01 4.340709651550e+00 3.288257007269e+00 -6.445680300260e-01 1.916957317316e+00 -4.368451778574e+00 -2.326238771959e-01 -3.306846852597e+00 -1.941628543766e+00 6.089555311969e-01 4.084968262205e+00 -4.118990892304e+00 1.019660439338e+01 1.161626733087e+01
990	-1.441744342782e-02 2.080618381762e-01 4.340709651550e+00 3.288257007269e+00 -6.445680300260e-01 1.916957317316e+00 -4.368451778574e+00 -2.326238771959e-01 -3.306846852597e+00 -1.941628543766e+00 6.089555311969e-01 4.084968262205e+00 -4.118990892304e+00 1.019536459192e+01 1.161790389271e+01
1000	-1.441744342782e-02 2.080618381762e-01 4.340709651550e+00 3.288257007269e+00 -6.445680300260e-01 1.916957317316e+00 -4.368451778574e+00 -2.326238771959e-01 -3.306846852597e+00 -1.941628543766e+00 6.089555311969e-01 4.084968262205e+00 -4.118990892304e+00 1.019411217357e+01 1.161956074958e+01
1010	-1.441744342782e-02 2.080618381762e-01 4.340709651550e+00 3.288257007269e+00 -6.445680300260e-01 1.916957317316e+00 -4.368451778574e+00 -2.326238771959e-01 -3.306846852597e+00 -1.941628543766e+00 6.089555311969e-01 4.084968262205e+00 -4.118990892304e+00 1.019285248827e+01 1.162123293268e+01
1020	-1.441744342782e-02 2.080618381762e-01 4.340709651550e+00 3.288257007269e+00 -6.445680300260e-01 1.916957317316e+00 -4.368451778574e+00 -2.326238771959e-01 -3.306846852597e+00 -1.941628543766e+00 6.089555311969e-01 4.084968262205e+00 -4.118990892304e+00 1.019159361283e+01 1.162291179578e+01
1030	-1.441744342782e-02 2.080618381762e-01 4.340709651550e+00 3.288257007269e+00 -6.445680300260e-01 1.916957317316e+00 -4.368451778574e+00 -2.326238771959e-01 -3.306846852597e+00 -1.941628543766e+00 6.089555311969e-01 4.084968262205e+00 -4.118990892304e+00 1.019033869007e+01 1.162459337510e+01
1040	-1.441744342782e-02 2.080618381762e-01 4.340709651550e+00 3.288257007269e+00 -6.445680300260e-01 1.916957317316e+00 -4.368451778574e+00 -2.326238771959e-01 -3.306846852597e+00 -1.941628543766e+00 6.089555311969e-01 4.084968262205e+00 -4.118990892304e+00 1.018908127310e+01 1.162628390469e+01
1050	-1.441744342782e-02 2.080618381762e-01 4.340709651550e+00 3.288257007269e+00 -6.445680300260e-01 1.916957317316e+00 -4.368451778574e+00 -2.326238771959e-01 -3.306846852597e+00 -1.941628543766e+00 6.089555311969e-01 4.084968262205e+00 -4.118990892304e+00 1.018781025136e+01 1.162799531069e+01
1060	-1.441744342782e-02 2.080618381762e-01 4.340709651550e+00 3.288257007269e+00 -6.445680300260e-01 1.916957317316e+00 -4.368451778574e+00 -2.326238771959e-01 -3.306846852597e+00 -1.941628543766e+00 6.089555311969e-01 4.084968262205e+00 -4.118990892304e+00 1.018651911773e+01 1.162973545917e+01
1070	-1.441744342782e-02 2.080618381762e-01 4.340709651550e+00 3.288257007269e+00 -6.445680300260e-01 1.916957317316e+00 -4.368451778574e+00 -2.326238771959e-01 -3.306846852597e+00 -1.941628543766e+00 6.089555311969e-01 4.084968262205e+00 -4.118990892304e+00 1.018520632079e+01 1.163150563920e+01
1080	-1.441744342782e-02 2.080618381762e-01 4.340709651550e+00 3.288257007269e+00 -6.445680300260e-01 1.916957317316e+00 -4.368451778574e+00 -2.326238771959e-01 -3.306846852597e+00 -1.941628543766e+00 6.089555311969e-01 4.084968262205e+00 -4.118990892304e+00 1.018387045818e+01 1.163330519434e+01
1090	-1.441744342782e-02 2.080618381762e-01 4.340709651550e+00 3.288257007269e+00 -6.445680300260e-01 1.916957317316e+00 -4.368451778574e+00 -2.326238771959e-01 -3.306846852597e+00 -1.941628543766e+00 6.089555311969e-01 4.084968262205e+00 -4.118990892304e+00 1.018250582724e+01 1.163513861035e+01
1100	-1.441744342782e-02 2.080618381762e-01 4.340709651550e+00 3.288257007269e+00 -6.445680300260e-01 1.916957317316e+00 -4.368451778574e+00 -2.326238771959e-01 -3.306846852597e+00 -1.941628543766e+00 6.089555311969e-01 4.084968262205e+00 -4.118990892304e+00 1.018110856827e+01 1.163701009391e+01
1110	-1.441744342782e-02 2.080618381762e-01 4.340709651550e+00 3.288257007269e+00 -6.445680300260e-01 1.916957317316e+00 -4.368451778574e+00 -2.326238771959e-01 -3.306846852597e+00 -1.941628543766e+00 6.089555311969e-01 4.084968262205e+00 -4.118990892304e+00 1.017968456995e+01 1.163891448471e+01
1120	-1.441744342782e-02 2.080618381762e-01 4.340709651550e+00 3.288257007269e+00 -6.445680300260e-01 1.916957317316e+00 -4.368451778574e+00 -2.326238771959e-01 -3.306846852597e+00 -1.941628543766e+00 6.089555311969e-01 4.084968262205e+00 -4.118990892304e+00 1.017824718275e+01 1.164083864822e+01
1130	-1.441744342782e-02 2.080618381762e-01 4.340709651550e+00 3.288257007269e+00 -6.445680300260e-01 1.916957317316e+00 -4.368451778574e+00 -2.326238771959e-01 -3.306846852597e+00 -1.941628543766e+00 6.089555311969e-01 4.084968262205e+00 -4.118990892304e+00 1.017680497395e+01 1.164277384240e+01
1140	-1.441744342782e-02 2.080618381762e-01 4.340709651550e+00 3.288257007269e+00 -6.445680300260e-01 1.916957317316e+00 -4.368451778574e+00 -2.326238771959e-01 -3.306846852597e+00 -1.941628543766e+00 6.089555311969e-01 4.084968262205e+00 -4.118990892304e+00 1.017535372649e+01 1.164472447571e+01
1150	-1.441744342782e-02 2.080618381762e-01 4.340709651550e+00 3.288257007269e+00 -6.445680300260e-01 1.916957317316e+00 -4.368451778574e+00 -2.326238771959e-01 -3.306846852597e+00 -1.941628543766e+00 6.089555311969e-01 4.084968262205e+00 -4.118990892304e+00 1.017388403368e+01 1.164670053782e+01
1160	-1.441744342782e-02 2.080618381762e-01 4.340709651550e+00 3.288257007269e+00 -6.445680300260e-01 1.916957317316e+00 -4.368451778574e+00 -2.326238771959e-01 -3.306846852597e+00 -1.941628543766e+00 6.089555311969e-01 4.084968262205e+00 -4.118990892304e+00 1.017239125879e+01 1.164870724190e+01
1170	-1.441744342782e-02 2.080618381762e-01 4.340709651550e+00 3.288257007269e+00 -6.445680300260e-01 1.916957317316e+00 -4.368451778574e+00 -2.326238771959e-01 -3.306846852597e+00 -1.941628543766e+00 6.089555311969e-01 4.084968262205e+00 -4.118990892304e+00 1.017088225756e+01 1.165073867519e+01
1180	-1.441744342782e-02 2.080618381762e-01 4.340709651550e+00 3.288257007269e+00 -6.445680300260e-01 1.916957317316e+00 -4.368451778574e+00 -2.326238771959e-01 -3.306846852597e+00 -1.941628543766e+00 6.089555311969e-01 4.084968262205e+00 -4.118990892304e+00 1.016937109267e+01 1.165278122655e+01
1190	-1.441744342782e-02 2.080618381762e-01 4.340709651550e+00 3.288257007269e+00 -6.445680300260e-01 1.916957317316e+00 -4.368451778574e+00 -2.326238771959e-01 -3.306846852597e+00 -1.941628543766e+00 6.089555311969e-01 4.084968262205e+00 -4.118990892304e+00 1.016786306158e+01 1.165482681822e+01
1200	-1.441744342782e-02 2.080618381762e-01 4.340709651550e+00 3.288257007269e+00 -6.445680300260e-01 1.916957317316e+00 -4.368451778574e+00 -2.326238771959e-01 -3.306846852597e+00 -1.941628543766e+00 6.089555311969e-01 4.084968262205e+00 -4.118990892304e+00 1.016635020667e+01 1.165688128988e+01
1210	-1.441744342782e-02 2.080618381762e-01 4.340709651550e+00 3.288257007269e+00 -6.445680300260e-01 1.916957317316e+00 -4.368451778574e+00 -2.326238771959e-01 -3.306846852597e+00 -1.941628543766e+00 6.089555311969e-01 4.084968262205e+00 -4.118990892304e+00 1.016482023748e+01 1.165895991371e+01
1220	-1.441744342782e-02 2.080618381762e-01 4.340709651550e+00 3.288257007269e+00 -6.445680300260e-01 1.916957317316e+00 -4.368451778574e+00 -2.326238771959e-01 -3.306846852597e+00 -1.941628543766e+00 6.089555311969e-01 4.084968262205e+00 -4.118990892304e+00 1.016326644699e+01 1.166107289460e+01
1230	-1.441744342782e-02 2.080618381762e-01 4.340709651550e+00 3.288257007269e+00 -6.445680300260e-01 1.916957317316e+00 -4.368451778574e+00 -2.326238771959e-01 -3.306846852597e+00 -1.941628543766e+00 6.089555311969e-01 4.084968262205e+00 -4.118990892304e+00 1.016169134713e+01 1.166321735247e+01
1240	-1.441744342782e-02 2.080618381762e-01 4.340709651550e+00 3.288257007269e+00 -6.445680300260e-01 1.916957317316e+00 -4.368451778574e+00 -2.326238771959e-01 -3.306846852597e+00 -1.941628543766e+00 6.089555311969e-01 4.084968262205e+00 -4.118990892304e+00 1.016010059686e+01 1.166538395289e+01
1250	-1.441744342782e-02 2.080618381762e-01 4.340709651550e+00 3.288257007269e+00 -6.445680300260e-01 1.916957317316e+00 -4.368451778574e+00 -2.326238771959e-01 -3.306846852597e+00 -1.941628543766e+00 6.089555311969e-01 4.084968262205e+00 -4.118990892304e+00 1.015849899944e+01 1.166756608422e+01
1260	-1.441744342782e-02 2.080618381762e-01 4.340709651550e+00 3.288257007269e+00 -6.445680300260e-01 1.916957317316e+00 -4.368451778574e+00 -2.326238771959e-01 -3.306846852597e+00 -1.941628543766e+00 6.089555311969e-01 4.084968262205e+00 -4.118990892304e+00 1.015688414829e+01 1.166976740687e+01
1270	-1.441744342782e-02 2.080618381762e-01 4.340709651550e+00 3.288257007269e+00 -6.445680300260e-01 1.916957317316e+00 -4.368451778574e+00 -2.326238771959e-01 -3.306846852597e+00 -1.941628543766e+00 6.089555311969e-01 4.084968262205e+00 -4.118990892304e+00 1.015524856316e+01 1.167199658050e+01
1280	-1.441744342782e-02 2.080618381762e-01 4.340709651550e+00 3.288257007269e+00 -6.445680300260e-01 1.916957317316e+00 -4.368451778574e+00 -2.326238771959e-01 -3.306846852597e+00 -1.941628543766e+00 6.089555311969e-01 4.084968262205e+00 -4.118990892304e+00 1.015358817197e+01 1.167425722386e+01
1290	-1.441744342782e-02 2.080618381762e-01 4.340709651550e+00 3.288257007269e+00 -6.445680300260e-01 1.916957317316e+00 -4.368451778574e+00 -2.326238771959e-01 -3.306846852597e+00 -1.941628543766e+00 6.089555311969e-01 4.084968262205e+00 -4.118990892304e+00 1.015190477699e+01 1.167654656683e+01
1300	-1.441744342782e-02 2.080618381762e-01 4.340709651550e+00 3.288257007269e+00 -6.445680300260e-01 1.916957317316e+00 -4.368451778574e+00 -2.326238771959e-01 -3.306846852597e+00 -1.941628543766e+00 6.089555311969e-01 4.084968262205e+00 -4.118990892304e+00 1.015020249785e+01 1.167886063337e+01
1310	-1.441744342782e-02 2.080618381762e-01 4.340709651550e+00 3.288257007269e+00 -6.445680300260e-01 1.916957317316e+00 -4.368451778574e+00 -2.326238771959e-01 -3.306846852597e+00 -1.941628543766e+00 6.089555311969e-01 4.084968262205e+00 -4.118990892304e+00 1.014848365319e+01 1.168119833322e+01
1320	-1.441744342782e-02 2.080618381762e-01 4.340709651550e+00 3.288257007269e+00 -6.445680300260e-01 1.916957317316e+00 -4.368451778574e+00 -2.326238771959e-01 -3.306846852597e+00 -1.941628543766e+00 6.089555311969e-01 4.084968262205e+00 -4.118990892304e+00 1.014674974502e+01 1.168355904703e+01
1330	-1.441744342782e-02 2.080618381762e-01 4.340709651550e+00 3.288257007269e+00 -6.445680300260e-01 1.916957317316e+00 -4.368451778574e+00 -2.326238771959e-01 -3.306846852597e+00 -1.941628543766e+00 6.089555311969e-01 4.084968262205e+00 -4.118990892304e+00 1.014500165361e+01 1.168594150589e+01
1340	-1.441744342782e-02 2.080618381762e-01 4.340709651550e+00 3.288257007269e+00 -6.445680300260e-01 1.916957317316e+00 -4.368451778574e+00 -2.326238771959e-01 -3.306846852597e+00 -1.941628543766e+00 6.089555311969e-01 4.084968262205e+00 -4.118990892304e+00 1.014323916048e+01 1.168834518691e+01
1350	-1.441744342782e-02 2.080618381762e-01 4.340709651550e+00 3.288257007269e+00 -6.445680300260e-01 1.916957317316e+00 -4.368451778574e+00 -2.326238771959e-01 -3.306846852597e+00 -1.941628543766e+00 6.089555311969e-01 4.084968262205e+00 -4.118990892304e+00 1.014145831213e+01 1.169077379894e+01
1360	-1.441744342782e-02 2.080618381762e-01 4.340709651550e+00 3.288257007269e+00 -6.445680300260e-01 1.916957317316e+00 -4.368451778574e+00 -2.326238771959e-01 -3.306846852597e+00 -1.941628543766e+00 6.089555311969e-01 4.084968262205e+00 -4.118990892304e+00 1.013965486727e+01 1.169323163590e+01
1370	-1.441744342782e-02 2.080618381762e-01 4.340709651550e+00 3.288257007269e+00 -6.445680300260e-01 1.916957317316e+00 -4.368451778574e+00 -2.326238771959e-01 -3.306846852597e+00 -1.941628543766e+00 6.089555311969e-01 4.084968262205e+00 -4.118990892304e+00 1.013782868780e+01 1.169571865720e+01
1380	-1.441744342782e-02 2.080618381762e-01 4.340709651550e+00 3.288257007269e+00 -6.445680300260e-01 1.916957317316e+00 -4.368451778574e+00 -2.326238771959e-01 -3.306846852597e+00 -1.941628543766e+00 6.089555311969e-01 4.084968262205e+00 -4.118990892304e+00 1.013597977439e+01 1.169823478230e+01
1390	-1.441744342782e-02 2.080618381762e-01 4.340709651550e+00 3.288257007269e+00 -6.445680300260e-01 1.916957317316e+00 -4.368451778574e+00 -2.326238771959e-01 -3.306846852597e+00 -1.941628543766e+00 6.089555311969e-01 4.084968262205e+00 -4.118990892304e+00 1.013410603129e+01 1.170078147883e+01
1400	-1.441744342782e-02 2.080618381762e-01 4.340709651550e+00 3.288257007269e+00 -6.445680300260e-01 1.916957317316e+00 -4.368451778574e+00 -2.326238771959e-01 -3.306846852597e+00 -1.941628543766e+00 6.089555311969e-01 4.084968262205e+00 -4.118990892304e+00 1.013220625127e+01 1.170335914622e+01
1410	-1.441744342782e-02 2.080618381762e-01 4.340709651550e+00 3.288257007269e+00 -6.445680300260e-01 1.916957317316e+00 -4.368451778574e+00 -2.326238771959e-01 -3.306846852597e+00 -1.941628543766e+00 6.089555311969e-01 4.084968262205e+00 -4.118990892304e+00 1.013028549901e+01 1.170596342454e+01
1420	-1.441744342782e-02 2.080618381762e-01 4.340709651550e+00 3.288257007269e+00 -6.445680300260e-01 1.916957317316e+00 -4.368451778574e+00 -2.326238771959e-01 -3.306846852597e+00 -1.941628543766e+00 6.089555311969e-01 4.084968262205e+00 -4.118990892304e+00 1.012835404686e+01 1.170858585021e+01
1430	-1.441744342782e-02 2.080618381762e-01 4.340709651550e+00 3.288257007269e+00 -6.445680300260e-01 1.916957317316e+00 -4.368451778574e+00 -2.326238771959e-01 -3.306846852597e+00 -1.941628543766e+00 6.089555311969e-01 4.084968262205e+00 -4.118990892304e+00 1.012641779973e+01 1.171122166003e+01
1440	-1.441744342782e-02 2.080618381762e-01 4.340709651550e+00 3.288257007269e+00 -6.445680300260e-01 1.916957317316e+00 -4.368451778574e+00 -2.326238771959e-01 -3.306846852597e+00 -1.941628543766e+00 6.089555311969e-01 4.084968262205e+00 -4.118990892304e+00 1.012447783637e+01 1.171386956027e+01
1450	-1.441744342782e-02 2.080618381762e-01 4.340709651550e+00 3.288257007269e+00 -6.445680300260e-01 1.916957317316e+00 -4.368451778574e+00 -2.326238771959e-01 -3.306846852597e+00 -1.941628543766e+00 6.089555311969e-01 4.084968262205e+00 -4.118990892304e+00 1.012253247568e+01 1.171653028206e+01
1460	-1.441744342782e-02 2.080618381762e-01 4.340709651550e+00 3.288257007269e+00 -6.445680300260e-01 1.916957317316e+00 -4.368451778574e+00 -2.326238771959e-01 -3.306846852597e+00 -1.941628543766e+00 6.089555311969e-01 4.084968262205e+00 -4.118990892304e+00 1.012057860395e+01 1.171920587649e+01
1470	-1.441744342782e-02 2.080618381762e-01 4.340709651550e+00 3.288257007269e+00 -6.445680300260e-01 1.916957317316e+00 -4.368451778574e+00 -2.326238771959e-01 -3.306846852597e+00 -1.941628543766e+00 6.089555311969e-01 4.084968262205e+00 -4.118990892304e+00 1.011861363749e+01 1.172189842348e+01
1480	-1.441744342782e-02 2.080618381762e-01 4.340709651550e+00 3.288257007269e+00 -6.445680300260e-01 1.916957317316e+00 -4.368451778574e+00 -2.326238771959e-01 -3.306846852597e+00 -1.941628543766e+00 6.089555311969e-01 4.084968262205e+00 -4.118990892304e+00 1.011663628158e+01 1.172461024917e+01
1490	-1.441744342782e-02 2.080618381762e-01 4.340709651550e+00 3.288257007269e+00 -6.445680300260e-01 1.916957317316e+00 -4.368451778574e+00 -2.326238771959e-01 -3.306846852597e+00 -1.941628543766e+00 6.089555311969e-01 4.084968262205e+00 -4.118990892304e+00 1.011464731428e+01 1.172734212653e+01
1500	-1.441744342782e-02 2.080618381762e-01 4.340709651550e+00 3.288257007269e+00 -6.445680300260e-01 1.916957317316e+00 -4.368451778574e+00 -2.326238771959e-01 -3.306846852597e+00 -1.941628543766e+00 6.089555311969e-01 4.084968262205e+00 -4.118990892304e+00 1.011265011238e+01 1.173009360148e+01
1510	-1.441744342782e-02 2.080618381762e-01 4.340709651550e+00 3.288257007269e+00 -6.445680300260e-01 1.916957317316e+00 -4.368451778574e+00 -2.326238771959e-01 -3.306846852597e+00 -1.941628543766e+00 6.089555311969e-01 4.084968262205e+00 -4.118990892304e+00 1.011064672182e+01 1.173286476586e+01
1520	-1.441744342782e-02 2.080618381762e-01 4.340709651550e+00 3.288257007269e+00 -6.445680300260e-01 1.916957317316e+00 -4.368451778574e+00 -2.326238771959e-01 -3.306846852597e+00 -1.941628543766e+00 6.089555311969e-01 4.084968262205e+00 -4.118990892304e+00 1.010863422154e+01 1.173565590576e+01
1530	-1.441744342782e-02 2.080618381762e-01 4.340709651550e+00 3.288257007269e+00 -6.445680300260e-01 1.916957317316e+00 -4.368451778574e+00 -2.326238771959e-01 -3.306846852597e+00 -1.941628543766e+00 6.089555311969e-01 4.084968262205e+00 -4.118990892304e+00 1.010660969886e+01 1.173846662898e+01
1540	-1.441744342782e-02 2.080618381762e-01 4.340709651550e+00 3.288257007269e+00 -6.445680300260e-01 1.916957317316e+00 -4.368451778574e+00 -2.326238771959e-01 -3.306846852597e+00 -1.941628543766e+00 6.089555311969e-01 4.084968262205e+00 -4.118990892304e+00 1.010457455753e+01 1.174129532750e+01
1550	-1.441744342782e-02 2.080618381762e-01 4.340709651550e+00 3.288257007269e+00 -6.445680300260e-01 1.916957317316e+00 -4.368451778574e+00 -2.326238771959e-01 -3.306846852597e+00 -1.941628543766e+00 6.089555311969e-01 4.084968262205e+00 -4.118990892304e+00 1.010252886787e+01 1.174414265621e+01
1560	-1.441744342782e-02 2.080618381762e-01 4.340709651550e+00 3.288257007269e+00 -6.445680300260e-01 1.916957317316e+00 -4.368451778574e+00 -2.326238771959e-01 -3.306846852597e+00 -1.941628543766e+00 6.089555311969e-01 4.084968262205e+00 -4.118990892304e+00 1.010046989786e+01 1.174701100900e+01
1570	-1.441744342782e-02 2.080618381762e-01 4.340709651550e+00 3.288257007269e+00 -6.445680300260e-01 1.916957317316e+00 -4.368451778574e+00 -2.326238771959e-01 -3.306846852597e+00 -1.941628543766e+00 6.089555311969e-01 4.084968262205e+00 -4.118990892304e+00 1.009839480242e+01 1.174990186853e+01
1580	-1.441744342782e-02 2.080618381762e-01 4.340709651550e+00 3.288257007269e+00 -6.445680300260e-01 1.916957317316e+00 -4.368451778574e+00 -2.326238771959e-01 -3.306846852597e+00 -1.941628543766e+00 6.089555311969e-01 4.084968262205e+00 -4.118990892304e+00 1.009630453575e+01 1.175281254729e+01
1590	-1.441744342782e-02 2.080618381762e-01 4.340709651550e+00 3.288257007269e+00 -6.445680300260e-01 1.916957317316e+00 -4.368451778574e+00 -2.326238771959e-01 -3.306846852597e+00 -1.941628543766e+00 6.089555311969e-01 4.084968262205e+00 -4.118990892304e+00 1.009420008622e+01 1.175574071561e+01
1600	-1.441744342782e-02 2.080618381762e-01 4.340709651550e+00 3.288257007269e+00 -6.445680300260e-01 1.916957317316e+00 -4.368451778574e+00 -2.326238771959e-01 -3.306846852597e+00 -1.941628543766e+00 6.089555311969e-01 4.084968262205e+00 -4.118990892304e+00 1.009208119583e+01 1.175868630695e+01
1610	-1.441744342782e-02 2.080618381762e-01 4.340709651550e+00 3.288257007269e+00 -6.445680300260e-01 1.916957317316e+00 -4.368451778574e+00 -2.326238771959e-01 -3.306846852597e+00 -1.941628543766e+00 6.089555311969e-01 4.084968262205e+00 -4.118990892304e+00 1.008994821831e+01 1.176164961098e+01
1620	-1.441744342782e-02 2.080618381762e-01 4.340709651550e+00 3.288257007269e+00 -6.445680300260e-01 1.916957317316e+00 -4.368451778574e+00 -2.326238771959e-01 -3.306846852597e+00 -1.941628543766e+00 6.089555311969e-01 4.084968262205e+00 -4.118990892304e+00 1.008780259480e+01 1.176462981926e+01
1630	-1.441744342782e-02 2.080618381762e-01 4.340709651550e+00 3.288257007269e+00 -6.445680300260e-01 1.916957317316e+00 -4.368451778574e+00 -2.326238771959e-01 -3.306846852597e+00 -1.941628543766e+00 6.089555311969e-01 4.084968262205e+00 -4.118990892304e+00 1.008564610020e+01 1.176762545806e+01
1640	-1.441744342782e-02 2.080618381762e-01 4.340709651550e+00 3.288257007269e+00 -6.445680300260e-01 1.916957317316e+00 -4.368451778574e+00 -2.326238771959e-01 -3.306846852597e+00 -1.941628543766e+00 6.089555311969e-01 4.084968262205e+00 -4.118990892304e+00 1.008348154050e+01 1.177063418777e+01
1650	-1.441744342782e-02 2.080618381762e-01 4.340709651550e+00 3.288257007269e+00 -6.445680300260e-01 1.916957317316e+00 -4.368451778574e+00 -2.326238771959e-01 -3.306846852597e+00 -1.941628543766e+00 6.089555311969e-01 4.084968262205e+00 -4.118990892304e+00 1.008131019221e+01 1.177365480865e+01
1660	-1.441744342782e-02 2.080618381762e-01 4.340709651550e+00 3.288257007269e+00 -6.445680300260e-01 1.916957317316e+00 -4.368451778574e+00 -2.326238771959e-01 -3.306846852597e+00 -1.941628543766e+00 6.089555311969e-01 4.084968262205e+00 -4.118990892304e+00 1.007913167390e+01 1.177668605620e+01
1670	-1.441744342782e-02 2.080618381762e-01 4.340709651550e+00 3.288257007269e+00 -6.445680300260e-01 1.916957317316e+00 -4.368451778574e+00 -2.326238771959e-01 -3.306846852597e+00 -1.941628543766e+00 6.089555311969e-01 4.084968262205e+00 -4.118990892304e+00 1.007694616020e+01 1.177972626840e+01
1680	-1.441744342782e-02 2.080618381762e-01 4.340709651550e+00 3.288257007269e+00 -6.445680300260e-01 1.916957317316e+00 -4.368451778574e+00 -2.326238771959e-01 -3.306846852597e+00 -1.941628543766e+00 6.089555311969e-01 4.084968262205e+00 -4.118990892304e+00 1.007475415829e+01 1.178277471841e+01
1690	-1.441744342782e-02 2.080618381762e-01 4.340709651550e+00 3.288257007269e+00 -6.445680300260e-01 1.916957317316e+00 -4.368451778574e+00 -2.326238771959e-01 -3.306846852597e+00 -1.941628543766e+00 6.089555311969e-01 4.084968262205e+00 -4.118990892304e+00 1.007255776424e+01 1.178583007403e+01
1700	-1.441744342782e-02 2.080618381762e-01 4.340709651550e+00 3.288257007269e+00 -6.445680300260e-01 1.916957317316e+00 -4.368451778574e+00 -2.326238771959e-01 -3.306846852597e+00 -1.941628543766e+00 6.089555311969e-01 4.084968262205e+00 -4.118990892304e+00 1.007036027840e+01 1.178889073653e+01
1710	-1.441744342782e-02 2.080618381762e-01 4.340709651550e+00 3.288257007269e+00 -6.445680300260e-01 1.916957317316e+00 -4.368451778574e+00 -2.326238771959e-01 -3.306846852597e+00 -1.941628543766e+00 6.089555311969e-01 4.084968262205e+00 -4.118990892304e+00 1.006816515068e+01 1.179195590314e+01
1720	-1.441744342782e-02 2.080618381762e-01 4.340709651550e+00 3.288257007269e+00 -6.445680300260e-01 1.916957317316e+00 -4.368451778574e+00 -2.326238771959e-01 -3.306846852597e+00 -1.941628543766e+00 6.089555311969e-01 4.084968262205e+00 -4.118990892304e+00 1.006597487585e+01 1.179502627268e+01
1730	-1.441744342782e-02 2.080618381762e-01 4.340709651550e+00 3.288257007269e+00 -6.445680300260e-01 1.916957317316e+00 -4.368451778574e+00 -2.326238771959e-01 -3.306846852597e+00 -1.941628543766e+00 6.089555311969e-01 4.084968262205e+00 -4.118990892304e+00 1.006378989710e+01 1.179810344576e+01
1740	-1.441744342782e-02 2.080618381762e-01 4.340709651550e+00 3.288257007269e+00 -6.445680300260e-01 1.916957317316e+00 -4.368451778574e+00 -2.326238771959e-01 -3.306846852597e+00 -1.941628543766e+00 6.089555311969e-01 4.084968262205e+00 -4.118990892304e+00 1.006160772569e+01 1.180118996828e+01
1750	-1.441744342782e-02 2.080618381762e-01 4.340709651550e+00 3.288257007269e+00 -6.445680300260e-01 1.916957317316e+00 -4.368451778574e+00 -2.326238771959e-01 -3.306846852597e+00 -1.941628543766e+00 6.089555311969e-01 4.084968262205e+00 -4.118990892304e+00 1.005942742415e+01 1.180428644658e+01
1760	-1.441744342782e-02 2.080618381762e-01 4.340709651550e+00 3.288257007269e+00 -6.445680300260e-01 1.916957317316e+00 -4.368451778574e+00 -2.326238771959e-01 -3.306846852597e+00 -1.941628543766e+00 6.089555311969e-01 4.084968262205e+00 -4.118990892304e+00 1.005725117893e+01 1.180739081208e+01
1770	-1.441744342782e-02 2.080618381762e-01 4.340709651550e+00 3.288257007269e+00 -6.445680300260e-01 1.916957317316e+00 -4.368451778574e+00 -2.326238771959e-01 -3.306846852597e+00 -1.941628543766e+00 6.089555311969e-01 4.084968262205e+00 -4.118990892304e+00 1.005508102475e+01 1.181049948450e+01
1780	-1.441744342782e-02 2.080618381762e-01 4.340709651550e+00 3.288257007269e+00 -6.445680300260e-01 1.916957317316e+00 -4.368451778574e+00 -2.326238771959e-01 -3.306846852597e+00 -1.941628543766e+00 6.089555311969e-01 4.084968262205e+00 -4.118990892304e+00 1.005291693196e+01 1.181361061267e+01
1790	-1.441744342782e-02 2.080618381762e-01 4.340709651550e+00 3.288257007269e+00 -6.445680300260e-01 1.916957317316e+00 -4.368451778574e+00 -2.326238771959e-01 -3.306846852597e+00 -1.941628543766e+00 6.089555311969e-01 4.084968262205e+00 -4.118990892304e+00 1.005075581906e+01 1.181672845181e+01
1800	-1.441744342782e-02 2.080618381762e-01 4.340709651550e+00 3.288257007269e+00 -6.445680300260e-01 1.916957317316e+00 -4.368451778574e+00 -2.326238771959e-01 -3.306846852597e+00 -1.941628543766e+00 6.089555311969e-01 4.084968262205e+00 -4.118990892304e+00 1.004859332991e+01 1.181985964292e+01
1810	-1.441744342782e-02 2.080618381762e-01 4.340709651550e+00 3.288257007269e+00 -6.445680300260e-01 1.916957317316e+00 -4.368451778574e+00 -2.326238771959e-01 -3.306846852597e+00 -1.941628543766e+00 6.089555311969e-01 4.084968262205e+00 -4.118990892304e+00 1.004642463382e+01 1.182300851048e+01
1820	-1.441744342782e-02 2.080618381762e-01 4.340709651550e+00 3.288257007269e+00 -6.445680300260e-01 1.916957317316e+00 -4.368451778574e+00 -2.326238771959e-01 -3.306846852597e+00 -1.941628543766e+00 6.089555311969e-01 4.084968262205e+00 -4.118990892304e+00 1.004424777400e+01 1.182617538023e+01
1830	-1.441744342782e-02 2.080618381762e-01 4.340709651550e+00 3.288257007269e+00 -6.445680300260e-01 1.916957317316e+00 -4.368451778574e+00 -2.326238771959e-01 -3.306846852597e+00 -1.941628543766e+00 6.089555311969e-01 4.084968262205e+00 -4.118990892304e+00 1.004206544493e+01 1.182935769101e+01
1840	-1.441744342782e-02 2.080618381762e-01 4.340709651550e+00 3.288257007269e+00 -6.445680300260e-01 1.916957317316e+00 -4.368451778574e+00 -2.326238771959e-01 -3.306846852597e+00 -1.941628543766e+00 6.089555311969e-01 4.084968262205e+00 -4.118990892304e+00 1.003988200750e+01 1.183255154870e+01
1850	-1.441744342782e-02 2.080618381762e-01 4.340709651550e+00 3.288257007269e+00 -6.445680300260e-01 1.916957317316e+00 -4.368451778574e+00 -2.326238771959e-01 -3.306846852597e+00 -1.941628543766e+00 6.089555311969e-01 4.084968262205e+00 -4.118990892304e+00 1.003769779760e+01 1.183575545267e+01
1860	-1.441744342782e-02 2.080618381762e-01 4.340709651550e+00 3.288257007269e+00 -6.445680300260e-01 1.916957317316e+00 -4.368451778574e+00 -2.326238771959e-01 -3.306846852597e+00 -1.941628543766e+00 6.089555311969e-01 4.084968262205e+00 -4.118990892304e+00 1.003550937786e+01 1.183897043995e+01
1870	-1.441744342782e-02 2.080618381762e-01 4.340709651550e+00 3.288257007269e+00 -6.445680300260e-01 1.916957317316e+00 -4.368451778574e+00 -2.326238771959e-01 -3.306846852597e+00 -1.941628543766e+00 6.089555311969e-01 4.084968262205e+00 -4.118990892304e+00 1.003331399247e+01 1.184219690848e+01
1880	-1.441744342782e-02 2.080618381762e-01 4.340709651550e+00 3.288257007269e+00 -6.445680300260e-01 1.916957317316e+00 -4.368451778574e+00 -2.326238771959e-01 -3.306846852597e+00 -1.941628543766e+00 6.089555311969e-01 4.084968262205e+00 -4.118990892304e+00 1.003111311630e+01 1.184543279189e+01
1890	-1.441744342782e-02 2.080618381762e-01 4.340709651550e+00 3.288257007269e+00 -6.445680300260e-01 1.916957317316e+00 -4.368451778574e+00 -2.326238771959e-01 -3.306846852597e+00 -1.941628543766e+00 6.089555311969e-01 4.084968262205e+00 -4.118990892304e+00 1.002891098021e+01 1.184867555260e+01
1900	-1.441744342782e-02 2.080618381762e-01 4.340709651550e+00 3.288257007269e+00 -6.445680300260e-01 1.916957317316e+00 -4.368451778574e+00 -2.326238771959e-01 -3.306846852597e+00 -1.941628543766e+00 6.089555311969e-01 4.084968262205e+00 -4.118990892304e+00 1.002670950957e+01 1.185192472486e+01
1910	-1.441744342782e-02 2.080618381762e-01 4.340709651550e+00 3.288257007269e+00 -6.445680300260e-01 1.916957317316e+00 -4.368451778574e+00 -2.326238771959e-01 -3.306846852597e+00 -1.941628543766e+00 6.089555311969e-01 4.084968262205e+00 -4.118990892304e+00 1.002450514649e+01 1.185518358495e+01
1920	-1.441744342782e-02 2.080618381762e-01 4.340709651550e+00 3.288257007269e+00 -6.445680300260e-01 1.916957317316e+00 -4.368451778574e+00 -2.326238771959e-01 -3.306846852597e+00 -1.941628543766e+00 6.089555311969e-01 4.084968262205e+00 -4.118990892304e+00 1.002229170955e+01 1.185845772030e+01
1930	-1.441744342782e-02 2.080618381762e-01 4.340709651550e+00 3.288257007269e+00 -6.445680300260e-01 1.916957317316e+00 -4.368451778574e+00 -2.326238771959e-01 -3.306846852597e+00 -1.941628543766e+00 6.089555311969e-01 4.084968262205e+00 -4.118990892304e+00 1.002006301822e+01 1.186175295186e+01
1940	-1.441744342782e-02 2.080618381762e-01 4.340709651550e+00 3.288257007269e+00 -6.445680300260e-01 1.916957317316e+00 -4.368451778574e+00 -2.326238771959e-01 -3.306846852597e+00 -1.941628543766e+00 6.089555311969e-01 4.084968262205e+00 -4.118990892304e+00 1.001781468289e+01 1.186507381591e+01
1950	-1.441744342782e-02 2.080618381762e-01 4.340709651550e+00 3.288257007269e+00 -6.445680300260e-01 1.916957317316e+00 -4.368451778574e+00 -2.326238771959e-01 -3.306846852597e+00 -1.941628543766e+00 6.089555311969e-01 4.084968262205e+00 -4.118990892304e+00 1.001555033236e+01 1.186841727061e+01
1960	-1.441744342782e-02 2.080618381762e-01 4.340709651550e+00 3.288257007269e+00 -6.445680300260e-01 1.916957317316e+00 -4.368451778574e+00 -2.326238771959e-01 -3.306846852597e+00 -1.941628543766e+00 6.089555311969e-01 4.084968262205e+00 -4.118990892304e+00 1.001327895327e+01 1.187177461774e+01
1970	-1.441744342782e-02 2.080618381762e-01 4.340709651550e+00 3.288257007269e+00 -6.445680300260e-01 1.916957317316e+00 -4.368451778574e+00 -2.326238771959e-01 -3.306846852597e+00 -1.941628543766e+00 6.089555311969e-01 4.084968262205e+00 -4.118990892304e+00 1.001100425357e+01 1.187514309445e+01
1980	-1.441744342782e-02 2.080618381762e-01 4.340709651550e+00 3.288257007269e+00 -6.445680300260e-01 1.916957317316e+00 -4.368451778574e+00 -2.326238771959e-01 -3.306846852597e+00 -1.941628543766e+00 6.089555311969e-01 4.084968262205e+00 -4.118990892304e+00 1.000872438397e+01 1.187852758234e+01
1990	-1.441744342782e-02 2.080618381762e-01 4.340709651550e+00 3.288257007269e+00 -6.445680300260e-01 1.916957317316e+00 -4.368451778574e+00 -2.326238771959e-01 -3.306846852597e+00 -1.941628543766e+00 6.089555311969e-01 4.084968262205e+00 -4.118990892304e+00 1.000643999966e+01 1.188193020218e+01
2000	-1.441744342782e-02 2.080618381762e-01 4.340709651550e+00 3.288257007269e+00 -6.445680300260e-01 1.916957317316e+00 -4.368451778574e+00 -2.326238771959e-01 -3.306846852597e+00 -1.941628543766e+00 6.089555311969e-01 4.084968262205e+00 -4.118990892304e+00 1.000415529248e+01 1.188534556933e+01
2010	-1.441744342782e-02 2.080618381762e-01 4.340709651550e+00 3.288257007269e+00 -6.445680300260e-01 1.916957317316e+00 -4.368451778574e+00 -2.326238771959e-01 -3.306846852597e+00 -1.941628543766e+00 6.089555311969e-01 4.084968262205e+00 -4.118990892304e+00 1.000187400350e+01 1.188876619407e+01
2020	-1.441744342782e-02 2.080618381762e-01 4.340709651550e+00 3.288257007269e+00 -6.445680300260e-01 1.916957317316e+00 -4.368451778574e+00 -2.326238771959e-01 -3.306846852597e+00 -1.941628543766e+00 6.089555311969e-01 4.084968262205e+00 -4.118990892304e+00 9.999596481690e+00 1.189219062993e+01
2030	-1.441744342782e-02 2.080618381762e-01 4.340709651550e+00 3.288257007269e+00 -6.445680300260e-01 1.916957317316e+00 -4.368451778574e+00 -2.326238771959e-01 -3.306846852597e+00 -1.941628543766e+00 6.089555311969e-01 4.084968262205e+00 -4.118990892304e+00 9.997318680472e+00 1.189562518985e+01
2040	-1.441744342782e-02 2.080618381762e-01 4.340709651550e+00 3.288257007269e+00 -6.445680300260e-01 1.916957317316e+00 -4.368451778574e+00 -2.326238771959e-01 -3.306846852597e+00 -1.941628543766e+00 6.089555311969e-01 4.084968262205e+00 -4.118990892304e+00 9.995034681776e+00 1.189907766087e+01
2050	-1.441744342782e-02 2.080618381762e-01 4.340709651550e+00 3.288257007269e+00 -6.445680300260e-01 1.916957317316e+00 -4.368451778574e+00 -2.326238771959e-01 -3.306846852597e+00 -1.941628543766e+00 6.089555311969e-01 4.084968262205e+00 -4.118990892304e+00 9.992742180604e+00 1.190255053114e+01
2060	-1.441744342782e-02 2.080618381762e-01 4.340709651550e+00 3.288257007269e+00 -6.445680300260e-01 1.916957317316e+00 -4.368451778574e+00 -2.326238771959e-01 -3.306846852597e+00 -1.941628543766e+00 6.089555311969e-01 4.084968262205e+00 -4.118990892304e+00 9.990444554565e+00 1.190604056008e+01
2070	-1.441744342782e-02 2.080618381762e-01 4.340709651550e+00 3.288257007269e+00 -6.445680300260e-01 1.916957317316e+00 -4.368451778574e+00 -2.326238771959e-01 -3.306846852597e+00 -1.941628543766e+00 6.089555311969e-01 4.084968262205e+00 -4.118990892304e+00 9.988146597493e+00 1.190954320674e+01
2080	-1.441744342782e-02 2.080618381762e-01 4.340709651550e+00 3.288257007269e+00 -6.445680300260e-01 1.916957317316e+00 -4.368451778574e+00 -2.326238771959e-01 -3.306846852597e+00 -1.941628543766e+00 6.089555311969e-01 4.084968262205e+00 -4.118990892304e+00 9.985851291013e+00 1.191305545867e+01
2090	-1.441744342782e-02 2.080618381762e-01 4.340709651550e+00 3.288257007269e+00 -6.445680300260e-01 1.916957317316e+00 -4.368451778574e+00 -2.326238771959e-01 -3.306846852597e+00 -1.941628543766e+00 6.089555311969e-01 4.084968262205e+00 -4.118990892304e+00 9.983557866550e+00 1.191657830221e+01
2100	-1.441744342782e-02 2.080618381762e-01 4.340709651550e+00 3.288257007269e+00 -6.445680300260e-01 1.916957317316e+00 -4.368451778574e+00 -2.326238771959e-01 -3.306846852597e+00 -1.941628543766e+00 6.089555311969e-01 4.084968262205e+00 -4.118990892304e+00 9.981266643940e+00 1.192011237982e+01
2110	-1.441744342782e-02 2.080618381762e-01 4.340709651550e+00 3.288257007269e+00 -6.445680300260e-01 1.916957317316e+00 -4.368451778574e+00 -2.326238771959e-01 -3.306846852597e+00 -1.941628543766e+00 6.089555311969e-01 4.084968262205e+00 -4.118990892304e+00 9.978979610052e+00 1.192365451517e+01
2120	-1.441744342782e-02 2.080618381762e-01 4.340709651550e+00 3.288257007269e+00 -6.445680300260e-01 1.916957317316e+00 -4.368451778574e+00 -2.326238771959e-01 -3.306846852597e+00 -1.941628543766e+00 6.089555311969e-01 4.084968262205e+00 -4.118990892304e+00 9.976698719441e+00 1.192720000175e+01
2130	-1.441744342782e-02 2.080618381762e-01 4.340709651550e+00 3.288257007269e+00 -6.445680300260e-01 1.916957317316e+00 -4.368451778574e+00 -2.326238771959e-01 -3.306846852597e+00 -1.941628543766e+00 6.089555311969e-01 4.084968262205e+00 -4.118990892304e+00 9.974427073150e+00 1.193074567332e+01
2140	-1.441744342782e-02 2.080618381762e-01 4.340709651550e+00 3.288257007269e+00 -6.445680300260e-01 1.916957317316e+00 -4.368451778574e+00 -2.326238771959e-01 -3.306846852597e+00 -1.941628543766e+00 6.089555311969e-01 4.084968262205e+00 -4.118990892304e+00 9.972166197089e+00 1.193429104426e+01
2150	-1.441744342782e-02 2.080618381762e-01 4.340709651550e+00 3.288257007269e+00 -6.445680300260e-01 1.916957317316e+00 -4.368451778574e+00 -2.326238771959e-01 -3.306846852597e+00 -1.941628543766e+00 6.089555311969e-01 4.084968262205e+00 -4.118990892304e+00 9.969912977956e+00 1.193783882158e+01
2160	-1.441744342782e-02 2.080618381762e-01 4.340709651550e+00 3.288257007269e+00 -6.445680300260e-01 1.916957317316e+00 -4.368451778574e+00 -2.326238771959e-01 -3.306846852597e+00 -1.941628543766e+00 6.089555311969e-01 4.084968262205e+00 -4.118990892304e+00 9.967662327397e+00 1.194139324791e+01
2170	-1.441744342782e-02 2.080618381762e-01 4.340709651550e+00 3.288257007269e+00 -6.445680300260e-01 1.916957317316e+00 -4.368451778574e+00 -2.326238771959e-01 -3.306846852597e+00 -1.941628543766e+00 6.089555311969e-01 4.084968262205e+00 -4.118990892304e+00 9.965412470610e+00 1.194495562358e+01
2180	-1.441744342782e-02 2.080618381762e-01 4.340709651550e+00 3.288257007269e+00 -6.445680300260e-01 1.916957317316e+00 -4.368451778574e+00 -2.326238771959e-01 -3.306846852597e+00 -1.941628543766e+00 6.089555311969e-01 4.084968262205e+00 -4.118990892304e+00 9.963165870837e+00 1.194852197612e+01
2190	-1.441744342782e-02 2.080618381762e-01 4.340709651550e+00 3.288257007269e+00 -6.445680300260e-01 1.916957317316e+00 -4.368451778574e+00 -2.326238771959e-01 -3.306846852597e+00 -1.941628543766e+00 6.089555311969e-01 4.084968262205e+00 -4.118990892304e+00 9.960925631489e+00 1.195208672274e+01
2200	-1.441744342782e-02 2.080618381762e-01 4.340709651550e+00 3.288257007269e+00 -6.445680300260e-01 1.916957317316e+00 -4.368451778574e+00 -2.326238771959e-01 -3.306846852597e+00 -1.941628543766e+00 6.089555311969e-01 4.084968262205e+00 -4.118990892304e+00 9.958688704671e+00 1.195565105802e+01
2210	-1.441744342782e-02 2.080618381762e-01 4.340709651550e+00 3.288257007269e+00 -6.445680300260e-01 1.916957317316e+00 -4.368451778574e+00 -2.326238771959e-01 -3.306846852597e+00 -1.941628543766e+00 6.089555311969e-01 4.084968262205e+00 -4.118990892304e+00 9.956447462208e+00 1.195922266107e+01
2220	-1.441744342782e-02 2.080618381762e-01 4.340709651550e+00 3.288257007269e+00 -6.445680300260e-01 1.916957317316e+00 -4.368451778574e+00 -2.326238771959e-01 -3.306846852597e+00 -1.941628543766e+00 6.089555311969e-01 4.084968262205e+00 -4.118990892304e+00 9.954195413293e+00 1.196280996890e+01
2230	-1.441744342782e-02 2.080618381762e-01 4.340709651550e+00 3.288257007269e+00 -6.445680300260e-01 1.916957317316e+00 -4.368451778574e+00 -2.326238771959e-01 -3.306846852597e+00 -1.941628543766e+00 6.089555311969e-01 4.084968262205e+00 -4.118990892304e+00 9.951934430504e+00 1.196641232180e+01
2240	-1.441744342782e-02 2.080618381762e-01 4.340709651550e+00 3.288257007269e+00 -6.445680300260e-01 1.916957317316e+00 -4.368451778574e+00 -2.326238771959e-01 -3.306846852597e+00 -1.941628543766e+00 6.089555311969e-01 4.084968262205e+00 -4.118990892304e+00 9.949670983864e+00 1.197002409359e+01
2250	-1.441744342782e-02 2.080618381762e-01 4.340709651550e+00 3.288257007269e+00 -6.445680300260e-01 1.916957317316e+00 -4.368451778574e+00 -2.326238771959e-01 -3.306846852597e+00 -1.941628543766e+00 6.089555311969e-01 4.084968262205e+00 -4.118990892304e+00 9.947407956142e+00 1.197364328714e+01
2260	-1.441744342782e-02 2.080618381762e-01 4.340709651550e+00 3.288257007269e+00 -6.445680300260e-01 1.916957317316e+00 -4.368451778574e+00 -2.326238771959e-01 -3.306846852597e+00 -1.941628543766e+00 6.089555311969e-01 4.084968262205e+00 -4.118990892304e+00 9.945142793917e+00 1.197727273850e+01
2270	-1.441744342782e-02 2.080618381762e-01 4.340709651550e+00 3.288257007269e+00 -6.445680300260e-01 1.916957317316e+00 -4.368451778574e+00 -2.326238771959e-01 -3.306846852597e+00 -1.941628543766e+00 6.089555311969e-01 4.084968262205e+00 -4.118990892304e+00 9.942874282527e+00 1.198091426970e+01
2280	-1.441744342782e-02 2.080618381762e-01 4.340709651550e+00 3.288257007269e+00 -6.445680300260e-01 1.916957317316e+00 -4.368451778574e+00 -2.326238771959e-01 -3.306846852597e+00 -1.941628543766e+00 6.089555311969e-01 4.084968262205e+00 -4.118990892304e+00 9.940604068095e+00 1.198456788521e+01
2290	-1.441744342782e-02 2.080618381762e-01 4.340709651550e+00 3.288257007269e+00 -6.445680300260e-01 1.916957317316e+00 -4.368451778574e+00 -2.326238771959e-01 -3.306846852597e+00 -1.941628543766e+00 6.089555311969e-01 4.084968262205e+00 -4.118990892304e+00 9.938336246097e+00 1.198823124278e+01
2300	-1.441744342782e-02 2.080618381762e-01 4.340709651550e+00 3.288257007269e+00 -6.445680300260e-01 1.916957317316e+00 -4.368451778574e+00 -2.326238771959e-01 -3.306846852597e+00 -1.941628543766e+00 6.089555311969e-01 4.084968262205e+00 -4.118990892304e+00 9.936070636994e+00 1.199190510395e+01
2310	-1.441744342782e-02 2.080618381762e-01 4.340709651550e+00 3.288257007269e+00 -6.445680300260e-01 1.916957317316e+00 -4.368451778574e+00 -2.326238771959e-01 -3.306846852597e+00 -1.941628543766e+00 6.089555311969e-01 4.084968262205e+00 -4.118990892304e+00 9.933804136183e+00 1.199559284464e+01
2320	-1.441744342782e-02 2.080618381762e-01 4.340709651550e+00 3.288257007269e+00 -6.445680300260e-01 1.916957317316e+00 -4.368451778574e+00 -2.326238771959e-01 -3.306846852597e+00 -1.941628543766e+00 6.089555311969e-01 4.084968262205e+00 -4.118990892304e+00 9.931533453735e+00 1.199929818340e+01
2330	-1.441744342782e-02 2.080618381762e-01 4.340709651550e+00 3.288257007269e+00 -6.445680300260e-01 1.916957317316e+00 -4.368451778574e+00 -2.326238771959e-01 -3.306846852597e+00 -1.941628543766e+00 6.089555311969e-01 4.084968262205e+00 -4.118990892304e+00 9.929259468286e+00 1.200302054364e+01
2340	-1.441744342782e-02 2.080618381762e-01 4.340709651550e+00 3.288257007269e+00 -6.445680300260e-01 1.916957317316e+00 -4.368451778574e+00 -2.326238771959e-01 -3.306846852597e+00 -1.941628543766e+00 6.089555311969e-01 4.084968262205e+00 -4.118990892304e+00 9.926984406921e+00 1.200675891744e+01
2350	-1.441744342782e-02 2.080618381762e-01 4.340709651550e+00 3.288257007269e+00 -6.445680300260e-01 1.916957317316e+00 -4.368451778574e+00 -2.326238771959e-01 -3.306846852597e+00 -1.941628543766e+00 6.089555311969e-01 4.084968262205e+00 -4.118990892304e+00 9.924707739546e+00 1.201051409778e+01
2360	-1.441744342782e-02 2.080618381762e-01 4.340709651550e+00 3.288257007269e+00 -6.445680300260e-01 1.916957317316e+00 -4.368451778574e+00 -2.326238771959e-01 -3.306846852597e+00 -1.941628543766e+00 6.089555311969e-01 4.084968262205e+00 -4.118990892304e+00 9.922426361178e+00 1.201428694565e+01
2370	-1.441744342782e-02 2.080618381762e-01 4.340709651550e+00 3.288257007269e+00 -6.445680300260e-01 1.916957317316e+00 -4.368451778574e+00 -2.326238771959e-01 -3.306846852597e+00 -1.941628543766e+00 6.089555311969e-01 4.084968262205e+00 -4.118990892304e+00 9.920136360259e+00 1.201808085418e+01
2380	-1.441744342782e-02 2.080618381762e-01 4.340709651550e+00 3.288257007269e+00 -6.445680300260e-01 1.916957317316e+00 -4.368451778574e+00 -2.326238771959e-01 -3.306846852597e+00 -1.941628543766e+00 6.089555311969e-01 4.084968262205e+00 -4.118990892304e+00 9.917838953319e+00 1.202189655233e+01
2390	-1.441744342782e-02 2.080618381762e-01 4.340709651550e+00 3.288257007269e+00 -6.445680300260e-01 1.916957317316e+00 -4.368451778574e+00 -2.326238771959e-01 -3.306846852597e+00 -1.941628543766e+00 6.089555311969e-01 4.084968262205e+00 -4.118990892304e+00 9.915533508001e+00 1.202573501772e+01
2400	-1.441744342782e-02 2.080618381762e-01 4.340709651550e+00 3.288257007269e+00 -6.445680300260e-01 1.916957317316e+00 -4.368451778574e+00 -2.326238771959e-01 -3.306846852597e+00 -1.941628543766e+00 6.089555311969e-01 4.084968262205e+00 -4.118990892304e+00 9.913222278012e+00 1.202959368683e+01
2410	-1.441744342782e-02 2.080618381762e-01 4.340709651550e+00 3.288257007269e+00 -6.445680300260e-01 1.916957317316e+00 -4.368451778574e+00 -2.326238771959e-01 -3.306846852597e+00 -1.941628543766e+00 6.089555311969e-01 4.084968262205e+00 -4.118990892304e+00 9.910905982134e+00 1.203347116052e+01
2420	-1.441744342782e-02 2.080618381762e-01 4.340709651550e+00 3.288257007269e+00 -6.445680300260e-01 1.916957317316e+00 -4.368451778574e+00 -2.326238771959e-01 -3.306846852597e+00 -1.941628543766e+00 6.089555311969e-01 4.084968262205e+00 -4.118990892304e+00 9.908588579793e+00 1.203736091735e+01
2430	-1.441744342782e-02 2.080618381762e-01 4.340709651550e+00 3.288257007269e+00 -6.445680300260e-01 1.916957317316e+00 -4.368451778574e+00 -2.326238771959e-01 -3.306846852597e+00 -1.941628543766e+00 6.089555311969e-01 4.084968262205e+00 -4.118990892304e+00 9.906269320267e+00 1.204126081204e+01
2440	-1.441744342782e-02 2.080618381762e-01 4.340709651550e+00 3.288257007269e+00 -6.445680300260e-01 1.916957317316e+00 -4.368451778574e+00 -2.326238771959e-01 -3.306846852597e+00 -1.941628543766e+00 6.089555311969e-01 4.084968262205e+00 -4.118990892304e+00 9.903944528665e+00 1.204517328801e+01
2450	-1.441744342782e-02 2.080618381762e-01 4.340709651550e+00 3.288257007269e+00 -6.445680300260e-01 1.916957317316e+00 -4.368451778574e+00 -2.326238771959e-01 -3.306846852597e+00 -1.941628543766e+00 6.089555311969e-01 4.084968262205e+00 -4.118990892304e+00 9.901611240668e+00 1.204910167316e+01
2460	-1.441744342782e-02 2.080618381762e-01 4.340709651550e+00 3.288257007269e+00 -6.445680300260e-01 1.916957317316e+00 -4.368451778574e+00 -2.326238771959e-01 -3.306846852597e+00 -1.941628543766e+00 6.089555311969e-01 4.084968262205e+00 -4.118990892304e+00 9.899272919370e+00 1.205304268578e+01
2470	-1.441744342782e-02 2.080618381762e-01 4.340709651550e+00 3.288257007269e+00 -6.445680300260e-01 1.916957317316e+00 -4.368451778574e+00 -2.326238771959e-01 -3.306846852597e+00 -1.941628543766e+00 6.089555311969e-01 4.084968262205e+00 -4.118990892304e+00 9.896937520071e+00 1.205698675513e+01
2480	-1.441744342782e-02 2.080618381762e-01 4.340709651550e+00 3.288257007269e+00 -6.445680300260e-01 1.916957317316e+00 -4.368451778574e+00 -2.326238771959e-01 -3.306846852597e+00 -1.941628543766e+00 6.089555311969e-01 4.084968262205e+00 -4.118990892304e+00 9.894607648657e+00 1.206092929937e+01
2490	-1.441744342782e-02 2.080618381762e-01 4.340709651550e+00 3.288257007269e+00 -6.445680300260e-01 1.916957317316e+00 -4.368451778574e+00 -2.326238771959e-01 -3.306846852597e+00 -1.941628543766e+00 6.089555311969e-01 4.084968262205e+00 -4.118990892304e+00 9.892282002863e+00 1.206487232182e+01
2500	-1.441744342782e-02 2.080618381762e-01 4.340709651550e+00 3.288257007269e+00 -6.445680300260e-01 1.916957317316e+00 -4.368451778574e+00 -2.326238771959e-01 -3.306846852597e+00 -1.941628543766e+00 6.089555311969e-01 4.084968262205e+00 -4.118990892304e+00 9.889949844955e+00 1.206882767387e+01
2510	-1.441744342782e-02 2.080618381762e-01 4.340709651550e+00 3.288257007269e+00 -6.445680300260e-01 1.916957317316e+00 -4.368451778574e+00 -2.326238771959e-01 -3.306846852597e+00 -1.941628543766e+00 6.089555311969e-01 4.084968262205e+00 -4.118990892304e+00 9.887603570603e+00 1.207280117996e+01
2520	-1.441744342782e-02 2.080618381762e-01 4.340709651550e+00 3.288257007269e+00 -6.445680300260e-01 1.916957317316e+00 -4.368451778574e+00 -2.326238771959e-01 -3.306846852597e+00 -1.941628543766e+00 6.089555311969e-01 4.084968262205e+00 -4.118990892304e+00 9.885240043423e+00 1.207679452669e+01
2530	-1.441744342782e-02 2.080618381762e-01 4.340709651550e+00 3.288257007269e+00 -6.445680300260e-01 1.916957317316e+00 -4.368451778574e+00 -2.326238771959e-01 -3.306846852597e+00 -1.941628543766e+00 6.089555311969e-01 4.084968262205e+00 -4.118990892304e+00 9.882862521892e+00 1.208080498724e+01
2540	-1.441744342782e-02 2.080618381762e-01 4.340709651550e+00 3.288257007269e+00 -6.445680300260e-01 1.916957317316e+00 -4.368451778574e+00 -2.326238771959e-01 -3.306846852597e+00 -1.941628543766e+00 6.089555311969e-01 4.084968262205e+00 -4.118990892304e+00 9.880470969281e+00 1.208483559777e+01
2550	-1.441744342782e-02 2.080618381762e-01 4.340709651550e+00 3.288257007269e+00 -6.445680300260e-01 1.916957317316e+00 -4.368451778574e+00 -2.326238771959e-01 -3.306846852597e+00 -1.941628543766e+00 6.089555311969e-01 4.084968262205e+00 -4.118990892304e+00 9.878065909788e+00 1.208888889671e+01
2560	-1.441744342782e-02 2.080618381762e-01 4.340709651550e+00 3.288257007269e+00 -6.445680300260e-01 1.916957317316e+00 -4.368451778574e+00 -2.326238771959e-01 -3.306846852597e+00 -1.941628543766e+00 6.089555311969e-01 4.084968262205e+00 -4.118990892304e+00 9.875652041698e+00 1.209296052958e+01
2570	-1.441744342782e-02 2.080618381762e-01 4.340709651550e+00 3.288257007269e+00 -6.445680300260e-01 1.916957317316e+00 -4.368451778574e+00 -2.326238771959e-01 -3.306846852597e+00 -1.941628543766e+00 6.089555311969e-01 4.084968262205e+00 -4.118990892304e+00 9.873232968037e+00 1.209704598574e+01
2580	-1.441744342782e-02 2.080618381762e-01 4.340709651550e+00 3.288257007269e+00 -6.445680300260e-01 1.916957317316e+00 -4.368451778574e+00 -2.326238771959e-01 -3.306846852597e+00 -1.941628543766e+00 6.089555311969e-01 4.084968262205e+00 -4.118990892304e+00 9.870813255843e+00 1.210114210585e+01
2590	-1.441744342782e-02 2.080618381762e-01 4.340709651550e+00 3.288257007269e+00 -6.445680300260e-01 1.916957317316e+00 -4.368451778574e+00 -2.326238771959e-01 -3.306846852597e+00 -1.941628543766e+00 6.089555311969e-01 4.084968262205e+00 -4.118990892304e+00 9.868393136656e+00 1.210525216722e+01
2600	-1.441744342782e-02 2.080618381762e-01 4.340709651550e+00 3.288257007269e+00 -6.445680300260e-01 1.916957317316e+00 -4.368451778574e+00 -2.326238771959e-01 -3.306846852597e+00 -1.941628543766e+00 6.089555311969e-01 4.084968262205e+00 -4.118990892304e+00 9.865972752025e+00 1.210937710995e+01
2610	-1.441744342782e-02 2.080618381762e-01 4.340709651550e+00 3.288257007269e+00 -6.445680300260e-01 1.916957317316e+00 -4.368451778574e+00 -2.326238771959e-01 -3.306846852597e+00 -1.941628543766e+00 6.089555311969e-01 4.084968262205e+00 -4.118990892304e+00 9.863551212723e+00 1.211351599292e+01
2620	-1.441744342782e-02 2.080618381762e-01 4.340709651550e+00 3.288257007269e+00 -6.445680300260e-01 1.916957317316e+00 -4.368451778574e+00 -2.326238771959e-01 -3.306846852597e+00 -1.941628543766e+00 6.089555311969e-01 4.084968262205e+00 -4.118990892304e+00 9.861130726070e+00 1.211766670297e+01
2630	-1.441744342782e-02 2.080618381762e-01 4.340709651550e+00 3.288257007269e+00 -6.445680300260e-01 1.916957317316e+00 -4.368451778574e+00 -2.326238771959e-01 -3.306846852597e+00 -1.941628543766e+00 6.089555311969e-01 4.084968262205e+00 -4.118990892304e+00 9.858710134763e+00 1.212183280766e+01
2640	-1.441744342782e-02 2.080618381762e-01 4.340709651550e+00 3.288257007269e+00 -6.445680300260e-01 1.916957317316e+00 -4.368451778574e+00 -2.326238771959e-01 -3.306846852597e+00 -1.941628543766e+00 6.089555311969e-01 4.084968262205e+00 -4.118990892304e+00 9.856283955517e+00 1.212601986052e+01
2650	-1.441744342782e-02 2.080618381762e-01 4.340709651550e+00 3.288257007269e+00 -6.445680300260e-01 1.916957317316e+00 -4.368451778574e+00 -2.326238771959e-01 -3.306846852597e+00 -1.941628543766e+00 6.089555311969e-01 4.084968262205e+00 -4.118990892304e+00 9.853853814880e+00 1.213022543159e+01
