10	-1.123135709305e-01 7.386269514689e-02 4.815465431982e-01 3.133101225379e+00 -4.473774988384e+00 -4.223644948960e+00 -7.035151017505e-01 -2.962056084445e-01 -3.368810573503e+00 3.999830845323e+00 4.251527075020e+00 -2.112698684076e+00 1.870329759295e+00 1.042598098491e+00 1.118657610065e+00
20	-1.123135709305e-01 7.386269514689e-02 4.815465431982e-01 3.133101225379e+00 -4.473774988384e+00 -4.223644948960e+00 -7.035151017505e-01 -2.962056084445e-01 -3.368810573503e+00 3.999830845323e+00 4.251527075020e+00 -2.112698684076e+00 1.870329759295e+00 1.042598036477e+00 1.118657707647e+00
30	-1.123135709305e-01 7.386269514689e-02 4.815465431982e-01 3.133101225379e+00 -4.473774988384e+00 -4.223644948960e+00 -7.035151017505e-01 -2.962056084445e-01 -3.368810573503e+00 3.999830845323e+00 4.251527075020e+00 -2.112698684076e+00 1.870329759295e+00 1.042598007218e+00 1.118657842004e+00
40	-1.123135709305e-01 7.386269514689e-02 4.815465431982e-01 3.133101225379e+00 -4.473774988384e+00 -4.223644948960e+00 -7.035151017505e-01 -2.962056084445e-01 -3.368810573503e+00 3.999830845323e+00 4.251527075020e+00 -2.112698684076e+00 1.870329759295e+00 1.042597740658e+00 1.118658306432e+00
50	-1.123135709305e-01 7.386269514689e-02 4.815465431982e-01 3.133101225379e+00 -4.473774988384e+00 -4.223644948960e+00 -7.035151017505e-01 -2.962056084445e-01 -3.368810573503e+00 3.999830845323e+00 4.251527075020e+00 -2.112698684076e+00 1.870329759295e+00 1.042596366331e+00 1.118660015931e+00
60	-1.123135709305e-01 7.386269514689e-02 4.815465431982e-01 3.133101225379e+00 -4.473774988384e+00 -4.223644948960e+00 -7.035151017505e-01 -2.962056084445e-01 -3.368810573503e+00 3.999830845323e+00 4.251527075020e+00 -2.112698684076e+00 1.870329759295e+00 1.042592632866e+00 1.118664337784e+00
70	-1.123135709305e-01 7.386269514689e-02 4.815465431982e-01 3.133101225379e+00 -4.473774988384e+00 -4.223644948960e+00 -7.035151017505e-01 -2.962056084445e-01 -3.368810573503e+00 3.999830845323e+00 4.251527075020e+00 -2.112698684076e+00 1.870329759295e+00 1.042585328899e+00 1.118672688373e+00
80	-1.123135709305e-01 7.386269514689e-02 4.815465431982e-01 3.133101225379e+00 -4.473774988384e+00 -4.223644948960e+00 -7.035151017505e-01 -2.962056084445e-01 -3.368810573503e+00 3.999830845323e+00 4.251527075020e+00 -2.112698684076e+00 1.870329759295e+00 1.042573649034e+00 1.118686174208e+00
90	-1.123135709305e-01 7.386269514689e-02 4.815465431982e-01 3.133101225379e+00 -4.473774988384e+00 -4.223644948960e+00 -7.035151017505e-01 -2.962056084445e-01 -3.368810573503e+00 3.999830845323e+00 4.251527075020e+00 -2.112698684076e+00 1.870329759295e+00 1.042557377122e+00 1.118705367779e+00
100	-1.123135709305e-01 7.386269514689e-02 4.815465431982e-01 3.133101225379e+00 -4.473774988384e+00 -4.223644948960e+00 -7.035151017505e-01 -2.962056084445e-01 -3.368810573503e+00 3.999830845323e+00 4.251527075020e+00 -2.112698684076e+00 1.870329759295e+00 1.042537197947e+00 1.118729851851e+00
110	-1.123135709305e-01 7.386269514689e-02 4.815465431982e-01 3.133101225379e+00 -4.473774988384e+00 -4.223644948960e+00 -7.035151017505e-01 -2.962056084445e-01 -3.368810573503e+00 3.999830845323e+00 4.251527075020e+00 -2.112698684076e+00 1.870329759295e+00 1.042514417242e+00 1.118758367708e+00
120	-1.123135709305e-01 7.386269514689e-02 4.815465431982e-01 3.133101225379e+00 -4.473774988384e+00 -4.223644948960e+00 -7.035151017505e-01 -2.962056084445e-01 -3.368810573503e+00 3.999830845323e+00 4.251527075020e+00 -2.112698684076e+00 1.870329759295e+00 1.042490095498e+00 1.118789618672e+00
130	-1.123135709305e-01 7.386269514689e-02 4.815465431982e-01 3.133101225379e+00 -4.473774988384e+00 -4.223644948960e+00 -7.035151017505e-01 -2.962056084445e-01 -3.368810573503e+00 3.999830845323e+00 4.251527075020e+00 -2.112698684076e+00 1.870329759295e+00 1.042464920900e+00 1.118822396829e+00
140	-1.123135709305e-01 7.386269514689e-02 4.815465431982e-01 3.133101225379e+00 -4.473774988384e+00 -4.223644948960e+00 -7.035151017505e-01 -2.962056084445e-01 -3.368810573503e+00 3.999830845323e+00 4.251527075020e+00 -2.112698684076e+00 1.870329759295e+00 1.042439163099e+00 1.118855779983e+00
150	-1.123135709305e-01 7.386269514689e-02 4.815465431982e-01 3.133101225379e+00 -4.473774988384e+00 -4.223644948960e+00 -7.035151017505e-01 -2.962056084445e-01 -3.368810573503e+00 3.999830845323e+00 4.251527075020e+00 -2.112698684076e+00 1.870329759295e+00 1.042412919204e+00 1.118889150379e+00
160	-1.123135709305e-01 7.386269514689e-02 4.815465431982e-01 3.133101225379e+00 -4.473774988384e+00 -4.223644948960e+00 -7.035151017505e-01 -2.962056084445e-01 -3.368810573503e+00 3.999830845323e+00 4.251527075020e+00 -2.112698684076e+00 1.870329759295e+00 1.042386287792e+00 1.118922157309e+00
170	-1.123135709305e-01 7.386269514689e-02 4.815465431982e-01 3.133101225379e+00 -4.473774988384e+00 -4.223644948960e+00 -7.035151017505e-01 -2.962056084445e-01 -3.368810573503e+00 3.999830845323e+00 4.251527075020e+00 -2.112698684076e+00 1.870329759295e+00 1.042359587544e+00 1.118954449180e+00
180	-1.123135709305e-01 7.386269514689e-02 4.815465431982e-01 3.133101225379e+00 -4.473774988384e+00 -4.223644948960e+00 -7.035151017505e-01 -2.962056084445e-01 -3.368810573503e+00 3.999830845323e+00 4.251527075020e+00 -2.112698684076e+00 1.870329759295e+00 1.042332871763e+00 1.118986009396e+00
190	-1.123135709305e-01 7.386269514689e-02 4.815465431982e-01 3.133101225379e+00 -4.473774988384e+00 -4.223644948960e+00 -7.035151017505e-01 -2.962056084445e-01 -3.368810573503e+00 3.999830845323e+00 4.251527075020e+00 -2.112698684076e+00 1.870329759295e+00 1.042305364353e+00 1.119017587499e+00
200	-1.123135709305e-01 7.386269514689e-02 4.815465431982e-01 3.133101225379e+00 -4.473774988384e+00 -4.223644948960e+00 -7.035151017505e-01 -2.962056084445e-01 -3.368810573503e+00 3.999830845323e+00 4.251527075020e+00 -2.112698684076e+00 1.870329759295e+00 1.042275699181e+00 1.119050467626e+00
210	-1.123135709305e-01 7.386269514689e-02 4.815465431982e-01 3.133101225379e+00 -4.473774988384e+00 -4.223644948960e+00 -7.035151017505e-01 -2.962056084445e-01 -3.368810573503e+00 3.999830845323e+00 4.251527075020e+00 -2.112698684076e+00 1.870329759295e+00 1.042242548227e+00 1.119086013243e+00
220	-1.123135709305e-01 7.386269514689e-02 4.815465431982e-01 3.133101225379e+00 -4.473774988384e+00 -4.223644948960e+00 -7.035151017505e-01 -2.962056084445e-01 -3.368810573503e+00 3.999830845323e+00 4.251527075020e+00 -2.112698684076e+00 1.870329759295e+00 1.042205009727e+00 1.119125533114e+00
230	-1.123135709305e-01 7.386269514689e-02 4.815465431982e-01 3.133101225379e+00 -4.473774988384e+00 -4.223644948960e+00 -7.035151017505e-01 -2.962056084445e-01 -3.368810573503e+00 3.999830845323e+00 4.251527075020e+00 -2.112698684076e+00 1.870329759295e+00 1.042162541521e+00 1.119170323754e+00
240	-1.123135709305e-01 7.386269514689e-02 4.815465431982e-01 3.133101225379e+00 -4.473774988384e+00 -4.223644948960e+00 -7.035151017505e-01 -2.962056084445e-01 -3.368810573503e+00 3.999830845323e+00 4.251527075020e+00 -2.112698684076e+00 1.870329759295e+00 1.042115666769e+00 1.119220570284e+00
250	-1.123135709305e-01 7.386269514689e-02 4.815465431982e-01 3.133101225379e+00 -4.473774988384e+00 -4.223644948960e+00 -7.035151017505e-01 -2.962056084445e-01 -3.368810573503e+00 3.999830845323e+00 4.251527075020e+00 -2.112698684076e+00 1.870329759295e+00 1.042065755646e+00 1.119275315684e+00
260	-1.123135709305e-01 7.386269514689e-02 4.815465431982e-01 3.133101225379e+00 -4.473774988384e+00 -4.223644948960e+00 -7.035151017505e-01 -2.962056084445e-01 -3.368810573503e+00 3.999830845323e+00 4.251527075020e+00 -2.112698684076e+00 1.870329759295e+00 1.042014264589e+00 1.119333215729e+00
270	-1.123135709305e-01 7.386269514689e-02 4.815465431982e-01 3.133101225379e+00 -4.473774988384e+00 -4.223644948960e+00 -7.035151017505e-01 -2.962056084445e-01 -3.368810573503e+00 3.999830845323e+00 4.251527075020e+00 -2.112698684076e+00 1.870329759295e+00 1.041962211510e+00 1.119393032223e+00
280	-1.123135709305e-01 7.386269514689e-02 4.815465431982e-01 3.133101225379e+00 -4.473774988384e+00 -4.223644948960e+00 -7.035151017505e-01 -2.962056084445e-01 -3.368810573503e+00 3.999830845323e+00 4.251527075020e+00 -2.112698684076e+00 1.870329759295e+00 1.041909977985e+00 1.119453924625e+00
290	-1.123135709305e-01 7.386269514689e-02 4.815465431982e-01 3.133101225379e+00 -4.473774988384e+00 -4.223644948960e+00 -7.035151017505e-01 -2.962056084445e-01 -3.368810573503e+00 3.999830845323e+00 4.251527075020e+00 -2.112698684076e+00 1.870329759295e+00 1.041857159519e+00 1.119516026685e+00
300	-1.123135709305e-01 7.386269514689e-02 4.815465431982e-01 3.133101225379e+00 -4.473774988384e+00 -4.223644948960e+00 -7.035151017505e-01 -2.962056084445e-01 -3.368810573503e+00 3.999830845323e+00 4.251527075020e+00 -2.112698684076e+00 1.870329759295e+00 1.041803078288e+00 1.119580269408e+00
310	-1.123135709305e-01 7.386269514689e-02 4.815465431982e-01 3.133101225379e+00 -4.473774988384e+00 -4.223644948960e+00 -7.035151017505e-01 -2.962056084445e-01 -3.368810573503e+00 3.999830845323e+00 4.251527075020e+00 -2.112698684076e+00 1.870329759295e+00 1.041747671576e+00 1.119647016285e+00
320	-1.123135709305e-01 7.386269514689e-02 4.815465431982e-01 3.133101225379e+00 -4.473774988384e+00 -4.223644948960e+00 -7.035151017505e-01 -2.962056084445e-01 -3.368810573503e+00 3.999830845323e+00 4.251527075020e+00 -2.112698684076e+00 1.870329759295e+00 1.041690669337e+00 1.119715799623e+00
330	-1.123135709305e-01 7.386269514689e-02 4.815465431982e-01 3.133101225379e+00 -4.473774988384e+00 -4.223644948960e+00 -7.035151017505e-01 -2.962056084445e-01 -3.368810573503e+00 3.999830845323e+00 4.251527075020e+00 -2.112698684076e+00 1.870329759295e+00 1.041629779735e+00 1.119786544000e+00
340	-1.123135709305e-01 7.386269514689e-02 4.815465431982e-01 3.133101225379e+00 -4.473774988384e+00 -4.223644948960e+00 -7.035151017505e-01 -2.962056084445e-01 -3.368810573503e+00 3.999830845323e+00 4.251527075020e+00 -2.112698684076e+00 1.870329759295e+00 1.041560681761e+00 1.119860712922e+00
350	-1.123135709305e-01 7.386269514689e-02 4.815465431982e-01 3.133101225379e+00 -4.473774988384e+00 -4.223644948960e+00 -7.035151017505e-01 -2.962056084445e-01 -3.368810573503e+00 3.999830845323e+00 4.251527075020e+00 -2.112698684076e+00 1.870329759295e+00 1.041481220734e+00 1.119940121307e+00
360	-1.123135709305e-01 7.386269514689e-02 4.815465431982e-01 3.133101225379e+00 -4.473774988384e+00 -4.223644948960e+00 -7.035151017505e-01 -2.962056084445e-01 -3.368810573503e+00 3.999830845323e+00 4.251527075020e+00 -2.112698684076e+00 1.870329759295e+00 1.041394895757e+00 1.120025004821e+00
370	-1.123135709305e-01 7.386269514689e-02 4.815465431982e-01 3.133101225379e+00 -4.473774988384e+00 -4.223644948960e+00 -7.035151017505e-01 -2.962056084445e-01 -3.368810573503e+00 3.999830845323e+00 4.251527075020e+00 -2.112698684076e+00 1.870329759295e+00 1.041307188314e+00 1.120114213932e+00
380	-1.123135709305e-01 7.386269514689e-02 4.815465431982e-01 3.133101225379e+00 -4.473774988384e+00 -4.223644948960e+00 -7.035151017505e-01 -2.962056084445e-01 -3.368810573503e+00 3.999830845323e+00 4.251527075020e+00 -2.112698684076e+00 1.870329759295e+00 1.041219188615e+00 1.120207657897e+00
390	-1.123135709305e-01 7.386269514689e-02 4.815465431982e-01 3.133101225379e+00 -4.473774988384e+00 -4.223644948960e+00 -7.035151017505e-01 -2.962056084445e-01 -3.368810573503e+00 3.999830845323e+00 4.251527075020e+00 -2.112698684076e+00 1.870329759295e+00 1.041128852852e+00 1.120305823239e+00
400	-1.123135709305e-01 7.386269514689e-02 4.815465431982e-01 3.133101225379e+00 -4.473774988384e+00 -4.223644948960e+00 -7.035151017505e-01 -2.962056084445e-01 -3.368810573503e+00 3.999830845323e+00 4.251527075020e+00 -2.112698684076e+00 1.870329759295e+00 1.041035327895e+00 1.120407997356e+00
410	-1.123135709305e-01 7.386269514689e-02 4.815465431982e-01 3.133101225379e+00 -4.473774988384e+00 -4.223644948960e+00 -7.035151017505e-01 -2.962056084445e-01 -3.368810573503e+00 3.999830845323e+00 4.251527075020e+00 -2.112698684076e+00 1.870329759295e+00 1.040939149133e+00 1.120512737368e+00
420	-1.123135709305e-01 7.386269514689e-02 4.815465431982e-01 3.133101225379e+00 -4.473774988384e+00 -4.223644948960e+00 -7.035151017505e-01 -2.962056084445e-01 -3.368810573503e+00 3.999830845323e+00 4.251527075020e+00 -2.112698684076e+00 1.870329759295e+00 1.040840910409e+00 1.120618901329e+00
430	-1.123135709305e-01 7.386269514689e-02 4.815465431982e-01 3.133101225379e+00 -4.473774988384e+00 -4.223644948960e+00 -7.035151017505e-01 -2.962056084445e-01 -3.368810573503e+00 3.999830845323e+00 4.251527075020e+00 -2.112698684076e+00 1.870329759295e+00 1.040740230479e+00 1.120726395023e+00
440	-1.123135709305e-01 7.386269514689e-02 4.815465431982e-01 3.133101225379e+00 -4.473774988384e+00 -4.223644948960e+00 -7.035151017505e-01 -2.962056084445e-01 -3.368810573503e+00 3.999830845323e+00 4.251527075020e+00 -2.112698684076e+00 1.870329759295e+00 1.040636752372e+00 1.120835217842e+00
450	-1.123135709305e-01 7.386269514689e-02 4.815465431982e-01 3.133101225379e+00 -4.473774988384e+00 -4.223644948960e+00 -7.035151017505e-01 -2.962056084445e-01 -3.368810573503e+00 3.999830845323e+00 4.251527075020e+00 -2.112698684076e+00 1.870329759295e+00 1.040530622621e+00 1.120945310160e+00
460	-1.123135709305e-01 7.386269514689e-02 4.815465431982e-01 3.133101225379e+00 -4.473774988384e+00 -4.223644948960e+00 -7.035151017505e-01 -2.962056084445e-01 -3.368810573503e+00 3.999830845323e+00 4.251527075020e+00 -2.112698684076e+00 1.870329759295e+00 1.040422533615e+00 1.121056594872e+00
470	-1.123135709305e-01 7.386269514689e-02 4.815465431982e-01 3.133101225379e+00 -4.473774988384e+00 -4.223644948960e+00 -7.035151017505e-01 -2.962056084445e-01 -3.368810573503e+00 3.999830845323e+00 4.251527075020e+00 -2.112698684076e+00 1.870329759295e+00 1.040313048795e+00 1.121169557918e+00
480	-1.123135709305e-01 7.386269514689e-02 4.815465431982e-01 3.133101225379e+00 -4.473774988384e+00 -4.223644948960e+00 -7.035151017505e-01 -2.962056084445e-01 -3.368810573503e+00 3.999830845323e+00 4.251527075020e+00 -2.112698684076e+00 1.870329759295e+00 1.040202250790e+00 1.121285334681e+00
490	-1.123135709305e-01 7.386269514689e-02 4.815465431982e-01 3.133101225379e+00 -4.473774988384e+00 -4.223644948960e+00 -7.035151017505e-01 -2.962056084445e-01 -3.368810573503e+00 3.999830845323e+00 4.251527075020e+00 -2.112698684076e+00 1.870329759295e+00 1.040089788604e+00 1.121405209871e+00
500	-1.123135709305e-01 7.386269514689e-02 4.815465431982e-01 3.133101225379e+00 -4.473774988384e+00 -4.223644948960e+00 -7.035151017505e-01 -2.962056084445e-01 -3.368810573503e+00 3.999830845323e+00 4.251527075020e+00 -2.112698684076e+00 1.870329759295e+00 1.039975133923e+00 1.121530034215e+00
510	-1.123135709305e-01 7.386269514689e-02 4.815465431982e-01 3.133101225379e+00 -4.473774988384e+00 -4.223644948960e+00 -7.035151017505e-01 -2.962056084445e-01 -3.368810573503e+00 3.999830845323e+00 4.251527075020e+00 -2.112698684076e+00 1.870329759295e+00 1.039858410844e+00 1.121659356818e+00
520	-1.123135709305e-01 7.386269514689e-02 4.815465431982e-01 3.133101225379e+00 -4.473774988384e+00 -4.223644948960e+00 -7.035151017505e-01 -2.962056084445e-01 -3.368810573503e+00 3.999830845323e+00 4.251527075020e+00 -2.112698684076e+00 1.870329759295e+00 1.039740379340e+00 1.121791984526e+00
530	-1.123135709305e-01 7.386269514689e-02 4.815465431982e-01 3.133101225379e+00 -4.473774988384e+00 -4.223644948960e+00 -7.035151017505e-01 -2.962056084445e-01 -3.368810573503e+00 3.999830845323e+00 4.251527075020e+00 -2.112698684076e+00 1.870329759295e+00 1.039621501388e+00 1.121927461101e+00
540	-1.123135709305e-01 7.386269514689e-02 4.815465431982e-01 3.133101225379e+00 -4.473774988384e+00 -4.223644948960e+00 -7.035151017505e-01 -2.962056084445e-01 -3.368810573503e+00 3.999830845323e+00 4.251527075020e+00 -2.112698684076e+00 1.870329759295e+00 1.039500814560e+00 1.122066771738e+00
550	-1.123135709305e-01 7.386269514689e-02 4.815465431982e-01 3.133101225379e+00 -4.473774988384e+00 -4.223644948960e+00 -7.035151017505e-01 -2.962056084445e-01 -3.368810573503e+00 3.999830845323e+00 4.251527075020e+00 -2.112698684076e+00 1.870329759295e+00 1.039377175337e+00 1.122210454982e+00
560	-1.123135709305e-01 7.386269514689e-02 4.815465431982e-01 3.133101225379e+00 -4.473774988384e+00 -4.223644948960e+00 -7.035151017505e-01 -2.962056084445e-01 -3.368810573503e+00 3.999830845323e+00 4.251527075020e+00 -2.112698684076e+00 1.870329759295e+00 1.039250241707e+00 1.122358028599e+00
570	-1.123135709305e-01 7.386269514689e-02 4.815465431982e-01 3.133101225379e+00 -4.473774988384e+00 -4.223644948960e+00 -7.035151017505e-01 -2.962056084445e-01 -3.368810573503e+00 3.999830845323e+00 4.251527075020e+00 -2.112698684076e+00 1.870329759295e+00 1.039121087438e+00 1.122508241853e+00
580	-1.123135709305e-01 7.386269514689e-02 4.815465431982e-01 3.133101225379e+00 -4.473774988384e+00 -4.223644948960e+00 -7.035151017505e-01 -2.962056084445e-01 -3.368810573503e+00 3.999830845323e+00 4.251527075020e+00 -2.112698684076e+00 1.870329759295e+00 1.038991680563e+00 1.122659524735e+00
590	-1.123135709305e-01 7.386269514689e-02 4.815465431982e-01 3.133101225379e+00 -4.473774988384e+00 -4.223644948960e+00 -7.035151017505e-01 -2.962056084445e-01 -3.368810573503e+00 3.999830845323e+00 4.251527075020e+00 -2.112698684076e+00 1.870329759295e+00 1.038862429400e+00 1.122811555519e+00
600	-1.123135709305e-01 7.386269514689e-02 4.815465431982e-01 3.133101225379e+00 -4.473774988384e+00 -4.223644948960e+00 -7.035151017505e-01 -2.962056084445e-01 -3.368810573503e+00 3.999830845323e+00 4.251527075020e+00 -2.112698684076e+00 1.870329759295e+00 1.038730687776e+00 1.122966246136e+00
610	-1.123135709305e-01 7.386269514689e-02 4.815465431982e-01 3.133101225379e+00 -4.473774988384e+00 -4.223644948960e+00 -7.035151017505e-01 -2.962056084445e-01 -3.368810573503e+00 3.999830845323e+00 4.251527075020e+00 -2.112698684076e+00 1.870329759295e+00 1.038592969718e+00 1.123126114446e+00
620	-1.123135709305e-01 7.386269514689e-02 4.815465431982e-01 3.133101225379e+00 -4.473774988384e+00 -4.223644948960e+00 -7.035151017505e-01 -2.962056084445e-01 -3.368810573503e+00 3.999830845323e+00 4.251527075020e+00 -2.112698684076e+00 1.870329759295e+00 1.038450690180e+00 1.123289547851e+00
630	-1.123135709305e-01 7.386269514689e-02 4.815465431982e-01 3.133101225379e+00 -4.473774988384e+00 -4.223644948960e+00 -7.035151017505e-01 -2.962056084445e-01 -3.368810573503e+00 3.999830845323e+00 4.251527075020e+00 -2.112698684076e+00 1.870329759295e+00 1.038308792692e+00 1.123451504246e+00
640	-1.123135709305e-01 7.386269514689e-02 4.815465431982e-01 3.133101225379e+00 -4.473774988384e+00 -4.223644948960e+00 -7.035151017505e-01 -2.962056084445e-01 -3.368810573503e+00 3.999830845323e+00 4.251527075020e+00 -2.112698684076e+00 1.870329759295e+00 1.038167730967e+00 1.123611297848e+00
650	-1.123135709305e-01 7.386269514689e-02 4.815465431982e-01 3.133101225379e+00 -4.473774988384e+00 -4.223644948960e+00 -7.035151017505e-01 -2.962056084445e-01 -3.368810573503e+00 3.999830845323e+00 4.251527075020e+00 -2.112698684076e+00 1.870329759295e+00 1.038023218100e+00 1.123774157628e+00
660	-1.123135709305e-01 7.386269514689e-02 4.815465431982e-01 3.133101225379e+00 -4.473774988384e+00 -4.223644948960e+00 -7.035151017505e-01 -2.962056084445e-01 -3.368810573503e+00 3.999830845323e+00 4.251527075020e+00 -2.112698684076e+00 1.870329759295e+00 1.037873096959e+00 1.123943800918e+00
670	-1.123135709305e-01 7.386269514689e-02 4.815465431982e-01 3.133101225379e+00 -4.473774988384e+00 -4.223644948960e+00 -7.035151017505e-01 -2.962056084445e-01 -3.368810573503e+00 3.999830845323e+00 4.251527075020e+00 -2.112698684076e+00 1.870329759295e+00 1.037719269097e+00 1.124119573274e+00
680	-1.123135709305e-01 7.386269514689e-02 4.815465431982e-01 3.133101225379e+00 -4.473774988384e+00 -4.223644948960e+00 -7.035151017505e-01 -2.962056084445e-01 -3.368810573503e+00 3.999830845323e+00 4.251527075020e+00 -2.112698684076e+00 1.870329759295e+00 1.037564371015e+00 1.124299338959e+00
690	-1.123135709305e-01 7.386269514689e-02 4.815465431982e-01 3.133101225379e+00 -4.473774988384e+00 -4.223644948960e+00 -7.035151017505e-01 -2.962056084445e-01 -3.368810573503e+00 3.999830845323e+00 4.251527075020e+00 -2.112698684076e+00 1.870329759295e+00 1.037410052959e+00 1.124481371233e+00
700	-1.123135709305e-01 7.386269514689e-02 4.815465431982e-01 3.133101225379e+00 -4.473774988384e+00 -4.223644948960e+00 -7.035151017505e-01 -2.962056084445e-01 -3.368810573503e+00 3.999830845323e+00 4.251527075020e+00 -2.112698684076e+00 1.870329759295e+00 1.037256656940e+00 1.124665089546e+00
710	-1.123135709305e-01 7.386269514689e-02 4.815465431982e-01 3.133101225379e+00 -4.473774988384e+00 -4.223644948960e+00 -7.035151017505e-01 -2.962056084445e-01 -3.368810573503e+00 3.999830845323e+00 4.251527075020e+00 -2.112698684076e+00 1.870329759295e+00 1.037103779574e+00 1.124850231832e+00
720	-1.123135709305e-01 7.386269514689e-02 4.815465431982e-01 3.133101225379e+00 -4.473774988384e+00 -4.223644948960e+00 -7.035151017505e-01 -2.962056084445e-01 -3.368810573503e+00 3.999830845323e+00 4.251527075020e+00 -2.112698684076e+00 1.870329759295e+00 1.036951116967e+00 1.125036313922e+00
730	-1.123135709305e-01 7.386269514689e-02 4.815465431982e-01 3.133101225379e+00 -4.473774988384e+00 -4.223644948960e+00 -7.035151017505e-01 -2.962056084445e-01 -3.368810573503e+00 3.999830845323e+00 4.251527075020e+00 -2.112698684076e+00 1.870329759295e+00 1.036798681747e+00 1.125222842942e+00
740	-1.123135709305e-01 7.386269514689e-02 4.815465431982e-01 3.133101225379e+00 -4.473774988384e+00 -4.223644948960e+00 -7.035151017505e-01 -2.962056084445e-01 -3.368810573503e+00 3.999830845323e+00 4.251527075020e+00 -2.112698684076e+00 1.870329759295e+00 1.036646839123e+00 1.125409259290e+00
750	-1.123135709305e-01 7.386269514689e-02 4.815465431982e-01 3.133101225379e+00 -4.473774988384e+00 -4.223644948960e+00 -7.035151017505e-01 -2.962056084445e-01 -3.368810573503e+00 3.999830845323e+00 4.251527075020e+00 -2.112698684076e+00 1.870329759295e+00 1.036496326988e+00 1.125595001895e+00
760	-1.123135709305e-01 7.386269514689e-02 4.815465431982e-01 3.133101225379e+00 -4.473774988384e+00 -4.223644948960e+00 -7.035151017505e-01 -2.962056084445e-01 -3.368810573503e+00 3.999830845323e+00 4.251527075020e+00 -2.112698684076e+00 1.870329759295e+00 1.036348137815e+00 1.125779761544e+00
770	-1.123135709305e-01 7.386269514689e-02 4.815465431982e-01 3.133101225379e+00 -4.473774988384e+00 -4.223644948960e+00 -7.035151017505e-01 -2.962056084445e-01 -3.368810573503e+00 3.999830845323e+00 4.251527075020e+00 -2.112698684076e+00 1.870329759295e+00 1.036202271526e+00 1.125964366722e+00
780	-1.123135709305e-01 7.386269514689e-02 4.815465431982e-01 3.133101225379e+00 -4.473774988384e+00 -4.223644948960e+00 -7.035151017505e-01 -2.962056084445e-01 -3.368810573503e+00 3.999830845323e+00 4.251527075020e+00 -2.112698684076e+00 1.870329759295e+00 1.036057145254e+00 1.126150542846e+00
790	-1.123135709305e-01 7.386269514689e-02 4.815465431982e-01 3.133101225379e+00 -4.473774988384e+00 -4.223644948960e+00 -7.035151017505e-01 -2.962056084445e-01 -3.368810573503e+00 3.999830845323e+00 4.251527075020e+00 -2.112698684076e+00 1.870329759295e+00 1.035911236955e+00 1.126339103866e+00
800	-1.123135709305e-01 7.386269514689e-02 4.815465431982e-01 3.133101225379e+00 -4.473774988384e+00 -4.223644948960e+00 -7.035151017505e-01 -2.962056084445e-01 -3.368810573503e+00 3.999830845323e+00 4.251527075020e+00 -2.112698684076e+00 1.870329759295e+00 1.035765487264e+00 1.126528769151e+00
810	-1.123135709305e-01 7.386269514689e-02 4.815465431982e-01 3.133101225379e+00 -4.473774988384e+00 -4.223644948960e+00 -7.035151017505e-01 -2.962056084445e-01 -3.368810573503e+00 3.999830845323e+00 4.251527075020e+00 -2.112698684076e+00 1.870329759295e+00 1.035622120340e+00 1.126717840433e+00
820	-1.123135709305e-01 7.386269514689e-02 4.815465431982e-01 3.133101225379e+00 -4.473774988384e+00 -4.223644948960e+00 -7.035151017505e-01 -2.962056084445e-01 -3.368810573503e+00 3.999830845323e+00 4.251527075020e+00 -2.112698684076e+00 1.870329759295e+00 1.035481303399e+00 1.126906707736e+00
830	-1.123135709305e-01 7.386269514689e-02 4.815465431982e-01 3.133101225379e+00 -4.473774988384e+00 -4.223644948960e+00 -7.035151017505e-01 -2.962056084445e-01 -3.368810573503e+00 3.999830845323e+00 4.251527075020e+00 -2.112698684076e+00 1.870329759295e+00 1.035341602266e+00 1.127097002322e+00
840	-1.123135709305e-01 7.386269514689e-02 4.815465431982e-01 3.133101225379e+00 -4.473774988384e+00 -4.223644948960e+00 -7.035151017505e-01 -2.962056084445e-01 -3.368810573503e+00 3.999830845323e+00 4.251527075020e+00 -2.112698684076e+00 1.870329759295e+00 1.035202478028e+00 1.127289224064e+00
850	-1.123135709305e-01 7.386269514689e-02 4.815465431982e-01 3.133101225379e+00 -4.473774988384e+00 -4.223644948960e+00 -7.035151017505e-01 -2.962056084445e-01 -3.368810573503e+00 3.999830845323e+00 4.251527075020e+00 -2.112698684076e+00 1.870329759295e+00 1.035065414826e+00 1.127481953570e+00
860	-1.123135709305e-01 7.386269514689e-02 4.815465431982e-01 3.133101225379e+00 -4.473774988384e+00 -4.223644948960e+00 -7.035151017505e-01 -2.962056084445e-01 -3.368810573503e+00 3.999830845323e+00 4.251527075020e+00 -2.112698684076e+00 1.870329759295e+00 1.034932768295e+00 1.127673592677e+00
870	-1.123135709305e-01 7.386269514689e-02 4.815465431982e-01 3.133101225379e+00 -4.473774988384e+00 -4.223644948960e+00 -7.035151017505e-01 -2.962056084445e-01 -3.368810573503e+00 3.999830845323e+00 4.251527075020e+00 -2.112698684076e+00 1.870329759295e+00 1.034806226309e+00 1.127863562442e+00
880	-1.123135709305e-01 7.386269514689e-02 4.815465431982e-01 3.133101225379e+00 -4.473774988384e+00 -4.223644948960e+00 -7.035151017505e-01 -2.962056084445e-01 -3.368810573503e+00 3.999830845323e+00 4.251527075020e+00 -2.112698684076e+00 1.870329759295e+00 1.034686220907e+00 1.128051171418e+00
890	-1.123135709305e-01 7.386269514689e-02 4.815465431982e-01 3.133101225379e+00 -4.473774988384e+00 -4.223644948960e+00 -7.035151017505e-01 -2.962056084445e-01 -3.368810573503e+00 3.999830845323e+00 4.251527075020e+00 -2.112698684076e+00 1.870329759295e+00 1.034570376482e+00 1.128236451329e+00
900	-1.123135709305e-01 7.386269514689e-02 4.815465431982e-01 3.133101225379e+00 -4.473774988384e+00 -4.223644948960e+00 -7.035151017505e-01 -2.962056084445e-01 -3.368810573503e+00 3.999830845323e+00 4.251527075020e+00 -2.112698684076e+00 1.870329759295e+00 1.034452910482e+00 1.128422576379e+00
910	-1.123135709305e-01 7.386269514689e-02 4.815465431982e-01 3.133101225379e+00 -4.473774988384e+00 -4.223644948960e+00 -7.035151017505e-01 -2.962056084445e-01 -3.368810573503e+00 3.999830845323e+00 4.251527075020e+00 -2.112698684076e+00 1.870329759295e+00 1.034329394892e+00 1.128612835444e+00
920	-1.123135709305e-01 7.386269514689e-02 4.815465431982e-01 3.133101225379e+00 -4.473774988384e+00 -4.223644948960e+00 -7.035151017505e-01 -2.962056084445e-01 -3.368810573503e+00 3.999830845323e+00 4.251527075020e+00 -2.112698684076e+00 1.870329759295e+00 1.034202523852e+00 1.128805514311e+00
930	-1.123135709305e-01 7.386269514689e-02 4.815465431982e-01 3.133101225379e+00 -4.473774988384e+00 -4.223644948960e+00 -7.035151017505e-01 -2.962056084445e-01 -3.368810573503e+00 3.999830845323e+00 4.251527075020e+00 -2.112698684076e+00 1.870329759295e+00 1.034075554966e+00 1.128999641610e+00
940	-1.123135709305e-01 7.386269514689e-02 4.815465431982e-01 3.133101225379e+00 -4.473774988384e+00 -4.223644948960e+00 -7.035151017505e-01 -2.962056084445e-01 -3.368810573503e+00 3.999830845323e+00 4.251527075020e+00 -2.112698684076e+00 1.870329759295e+00 1.033948370942e+00 1.129197172211e+00
950	-1.123135709305e-01 7.386269514689e-02 4.815465431982e-01 3.133101225379e+00 -4.473774988384e+00 -4.223644948960e+00 -7.035151017505e-01 -2.962056084445e-01 -3.368810573503e+00 3.999830845323e+00 4.251527075020e+00 -2.112698684076e+00 1.870329759295e+00 1.033817846326e+00 1.129400960996e+00
960	-1.123135709305e-01 7.386269514689e-02 4.815465431982e-01 3.133101225379e+00 -4.473774988384e+00 -4.223644948960e+00 -7.035151017505e-01 -2.962056084445e-01 -3.368810573503e+00 3.999830845323e+00 4.251527075020e+00 -2.112698684076e+00 1.870329759295e+00 1.033682105622e+00 1.129611155582e+00
970	-1.123135709305e-01 7.386269514689e-02 4.815465431982e-01 3.133101225379e+00 -4.473774988384e+00 -4.223644948960e+00 -7.035151017505e-01 -2.962056084445e-01 -3.368810573503e+00 3.999830845323e+00 4.251527075020e+00 -2.112698684076e+00 1.870329759295e+00 1.033543717653e+00 1.129824257042e+00
980	-1.123135709305e-01 7.386269514689e-02 4.815465431982e-01 3.133101225379e+00 -4.473774988384e+00 -4.223644948960e+00 -7.035151017505e-01 -2.962056084445e-01 -3.368810573503e+00 3.999830845323e+00 4.251527075020e+00 -2.112698684076e+00 1.870329759295e+00 1.033405287543e+00 1.130037711757e+00
990	-1.123135709305e-01 7.386269514689e-02 4.815465431982e-01 3.133101225379e+00 -4.473774988384e+00 -4.223644948960e+00 -7.035151017505e-01 -2.962056084445e-01 -3.368810573503e+00 3.999830845323e+00 4.251527075020e+00 -2.112698684076e+00 1.870329759295e+00 1.033267477192e+00 1.130252133041e+00
1000	-1.123135709305e-01 7.386269514689e-02 4.815465431982e-01 3.133101225379e+00 -4.473774988384e+00 -4.223644948960e+00 -7.035151017505e-01 -2.962056084445e-01 -3.368810573503e+00 3.999830845323e+00 4.251527075020e+00 -2.112698684076e+00 1.870329759295e+00 1.033130785657e+00 1.130468285674e+00
1010	-1.123135709305e-01 7.386269514689e-02 4.815465431982e-01 3.133101225379e+00 -4.473774988384e+00 -4.223644948960e+00 -7.035151017505e-01 -2.962056084445e-01 -3.368810573503e+00 3.999830845323e+00 4.251527075020e+00 -2.112698684076e+00 1.870329759295e+00 1.032995844304e+00 1.130685516270e+00
1020	-1.123135709305e-01 7.386269514689e-02 4.815465431982e-01 3.133101225379e+00 -4.473774988384e+00 -4.223644948960e+00 -7.035151017505e-01 -2.962056084445e-01 -3.368810573503e+00 3.999830845323e+00 4.251527075020e+00 -2.112698684076e+00 1.870329759295e+00 1.032860654985e+00 1.130904662498e+00
1030	-1.123135709305e-01 7.386269514689e-02 4.815465431982e-01 3.133101225379e+00 -4.473774988384e+00 -4.223644948960e+00 -7.035151017505e-01 -2.962056084445e-01 -3.368810573503e+00 3.999830845323e+00 4.251527075020e+00 -2.112698684076e+00 1.870329759295e+00 1.032721138935e+00 1.131128288194e+00
1040	-1.123135709305e-01 7.386269514689e-02 4.815465431982e-01 3.133101225379e+00 -4.473774988384e+00 -4.223644948960e+00 -7.035151017505e-01 -2.962056084445e-01 -3.368810573503e+00 3.999830845323e+00 4.251527075020e+00 -2.112698684076e+00 1.870329759295e+00 1.032575602893e+00 1.131357251870e+00
1050	-1.123135709305e-01 7.386269514689e-02 4.815465431982e-01 3.133101225379e+00 -4.473774988384e+00 -4.223644948960e+00 -7.035151017505e-01 -2.962056084445e-01 -3.368810573503e+00 3.999830845323e+00 4.251527075020e+00 -2.112698684076e+00 1.870329759295e+00 1.032426591300e+00 1.131589564492e+00
1060	-1.123135709305e-01 7.386269514689e-02 4.815465431982e-01 3.133101225379e+00 -4.473774988384e+00 -4.223644948960e+00 -7.035151017505e-01 -2.962056084445e-01 -3.368810573503e+00 3.999830845323e+00 4.251527075020e+00 -2.112698684076e+00 1.870329759295e+00 1.032277538017e+00 1.131823151719e+00
1070	-1.123135709305e-01 7.386269514689e-02 4.815465431982e-01 3.133101225379e+00 -4.473774988384e+00 -4.223644948960e+00 -7.035151017505e-01 -2.962056084445e-01 -3.368810573503e+00 3.999830845323e+00 4.251527075020e+00 -2.112698684076e+00 1.870329759295e+00 1.032129312672e+00 1.132058017279e+00
1080	-1.123135709305e-01 7.386269514689e-02 4.815465431982e-01 3.133101225379e+00 -4.473774988384e+00 -4.223644948960e+00 -7.035151017505e-01 -2.962056084445e-01 -3.368810573503e+00 3.999830845323e+00 4.251527075020e+00 -2.112698684076e+00 1.870329759295e+00 1.031980335756e+00 1.132295151327e+00
1090	-1.123135709305e-01 7.386269514689e-02 4.815465431982e-01 3.133101225379e+00 -4.473774988384e+00 -4.223644948960e+00 -7.035151017505e-01 -2.962056084445e-01 -3.368810573503e+00 3.999830845323e+00 4.251527075020e+00 -2.112698684076e+00 1.870329759295e+00 1.031828098639e+00 1.132535542866e+00
1100	-1.123135709305e-01 7.386269514689e-02 4.815465431982e-01 3.133101225379e+00 -4.473774988384e+00 -4.223644948960e+00 -7.035151017505e-01 -2.962056084445e-01 -3.368810573503e+00 3.999830845323e+00 4.251527075020e+00 -2.112698684076e+00 1.870329759295e+00 1.031671331568e+00 1.132779478333e+00
1110	-1.123135709305e-01 7.386269514689e-02 4.815465431982e-01 3.133101225379e+00 -4.473774988384e+00 -4.223644948960e+00 -7.035151017505e-01 -2.962056084445e-01 -3.368810573503e+00 3.999830845323e+00 4.251527075020e+00 -2.112698684076e+00 1.870329759295e+00 1.031509459135e+00 1.133027469815e+00
1120	-1.123135709305e-01 7.386269514689e-02 4.815465431982e-01 3.133101225379e+00 -4.473774988384e+00 -4.223644948960e+00 -7.035151017505e-01 -2.962056084445e-01 -3.368810573503e+00 3.999830845323e+00 4.251527075020e+00 -2.112698684076e+00 1.870329759295e+00 1.031344422980e+00 1.133278603011e+00
1130	-1.123135709305e-01 7.386269514689e-02 4.815465431982e-01 3.133101225379e+00 -4.473774988384e+00 -4.223644948960e+00 -7.035151017505e-01 -2.962056084445e-01 -3.368810573503e+00 3.999830845323e+00 4.251527075020e+00 -2.112698684076e+00 1.870329759295e+00 1.031180187116e+00 1.133530522832e+00
1140	-1.123135709305e-01 7.386269514689e-02 4.815465431982e-01 3.133101225379e+00 -4.473774988384e+00 -4.223644948960e+00 -7.035151017505e-01 -2.962056084445e-01 -3.368810573503e+00 3.999830845323e+00 4.251527075020e+00 -2.112698684076e+00 1.870329759295e+00 1.031018525527e+00 1.133782349602e+00
1150	-1.123135709305e-01 7.386269514689e-02 4.815465431982e-01 3.133101225379e+00 -4.473774988384e+00 -4.223644948960e+00 -7.035151017505e-01 -2.962056084445e-01 -3.368810573503e+00 3.999830845323e+00 4.251527075020e+00 -2.112698684076e+00 1.870329759295e+00 1.030857815499e+00 1.134035526976e+00
1160	-1.123135709305e-01 7.386269514689e-02 4.815465431982e-01 3.133101225379e+00 -4.473774988384e+00 -4.223644948960e+00 -7.035151017505e-01 -2.962056084445e-01 -3.368810573503e+00 3.999830845323e+00 4.251527075020e+00 -2.112698684076e+00 1.870329759295e+00 1.030695791770e+00 1.134291603132e+00
1170	-1.123135709305e-01 7.386269514689e-02 4.815465431982e-01 3.133101225379e+00 -4.473774988384e+00 -4.223644948960e+00 -7.035151017505e-01 -2.962056084445e-01 -3.368810573503e+00 3.999830845323e+00 4.251527075020e+00 -2.112698684076e+00 1.870329759295e+00 1.030532958915e+00 1.134549608227e+00
1180	-1.123135709305e-01 7.386269514689e-02 4.815465431982e-01 3.133101225379e+00 -4.473774988384e+00 -4.223644948960e+00 -7.035151017505e-01 -2.962056084445e-01 -3.368810573503e+00 3.999830845323e+00 4.251527075020e+00 -2.112698684076e+00 1.870329759295e+00 1.030370278510e+00 1.134808561721e+00
1190	-1.123135709305e-01 7.386269514689e-02 4.815465431982e-01 3.133101225379e+00 -4.473774988384e+00 -4.223644948960e+00 -7.035151017505e-01 -2.962056084445e-01 -3.368810573503e+00 3.999830845323e+00 4.251527075020e+00 -2.112698684076e+00 1.870329759295e+00 1.030206344462e+00 1.135069909884e+00
1200	-1.123135709305e-01 7.386269514689e-02 4.815465431982e-01 3.133101225379e+00 -4.473774988384e+00 -4.223644948960e+00 -7.035151017505e-01 -2.962056084445e-01 -3.368810573503e+00 3.999830845323e+00 4.251527075020e+00 -2.112698684076e+00 1.870329759295e+00 1.030040067959e+00 1.135335695698e+00
1210	-1.123135709305e-01 7.386269514689e-02 4.815465431982e-01 3.133101225379e+00 -4.473774988384e+00 -4.223644948960e+00 -7.035151017505e-01 -2.962056084445e-01 -3.368810573503e+00 3.999830845323e+00 4.251527075020e+00 -2.112698684076e+00 1.870329759295e+00 1.029871718312e+00 1.135606765007e+00
1220	-1.123135709305e-01 7.386269514689e-02 4.815465431982e-01 3.133101225379e+00 -4.473774988384e+00 -4.223644948960e+00 -7.035151017505e-01 -2.962056084445e-01 -3.368810573503e+00 3.999830845323e+00 4.251527075020e+00 -2.112698684076e+00 1.870329759295e+00 1.029702027127e+00 1.135882391630e+00
1230	-1.123135709305e-01 7.386269514689e-02 4.815465431982e-01 3.133101225379e+00 -4.473774988384e+00 -4.223644948960e+00 -7.035151017505e-01 -2.962056084445e-01 -3.368810573503e+00 3.999830845323e+00 4.251527075020e+00 -2.112698684076e+00 1.870329759295e+00 1.029531860709e+00 1.136161473274e+00
1240	-1.123135709305e-01 7.386269514689e-02 4.815465431982e-01 3.133101225379e+00 -4.473774988384e+00 -4.223644948960e+00 -7.035151017505e-01 -2.962056084445e-01 -3.368810573503e+00 3.999830845323e+00 4.251527075020e+00 -2.112698684076e+00 1.870329759295e+00 1.029361153912e+00 1.136443405556e+00
1250	-1.123135709305e-01 7.386269514689e-02 4.815465431982e-01 3.133101225379e+00 -4.473774988384e+00 -4.223644948960e+00 -7.035151017505e-01 -2.962056084445e-01 -3.368810573503e+00 3.999830845323e+00 4.251527075020e+00 -2.112698684076e+00 1.870329759295e+00 1.029189360499e+00 1.136728207900e+00
1260	-1.123135709305e-01 7.386269514689e-02 4.815465431982e-01 3.133101225379e+00 -4.473774988384e+00 -4.223644948960e+00 -7.035151017505e-01 -2.962056084445e-01 -3.368810573503e+00 3.999830845323e+00 4.251527075020e+00 -2.112698684076e+00 1.870329759295e+00 1.029013769749e+00 1.137017727576e+00
1270	-1.123135709305e-01 7.386269514689e-02 4.815465431982e-01 3.133101225379e+00 -4.473774988384e+00 -4.223644948960e+00 -7.035151017505e-01 -2.962056084445e-01 -3.368810573503e+00 3.999830845323e+00 4.251527075020e+00 -2.112698684076e+00 1.870329759295e+00 1.028832908741e+00 1.137313455603e+00
1280	-1.123135709305e-01 7.386269514689e-02 4.815465431982e-01 3.133101225379e+00 -4.473774988384e+00 -4.223644948960e+00 -7.035151017505e-01 -2.962056084445e-01 -3.368810573503e+00 3.999830845323e+00 4.251527075020e+00 -2.112698684076e+00 1.870329759295e+00 1.028649113426e+00 1.137614288606e+00
1290	-1.123135709305e-01 7.386269514689e-02 4.815465431982e-01 3.133101225379e+00 -4.473774988384e+00 -4.223644948960e+00 -7.035151017505e-01 -2.962056084445e-01 -3.368810573503e+00 3.999830845323e+00 4.251527075020e+00 -2.112698684076e+00 1.870329759295e+00 1.028465837978e+00 1.137917401695e+00
1300	-1.123135709305e-01 7.386269514689e-02 4.815465431982e-01 3.133101225379e+00 -4.473774988384e+00 -4.223644948960e+00 -7.035151017505e-01 -2.962056084445e-01 -3.368810573503e+00 3.999830845323e+00 4.251527075020e+00 -2.112698684076e+00 1.870329759295e+00 1.028284763965e+00 1.138220423296e+00
1310	-1.123135709305e-01 7.386269514689e-02 4.815465431982e-01 3.133101225379e+00 -4.473774988384e+00 -4.223644948960e+00 -7.035151017505e-01 -2.962056084445e-01 -3.368810573503e+00 3.999830845323e+00 4.251527075020e+00 -2.112698684076e+00 1.870329759295e+00 1.028104171149e+00 1.138523711701e+00
1320	-1.123135709305e-01 7.386269514689e-02 4.815465431982e-01 3.133101225379e+00 -4.473774988384e+00 -4.223644948960e+00 -7.035151017505e-01 -2.962056084445e-01 -3.368810573503e+00 3.999830845323e+00 4.251527075020e+00 -2.112698684076e+00 1.870329759295e+00 1.027919754539e+00 1.138830439409e+00
1330	-1.123135709305e-01 7.386269514689e-02 4.815465431982e-01 3.133101225379e+00 -4.473774988384e+00 -4.223644948960e+00 -7.035151017505e-01 -2.962056084445e-01 -3.368810573503e+00 3.999830845323e+00 4.251527075020e+00 -2.112698684076e+00 1.870329759295e+00 1.027728266324e+00 1.139143244360e+00
1340	-1.123135709305e-01 7.386269514689e-02 4.815465431982e-01 3.133101225379e+00 -4.473774988384e+00 -4.223644948960e+00 -7.035151017505e-01 -2.962056084445e-01 -3.368810573503e+00 3.999830845323e+00 4.251527075020e+00 -2.112698684076e+00 1.870329759295e+00 1.027528793075e+00 1.139463224096e+00
1350	-1.123135709305e-01 7.386269514689e-02 4.815465431982e-01 3.133101225379e+00 -4.473774988384e+00 -4.223644948960e+00 -7.035151017505e-01 -2.962056084445e-01 -3.368810573503e+00 3.999830845323e+00 4.251527075020e+00 -2.112698684076e+00 1.870329759295e+00 1.027322936063e+00 1.139790565387e+00
1360	-1.123135709305e-01 7.386269514689e-02 4.815465431982e-01 3.133101225379e+00 -4.473774988384e+00 -4.223644948960e+00 -7.035151017505e-01 -2.962056084445e-01 -3.368810573503e+00 3.999830845323e+00 4.251527075020e+00 -2.112698684076e+00 1.870329759295e+00 1.027114457304e+00 1.140124256889e+00
1370	-1.123135709305e-01 7.386269514689e-02 4.815465431982e-01 3.133101225379e+00 -4.473774988384e+00 -4.223644948960e+00 -7.035151017505e-01 -2.962056084445e-01 -3.368810573503e+00 3.999830845323e+00 4.251527075020e+00 -2.112698684076e+00 1.870329759295e+00 1.026907828371e+00 1.140461326515e+00
1380	-1.123135709305e-01 7.386269514689e-02 4.815465431982e-01 3.133101225379e+00 -4.473774988384e+00 -4.223644948960e+00 -7.035151017505e-01 -2.962056084445e-01 -3.368810573503e+00 3.999830845323e+00 4.251527075020e+00 -2.112698684076e+00 1.870329759295e+00 1.026705155216e+00 1.140798966064e+00
1390	-1.123135709305e-01 7.386269514689e-02 4.815465431982e-01 3.133101225379e+00 -4.473774988384e+00 -4.223644948960e+00 -7.035151017505e-01 -2.962056084445e-01 -3.368810573503e+00 3.999830845323e+00 4.251527075020e+00 -2.112698684076e+00 1.870329759295e+00 1.026505633662e+00 1.141136628964e+00
1400	-1.123135709305e-01 7.386269514689e-02 4.815465431982e-01 3.133101225379e+00 -4.473774988384e+00 -4.223644948960e+00 -7.035151017505e-01 -2.962056084445e-01 -3.368810573503e+00 3.999830845323e+00 4.251527075020e+00 -2.112698684076e+00 1.870329759295e+00 1.026308281007e+00 1.141474878589e+00
1410	-1.123135709305e-01 7.386269514689e-02 4.815465431982e-01 3.133101225379e+00 -4.473774988384e+00 -4.223644948960e+00 -7.035151017505e-01 -2.962056084445e-01 -3.368810573503e+00 3.999830845323e+00 4.251527075020e+00 -2.112698684076e+00 1.870329759295e+00 1.026113077296e+00 1.141813536708e+00
1420	-1.123135709305e-01 7.386269514689e-02 4.815465431982e-01 3.133101225379e+00 -4.473774988384e+00 -4.223644948960e+00 -7.035151017505e-01 -2.962056084445e-01 -3.368810573503e+00 3.999830845323e+00 4.251527075020e+00 -2.112698684076e+00 1.870329759295e+00 1.025920336016e+00 1.142151707885e+00
1430	-1.123135709305e-01 7.386269514689e-02 4.815465431982e-01 3.133101225379e+00 -4.473774988384e+00 -4.223644948960e+00 -7.035151017505e-01 -2.962056084445e-01 -3.368810573503e+00 3.999830845323e+00 4.251527075020e+00 -2.112698684076e+00 1.870329759295e+00 1.025728603532e+00 1.142490211447e+00
1440	-1.123135709305e-01 7.386269514689e-02 4.815465431982e-01 3.133101225379e+00 -4.473774988384e+00 -4.223644948960e+00 -7.035151017505e-01 -2.962056084445e-01 -3.368810573503e+00 3.999830845323e+00 4.251527075020e+00 -2.112698684076e+00 1.870329759295e+00 1.025536460123e+00 1.142830087885e+00
1450	-1.123135709305e-01 7.386269514689e-02 4.815465431982e-01 3.133101225379e+00 -4.473774988384e+00 -4.223644948960e+00 -7.035151017505e-01 -2.962056084445e-01 -3.368810573503e+00 3.999830845323e+00 4.251527075020e+00 -2.112698684076e+00 1.870329759295e+00 1.025344896389e+00 1.143170456295e+00
1460	-1.123135709305e-01 7.386269514689e-02 4.815465431982e-01 3.133101225379e+00 -4.473774988384e+00 -4.223644948960e+00 -7.035151017505e-01 -2.962056084445e-01 -3.368810573503e+00 3.999830845323e+00 4.251527075020e+00 -2.112698684076e+00 1.870329759295e+00 1.025155186050e+00 1.143510557312e+00
1470	-1.123135709305e-01 7.386269514689e-02 4.815465431982e-01 3.133101225379e+00 -4.473774988384e+00 -4.223644948960e+00 -7.035151017505e-01 -2.962056084445e-01 -3.368810573503e+00 3.999830845323e+00 4.251527075020e+00 -2.112698684076e+00 1.870329759295e+00 1.024965892205e+00 1.143852020541e+00
1480	-1.123135709305e-01 7.386269514689e-02 4.815465431982e-01 3.133101225379e+00 -4.473774988384e+00 -4.223644948960e+00 -7.035151017505e-01 -2.962056084445e-01 -3.368810573503e+00 3.999830845323e+00 4.251527075020e+00 -2.112698684076e+00 1.870329759295e+00 1.024774573884e+00 1.144197690047e+00
1490	-1.123135709305e-01 7.386269514689e-02 4.815465431982e-01 3.133101225379e+00 -4.473774988384e+00 -4.223644948960e+00 -7.035151017505e-01 -2.962056084445e-01 -3.368810573503e+00 3.999830845323e+00 4.251527075020e+00 -2.112698684076e+00 1.870329759295e+00 1.024583160876e+00 1.144547108641e+00
1500	-1.123135709305e-01 7.386269514689e-02 4.815465431982e-01 3.133101225379e+00 -4.473774988384e+00 -4.223644948960e+00 -7.035151017505e-01 -2.962056084445e-01 -3.368810573503e+00 3.999830845323e+00 4.251527075020e+00 -2.112698684076e+00 1.870329759295e+00 1.024393786260e+00 1.144899374913e+00
1510	-1.123135709305e-01 7.386269514689e-02 4.815465431982e-01 3.133101225379e+00 -4.473774988384e+00 -4.223644948960e+00 -7.035151017505e-01 -2.962056084445e-01 -3.368810573503e+00 3.999830845323e+00 4.251527075020e+00 -2.112698684076e+00 1.870329759295e+00 1.024204771839e+00 1.145256134110e+00
1520	-1.123135709305e-01 7.386269514689e-02 4.815465431982e-01 3.133101225379e+00 -4.473774988384e+00 -4.223644948960e+00 -7.035151017505e-01 -2.962056084445e-01 -3.368810573503e+00 3.999830845323e+00 4.251527075020e+00 -2.112698684076e+00 1.870329759295e+00 1.024011836408e+00 1.145619905719e+00
1530	-1.123135709305e-01 7.386269514689e-02 4.815465431982e-01 3.133101225379e+00 -4.473774988384e+00 -4.223644948960e+00 -7.035151017505e-01 -2.962056084445e-01 -3.368810573503e+00 3.999830845323e+00 4.251527075020e+00 -2.112698684076e+00 1.870329759295e+00 1.023811655437e+00 1.145992054926e+00
1540	-1.123135709305e-01 7.386269514689e-02 4.815465431982e-01 3.133101225379e+00 -4.473774988384e+00 -4.223644948960e+00 -7.035151017505e-01 -2.962056084445e-01 -3.368810573503e+00 3.999830845323e+00 4.251527075020e+00 -2.112698684076e+00 1.870329759295e+00 1.023604884293e+00 1.146371513160e+00
1550	-1.123135709305e-01 7.386269514689e-02 4.815465431982e-01 3.133101225379e+00 -4.473774988384e+00 -4.223644948960e+00 -7.035151017505e-01 -2.962056084445e-01 -3.368810573503e+00 3.999830845323e+00 4.251527075020e+00 -2.112698684076e+00 1.870329759295e+00 1.023394295654e+00 1.146755981632e+00
1560	-1.123135709305e-01 7.386269514689e-02 4.815465431982e-01 3.133101225379e+00 -4.473774988384e+00 -4.223644948960e+00 -7.035151017505e-01 -2.962056084445e-01 -3.368810573503e+00 3.999830845323e+00 4.251527075020e+00 -2.112698684076e+00 1.870329759295e+00 1.023184024179e+00 1.147142021582e+00
1570	-1.123135709305e-01 7.386269514689e-02 4.815465431982e-01 3.133101225379e+00 -4.473774988384e+00 -4.223644948960e+00 -7.035151017505e-01 -2.962056084445e-01 -3.368810573503e+00 3.999830845323e+00 4.251527075020e+00 -2.112698684076e+00 1.870329759295e+00 1.022976681639e+00 1.147526798748e+00
1580	-1.123135709305e-01 7.386269514689e-02 4.815465431982e-01 3.133101225379e+00 -4.473774988384e+00 -4.223644948960e+00 -7.035151017505e-01 -2.962056084445e-01 -3.368810573503e+00 3.999830845323e+00 4.251527075020e+00 -2.112698684076e+00 1.870329759295e+00 1.022771239515e+00 1.147909935121e+00
1590	-1.123135709305e-01 7.386269514689e-02 4.815465431982e-01 3.133101225379e+00 -4.473774988384e+00 -4.223644948960e+00 -7.035151017505e-01 -2.962056084445e-01 -3.368810573503e+00 3.999830845323e+00 4.251527075020e+00 -2.112698684076e+00 1.870329759295e+00 1.022564068017e+00 1.148293399590e+00
1600	-1.123135709305e-01 7.386269514689e-02 4.815465431982e-01 3.133101225379e+00 -4.473774988384e+00 -4.223644948960e+00 -7.035151017505e-01 -2.962056084445e-01 -3.368810573503e+00 3.999830845323e+00 4.251527075020e+00 -2.112698684076e+00 1.870329759295e+00 1.022352057192e+00 1.148679242055e+00
1610	-1.123135709305e-01 7.386269514689e-02 4.815465431982e-01 3.133101225379e+00 -4.473774988384e+00 -4.223644948960e+00 -7.035151017505e-01 -2.962056084445e-01 -3.368810573503e+00 3.999830845323e+00 4.251527075020e+00 -2.112698684076e+00 1.870329759295e+00 1.022135407302e+00 1.149067135283e+00
1620	-1.123135709305e-01 7.386269514689e-02 4.815465431982e-01 3.133101225379e+00 -4.473774988384e+00 -4.223644948960e+00 -7.035151017505e-01 -2.962056084445e-01 -3.368810573503e+00 3.999830845323e+00 4.251527075020e+00 -2.112698684076e+00 1.870329759295e+00 1.021915747128e+00 1.149455990320e+00
1630	-1.123135709305e-01 7.386269514689e-02 4.815465431982e-01 3.133101225379e+00 -4.473774988384e+00 -4.223644948960e+00 -7.035151017505e-01 -2.962056084445e-01 -3.368810573503e+00 3.999830845323e+00 4.251527075020e+00 -2.112698684076e+00 1.870329759295e+00 1.021694558887e+00 1.149845675368e+00
1640	-1.123135709305e-01 7.386269514689e-02 4.815465431982e-01 3.133101225379e+00 -4.473774988384e+00 -4.223644948960e+00 -7.035151017505e-01 -2.962056084445e-01 -3.368810573503e+00 3.999830845323e+00 4.251527075020e+00 -2.112698684076e+00 1.870329759295e+00 1.021474180430e+00 1.150235435646e+00
1650	-1.123135709305e-01 7.386269514689e-02 4.815465431982e-01 3.133101225379e+00 -4.473774988384e+00 -4.223644948960e+00 -7.035151017505e-01 -2.962056084445e-01 -3.368810573503e+00 3.999830845323e+00 4.251527075020e+00 -2.112698684076e+00 1.870329759295e+00 1.021255956342e+00 1.150624086038e+00
1660	-1.123135709305e-01 7.386269514689e-02 4.815465431982e-01 3.133101225379e+00 -4.473774988384e+00 -4.223644948960e+00 -7.035151017505e-01 -2.962056084445e-01 -3.368810573503e+00 3.999830845323e+00 4.251527075020e+00 -2.112698684076e+00 1.870329759295e+00 1.021038824418e+00 1.151011394762e+00
1670	-1.123135709305e-01 7.386269514689e-02 4.815465431982e-01 3.133101225379e+00 -4.473774988384e+00 -4.223644948960e+00 -7.035151017505e-01 -2.962056084445e-01 -3.368810573503e+00 3.999830845323e+00 4.251527075020e+00 -2.112698684076e+00 1.870329759295e+00 1.020820517086e+00 1.151398682705e+00
1680	-1.123135709305e-01 7.386269514689e-02 4.815465431982e-01 3.133101225379e+00 -4.473774988384e+00 -4.223644948960e+00 -7.035151017505e-01 -2.962056084445e-01 -3.368810573503e+00 3.999830845323e+00 4.251527075020e+00 -2.112698684076e+00 1.870329759295e+00 1.020600250088e+00 1.151786989669e+00
1690	-1.123135709305e-01 7.386269514689e-02 4.815465431982e-01 3.133101225379e+00 -4.473774988384e+00 -4.223644948960e+00 -7.035151017505e-01 -2.962056084445e-01 -3.368810573503e+00 3.999830845323e+00 4.251527075020e+00 -2.112698684076e+00 1.870329759295e+00 1.020378982039e+00 1.152175835832e+00
1700	-1.123135709305e-01 7.386269514689e-02 4.815465431982e-01 3.133101225379e+00 -4.473774988384e+00 -4.223644948960e+00 -7.035151017505e-01 -2.962056084445e-01 -3.368810573503e+00 3.999830845323e+00 4.251527075020e+00 -2.112698684076e+00 1.870329759295e+00 1.020157095996e+00 1.152565015992e+00
1710	-1.123135709305e-01 7.386269514689e-02 4.815465431982e-01 3.133101225379e+00 -4.473774988384e+00 -4.223644948960e+00 -7.035151017505e-01 -2.962056084445e-01 -3.368810573503e+00 3.999830845323e+00 4.251527075020e+00 -2.112698684076e+00 1.870329759295e+00 1.019934768678e+00 1.152954774446e+00
1720	-1.123135709305e-01 7.386269514689e-02 4.815465431982e-01 3.133101225379e+00 -4.473774988384e+00 -4.223644948960e+00 -7.035151017505e-01 -2.962056084445e-01 -3.368810573503e+00 3.999830845323e+00 4.251527075020e+00 -2.112698684076e+00 1.870329759295e+00 1.019712395064e+00 1.153345548097e+00
1730	-1.123135709305e-01 7.386269514689e-02 4.815465431982e-01 3.133101225379e+00 -4.473774988384e+00 -4.223644948960e+00 -7.035151017505e-01 -2.962056084445e-01 -3.368810573503e+00 3.999830845323e+00 4.251527075020e+00 -2.112698684076e+00 1.870329759295e+00 1.019489980525e+00 1.153738525967e+00
1740	-1.123135709305e-01 7.386269514689e-02 4.815465431982e-01 3.133101225379e+00 -4.473774988384e+00 -4.223644948960e+00 -7.035151017505e-01 -2.962056084445e-01 -3.368810573503e+00 3.999830845323e+00 4.251527075020e+00 -2.112698684076e+00 1.870329759295e+00 1.019267558435e+00 1.154135085140e+00
1750	-1.123135709305e-01 7.386269514689e-02 4.815465431982e-01 3.133101225379e+00 -4.473774988384e+00 -4.223644948960e+00 -7.035151017505e-01 -2.962056084445e-01 -3.368810573503e+00 3.999830845323e+00 4.251527075020e+00 -2.112698684076e+00 1.870329759295e+00 1.019045722065e+00 1.154535740675e+00
1760	-1.123135709305e-01 7.386269514689e-02 4.815465431982e-01 3.133101225379e+00 -4.473774988384e+00 -4.223644948960e+00 -7.035151017505e-01 -2.962056084445e-01 -3.368810573503e+00 3.999830845323e+00 4.251527075020e+00 -2.112698684076e+00 1.870329759295e+00 1.018825043975e+00 1.154940472325e+00
1770	-1.123135709305e-01 7.386269514689e-02 4.815465431982e-01 3.133101225379e+00 -4.473774988384e+00 -4.223644948960e+00 -7.035151017505e-01 -2.962056084445e-01 -3.368810573503e+00 3.999830845323e+00 4.251527075020e+00 -2.112698684076e+00 1.870329759295e+00 1.018605176031e+00 1.155349106115e+00
1780	-1.123135709305e-01 7.386269514689e-02 4.815465431982e-01 3.133101225379e+00 -4.473774988384e+00 -4.223644948960e+00 -7.035151017505e-01 -2.962056084445e-01 -3.368810573503e+00 3.999830845323e+00 4.251527075020e+00 -2.112698684076e+00 1.870329759295e+00 1.018385227844e+00 1.155760997817e+00
1790	-1.123135709305e-01 7.386269514689e-02 4.815465431982e-01 3.133101225379e+00 -4.473774988384e+00 -4.223644948960e+00 -7.035151017505e-01 -2.962056084445e-01 -3.368810573503e+00 3.999830845323e+00 4.251527075020e+00 -2.112698684076e+00 1.870329759295e+00 1.018165435233e+00 1.156174979197e+00
1800	-1.123135709305e-01 7.386269514689e-02 4.815465431982e-01 3.133101225379e+00 -4.473774988384e+00 -4.223644948960e+00 -7.035151017505e-01 -2.962056084445e-01 -3.368810573503e+00 3.999830845323e+00 4.251527075020e+00 -2.112698684076e+00 1.870329759295e+00 1.017945864289e+00 1.156591448663e+00
1810	-1.123135709305e-01 7.386269514689e-02 4.815465431982e-01 3.133101225379e+00 -4.473774988384e+00 -4.223644948960e+00 -7.035151017505e-01 -2.962056084445e-01 -3.368810573503e+00 3.999830845323e+00 4.251527075020e+00 -2.112698684076e+00 1.870329759295e+00 1.017724918150e+00 1.157013179082e+00
1820	-1.123135709305e-01 7.386269514689e-02 4.815465431982e-01 3.133101225379e+00 -4.473774988384e+00 -4.223644948960e+00 -7.035151017505e-01 -2.962056084445e-01 -3.368810573503e+00 3.999830845323e+00 4.251527075020e+00 -2.112698684076e+00 1.870329759295e+00 1.017502759648e+00 1.157441212547e+00
1830	-1.123135709305e-01 7.386269514689e-02 4.815465431982e-01 3.133101225379e+00 -4.473774988384e+00 -4.223644948960e+00 -7.035151017505e-01 -2.962056084445e-01 -3.368810573503e+00 3.999830845323e+00 4.251527075020e+00 -2.112698684076e+00 1.870329759295e+00 1.017281811067e+00 1.157873504294e+00
1840	-1.123135709305e-01 7.386269514689e-02 4.815465431982e-01 3.133101225379e+00 -4.473774988384e+00 -4.223644948960e+00 -7.035151017505e-01 -2.962056084445e-01 -3.368810573503e+00 3.999830845323e+00 4.251527075020e+00 -2.112698684076e+00 1.870329759295e+00 1.017063874288e+00 1.158307376295e+00
1850	-1.123135709305e-01 7.386269514689e-02 4.815465431982e-01 3.133101225379e+00 -4.473774988384e+00 -4.223644948960e+00 -7.035151017505e-01 -2.962056084445e-01 -3.368810573503e+00 3.999830845323e+00 4.251527075020e+00 -2.112698684076e+00 1.870329759295e+00 1.016848296400e+00 1.158741780533e+00
1860	-1.123135709305e-01 7.386269514689e-02 4.815465431982e-01 3.133101225379e+00 -4.473774988384e+00 -4.223644948960e+00 -7.035151017505e-01 -2.962056084445e-01 -3.368810573503e+00 3.999830845323e+00 4.251527075020e+00 -2.112698684076e+00 1.870329759295e+00 1.016632045509e+00 1.159177521084e+00
1870	-1.123135709305e-01 7.386269514689e-02 4.815465431982e-01 3.133101225379e+00 -4.473774988384e+00 -4.223644948960e+00 -7.035151017505e-01 -2.962056084445e-01 -3.368810573503e+00 3.999830845323e+00 4.251527075020e+00 -2.112698684076e+00 1.870329759295e+00 1.016412818648e+00 1.159614816460e+00
1880	-1.123135709305e-01 7.386269514689e-02 4.815465431982e-01 3.133101225379e+00 -4.473774988384e+00 -4.223644948960e+00 -7.035151017505e-01 -2.962056084445e-01 -3.368810573503e+00 3.999830845323e+00 4.251527075020e+00 -2.112698684076e+00 1.870329759295e+00 1.016190817838e+00 1.160052525642e+00
1890	-1.123135709305e-01 7.386269514689e-02 4.815465431982e-01 3.133101225379e+00 -4.473774988384e+00 -4.223644948960e+00 -7.035151017505e-01 -2.962056084445e-01 -3.368810573503e+00 3.999830845323e+00 4.251527075020e+00 -2.112698684076e+00 1.870329759295e+00 1.015967197140e+00 1.160489863686e+00
1900	-1.123135709305e-01 7.386269514689e-02 4.815465431982e-01 3.133101225379e+00 -4.473774988384e+00 -4.223644948960e+00 -7.035151017505e-01 -2.962056084445e-01 -3.368810573503e+00 3.999830845323e+00 4.251527075020e+00 -2.112698684076e+00 1.870329759295e+00 1.015742452210e+00 1.160927038362e+00
1910	-1.123135709305e-01 7.386269514689e-02 4.815465431982e-01 3.133101225379e+00 -4.473774988384e+00 -4.223644948960e+00 -7.035151017505e-01 -2.962056084445e-01 -3.368810573503e+00 3.999830845323e+00 4.251527075020e+00 -2.112698684076e+00 1.870329759295e+00 1.015516059452e+00 1.161364421555e+00
1920	-1.123135709305e-01 7.386269514689e-02 4.815465431982e-01 3.133101225379e+00 -4.473774988384e+00 -4.223644948960e+00 -7.035151017505e-01 -2.962056084445e-01 -3.368810573503e+00 3.999830845323e+00 4.251527075020e+00 -2.112698684076e+00 1.870329759295e+00 1.015286765303e+00 1.161803036632e+00
1930	-1.123135709305e-01 7.386269514689e-02 4.815465431982e-01 3.133101225379e+00 -4.473774988384e+00 -4.223644948960e+00 -7.035151017505e-01 -2.962056084445e-01 -3.368810573503e+00 3.999830845323e+00 4.251527075020e+00 -2.112698684076e+00 1.870329759295e+00 1.015054439746e+00 1.162244209973e+00
1940	-1.123135709305e-01 7.386269514689e-02 4.815465431982e-01 3.133101225379e+00 -4.473774988384e+00 -4.223644948960e+00 -7.035151017505e-01 -2.962056084445e-01 -3.368810573503e+00 3.999830845323e+00 4.251527075020e+00 -2.112698684076e+00 1.870329759295e+00 1.014819901286e+00 1.162688143166e+00
1950	-1.123135709305e-01 7.386269514689e-02 4.815465431982e-01 3.133101225379e+00 -4.473774988384e+00 -4.223644948960e+00 -7.035151017505e-01 -2.962056084445e-01 -3.368810573503e+00 3.999830845323e+00 4.251527075020e+00 -2.112698684076e+00 1.870329759295e+00 1.014582692411e+00 1.163134618597e+00
1960	-1.123135709305e-01 7.386269514689e-02 4.815465431982e-01 3.133101225379e+00 -4.473774988384e+00 -4.223644948960e+00 -7.035151017505e-01 -2.962056084445e-01 -3.368810573503e+00 3.999830845323e+00 4.251527075020e+00 -2.112698684076e+00 1.870329759295e+00 1.014341866469e+00 1.163583995475e+00
1970	-1.123135709305e-01 7.386269514689e-02 4.815465431982e-01 3.133101225379e+00 -4.473774988384e+00 -4.223644948960e+00 -7.035151017505e-01 -2.962056084445e-01 -3.368810573503e+00 3.999830845323e+00 4.251527075020e+00 -2.112698684076e+00 1.870329759295e+00 1.014097812726e+00 1.164036801970e+00
1980	-1.123135709305e-01 7.386269514689e-02 4.815465431982e-01 3.133101225379e+00 -4.473774988384e+00 -4.223644948960e+00 -7.035151017505e-01 -2.962056084445e-01 -3.368810573503e+00 3.999830845323e+00 4.251527075020e+00 -2.112698684076e+00 1.870329759295e+00 1.013852159343e+00 1.164492479711e+00
1990	-1.123135709305e-01 7.386269514689e-02 4.815465431982e-01 3.133101225379e+00 -4.473774988384e+00 -4.223644948960e+00 -7.035151017505e-01 -2.962056084445e-01 -3.368810573503e+00 3.999830845323e+00 4.251527075020e+00 -2.112698684076e+00 1.870329759295e+00 1.013605614837e+00 1.164949992541e+00
2000	-1.123135709305e-01 7.386269514689e-02 4.815465431982e-01 3.133101225379e+00 -4.473774988384e+00 -4.223644948960e+00 -7.035151017505e-01 -2.962056084445e-01 -3.368810573503e+00 3.999830845323e+00 4.251527075020e+00 -2.112698684076e+00 1.870329759295e+00 1.013357160572e+00 1.165409419166e+00
2010	-1.123135709305e-01 7.386269514689e-02 4.815465431982e-01 3.133101225379e+00 -4.473774988384e+00 -4.223644948960e+00 -7.035151017505e-01 -2.962056084445e-01 -3.368810573503e+00 3.999830845323e+00 4.251527075020e+00 -2.112698684076e+00 1.870329759295e+00 1.013106936297e+00 1.165870541807e+00
2020	-1.123135709305e-01 7.386269514689e-02 4.815465431982e-01 3.133101225379e+00 -4.473774988384e+00 -4.223644948960e+00 -7.035151017505e-01 -2.962056084445e-01 -3.368810573503e+00 3.999830845323e+00 4.251527075020e+00 -2.112698684076e+00 1.870329759295e+00 1.012856802163e+00 1.166332076365e+00
2030	-1.123135709305e-01 7.386269514689e-02 4.815465431982e-01 3.133101225379e+00 -4.473774988384e+00 -4.223644948960e+00 -7.035151017505e-01 -2.962056084445e-01 -3.368810573503e+00 3.999830845323e+00 4.251527075020e+00 -2.112698684076e+00 1.870329759295e+00 1.012606957666e+00 1.166794918775e+00
2040	-1.123135709305e-01 7.386269514689e-02 4.815465431982e-01 3.133101225379e+00 -4.473774988384e+00 -4.223644948960e+00 -7.035151017505e-01 -2.962056084445e-01 -3.368810573503e+00 3.999830845323e+00 4.251527075020e+00 -2.112698684076e+00 1.870329759295e+00 1.012355781056e+00 1.167262584295e+00
2050	-1.123135709305e-01 7.386269514689e-02 4.815465431982e-01 3.133101225379e+00 -4.473774988384e+00 -4.223644948960e+00 -7.035151017505e-01 -2.962056084445e-01 -3.368810573503e+00 3.999830845323e+00 4.251527075020e+00 -2.112698684076e+00 1.870329759295e+00 1.012103203047e+00 1.167736361546e+00
2060	-1.123135709305e-01 7.386269514689e-02 4.815465431982e-01 3.133101225379e+00 -4.473774988384e+00 -4.223644948960e+00 -7.035151017505e-01 -2.962056084445e-01 -3.368810573503e+00 3.999830845323e+00 4.251527075020e+00 -2.112698684076e+00 1.870329759295e+00 1.011850226748e+00 1.168214561823e+00
2070	-1.123135709305e-01 7.386269514689e-02 4.815465431982e-01 3.133101225379e+00 -4.473774988384e+00 -4.223644948960e+00 -7.035151017505e-01 -2.962056084445e-01 -3.368810573503e+00 3.999830845323e+00 4.251527075020e+00 -2.112698684076e+00 1.870329759295e+00 1.011594899767e+00 1.168697991445e+00
2080	-1.123135709305e-01 7.386269514689e-02 4.815465431982e-01 3.133101225379e+00 -4.473774988384e+00 -4.223644948960e+00 -7.035151017505e-01 -2.962056084445e-01 -3.368810573503e+00 3.999830845323e+00 4.251527075020e+00 -2.112698684076e+00 1.870329759295e+00 1.011336338525e+00 1.169187878917e+00
2090	-1.123135709305e-01 7.386269514689e-02 4.815465431982e-01 3.133101225379e+00 -4.473774988384e+00 -4.223644948960e+00 -7.035151017505e-01 -2.962056084445e-01 -3.368810573503e+00 3.999830845323e+00 4.251527075020e+00 -2.112698684076e+00 1.870329759295e+00 1.011078702249e+00 1.169681652259e+00
2100	-1.123135709305e-01 7.386269514689e-02 4.815465431982e-01 3.133101225379e+00 -4.473774988384e+00 -4.223644948960e+00 -7.035151017505e-01 -2.962056084445e-01 -3.368810573503e+00 3.999830845323e+00 4.251527075020e+00 -2.112698684076e+00 1.870329759295e+00 1.010825718055e+00 1.170176540135e+00
2110	-1.123135709305e-01 7.386269514689e-02 4.815465431982e-01 3.133101225379e+00 -4.473774988384e+00 -4.223644948960e+00 -7.035151017505e-01 -2.962056084445e-01 -3.368810573503e+00 3.999830845323e+00 4.251527075020e+00 -2.112698684076e+00 1.870329759295e+00 1.010577700153e+00 1.170672308054e+00
2120	-1.123135709305e-01 7.386269514689e-02 4.815465431982e-01 3.133101225379e+00 -4.473774988384e+00 -4.223644948960e+00 -7.035151017505e-01 -2.962056084445e-01 -3.368810573503e+00 3.999830845323e+00 4.251527075020e+00 -2.112698684076e+00 1.870329759295e+00 1.010332273378e+00 1.171170143519e+00
2130	-1.123135709305e-01 7.386269514689e-02 4.815465431982e-01 3.133101225379e+00 -4.473774988384e+00 -4.223644948960e+00 -7.035151017505e-01 -2.962056084445e-01 -3.368810573503e+00 3.999830845323e+00 4.251527075020e+00 -2.112698684076e+00 1.870329759295e+00 1.010088671796e+00 1.171669295262e+00
2140	-1.123135709305e-01 7.386269514689e-02 4.815465431982e-01 3.133101225379e+00 -4.473774988384e+00 -4.223644948960e+00 -7.035151017505e-01 -2.962056084445e-01 -3.368810573503e+00 3.999830845323e+00 4.251527075020e+00 -2.112698684076e+00 1.870329759295e+00 1.009847807815e+00 1.172168248412e+00
2150	-1.123135709305e-01 7.386269514689e-02 4.815465431982e-01 3.133101225379e+00 -4.473774988384e+00 -4.223644948960e+00 -7.035151017505e-01 -2.962056084445e-01 -3.368810573503e+00 3.999830845323e+00 4.251527075020e+00 -2.112698684076e+00 1.870329759295e+00 1.009608999446e+00 1.172666965392e+00
2160	-1.123135709305e-01 7.386269514689e-02 4.815465431982e-01 3.133101225379e+00 -4.473774988384e+00 -4.223644948960e+00 -7.035151017505e-01 -2.962056084445e-01 -3.368810573503e+00 3.999830845323e+00 4.251527075020e+00 -2.112698684076e+00 1.870329759295e+00 1.009371427456e+00 1.173164736380e+00
2170	-1.123135709305e-01 7.386269514689e-02 4.815465431982e-01 3.133101225379e+00 -4.473774988384e+00 -4.223644948960e+00 -7.035151017505e-01 -2.962056084445e-01 -3.368810573503e+00 3.999830845323e+00 4.251527075020e+00 -2.112698684076e+00 1.870329759295e+00 1.009134697214e+00 1.173660435534e+00
2180	-1.123135709305e-01 7.386269514689e-02 4.815465431982e-01 3.133101225379e+00 -4.473774988384e+00 -4.223644948960e+00 -7.035151017505e-01 -2.962056084445e-01 -3.368810573503e+00 3.999830845323e+00 4.251527075020e+00 -2.112698684076e+00 1.870329759295e+00 1.008898920162e+00 1.174153266981e+00
2190	-1.123135709305e-01 7.386269514689e-02 4.815465431982e-01 3.133101225379e+00 -4.473774988384e+00 -4.223644948960e+00 -7.035151017505e-01 -2.962056084445e-01 -3.368810573503e+00 3.999830845323e+00 4.251527075020e+00 -2.112698684076e+00 1.870329759295e+00 1.008665494707e+00 1.174642362626e+00
2200	-1.123135709305e-01 7.386269514689e-02 4.815465431982e-01 3.133101225379e+00 -4.473774988384e+00 -4.223644948960e+00 -7.035151017505e-01 -2.962056084445e-01 -3.368810573503e+00 3.999830845323e+00 4.251527075020e+00 -2.112698684076e+00 1.870329759295e+00 1.008434635968e+00 1.175127732264e+00
2210	-1.123135709305e-01 7.386269514689e-02 4.815465431982e-01 3.133101225379e+00 -4.473774988384e+00 -4.223644948960e+00 -7.035151017505e-01 -2.962056084445e-01 -3.368810573503e+00 3.999830845323e+00 4.251527075020e+00 -2.112698684076e+00 1.870329759295e+00 1.008203794880e+00 1.175610371515e+00
2220	-1.123135709305e-01 7.386269514689e-02 4.815465431982e-01 3.133101225379e+00 -4.473774988384e+00 -4.223644948960e+00 -7.035151017505e-01 -2.962056084445e-01 -3.368810573503e+00 3.999830845323e+00 4.251527075020e+00 -2.112698684076e+00 1.870329759295e+00 1.007968863423e+00 1.176092033402e+00
2230	-1.123135709305e-01 7.386269514689e-02 4.815465431982e-01 3.133101225379e+00 -4.473774988384e+00 -4.223644948960e+00 -7.035151017505e-01 -2.962056084445e-01 -3.368810573503e+00 3.999830845323e+00 4.251527075020e+00 -2.112698684076e+00 1.870329759295e+00 1.007727303486e+00 1.176573573748e+00
2240	-1.123135709305e-01 7.386269514689e-02 4.815465431982e-01 3.133101225379e+00 -4.473774988384e+00 -4.223644948960e+00 -7.035151017505e-01 -2.962056084445e-01 -3.368810573503e+00 3.999830845323e+00 4.251527075020e+00 -2.112698684076e+00 1.870329759295e+00 1.007479158670e+00 1.177055083608e+00
2250	-1.123135709305e-01 7.386269514689e-02 4.815465431982e-01 3.133101225379e+00 -4.473774988384e+00 -4.223644948960e+00 -7.035151017505e-01 -2.962056084445e-01 -3.368810573503e+00 3.999830845323e+00 4.251527075020e+00 -2.112698684076e+00 1.870329759295e+00 1.007225754781e+00 1.177537686053e+00
2260	-1.123135709305e-01 7.386269514689e-02 4.815465431982e-01 3.133101225379e+00 -4.473774988384e+00 -4.223644948960e+00 -7.035151017505e-01 -2.962056084445e-01 -3.368810573503e+00 3.999830845323e+00 4.251527075020e+00 -2.112698684076e+00 1.870329759295e+00 1.006971190142e+00 1.178020873393e+00
2270	-1.123135709305e-01 7.386269514689e-02 4.815465431982e-01 3.133101225379e+00 -4.473774988384e+00 -4.223644948960e+00 -7.035151017505e-01 -2.962056084445e-01 -3.368810573503e+00 3.999830845323e+00 4.251527075020e+00 -2.112698684076e+00 1.870329759295e+00 1.006720300996e+00 1.178503260568e+00
2280	-1.123135709305e-01 7.386269514689e-02 4.815465431982e-01 3.133101225379e+00 -4.473774988384e+00 -4.223644948960e+00 -7.035151017505e-01 -2.962056084445e-01 -3.368810573503e+00 3.999830845323e+00 4.251527075020e+00 -2.112698684076e+00 1.870329759295e+00 1.006474379954e+00 1.178985505801e+00
2290	-1.123135709305e-01 7.386269514689e-02 4.815465431982e-01 3.133101225379e+00 -4.473774988384e+00 -4.223644948960e+00 -7.035151017505e-01 -2.962056084445e-01 -3.368810573503e+00 3.999830845323e+00 4.251527075020e+00 -2.112698684076e+00 1.870329759295e+00 1.006232097645e+00 1.179468674817e+00
2300	-1.123135709305e-01 7.386269514689e-02 4.815465431982e-01 3.133101225379e+00 -4.473774988384e+00 -4.223644948960e+00 -7.035151017505e-01 -2.962056084445e-01 -3.368810573503e+00 3.999830845323e+00 4.251527075020e+00 -2.112698684076e+00 1.870329759295e+00 1.005990342382e+00 1.179954526418e+00
2310	-1.123135709305e-01 7.386269514689e-02 4.815465431982e-01 3.133101225379e+00 -4.473774988384e+00 -4.223644948960e+00 -7.035151017505e-01 -2.962056084445e-01 -3.368810573503e+00 3.999830845323e+00 4.251527075020e+00 -2.112698684076e+00 1.870329759295e+00 1.005747497867e+00 1.180444165513e+00
2320	-1.123135709305e-01 7.386269514689e-02 4.815465431982e-01 3.133101225379e+00 -4.473774988384e+00 -4.223644948960e+00 -7.035151017505e-01 -2.962056084445e-01 -3.368810573503e+00 3.999830845323e+00 4.251527075020e+00 -2.112698684076e+00 1.870329759295e+00 1.005503412975e+00 1.180938428585e+00
2330	-1.123135709305e-01 7.386269514689e-02 4.815465431982e-01 3.133101225379e+00 -4.473774988384e+00 -4.223644948960e+00 -7.035151017505e-01 -2.962056084445e-01 -3.368810573503e+00 3.999830845323e+00 4.251527075020e+00 -2.112698684076e+00 1.870329759295e+00 1.005258111590e+00 1.181438339971e+00
2340	-1.123135709305e-01 7.386269514689e-02 4.815465431982e-01 3.133101225379e+00 -4.473774988384e+00 -4.223644948960e+00 -7.035151017505e-01 -2.962056084445e-01 -3.368810573503e+00 3.999830845323e+00 4.251527075020e+00 -2.112698684076e+00 1.870329759295e+00 1.005012210552e+00 1.181944104544e+00
2350	-1.123135709305e-01 7.386269514689e-02 4.815465431982e-01 3.133101225379e+00 -4.473774988384e+00 -4.223644948960e+00 -7.035151017505e-01 -2.962056084445e-01 -3.368810573503e+00 3.999830845323e+00 4.251527075020e+00 -2.112698684076e+00 1.870329759295e+00 1.004765904113e+00 1.182456456187e+00
2360	-1.123135709305e-01 7.386269514689e-02 4.815465431982e-01 3.133101225379e+00 -4.473774988384e+00 -4.223644948960e+00 -7.035151017505e-01 -2.962056084445e-01 -3.368810573503e+00 3.999830845323e+00 4.251527075020e+00 -2.112698684076e+00 1.870329759295e+00 1.004519792572e+00 1.182976535228e+00
2370	-1.123135709305e-01 7.386269514689e-02 4.815465431982e-01 3.133101225379e+00 -4.473774988384e+00 -4.223644948960e+00 -7.035151017505e-01 -2.962056084445e-01 -3.368810573503e+00 3.999830845323e+00 4.251527075020e+00 -2.112698684076e+00 1.870329759295e+00 1.004275466133e+00 1.183503967584e+00
2380	-1.123135709305e-01 7.386269514689e-02 4.815465431982e-01 3.133101225379e+00 -4.473774988384e+00 -4.223644948960e+00 -7.035151017505e-01 -2.962056084445e-01 -3.368810573503e+00 3.999830845323e+00 4.251527075020e+00 -2.112698684076e+00 1.870329759295e+00 1.004033416330e+00 1.184038251859e+00
2390	-1.123135709305e-01 7.386269514689e-02 4.815465431982e-01 3.133101225379e+00 -4.473774988384e+00 -4.223644948960e+00 -7.035151017505e-01 -2.962056084445e-01 -3.368810573503e+00 3.999830845323e+00 4.251527075020e+00 -2.112698684076e+00 1.870329759295e+00 1.003793269894e+00 1.184579042650e+00
2400	-1.123135709305e-01 7.386269514689e-02 4.815465431982e-01 3.133101225379e+00 -4.473774988384e+00 -4.223644948960e+00 -7.035151017505e-01 -2.962056084445e-01 -3.368810573503e+00 3.999830845323e+00 4.251527075020e+00 -2.112698684076e+00 1.870329759295e+00 1.003555067295e+00 1.185125076505e+00
2410	-1.123135709305e-01 7.386269514689e-02 4.815465431982e-01 3.133101225379e+00 -4.473774988384e+00 -4.223644948960e+00 -7.035151017505e-01 -2.962056084445e-01 -3.368810573503e+00 3.999830845323e+00 4.251527075020e+00 -2.112698684076e+00 1.870329759295e+00 1.003318035600e+00 1.185675432332e+00
2420	-1.123135709305e-01 7.386269514689e-02 4.815465431982e-01 3.133101225379e+00 -4.473774988384e+00 -4.223644948960e+00 -7.035151017505e-01 -2.962056084445e-01 -3.368810573503e+00 3.999830845323e+00 4.251527075020e+00 -2.112698684076e+00 1.870329759295e+00 1.003081943185e+00 1.186228307967e+00
2430	-1.123135709305e-01 7.386269514689e-02 4.815465431982e-01 3.133101225379e+00 -4.473774988384e+00 -4.223644948960e+00 -7.035151017505e-01 -2.962056084445e-01 -3.368810573503e+00 3.999830845323e+00 4.251527075020e+00 -2.112698684076e+00 1.870329759295e+00 1.002846130204e+00 1.186782473519e+00
2440	-1.123135709305e-01 7.386269514689e-02 4.815465431982e-01 3.133101225379e+00 -4.473774988384e+00 -4.223644948960e+00 -7.035151017505e-01 -2.962056084445e-01 -3.368810573503e+00 3.999830845323e+00 4.251527075020e+00 -2.112698684076e+00 1.870329759295e+00 1.002609997486e+00 1.187337104815e+00
2450	-1.123135709305e-01 7.386269514689e-02 4.815465431982e-01 3.133101225379e+00 -4.473774988384e+00 -4.223644948960e+00 -7.035151017505e-01 -2.962056084445e-01 -3.368810573503e+00 3.999830845323e+00 4.251527075020e+00 -2.112698684076e+00 1.870329759295e+00 1.002372776847e+00 1.187891733212e+00
2460	-1.123135709305e-01 7.386269514689e-02 4.815465431982e-01 3.133101225379e+00 -4.473774988384e+00 -4.223644948960e+00 -7.035151017505e-01 -2.962056084445e-01 -3.368810573503e+00 3.999830845323e+00 4.251527075020e+00 -2.112698684076e+00 1.870329759295e+00 1.002133353312e+00 1.188446922034e+00
2470	-1.123135709305e-01 7.386269514689e-02 4.815465431982e-01 3.133101225379e+00 -4.473774988384e+00 -4.223644948960e+00 -7.035151017505e-01 -2.962056084445e-01 -3.368810573503e+00 3.999830845323e+00 4.251527075020e+00 -2.112698684076e+00 1.870329759295e+00 1.001892316880e+00 1.189002248552e+00
2480	-1.123135709305e-01 7.386269514689e-02 4.815465431982e-01 3.133101225379e+00 -4.473774988384e+00 -4.223644948960e+00 -7.035151017505e-01 -2.962056084445e-01 -3.368810573503e+00 3.999830845323e+00 4.251527075020e+00 -2.112698684076e+00 1.870329759295e+00 1.001650329230e+00 1.189556682633e+00
2490	-1.123135709305e-01 7.386269514689e-02 4.815465431982e-01 3.133101225379e+00 -4.473774988384e+00 -4.223644948960e+00 -7.035151017505e-01 -2.962056084445e-01 -3.368810573503e+00 3.999830845323e+00 4.251527075020e+00 -2.112698684076e+00 1.870329759295e+00 1.001406625245e+00 1.190109874203e+00
2500	-1.123135709305e-01 7.386269514689e-02 4.815465431982e-01 3.133101225379e+00 -4.473774988384e+00 -4.223644948960e+00 -7.035151017505e-01 -2.962056084445e-01 -3.368810573503e+00 3.999830845323e+00 4.251527075020e+00 -2.112698684076e+00 1.870329759295e+00 1.001158667884e+00 1.190663201680e+00
2510	-1.123135709305e-01 7.386269514689e-02 4.815465431982e-01 3.133101225379e+00 -4.473774988384e+00 -4.223644948960e+00 -7.035151017505e-01 -2.962056084445e-01 -3.368810573503e+00 3.999830845323e+00 4.251527075020e+00 -2.112698684076e+00 1.870329759295e+00 1.000904078027e+00 1.191218327267e+00
2520	-1.123135709305e-01 7.386269514689e-02 4.815465431982e-01 3.133101225379e+00 -4.473774988384e+00 -4.223644948960e+00 -7.035151017505e-01 -2.962056084445e-01 -3.368810573503e+00 3.999830845323e+00 4.251527075020e+00 -2.112698684076e+00 1.870329759295e+00 1.000643186962e+00 1.191775516608e+00
2530	-1.123135709305e-01 7.386269514689e-02 4.815465431982e-01 3.133101225379e+00 -4.473774988384e+00 -4.223644948960e+00 -7.035151017505e-01 -2.962056084445e-01 -3.368810573503e+00 3.999830845323e+00 4.251527075020e+00 -2.112698684076e+00 1.870329759295e+00 1.000379236258e+00 1.192333268447e+00
2540	-1.123135709305e-01 7.386269514689e-02 4.815465431982e-01 3.133101225379e+00 -4.473774988384e+00 -4.223644948960e+00 -7.035151017505e-01 -2.962056084445e-01 -3.368810573503e+00 3.999830845323e+00 4.251527075020e+00 -2.112698684076e+00 1.870329759295e+00 1.000114425889e+00 1.192890919871e+00
2550	-1.123135709305e-01 7.386269514689e-02 4.815465431982e-01 3.133101225379e+00 -4.473774988384e+00 -4.223644948960e+00 -7.035151017505e-01 -2.962056084445e-01 -3.368810573503e+00 3.999830845323e+00 4.251527075020e+00 -2.112698684076e+00 1.870329759295e+00 9.998482954730e-01 1.193449052355e+00
2560	-1.123135709305e-01 7.386269514689e-02 4.815465431982e-01 3.133101225379e+00 -4.473774988384e+00 -4.223644948960e+00 -7.035151017505e-01 -2.962056084445e-01 -3.368810573503e+00 3.999830845323e+00 4.251527075020e+00 -2.112698684076e+00 1.870329759295e+00 9.995798653186e-01 1.194008688927e+00
2570	-1.123135709305e-01 7.386269514689e-02 4.815465431982e-01 3.133101225379e+00 -4.473774988384e+00 -4.223644948960e+00 -7.035151017505e-01 -2.962056084445e-01 -3.368810573503e+00 3.999830845323e+00 4.251527075020e+00 -2.112698684076e+00 1.870329759295e+00 9.993110863979e-01 1.194569851942e+00
2580	-1.123135709305e-01 7.386269514689e-02 4.815465431982e-01 3.133101225379e+00 -4.473774988384e+00 -4.223644948960e+00 -7.035151017505e-01 -2.962056084445e-01 -3.368810573503e+00 3.999830845323e+00 4.251527075020e+00 -2.112698684076e+00 1.870329759295e+00 9.990456041299e-01 1.195132170701e+00
2590	-1.123135709305e-01 7.386269514689e-02 4.815465431982e-01 3.133101225379e+00 -4.473774988384e+00 -4.223644948960e+00 -7.035151017505e-01 -2.962056084445e-01 -3.368810573503e+00 3.999830845323e+00 4.251527075020e+00 -2.112698684076e+00 1.870329759295e+00 9.987841067897e-01 1.195697500335e+00
2600	-1.123135709305e-01 7.386269514689e-02 4.815465431982e-01 3.133101225379e+00 -4.473774988384e+00 -4.223644948960e+00 -7.035151017505e-01 -2.962056084445e-01 -3.368810573503e+00 3.999830845323e+00 4.251527075020e+00 -2.112698684076e+00 1.870329759295e+00 9.985255314276e-01 1.196267624506e+00
2610	-1.123135709305e-01 7.386269514689e-02 4.815465431982e-01 3.133101225379e+00 -4.473774988384e+00 -4.223644948960e+00 -7.035151017505e-01 -2.962056084445e-01 -3.368810573503e+00 3.999830845323e+00 4.251527075020e+00 -2.112698684076e+00 1.870329759295e+00 9.982697167726e-01 1.196842253624e+00
2620	-1.123135709305e-01 7.386269514689e-02 4.815465431982e-01 3.133101225379e+00 -4.473774988384e+00 -4.223644948960e+00 -7.035151017505e-01 -2.962056084445e-01 -3.368810573503e+00 3.999830845323e+00 4.251527075020e+00 -2.112698684076e+00 1.870329759295e+00 9.980165462102e-01 1.197421448871e+00
2630	-1.123135709305e-01 7.386269514689e-02 4.815465431982e-01 3.133101225379e+00 -4.473774988384e+00 -4.223644948960e+00 -7.035151017505e-01 -2.962056084445e-01 -3.368810573503e+00 3.999830845323e+00 4.251527075020e+00 -2.112698684076e+00 1.870329759295e+00 9.977646251816e-01 1.198007036747e+00
2640	-1.123135709305e-01 7.386269514689e-02 4.815465431982e-01 3.133101225379e+00 -4.473774988384e+00 -4.223644948960e+00 -7.035151017505e-01 -2.962056084445e-01 -3.368810573503e+00 3.999830845323e+00 4.251527075020e+00 -2.112698684076e+00 1.870329759295e+00 9.975124679998e-01 1.198600558313e+00
2650	-1.123135709305e-01 7.386269514689e-02 4.815465431982e-01 3.133101225379e+00 -4.473774988384e+00 -4.223644948960e+00 -7.035151017505e-01 -2.962056084445e-01 -3.368810573503e+00 3.999830845323e+00 4.251527075020e+00 -2.112698684076e+00 1.870329759295e+00 9.972612245408e-01 1.199201552130e+00
