10	-1.157441950446e-01 4.916438130181e+00 -2.586380799224e+00 1.874412247649e+00 2.336464614247e+00 -2.305007670788e+00 2.355643581128e+00 -5.148177204724e+00 -2.104508212696e+00 2.070846999332e+00 -2.563013999317e+00 2.031924367027e+00 -2.267465187675e+00 3.081464725383e+00 3.514780675983e+00
20	-1.157441950446e-01 4.916438130181e+00 -2.586380799224e+00 1.874412247649e+00 2.336464614247e+00 -2.305007670788e+00 2.355643581128e+00 -5.148177204724e+00 -2.104508212696e+00 2.070846999332e+00 -2.563013999317e+00 2.031924367027e+00 -2.267465187675e+00 3.081463999413e+00 3.514781409555e+00
30	-1.157441950446e-01 4.916438130181e+00 -2.586380799224e+00 1.874412247649e+00 2.336464614247e+00 -2.305007670788e+00 2.355643581128e+00 -5.148177204724e+00 -2.104508212696e+00 2.070846999332e+00 -2.563013999317e+00 2.031924367027e+00 -2.267465187675e+00 3.081462935871e+00 3.514782499462e+00
40	-1.157441950446e-01 4.916438130181e+00 -2.586380799224e+00 1.874412247649e+00 2.336464614247e+00 -2.305007670788e+00 2.355643581128e+00 -5.148177204724e+00 -2.104508212696e+00 2.070846999332e+00 -2.563013999317e+00 2.031924367027e+00 -2.267465187675e+00 3.081461305620e+00 3.514784210295e+00
50	-1.157441950446e-01 4.916438130181e+00 -2.586380799224e+00 1.874412247649e+00 2.336464614247e+00 -2.305007670788e+00 2.355643581128e+00 -5.148177204724e+00 -2.104508212696e+00 2.070846999332e+00 -2.563013999317e+00 2.031924367027e+00 -2.267465187675e+00 3.081458419020e+00 3.514787319764e+00
60	-1.157441950446e-01 4.916438130181e+00 -2.586380799224e+00 1.874412247649e+00 2.336464614247e+00 -2.305007670788e+00 2.355643581128e+00 -5.148177204724e+00 -2.104508212696e+00 2.070846999332e+00 -2.563013999317e+00 2.031924367027e+00 -2.267465187675e+00 3.081453206181e+00 3.514793067272e+00
70	-1.157441950446e-01 4.916438130181e+00 -2.586380799224e+00 1.874412247649e+00 2.336464614247e+00 -2.305007670788e+00 2.355643581128e+00 -5.148177204724e+00 -2.104508212696e+00 2.070846999332e+00 -2.563013999317e+00 2.031924367027e+00 -2.267465187675e+00 3.081444473694e+00 3.514802907793e+00
80	-1.157441950446e-01 4.916438130181e+00 -2.586380799224e+00 1.874412247649e+00 2.336464614247e+00 -2.305007670788e+00 2.355643581128e+00 -5.148177204724e+00 -2.104508212696e+00 2.070846999332e+00 -2.563013999317e+00 2.031924367027e+00 -2.267465187675e+00 3.081431171876e+00 3.514818231584e+00
90	-1.157441950446e-01 4.916438130181e+00 -2.586380799224e+00 1.874412247649e+00 2.336464614247e+00 -2.305007670788e+00 2.355643581128e+00 -5.148177204724e+00 -2.104508212696e+00 2.070846999332e+00 -2.563013999317e+00 2.031924367027e+00 -2.267465187675e+00 3.081412618055e+00 3.514840092032e+00
100	-1.157441950446e-01 4.916438130181e+00 -2.586380799224e+00 1.874412247649e+00 2.336464614247e+00 -2.305007670788e+00 2.355643581128e+00 -5.148177204724e+00 -2.104508212696e+00 2.070846999332e+00 -2.563013999317e+00 2.031924367027e+00 -2.267465187675e+00 3.081388825432e+00 3.514868755490e+00
110	-1.157441950446e-01 4.916438130181e+00 -2.586380799224e+00 1.874412247649e+00 2.336464614247e+00 -2.305007670788e+00 2.355643581128e+00 -5.148177204724e+00 -2.104508212696e+00 2.070846999332e+00 -2.563013999317e+00 2.031924367027e+00 -2.267465187675e+00 3.081360411590e+00 3.514903679495e+00
120	-1.157441950446e-01 4.916438130181e+00 -2.586380799224e+00 1.874412247649e+00 2.336464614247e+00 -2.305007670788e+00 2.355643581128e+00 -5.148177204724e+00 -2.104508212696e+00 2.070846999332e+00 -2.563013999317e+00 2.031924367027e+00 -2.267465187675e+00 3.081327975968e+00 3.514944077414e+00
130	-1.157441950446e-01 4.916438130181e+00 -2.586380799224e+00 1.874412247649e+00 2.336464614247e+00 -2.305007670788e+00 2.355643581128e+00 -5.148177204724e+00 -2.104508212696e+00 2.070846999332e+00 -2.563013999317e+00 2.031924367027e+00 -2.267465187675e+00 3.081291888845e+00 3.514989101517e+00
140	-1.157441950446e-01 4.916438130181e+00 -2.586380799224e+00 1.874412247649e+00 2.336464614247e+00 -2.305007670788e+00 2.355643581128e+00 -5.148177204724e+00 -2.104508212696e+00 2.070846999332e+00 -2.563013999317e+00 2.031924367027e+00 -2.267465187675e+00 3.081252265874e+00 3.515037970632e+00
150	-1.157441950446e-01 4.916438130181e+00 -2.586380799224e+00 1.874412247649e+00 2.336464614247e+00 -2.305007670788e+00 2.355643581128e+00 -5.148177204724e+00 -2.104508212696e+00 2.070846999332e+00 -2.563013999317e+00 2.031924367027e+00 -2.267465187675e+00 3.081209317107e+00 3.515089872802e+00
160	-1.157441950446e-01 4.916438130181e+00 -2.586380799224e+00 1.874412247649e+00 2.336464614247e+00 -2.305007670788e+00 2.355643581128e+00 -5.148177204724e+00 -2.104508212696e+00 2.070846999332e+00 -2.563013999317e+00 2.031924367027e+00 -2.267465187675e+00 3.081163627432e+00 3.515143867789e+00
170	-1.157441950446e-01 4.916438130181e+00 -2.586380799224e+00 1.874412247649e+00 2.336464614247e+00 -2.305007670788e+00 2.355643581128e+00 -5.148177204724e+00 -2.104508212696e+00 2.070846999332e+00 -2.563013999317e+00 2.031924367027e+00 -2.267465187675e+00 3.081116105283e+00 3.515198889410e+00
180	-1.157441950446e-01 4.916438130181e+00 -2.586380799224e+00 1.874412247649e+00 2.336464614247e+00 -2.305007670788e+00 2.355643581128e+00 -5.148177204724e+00 -2.104508212696e+00 2.070846999332e+00 -2.563013999317e+00 2.031924367027e+00 -2.267465187675e+00 3.081067204957e+00 3.515254336567e+00
190	-1.157441950446e-01 4.916438130181e+00 -2.586380799224e+00 1.874412247649e+00 2.336464614247e+00 -2.305007670788e+00 2.355643581128e+00 -5.148177204724e+00 -2.104508212696e+00 2.070846999332e+00 -2.563013999317e+00 2.031924367027e+00 -2.267465187675e+00 3.081016106469e+00 3.515310819807e+00
200	-1.157441950446e-01 4.916438130181e+00 -2.586380799224e+00 1.874412247649e+00 2.336464614247e+00 -2.305007670788e+00 2.355643581128e+00 -5.148177204724e+00 -2.104508212696e+00 2.070846999332e+00 -2.563013999317e+00 2.031924367027e+00 -2.267465187675e+00 3.080960676775e+00 3.515370331877e+00
210	-1.157441950446e-01 4.916438130181e+00 -2.586380799224e+00 1.874412247649e+00 2.336464614247e+00 -2.305007670788e+00 2.355643581128e+00 -5.148177204724e+00 -2.104508212696e+00 2.070846999332e+00 -2.563013999317e+00 2.031924367027e+00 -2.267465187675e+00 3.080898138307e+00 3.515435813291e+00
220	-1.157441950446e-01 4.916438130181e+00 -2.586380799224e+00 1.874412247649e+00 2.336464614247e+00 -2.305007670788e+00 2.355643581128e+00 -5.148177204724e+00 -2.104508212696e+00 2.070846999332e+00 -2.563013999317e+00 2.031924367027e+00 -2.267465187675e+00 3.080826190758e+00 3.515510208136e+00
230	-1.157441950446e-01 4.916438130181e+00 -2.586380799224e+00 1.874412247649e+00 2.336464614247e+00 -2.305007670788e+00 2.355643581128e+00 -5.148177204724e+00 -2.104508212696e+00 2.070846999332e+00 -2.563013999317e+00 2.031924367027e+00 -2.267465187675e+00 3.080743956383e+00 3.515595420432e+00
240	-1.157441950446e-01 4.916438130181e+00 -2.586380799224e+00 1.874412247649e+00 2.336464614247e+00 -2.305007670788e+00 2.355643581128e+00 -5.148177204724e+00 -2.104508212696e+00 2.070846999332e+00 -2.563013999317e+00 2.031924367027e+00 -2.267465187675e+00 3.080652599059e+00 3.515691326988e+00
250	-1.157441950446e-01 4.916438130181e+00 -2.586380799224e+00 1.874412247649e+00 2.336464614247e+00 -2.305007670788e+00 2.355643581128e+00 -5.148177204724e+00 -2.104508212696e+00 2.070846999332e+00 -2.563013999317e+00 2.031924367027e+00 -2.267465187675e+00 3.080554548533e+00 3.515796221236e+00
260	-1.157441950446e-01 4.916438130181e+00 -2.586380799224e+00 1.874412247649e+00 2.336464614247e+00 -2.305007670788e+00 2.355643581128e+00 -5.148177204724e+00 -2.104508212696e+00 2.070846999332e+00 -2.563013999317e+00 2.031924367027e+00 -2.267465187675e+00 3.080452335383e+00 3.515907649019e+00
270	-1.157441950446e-01 4.916438130181e+00 -2.586380799224e+00 1.874412247649e+00 2.336464614247e+00 -2.305007670788e+00 2.355643581128e+00 -5.148177204724e+00 -2.104508212696e+00 2.070846999332e+00 -2.563013999317e+00 2.031924367027e+00 -2.267465187675e+00 3.080348135389e+00 3.516022647820e+00
280	-1.157441950446e-01 4.916438130181e+00 -2.586380799224e+00 1.874412247649e+00 2.336464614247e+00 -2.305007670788e+00 2.355643581128e+00 -5.148177204724e+00 -2.104508212696e+00 2.070846999332e+00 -2.563013999317e+00 2.031924367027e+00 -2.267465187675e+00 3.080244229036e+00 3.516137906799e+00
290	-1.157441950446e-01 4.916438130181e+00 -2.586380799224e+00 1.874412247649e+00 2.336464614247e+00 -2.305007670788e+00 2.355643581128e+00 -5.148177204724e+00 -2.104508212696e+00 2.070846999332e+00 -2.563013999317e+00 2.031924367027e+00 -2.267465187675e+00 3.080142564575e+00 3.516251099135e+00
300	-1.157441950446e-01 4.916438130181e+00 -2.586380799224e+00 1.874412247649e+00 2.336464614247e+00 -2.305007670788e+00 2.355643581128e+00 -5.148177204724e+00 -2.104508212696e+00 2.070846999332e+00 -2.563013999317e+00 2.031924367027e+00 -2.267465187675e+00 3.080043207977e+00 3.516362329512e+00
310	-1.157441950446e-01 4.916438130181e+00 -2.586380799224e+00 1.874412247649e+00 2.336464614247e+00 -2.305007670788e+00 2.355643581128e+00 -5.148177204724e+00 -2.104508212696e+00 2.070846999332e+00 -2.563013999317e+00 2.031924367027e+00 -2.267465187675e+00 3.079944400520e+00 3.516473552193e+00
320	-1.157441950446e-01 4.916438130181e+00 -2.586380799224e+00 1.874412247649e+00 2.336464614247e+00 -2.305007670788e+00 2.355643581128e+00 -5.148177204724e+00 -2.104508212696e+00 2.070846999332e+00 -2.563013999317e+00 2.031924367027e+00 -2.267465187675e+00 3.079843150910e+00 3.516587472559e+00
330	-1.157441950446e-01 4.916438130181e+00 -2.586380799224e+00 1.874412247649e+00 2.336464614247e+00 -2.305007670788e+00 2.355643581128e+00 -5.148177204724e+00 -2.104508212696e+00 2.070846999332e+00 -2.563013999317e+00 2.031924367027e+00 -2.267465187675e+00 3.079736003614e+00 3.516706590798e+00
340	-1.157441950446e-01 4.916438130181e+00 -2.586380799224e+00 1.874412247649e+00 2.336464614247e+00 -2.305007670788e+00 2.355643581128e+00 -5.148177204724e+00 -2.104508212696e+00 2.070846999332e+00 -2.563013999317e+00 2.031924367027e+00 -2.267465187675e+00 3.079621311345e+00 3.516832021957e+00
350	-1.157441950446e-01 4.916438130181e+00 -2.586380799224e+00 1.874412247649e+00 2.336464614247e+00 -2.305007670788e+00 2.355643581128e+00 -5.148177204724e+00 -2.104508212696e+00 2.070846999332e+00 -2.563013999317e+00 2.031924367027e+00 -2.267465187675e+00 3.079500192512e+00 3.516963307370e+00
360	-1.157441950446e-01 4.916438130181e+00 -2.586380799224e+00 1.874412247649e+00 2.336464614247e+00 -2.305007670788e+00 2.355643581128e+00 -5.148177204724e+00 -2.104508212696e+00 2.070846999332e+00 -2.563013999317e+00 2.031924367027e+00 -2.267465187675e+00 3.079374253099e+00 3.517099978862e+00
370	-1.157441950446e-01 4.916438130181e+00 -2.586380799224e+00 1.874412247649e+00 2.336464614247e+00 -2.305007670788e+00 2.355643581128e+00 -5.148177204724e+00 -2.104508212696e+00 2.070846999332e+00 -2.563013999317e+00 2.031924367027e+00 -2.267465187675e+00 3.079244583396e+00 3.517242066249e+00
380	-1.157441950446e-01 4.916438130181e+00 -2.586380799224e+00 1.874412247649e+00 2.336464614247e+00 -2.305007670788e+00 2.355643581128e+00 -5.148177204724e+00 -2.104508212696e+00 2.070846999332e+00 -2.563013999317e+00 2.031924367027e+00 -2.267465187675e+00 3.079110158619e+00 3.517390799400e+00
390	-1.157441950446e-01 4.916438130181e+00 -2.586380799224e+00 1.874412247649e+00 2.336464614247e+00 -2.305007670788e+00 2.355643581128e+00 -5.148177204724e+00 -2.104508212696e+00 2.070846999332e+00 -2.563013999317e+00 2.031924367027e+00 -2.267465187675e+00 3.078968818793e+00 3.517547662446e+00
400	-1.157441950446e-01 4.916438130181e+00 -2.586380799224e+00 1.874412247649e+00 2.336464614247e+00 -2.305007670788e+00 2.355643581128e+00 -5.148177204724e+00 -2.104508212696e+00 2.070846999332e+00 -2.563013999317e+00 2.031924367027e+00 -2.267465187675e+00 3.078820440647e+00 3.517712339456e+00
410	-1.157441950446e-01 4.916438130181e+00 -2.586380799224e+00 1.874412247649e+00 2.336464614247e+00 -2.305007670788e+00 2.355643581128e+00 -5.148177204724e+00 -2.104508212696e+00 2.070846999332e+00 -2.563013999317e+00 2.031924367027e+00 -2.267465187675e+00 3.078666166525e+00 3.517883324514e+00
420	-1.157441950446e-01 4.916438130181e+00 -2.586380799224e+00 1.874412247649e+00 2.336464614247e+00 -2.305007670788e+00 2.355643581128e+00 -5.148177204724e+00 -2.104508212696e+00 2.070846999332e+00 -2.563013999317e+00 2.031924367027e+00 -2.267465187675e+00 3.078506598805e+00 3.518059410289e+00
430	-1.157441950446e-01 4.916438130181e+00 -2.586380799224e+00 1.874412247649e+00 2.336464614247e+00 -2.305007670788e+00 2.355643581128e+00 -5.148177204724e+00 -2.104508212696e+00 2.070846999332e+00 -2.563013999317e+00 2.031924367027e+00 -2.267465187675e+00 3.078340694748e+00 3.518240754529e+00
440	-1.157441950446e-01 4.916438130181e+00 -2.586380799224e+00 1.874412247649e+00 2.336464614247e+00 -2.305007670788e+00 2.355643581128e+00 -5.148177204724e+00 -2.104508212696e+00 2.070846999332e+00 -2.563013999317e+00 2.031924367027e+00 -2.267465187675e+00 3.078166027934e+00 3.518428727529e+00
450	-1.157441950446e-01 4.916438130181e+00 -2.586380799224e+00 1.874412247649e+00 2.336464614247e+00 -2.305007670788e+00 2.355643581128e+00 -5.148177204724e+00 -2.104508212696e+00 2.070846999332e+00 -2.563013999317e+00 2.031924367027e+00 -2.267465187675e+00 3.077980006165e+00 3.518625399842e+00
460	-1.157441950446e-01 4.916438130181e+00 -2.586380799224e+00 1.874412247649e+00 2.336464614247e+00 -2.305007670788e+00 2.355643581128e+00 -5.148177204724e+00 -2.104508212696e+00 2.070846999332e+00 -2.563013999317e+00 2.031924367027e+00 -2.267465187675e+00 3.077781744930e+00 3.518832134165e+00
470	-1.157441950446e-01 4.916438130181e+00 -2.586380799224e+00 1.874412247649e+00 2.336464614247e+00 -2.305007670788e+00 2.355643581128e+00 -5.148177204724e+00 -2.104508212696e+00 2.070846999332e+00 -2.563013999317e+00 2.031924367027e+00 -2.267465187675e+00 3.077572618391e+00 3.519048821363e+00
480	-1.157441950446e-01 4.916438130181e+00 -2.586380799224e+00 1.874412247649e+00 2.336464614247e+00 -2.305007670788e+00 2.355643581128e+00 -5.148177204724e+00 -2.104508212696e+00 2.070846999332e+00 -2.563013999317e+00 2.031924367027e+00 -2.267465187675e+00 3.077354917380e+00 3.519274712563e+00
490	-1.157441950446e-01 4.916438130181e+00 -2.586380799224e+00 1.874412247649e+00 2.336464614247e+00 -2.305007670788e+00 2.355643581128e+00 -5.148177204724e+00 -2.104508212696e+00 2.070846999332e+00 -2.563013999317e+00 2.031924367027e+00 -2.267465187675e+00 3.077129223103e+00 3.519510391048e+00
500	-1.157441950446e-01 4.916438130181e+00 -2.586380799224e+00 1.874412247649e+00 2.336464614247e+00 -2.305007670788e+00 2.355643581128e+00 -5.148177204724e+00 -2.104508212696e+00 2.070846999332e+00 -2.563013999317e+00 2.031924367027e+00 -2.267465187675e+00 3.076894098970e+00 3.519757688395e+00
510	-1.157441950446e-01 4.916438130181e+00 -2.586380799224e+00 1.874412247649e+00 2.336464614247e+00 -2.305007670788e+00 2.355643581128e+00 -5.148177204724e+00 -2.104508212696e+00 2.070846999332e+00 -2.563013999317e+00 2.031924367027e+00 -2.267465187675e+00 3.076648590820e+00 3.520017322801e+00
520	-1.157441950446e-01 4.916438130181e+00 -2.586380799224e+00 1.874412247649e+00 2.336464614247e+00 -2.305007670788e+00 2.355643581128e+00 -5.148177204724e+00 -2.104508212696e+00 2.070846999332e+00 -2.563013999317e+00 2.031924367027e+00 -2.267465187675e+00 3.076393135828e+00 3.520288287429e+00
530	-1.157441950446e-01 4.916438130181e+00 -2.586380799224e+00 1.874412247649e+00 2.336464614247e+00 -2.305007670788e+00 2.355643581128e+00 -5.148177204724e+00 -2.104508212696e+00 2.070846999332e+00 -2.563013999317e+00 2.031924367027e+00 -2.267465187675e+00 3.076128279869e+00 3.520569374656e+00
540	-1.157441950446e-01 4.916438130181e+00 -2.586380799224e+00 1.874412247649e+00 2.336464614247e+00 -2.305007670788e+00 2.355643581128e+00 -5.148177204724e+00 -2.104508212696e+00 2.070846999332e+00 -2.563013999317e+00 2.031924367027e+00 -2.267465187675e+00 3.075853087667e+00 3.520861180258e+00
550	-1.157441950446e-01 4.916438130181e+00 -2.586380799224e+00 1.874412247649e+00 2.336464614247e+00 -2.305007670788e+00 2.355643581128e+00 -5.148177204724e+00 -2.104508212696e+00 2.070846999332e+00 -2.563013999317e+00 2.031924367027e+00 -2.267465187675e+00 3.075566445253e+00 3.521165059645e+00
560	-1.157441950446e-01 4.916438130181e+00 -2.586380799224e+00 1.874412247649e+00 2.336464614247e+00 -2.305007670788e+00 2.355643581128e+00 -5.148177204724e+00 -2.104508212696e+00 2.070846999332e+00 -2.563013999317e+00 2.031924367027e+00 -2.267465187675e+00 3.075268879412e+00 3.521481026420e+00
570	-1.157441950446e-01 4.916438130181e+00 -2.586380799224e+00 1.874412247649e+00 2.336464614247e+00 -2.305007670788e+00 2.355643581128e+00 -5.148177204724e+00 -2.104508212696e+00 2.070846999332e+00 -2.563013999317e+00 2.031924367027e+00 -2.267465187675e+00 3.074962625059e+00 3.521807101596e+00
580	-1.157441950446e-01 4.916438130181e+00 -2.586380799224e+00 1.874412247649e+00 2.336464614247e+00 -2.305007670788e+00 2.355643581128e+00 -5.148177204724e+00 -2.104508212696e+00 2.070846999332e+00 -2.563013999317e+00 2.031924367027e+00 -2.267465187675e+00 3.074649289706e+00 3.522141451927e+00
590	-1.157441950446e-01 4.916438130181e+00 -2.586380799224e+00 1.874412247649e+00 2.336464614247e+00 -2.305007670788e+00 2.355643581128e+00 -5.148177204724e+00 -2.104508212696e+00 2.070846999332e+00 -2.563013999317e+00 2.031924367027e+00 -2.267465187675e+00 3.074328670716e+00 3.522483965891e+00
600	-1.157441950446e-01 4.916438130181e+00 -2.586380799224e+00 1.874412247649e+00 2.336464614247e+00 -2.305007670788e+00 2.355643581128e+00 -5.148177204724e+00 -2.104508212696e+00 2.070846999332e+00 -2.563013999317e+00 2.031924367027e+00 -2.267465187675e+00 3.073999713468e+00 3.522835649980e+00
610	-1.157441950446e-01 4.916438130181e+00 -2.586380799224e+00 1.874412247649e+00 2.336464614247e+00 -2.305007670788e+00 2.355643581128e+00 -5.148177204724e+00 -2.104508212696e+00 2.070846999332e+00 -2.563013999317e+00 2.031924367027e+00 -2.267465187675e+00 3.073662559260e+00 3.523196469781e+00
620	-1.157441950446e-01 4.916438130181e+00 -2.586380799224e+00 1.874412247649e+00 2.336464614247e+00 -2.305007670788e+00 2.355643581128e+00 -5.148177204724e+00 -2.104508212696e+00 2.070846999332e+00 -2.563013999317e+00 2.031924367027e+00 -2.267465187675e+00 3.073320082402e+00 3.523563494235e+00
630	-1.157441950446e-01 4.916438130181e+00 -2.586380799224e+00 1.874412247649e+00 2.336464614247e+00 -2.305007670788e+00 2.355643581128e+00 -5.148177204724e+00 -2.104508212696e+00 2.070846999332e+00 -2.563013999317e+00 2.031924367027e+00 -2.267465187675e+00 3.072974124231e+00 3.523934289990e+00
640	-1.157441950446e-01 4.916438130181e+00 -2.586380799224e+00 1.874412247649e+00 2.336464614247e+00 -2.305007670788e+00 2.355643581128e+00 -5.148177204724e+00 -2.104508212696e+00 2.070846999332e+00 -2.563013999317e+00 2.031924367027e+00 -2.267465187675e+00 3.072622224692e+00 3.524310769098e+00
650	-1.157441950446e-01 4.916438130181e+00 -2.586380799224e+00 1.874412247649e+00 2.336464614247e+00 -2.305007670788e+00 2.355643581128e+00 -5.148177204724e+00 -2.104508212696e+00 2.070846999332e+00 -2.563013999317e+00 2.031924367027e+00 -2.267465187675e+00 3.072261606785e+00 3.524696427378e+00
660	-1.157441950446e-01 4.916438130181e+00 -2.586380799224e+00 1.874412247649e+00 2.336464614247e+00 -2.305007670788e+00 2.355643581128e+00 -5.148177204724e+00 -2.104508212696e+00 2.070846999332e+00 -2.563013999317e+00 2.031924367027e+00 -2.267465187675e+00 3.071890541435e+00 3.525094265881e+00
670	-1.157441950446e-01 4.916438130181e+00 -2.586380799224e+00 1.874412247649e+00 2.336464614247e+00 -2.305007670788e+00 2.355643581128e+00 -5.148177204724e+00 -2.104508212696e+00 2.070846999332e+00 -2.563013999317e+00 2.031924367027e+00 -2.267465187675e+00 3.071507688022e+00 3.525506262382e+00
680	-1.157441950446e-01 4.916438130181e+00 -2.586380799224e+00 1.874412247649e+00 2.336464614247e+00 -2.305007670788e+00 2.355643581128e+00 -5.148177204724e+00 -2.104508212696e+00 2.070846999332e+00 -2.563013999317e+00 2.031924367027e+00 -2.267465187675e+00 3.071111755717e+00 3.525932653256e+00
690	-1.157441950446e-01 4.916438130181e+00 -2.586380799224e+00 1.874412247649e+00 2.336464614247e+00 -2.305007670788e+00 2.355643581128e+00 -5.148177204724e+00 -2.104508212696e+00 2.070846999332e+00 -2.563013999317e+00 2.031924367027e+00 -2.267465187675e+00 3.070702056990e+00 3.526372210183e+00
700	-1.157441950446e-01 4.916438130181e+00 -2.586380799224e+00 1.874412247649e+00 2.336464614247e+00 -2.305007670788e+00 2.355643581128e+00 -5.148177204724e+00 -2.104508212696e+00 2.070846999332e+00 -2.563013999317e+00 2.031924367027e+00 -2.267465187675e+00 3.070278234270e+00 3.526823933184e+00
710	-1.157441950446e-01 4.916438130181e+00 -2.586380799224e+00 1.874412247649e+00 2.336464614247e+00 -2.305007670788e+00 2.355643581128e+00 -5.148177204724e+00 -2.104508212696e+00 2.070846999332e+00 -2.563013999317e+00 2.031924367027e+00 -2.267465187675e+00 3.069838721189e+00 3.527288703640e+00
720	-1.157441950446e-01 4.916438130181e+00 -2.586380799224e+00 1.874412247649e+00 2.336464614247e+00 -2.305007670788e+00 2.355643581128e+00 -5.148177204724e+00 -2.104508212696e+00 2.070846999332e+00 -2.563013999317e+00 2.031924367027e+00 -2.267465187675e+00 3.069381947697e+00 3.527767835174e+00
730	-1.157441950446e-01 4.916438130181e+00 -2.586380799224e+00 1.874412247649e+00 2.336464614247e+00 -2.305007670788e+00 2.355643581128e+00 -5.148177204724e+00 -2.104508212696e+00 2.070846999332e+00 -2.563013999317e+00 2.031924367027e+00 -2.267465187675e+00 3.068908814651e+00 3.528260378872e+00
740	-1.157441950446e-01 4.916438130181e+00 -2.586380799224e+00 1.874412247649e+00 2.336464614247e+00 -2.305007670788e+00 2.355643581128e+00 -5.148177204724e+00 -2.104508212696e+00 2.070846999332e+00 -2.563013999317e+00 2.031924367027e+00 -2.267465187675e+00 3.068422469198e+00 3.528763350722e+00
750	-1.157441950446e-01 4.916438130181e+00 -2.586380799224e+00 1.874412247649e+00 2.336464614247e+00 -2.305007670788e+00 2.355643581128e+00 -5.148177204724e+00 -2.104508212696e+00 2.070846999332e+00 -2.563013999317e+00 2.031924367027e+00 -2.267465187675e+00 3.067926558585e+00 3.529273794890e+00
760	-1.157441950446e-01 4.916438130181e+00 -2.586380799224e+00 1.874412247649e+00 2.336464614247e+00 -2.305007670788e+00 2.355643581128e+00 -5.148177204724e+00 -2.104508212696e+00 2.070846999332e+00 -2.563013999317e+00 2.031924367027e+00 -2.267465187675e+00 3.067422511605e+00 3.529791299633e+00
770	-1.157441950446e-01 4.916438130181e+00 -2.586380799224e+00 1.874412247649e+00 2.336464614247e+00 -2.305007670788e+00 2.355643581128e+00 -5.148177204724e+00 -2.104508212696e+00 2.070846999332e+00 -2.563013999317e+00 2.031924367027e+00 -2.267465187675e+00 3.066909160361e+00 3.530317603244e+00
780	-1.157441950446e-01 4.916438130181e+00 -2.586380799224e+00 1.874412247649e+00 2.336464614247e+00 -2.305007670788e+00 2.355643581128e+00 -5.148177204724e+00 -2.104508212696e+00 2.070846999332e+00 -2.563013999317e+00 2.031924367027e+00 -2.267465187675e+00 3.066383651144e+00 3.530855372980e+00
790	-1.157441950446e-01 4.916438130181e+00 -2.586380799224e+00 1.874412247649e+00 2.336464614247e+00 -2.305007670788e+00 2.355643581128e+00 -5.148177204724e+00 -2.104508212696e+00 2.070846999332e+00 -2.563013999317e+00 2.031924367027e+00 -2.267465187675e+00 3.065844401242e+00 3.531405894694e+00
800	-1.157441950446e-01 4.916438130181e+00 -2.586380799224e+00 1.874412247649e+00 2.336464614247e+00 -2.305007670788e+00 2.355643581128e+00 -5.148177204724e+00 -2.104508212696e+00 2.070846999332e+00 -2.563013999317e+00 2.031924367027e+00 -2.267465187675e+00 3.065292501895e+00 3.531968364471e+00
810	-1.157441950446e-01 4.916438130181e+00 -2.586380799224e+00 1.874412247649e+00 2.336464614247e+00 -2.305007670788e+00 2.355643581128e+00 -5.148177204724e+00 -2.104508212696e+00 2.070846999332e+00 -2.563013999317e+00 2.031924367027e+00 -2.267465187675e+00 3.064730399570e+00 3.532541089546e+00
820	-1.157441950446e-01 4.916438130181e+00 -2.586380799224e+00 1.874412247649e+00 2.336464614247e+00 -2.305007670788e+00 2.355643581128e+00 -5.148177204724e+00 -2.104508212696e+00 2.070846999332e+00 -2.563013999317e+00 2.031924367027e+00 -2.267465187675e+00 3.064158942495e+00 3.533123858574e+00
830	-1.157441950446e-01 4.916438130181e+00 -2.586380799224e+00 1.874412247649e+00 2.336464614247e+00 -2.305007670788e+00 2.355643581128e+00 -5.148177204724e+00 -2.104508212696e+00 2.070846999332e+00 -2.563013999317e+00 2.031924367027e+00 -2.267465187675e+00 3.063577539834e+00 3.533717353026e+00
840	-1.157441950446e-01 4.916438130181e+00 -2.586380799224e+00 1.874412247649e+00 2.336464614247e+00 -2.305007670788e+00 2.355643581128e+00 -5.148177204724e+00 -2.104508212696e+00 2.070846999332e+00 -2.563013999317e+00 2.031924367027e+00 -2.267465187675e+00 3.062988150112e+00 3.534319327521e+00
850	-1.157441950446e-01 4.916438130181e+00 -2.586380799224e+00 1.874412247649e+00 2.336464614247e+00 -2.305007670788e+00 2.355643581128e+00 -5.148177204724e+00 -2.104508212696e+00 2.070846999332e+00 -2.563013999317e+00 2.031924367027e+00 -2.267465187675e+00 3.062395424582e+00 3.534924888793e+00
860	-1.157441950446e-01 4.916438130181e+00 -2.586380799224e+00 1.874412247649e+00 2.336464614247e+00 -2.305007670788e+00 2.355643581128e+00 -5.148177204724e+00 -2.104508212696e+00 2.070846999332e+00 -2.563013999317e+00 2.031924367027e+00 -2.267465187675e+00 3.061802519159e+00 3.535530869928e+00
870	-1.157441950446e-01 4.916438130181e+00 -2.586380799224e+00 1.874412247649e+00 2.336464614247e+00 -2.305007670788e+00 2.355643581128e+00 -5.148177204724e+00 -2.104508212696e+00 2.070846999332e+00 -2.563013999317e+00 2.031924367027e+00 -2.267465187675e+00 3.061207012876e+00 3.536139755577e+00
880	-1.157441950446e-01 4.916438130181e+00 -2.586380799224e+00 1.874412247649e+00 2.336464614247e+00 -2.305007670788e+00 2.355643581128e+00 -5.148177204724e+00 -2.104508212696e+00 2.070846999332e+00 -2.563013999317e+00 2.031924367027e+00 -2.267465187675e+00 3.060604356140e+00 3.536756252332e+00
890	-1.157441950446e-01 4.916438130181e+00 -2.586380799224e+00 1.874412247649e+00 2.336464614247e+00 -2.305007670788e+00 2.355643581128e+00 -5.148177204724e+00 -2.104508212696e+00 2.070846999332e+00 -2.563013999317e+00 2.031924367027e+00 -2.267465187675e+00 3.059993202757e+00 3.537382147919e+00
900	-1.157441950446e-01 4.916438130181e+00 -2.586380799224e+00 1.874412247649e+00 2.336464614247e+00 -2.305007670788e+00 2.355643581128e+00 -5.148177204724e+00 -2.104508212696e+00 2.070846999332e+00 -2.563013999317e+00 2.031924367027e+00 -2.267465187675e+00 3.059376815105e+00 3.538014541156e+00
910	-1.157441950446e-01 4.916438130181e+00 -2.586380799224e+00 1.874412247649e+00 2.336464614247e+00 -2.305007670788e+00 2.355643581128e+00 -5.148177204724e+00 -2.104508212696e+00 2.070846999332e+00 -2.563013999317e+00 2.031924367027e+00 -2.267465187675e+00 3.058758279951e+00 3.538650337035e+00
920	-1.157441950446e-01 4.916438130181e+00 -2.586380799224e+00 1.874412247649e+00 2.336464614247e+00 -2.305007670788e+00 2.355643581128e+00 -5.148177204724e+00 -2.104508212696e+00 2.070846999332e+00 -2.563013999317e+00 2.031924367027e+00 -2.267465187675e+00 3.058135376900e+00 3.539291124678e+00
930	-1.157441950446e-01 4.916438130181e+00 -2.586380799224e+00 1.874412247649e+00 2.336464614247e+00 -2.305007670788e+00 2.355643581128e+00 -5.148177204724e+00 -2.104508212696e+00 2.070846999332e+00 -2.563013999317e+00 2.031924367027e+00 -2.267465187675e+00 3.057503594209e+00 3.539942003301e+00
940	-1.157441950446e-01 4.916438130181e+00 -2.586380799224e+00 1.874412247649e+00 2.336464614247e+00 -2.305007670788e+00 2.355643581128e+00 -5.148177204724e+00 -2.104508212696e+00 2.070846999332e+00 -2.563013999317e+00 2.031924367027e+00 -2.267465187675e+00 3.056860872447e+00 3.540606820422e+00
950	-1.157441950446e-01 4.916438130181e+00 -2.586380799224e+00 1.874412247649e+00 2.336464614247e+00 -2.305007670788e+00 2.355643581128e+00 -5.148177204724e+00 -2.104508212696e+00 2.070846999332e+00 -2.563013999317e+00 2.031924367027e+00 -2.267465187675e+00 3.056207577092e+00 3.541284714775e+00
960	-1.157441950446e-01 4.916438130181e+00 -2.586380799224e+00 1.874412247649e+00 2.336464614247e+00 -2.305007670788e+00 2.355643581128e+00 -5.148177204724e+00 -2.104508212696e+00 2.070846999332e+00 -2.563013999317e+00 2.031924367027e+00 -2.267465187675e+00 3.055545211917e+00 3.541973193773e+00
970	-1.157441950446e-01 4.916438130181e+00 -2.586380799224e+00 1.874412247649e+00 2.336464614247e+00 -2.305007670788e+00 2.355643581128e+00 -5.148177204724e+00 -2.104508212696e+00 2.070846999332e+00 -2.563013999317e+00 2.031924367027e+00 -2.267465187675e+00 3.054876232898e+00 3.542670219826e+00
980	-1.157441950446e-01 4.916438130181e+00 -2.586380799224e+00 1.874412247649e+00 2.336464614247e+00 -2.305007670788e+00 2.355643581128e+00 -5.148177204724e+00 -2.104508212696e+00 2.070846999332e+00 -2.563013999317e+00 2.031924367027e+00 -2.267465187675e+00 3.054202568802e+00 3.543374817633e+00
990	-1.157441950446e-01 4.916438130181e+00 -2.586380799224e+00 1.874412247649e+00 2.336464614247e+00 -2.305007670788e+00 2.355643581128e+00 -5.148177204724e+00 -2.104508212696e+00 2.070846999332e+00 -2.563013999317e+00 2.031924367027e+00 -2.267465187675e+00 3.053523692408e+00 3.544087430444e+00
1000	-1.157441950446e-01 4.916438130181e+00 -2.586380799224e+00 1.874412247649e+00 2.336464614247e+00 -2.305007670788e+00 2.355643581128e+00 -5.148177204724e+00 -2.104508212696e+00 2.070846999332e+00 -2.563013999317e+00 2.031924367027e+00 -2.267465187675e+00 3.052837778151e+00 3.544808313497e+00
1010	-1.157441950446e-01 4.916438130181e+00 -2.586380799224e+00 1.874412247649e+00 2.336464614247e+00 -2.305007670788e+00 2.355643581128e+00 -5.148177204724e+00 -2.104508212696e+00 2.070846999332e+00 -2.563013999317e+00 2.031924367027e+00 -2.267465187675e+00 3.052144698757e+00 3.545535731720e+00
1020	-1.157441950446e-01 4.916438130181e+00 -2.586380799224e+00 1.874412247649e+00 2.336464614247e+00 -2.305007670788e+00 2.355643581128e+00 -5.148177204724e+00 -2.104508212696e+00 2.070846999332e+00 -2.563013999317e+00 2.031924367027e+00 -2.267465187675e+00 3.051445931725e+00 3.546266953897e+00
1030	-1.157441950446e-01 4.916438130181e+00 -2.586380799224e+00 1.874412247649e+00 2.336464614247e+00 -2.305007670788e+00 2.355643581128e+00 -5.148177204724e+00 -2.104508212696e+00 2.070846999332e+00 -2.563013999317e+00 2.031924367027e+00 -2.267465187675e+00 3.050742398903e+00 3.547000678099e+00
1040	-1.157441950446e-01 4.916438130181e+00 -2.586380799224e+00 1.874412247649e+00 2.336464614247e+00 -2.305007670788e+00 2.355643581128e+00 -5.148177204724e+00 -2.104508212696e+00 2.070846999332e+00 -2.563013999317e+00 2.031924367027e+00 -2.267465187675e+00 3.050033003252e+00 3.547738350898e+00
1050	-1.157441950446e-01 4.916438130181e+00 -2.586380799224e+00 1.874412247649e+00 2.336464614247e+00 -2.305007670788e+00 2.355643581128e+00 -5.148177204724e+00 -2.104508212696e+00 2.070846999332e+00 -2.563013999317e+00 2.031924367027e+00 -2.267465187675e+00 3.049314888182e+00 3.548483527755e+00
1060	-1.157441950446e-01 4.916438130181e+00 -2.586380799224e+00 1.874412247649e+00 2.336464614247e+00 -2.305007670788e+00 2.355643581128e+00 -5.148177204724e+00 -2.104508212696e+00 2.070846999332e+00 -2.563013999317e+00 2.031924367027e+00 -2.267465187675e+00 3.048586267676e+00 3.549238400305e+00
1070	-1.157441950446e-01 4.916438130181e+00 -2.586380799224e+00 1.874412247649e+00 2.336464614247e+00 -2.305007670788e+00 2.355643581128e+00 -5.148177204724e+00 -2.104508212696e+00 2.070846999332e+00 -2.563013999317e+00 2.031924367027e+00 -2.267465187675e+00 3.047846894854e+00 3.550002911747e+00
1080	-1.157441950446e-01 4.916438130181e+00 -2.586380799224e+00 1.874412247649e+00 2.336464614247e+00 -2.305007670788e+00 2.355643581128e+00 -5.148177204724e+00 -2.104508212696e+00 2.070846999332e+00 -2.563013999317e+00 2.031924367027e+00 -2.267465187675e+00 3.047097456466e+00 3.550776232673e+00
1090	-1.157441950446e-01 4.916438130181e+00 -2.586380799224e+00 1.874412247649e+00 2.336464614247e+00 -2.305007670788e+00 2.355643581128e+00 -5.148177204724e+00 -2.104508212696e+00 2.070846999332e+00 -2.563013999317e+00 2.031924367027e+00 -2.267465187675e+00 3.046336665012e+00 3.551560238145e+00
1100	-1.157441950446e-01 4.916438130181e+00 -2.586380799224e+00 1.874412247649e+00 2.336464614247e+00 -2.305007670788e+00 2.355643581128e+00 -5.148177204724e+00 -2.104508212696e+00 2.070846999332e+00 -2.563013999317e+00 2.031924367027e+00 -2.267465187675e+00 3.045562126552e+00 3.552358125389e+00
1110	-1.157441950446e-01 4.916438130181e+00 -2.586380799224e+00 1.874412247649e+00 2.336464614247e+00 -2.305007670788e+00 2.355643581128e+00 -5.148177204724e+00 -2.104508212696e+00 2.070846999332e+00 -2.563013999317e+00 2.031924367027e+00 -2.267465187675e+00 3.044775865630e+00 3.553168447695e+00
1120	-1.157441950446e-01 4.916438130181e+00 -2.586380799224e+00 1.874412247649e+00 2.336464614247e+00 -2.305007670788e+00 2.355643581128e+00 -5.148177204724e+00 -2.104508212696e+00 2.070846999332e+00 -2.563013999317e+00 2.031924367027e+00 -2.267465187675e+00 3.043984513100e+00 3.553984833615e+00
1130	-1.157441950446e-01 4.916438130181e+00 -2.586380799224e+00 1.874412247649e+00 2.336464614247e+00 -2.305007670788e+00 2.355643581128e+00 -5.148177204724e+00 -2.104508212696e+00 2.070846999332e+00 -2.563013999317e+00 2.031924367027e+00 -2.267465187675e+00 3.043192206538e+00 3.554803256444e+00
1140	-1.157441950446e-01 4.916438130181e+00 -2.586380799224e+00 1.874412247649e+00 2.336464614247e+00 -2.305007670788e+00 2.355643581128e+00 -5.148177204724e+00 -2.104508212696e+00 2.070846999332e+00 -2.563013999317e+00 2.031924367027e+00 -2.267465187675e+00 3.042395469278e+00 3.555627309918e+00
1150	-1.157441950446e-01 4.916438130181e+00 -2.586380799224e+00 1.874412247649e+00 2.336464614247e+00 -2.305007670788e+00 2.355643581128e+00 -5.148177204724e+00 -2.104508212696e+00 2.070846999332e+00 -2.563013999317e+00 2.031924367027e+00 -2.267465187675e+00 3.041589416551e+00 3.556461705143e+00
1160	-1.157441950446e-01 4.916438130181e+00 -2.586380799224e+00 1.874412247649e+00 2.336464614247e+00 -2.305007670788e+00 2.355643581128e+00 -5.148177204724e+00 -2.104508212696e+00 2.070846999332e+00 -2.563013999317e+00 2.031924367027e+00 -2.267465187675e+00 3.040773161813e+00 3.557306625835e+00
1170	-1.157441950446e-01 4.916438130181e+00 -2.586380799224e+00 1.874412247649e+00 2.336464614247e+00 -2.305007670788e+00 2.355643581128e+00 -5.148177204724e+00 -2.104508212696e+00 2.070846999332e+00 -2.563013999317e+00 2.031924367027e+00 -2.267465187675e+00 3.039948329996e+00 3.558160168305e+00
1180	-1.157441950446e-01 4.916438130181e+00 -2.586380799224e+00 1.874412247649e+00 2.336464614247e+00 -2.305007670788e+00 2.355643581128e+00 -5.148177204724e+00 -2.104508212696e+00 2.070846999332e+00 -2.563013999317e+00 2.031924367027e+00 -2.267465187675e+00 3.039117676219e+00 3.559021004612e+00
1190	-1.157441950446e-01 4.916438130181e+00 -2.586380799224e+00 1.874412247649e+00 2.336464614247e+00 -2.305007670788e+00 2.355643581128e+00 -5.148177204724e+00 -2.104508212696e+00 2.070846999332e+00 -2.563013999317e+00 2.031924367027e+00 -2.267465187675e+00 3.038284161922e+00 3.559887821914e+00
1200	-1.157441950446e-01 4.916438130181e+00 -2.586380799224e+00 1.874412247649e+00 2.336464614247e+00 -2.305007670788e+00 2.355643581128e+00 -5.148177204724e+00 -2.104508212696e+00 2.070846999332e+00 -2.563013999317e+00 2.031924367027e+00 -2.267465187675e+00 3.037448065144e+00 3.560759840230e+00
1210	-1.157441950446e-01 4.916438130181e+00 -2.586380799224e+00 1.874412247649e+00 2.336464614247e+00 -2.305007670788e+00 2.355643581128e+00 -5.148177204724e+00 -2.104508212696e+00 2.070846999332e+00 -2.563013999317e+00 2.031924367027e+00 -2.267465187675e+00 3.036603162453e+00 3.561641120002e+00
1220	-1.157441950446e-01 4.916438130181e+00 -2.586380799224e+00 1.874412247649e+00 2.336464614247e+00 -2.305007670788e+00 2.355643581128e+00 -5.148177204724e+00 -2.104508212696e+00 2.070846999332e+00 -2.563013999317e+00 2.031924367027e+00 -2.267465187675e+00 3.035741925362e+00 3.562538132367e+00
1230	-1.157441950446e-01 4.916438130181e+00 -2.586380799224e+00 1.874412247649e+00 2.336464614247e+00 -2.305007670788e+00 2.355643581128e+00 -5.148177204724e+00 -2.104508212696e+00 2.070846999332e+00 -2.563013999317e+00 2.031924367027e+00 -2.267465187675e+00 3.034866016053e+00 3.563451340507e+00
1240	-1.157441950446e-01 4.916438130181e+00 -2.586380799224e+00 1.874412247649e+00 2.336464614247e+00 -2.305007670788e+00 2.355643581128e+00 -5.148177204724e+00 -2.104508212696e+00 2.070846999332e+00 -2.563013999317e+00 2.031924367027e+00 -2.267465187675e+00 3.033983270761e+00 3.564374534423e+00
1250	-1.157441950446e-01 4.916438130181e+00 -2.586380799224e+00 1.874412247649e+00 2.336464614247e+00 -2.305007670788e+00 2.355643581128e+00 -5.148177204724e+00 -2.104508212696e+00 2.070846999332e+00 -2.563013999317e+00 2.031924367027e+00 -2.267465187675e+00 3.033095961623e+00 3.565304324738e+00
1260	-1.157441950446e-01 4.916438130181e+00 -2.586380799224e+00 1.874412247649e+00 2.336464614247e+00 -2.305007670788e+00 2.355643581128e+00 -5.148177204724e+00 -2.104508212696e+00 2.070846999332e+00 -2.563013999317e+00 2.031924367027e+00 -2.267465187675e+00 3.032197897777e+00 3.566245021203e+00
1270	-1.157441950446e-01 4.916438130181e+00 -2.586380799224e+00 1.874412247649e+00 2.336464614247e+00 -2.305007670788e+00 2.355643581128e+00 -5.148177204724e+00 -2.104508212696e+00 2.070846999332e+00 -2.563013999317e+00 2.031924367027e+00 -2.267465187675e+00 3.031282318536e+00 3.567201824567e+00
1280	-1.157441950446e-01 4.916438130181e+00 -2.586380799224e+00 1.874412247649e+00 2.336464614247e+00 -2.305007670788e+00 2.355643581128e+00 -5.148177204724e+00 -2.104508212696e+00 2.070846999332e+00 -2.563013999317e+00 2.031924367027e+00 -2.267465187675e+00 3.030349965019e+00 3.568173305869e+00
1290	-1.157441950446e-01 4.916438130181e+00 -2.586380799224e+00 1.874412247649e+00 2.336464614247e+00 -2.305007670788e+00 2.355643581128e+00 -5.148177204724e+00 -2.104508212696e+00 2.070846999332e+00 -2.563013999317e+00 2.031924367027e+00 -2.267465187675e+00 3.029407451927e+00 3.569153786459e+00
1300	-1.157441950446e-01 4.916438130181e+00 -2.586380799224e+00 1.874412247649e+00 2.336464614247e+00 -2.305007670788e+00 2.355643581128e+00 -5.148177204724e+00 -2.104508212696e+00 2.070846999332e+00 -2.563013999317e+00 2.031924367027e+00 -2.267465187675e+00 3.028457915019e+00 3.570141994842e+00
1310	-1.157441950446e-01 4.916438130181e+00 -2.586380799224e+00 1.874412247649e+00 2.336464614247e+00 -2.305007670788e+00 2.355643581128e+00 -5.148177204724e+00 -2.104508212696e+00 2.070846999332e+00 -2.563013999317e+00 2.031924367027e+00 -2.267465187675e+00 3.027500800919e+00 3.571139739292e+00
1320	-1.157441950446e-01 4.916438130181e+00 -2.586380799224e+00 1.874412247649e+00 2.336464614247e+00 -2.305007670788e+00 2.355643581128e+00 -5.148177204724e+00 -2.104508212696e+00 2.070846999332e+00 -2.563013999317e+00 2.031924367027e+00 -2.267465187675e+00 3.026536515585e+00 3.572146464454e+00
1330	-1.157441950446e-01 4.916438130181e+00 -2.586380799224e+00 1.874412247649e+00 2.336464614247e+00 -2.305007670788e+00 2.355643581128e+00 -5.148177204724e+00 -2.104508212696e+00 2.070846999332e+00 -2.563013999317e+00 2.031924367027e+00 -2.267465187675e+00 3.025565483824e+00 3.573160781090e+00
1340	-1.157441950446e-01 4.916438130181e+00 -2.586380799224e+00 1.874412247649e+00 2.336464614247e+00 -2.305007670788e+00 2.355643581128e+00 -5.148177204724e+00 -2.104508212696e+00 2.070846999332e+00 -2.563013999317e+00 2.031924367027e+00 -2.267465187675e+00 3.024586358804e+00 3.574183727621e+00
1350	-1.157441950446e-01 4.916438130181e+00 -2.586380799224e+00 1.874412247649e+00 2.336464614247e+00 -2.305007670788e+00 2.355643581128e+00 -5.148177204724e+00 -2.104508212696e+00 2.070846999332e+00 -2.563013999317e+00 2.031924367027e+00 -2.267465187675e+00 3.023596893678e+00 3.575218257563e+00
1360	-1.157441950446e-01 4.916438130181e+00 -2.586380799224e+00 1.874412247649e+00 2.336464614247e+00 -2.305007670788e+00 2.355643581128e+00 -5.148177204724e+00 -2.104508212696e+00 2.070846999332e+00 -2.563013999317e+00 2.031924367027e+00 -2.267465187675e+00 3.022598753388e+00 3.576263589950e+00
1370	-1.157441950446e-01 4.916438130181e+00 -2.586380799224e+00 1.874412247649e+00 2.336464614247e+00 -2.305007670788e+00 2.355643581128e+00 -5.148177204724e+00 -2.104508212696e+00 2.070846999332e+00 -2.563013999317e+00 2.031924367027e+00 -2.267465187675e+00 3.021595429866e+00 3.577316597876e+00
1380	-1.157441950446e-01 4.916438130181e+00 -2.586380799224e+00 1.874412247649e+00 2.336464614247e+00 -2.305007670788e+00 2.355643581128e+00 -5.148177204724e+00 -2.104508212696e+00 2.070846999332e+00 -2.563013999317e+00 2.031924367027e+00 -2.267465187675e+00 3.020587192890e+00 3.578376675602e+00
1390	-1.157441950446e-01 4.916438130181e+00 -2.586380799224e+00 1.874412247649e+00 2.336464614247e+00 -2.305007670788e+00 2.355643581128e+00 -5.148177204724e+00 -2.104508212696e+00 2.070846999332e+00 -2.563013999317e+00 2.031924367027e+00 -2.267465187675e+00 3.019571571419e+00 3.579445094802e+00
1400	-1.157441950446e-01 4.916438130181e+00 -2.586380799224e+00 1.874412247649e+00 2.336464614247e+00 -2.305007670788e+00 2.355643581128e+00 -5.148177204724e+00 -2.104508212696e+00 2.070846999332e+00 -2.563013999317e+00 2.031924367027e+00 -2.267465187675e+00 3.018547290162e+00 3.580521874707e+00
1410	-1.157441950446e-01 4.916438130181e+00 -2.586380799224e+00 1.874412247649e+00 2.336464614247e+00 -2.305007670788e+00 2.355643581128e+00 -5.148177204724e+00 -2.104508212696e+00 2.070846999332e+00 -2.563013999317e+00 2.031924367027e+00 -2.267465187675e+00 3.017515079954e+00 3.581606074169e+00
1420	-1.157441950446e-01 4.916438130181e+00 -2.586380799224e+00 1.874412247649e+00 2.336464614247e+00 -2.305007670788e+00 2.355643581128e+00 -5.148177204724e+00 -2.104508212696e+00 2.070846999332e+00 -2.563013999317e+00 2.031924367027e+00 -2.267465187675e+00 3.016475375909e+00 3.582697789938e+00
1430	-1.157441950446e-01 4.916438130181e+00 -2.586380799224e+00 1.874412247649e+00 2.336464614247e+00 -2.305007670788e+00 2.355643581128e+00 -5.148177204724e+00 -2.104508212696e+00 2.070846999332e+00 -2.563013999317e+00 2.031924367027e+00 -2.267465187675e+00 3.015428531383e+00 3.583797127112e+00
1440	-1.157441950446e-01 4.916438130181e+00 -2.586380799224e+00 1.874412247649e+00 2.336464614247e+00 -2.305007670788e+00 2.355643581128e+00 -5.148177204724e+00 -2.104508212696e+00 2.070846999332e+00 -2.563013999317e+00 2.031924367027e+00 -2.267465187675e+00 3.014376241696e+00 3.584902704321e+00
1450	-1.157441950446e-01 4.916438130181e+00 -2.586380799224e+00 1.874412247649e+00 2.336464614247e+00 -2.305007670788e+00 2.355643581128e+00 -5.148177204724e+00 -2.104508212696e+00 2.070846999332e+00 -2.563013999317e+00 2.031924367027e+00 -2.267465187675e+00 3.013319792405e+00 3.586014111606e+00
1460	-1.157441950446e-01 4.916438130181e+00 -2.586380799224e+00 1.874412247649e+00 2.336464614247e+00 -2.305007670788e+00 2.355643581128e+00 -5.148177204724e+00 -2.104508212696e+00 2.070846999332e+00 -2.563013999317e+00 2.031924367027e+00 -2.267465187675e+00 3.012258480904e+00 3.587133586674e+00
1470	-1.157441950446e-01 4.916438130181e+00 -2.586380799224e+00 1.874412247649e+00 2.336464614247e+00 -2.305007670788e+00 2.355643581128e+00 -5.148177204724e+00 -2.104508212696e+00 2.070846999332e+00 -2.563013999317e+00 2.031924367027e+00 -2.267465187675e+00 3.011193464217e+00 3.588261448944e+00
1480	-1.157441950446e-01 4.916438130181e+00 -2.586380799224e+00 1.874412247649e+00 2.336464614247e+00 -2.305007670788e+00 2.355643581128e+00 -5.148177204724e+00 -2.104508212696e+00 2.070846999332e+00 -2.563013999317e+00 2.031924367027e+00 -2.267465187675e+00 3.010127061844e+00 3.589396136414e+00
1490	-1.157441950446e-01 4.916438130181e+00 -2.586380799224e+00 1.874412247649e+00 2.336464614247e+00 -2.305007670788e+00 2.355643581128e+00 -5.148177204724e+00 -2.104508212696e+00 2.070846999332e+00 -2.563013999317e+00 2.031924367027e+00 -2.267465187675e+00 3.009056158359e+00 3.590539849904e+00
1500	-1.157441950446e-01 4.916438130181e+00 -2.586380799224e+00 1.874412247649e+00 2.336464614247e+00 -2.305007670788e+00 2.355643581128e+00 -5.148177204724e+00 -2.104508212696e+00 2.070846999332e+00 -2.563013999317e+00 2.031924367027e+00 -2.267465187675e+00 3.007977345553e+00 3.591695795549e+00
1510	-1.157441950446e-01 4.916438130181e+00 -2.586380799224e+00 1.874412247649e+00 2.336464614247e+00 -2.305007670788e+00 2.355643581128e+00 -5.148177204724e+00 -2.104508212696e+00 2.070846999332e+00 -2.563013999317e+00 2.031924367027e+00 -2.267465187675e+00 3.006891209023e+00 3.592864231139e+00
1520	-1.157441950446e-01 4.916438130181e+00 -2.586380799224e+00 1.874412247649e+00 2.336464614247e+00 -2.305007670788e+00 2.355643581128e+00 -5.148177204724e+00 -2.104508212696e+00 2.070846999332e+00 -2.563013999317e+00 2.031924367027e+00 -2.267465187675e+00 3.005799159095e+00 3.594043590733e+00
1530	-1.157441950446e-01 4.916438130181e+00 -2.586380799224e+00 1.874412247649e+00 2.336464614247e+00 -2.305007670788e+00 2.355643581128e+00 -5.148177204724e+00 -2.104508212696e+00 2.070846999332e+00 -2.563013999317e+00 2.031924367027e+00 -2.267465187675e+00 3.004699831634e+00 3.595234332031e+00
1540	-1.157441950446e-01 4.916438130181e+00 -2.586380799224e+00 1.874412247649e+00 2.336464614247e+00 -2.305007670788e+00 2.355643581128e+00 -5.148177204724e+00 -2.104508212696e+00 2.070846999332e+00 -2.563013999317e+00 2.031924367027e+00 -2.267465187675e+00 3.003591060480e+00 3.596437482796e+00
1550	-1.157441950446e-01 4.916438130181e+00 -2.586380799224e+00 1.874412247649e+00 2.336464614247e+00 -2.305007670788e+00 2.355643581128e+00 -5.148177204724e+00 -2.104508212696e+00 2.070846999332e+00 -2.563013999317e+00 2.031924367027e+00 -2.267465187675e+00 3.002474123778e+00 3.597650951109e+00
1560	-1.157441950446e-01 4.916438130181e+00 -2.586380799224e+00 1.874412247649e+00 2.336464614247e+00 -2.305007670788e+00 2.355643581128e+00 -5.148177204724e+00 -2.104508212696e+00 2.070846999332e+00 -2.563013999317e+00 2.031924367027e+00 -2.267465187675e+00 3.001350533072e+00 3.598872909847e+00
1570	-1.157441950446e-01 4.916438130181e+00 -2.586380799224e+00 1.874412247649e+00 2.336464614247e+00 -2.305007670788e+00 2.355643581128e+00 -5.148177204724e+00 -2.104508212696e+00 2.070846999332e+00 -2.563013999317e+00 2.031924367027e+00 -2.267465187675e+00 3.000219078370e+00 3.600104325755e+00
1580	-1.157441950446e-01 4.916438130181e+00 -2.586380799224e+00 1.874412247649e+00 2.336464614247e+00 -2.305007670788e+00 2.355643581128e+00 -5.148177204724e+00 -2.104508212696e+00 2.070846999332e+00 -2.563013999317e+00 2.031924367027e+00 -2.267465187675e+00 2.999078135417e+00 3.601345847189e+00
1590	-1.157441950446e-01 4.916438130181e+00 -2.586380799224e+00 1.874412247649e+00 2.336464614247e+00 -2.305007670788e+00 2.355643581128e+00 -5.148177204724e+00 -2.104508212696e+00 2.070846999332e+00 -2.563013999317e+00 2.031924367027e+00 -2.267465187675e+00 2.997928045872e+00 3.602595682152e+00
1600	-1.157441950446e-01 4.916438130181e+00 -2.586380799224e+00 1.874412247649e+00 2.336464614247e+00 -2.305007670788e+00 2.355643581128e+00 -5.148177204724e+00 -2.104508212696e+00 2.070846999332e+00 -2.563013999317e+00 2.031924367027e+00 -2.267465187675e+00 2.996769996578e+00 3.603851613668e+00
1610	-1.157441950446e-01 4.916438130181e+00 -2.586380799224e+00 1.874412247649e+00 2.336464614247e+00 -2.305007670788e+00 2.355643581128e+00 -5.148177204724e+00 -2.104508212696e+00 2.070846999332e+00 -2.563013999317e+00 2.031924367027e+00 -2.267465187675e+00 2.995602417905e+00 3.605114848727e+00
1620	-1.157441950446e-01 4.916438130181e+00 -2.586380799224e+00 1.874412247649e+00 2.336464614247e+00 -2.305007670788e+00 2.355643581128e+00 -5.148177204724e+00 -2.104508212696e+00 2.070846999332e+00 -2.563013999317e+00 2.031924367027e+00 -2.267465187675e+00 2.994424193609e+00 3.606386399050e+00
1630	-1.157441950446e-01 4.916438130181e+00 -2.586380799224e+00 1.874412247649e+00 2.336464614247e+00 -2.305007670788e+00 2.355643581128e+00 -5.148177204724e+00 -2.104508212696e+00 2.070846999332e+00 -2.563013999317e+00 2.031924367027e+00 -2.267465187675e+00 2.993237213476e+00 3.607664471396e+00
1640	-1.157441950446e-01 4.916438130181e+00 -2.586380799224e+00 1.874412247649e+00 2.336464614247e+00 -2.305007670788e+00 2.355643581128e+00 -5.148177204724e+00 -2.104508212696e+00 2.070846999332e+00 -2.563013999317e+00 2.031924367027e+00 -2.267465187675e+00 2.992044283808e+00 3.608946776061e+00
1650	-1.157441950446e-01 4.916438130181e+00 -2.586380799224e+00 1.874412247649e+00 2.336464614247e+00 -2.305007670788e+00 2.355643581128e+00 -5.148177204724e+00 -2.104508212696e+00 2.070846999332e+00 -2.563013999317e+00 2.031924367027e+00 -2.267465187675e+00 2.990845463413e+00 3.610233762983e+00
1660	-1.157441950446e-01 4.916438130181e+00 -2.586380799224e+00 1.874412247649e+00 2.336464614247e+00 -2.305007670788e+00 2.355643581128e+00 -5.148177204724e+00 -2.104508212696e+00 2.070846999332e+00 -2.563013999317e+00 2.031924367027e+00 -2.267465187675e+00 2.989640127910e+00 3.611526014168e+00
1670	-1.157441950446e-01 4.916438130181e+00 -2.586380799224e+00 1.874412247649e+00 2.336464614247e+00 -2.305007670788e+00 2.355643581128e+00 -5.148177204724e+00 -2.104508212696e+00 2.070846999332e+00 -2.563013999317e+00 2.031924367027e+00 -2.267465187675e+00 2.988431138502e+00 3.612821132380e+00
1680	-1.157441950446e-01 4.916438130181e+00 -2.586380799224e+00 1.874412247649e+00 2.336464614247e+00 -2.305007670788e+00 2.355643581128e+00 -5.148177204724e+00 -2.104508212696e+00 2.070846999332e+00 -2.563013999317e+00 2.031924367027e+00 -2.267465187675e+00 2.987220038967e+00 3.614118664940e+00
1690	-1.157441950446e-01 4.916438130181e+00 -2.586380799224e+00 1.874412247649e+00 2.336464614247e+00 -2.305007670788e+00 2.355643581128e+00 -5.148177204724e+00 -2.104508212696e+00 2.070846999332e+00 -2.563013999317e+00 2.031924367027e+00 -2.267465187675e+00 2.986006063918e+00 3.615420101177e+00
1700	-1.157441950446e-01 4.916438130181e+00 -2.586380799224e+00 1.874412247649e+00 2.336464614247e+00 -2.305007670788e+00 2.355643581128e+00 -5.148177204724e+00 -2.104508212696e+00 2.070846999332e+00 -2.563013999317e+00 2.031924367027e+00 -2.267465187675e+00 2.984789936249e+00 3.616724964107e+00
1710	-1.157441950446e-01 4.916438130181e+00 -2.586380799224e+00 1.874412247649e+00 2.336464614247e+00 -2.305007670788e+00 2.355643581128e+00 -5.148177204724e+00 -2.104508212696e+00 2.070846999332e+00 -2.563013999317e+00 2.031924367027e+00 -2.267465187675e+00 2.983573667941e+00 3.618031289527e+00
1720	-1.157441950446e-01 4.916438130181e+00 -2.586380799224e+00 1.874412247649e+00 2.336464614247e+00 -2.305007670788e+00 2.355643581128e+00 -5.148177204724e+00 -2.104508212696e+00 2.070846999332e+00 -2.563013999317e+00 2.031924367027e+00 -2.267465187675e+00 2.982357095564e+00 3.619339356235e+00
1730	-1.157441950446e-01 4.916438130181e+00 -2.586380799224e+00 1.874412247649e+00 2.336464614247e+00 -2.305007670788e+00 2.355643581128e+00 -5.148177204724e+00 -2.104508212696e+00 2.070846999332e+00 -2.563013999317e+00 2.031924367027e+00 -2.267465187675e+00 2.981137249885e+00 3.620652396743e+00
1740	-1.157441950446e-01 4.916438130181e+00 -2.586380799224e+00 1.874412247649e+00 2.336464614247e+00 -2.305007670788e+00 2.355643581128e+00 -5.148177204724e+00 -2.104508212696e+00 2.070846999332e+00 -2.563013999317e+00 2.031924367027e+00 -2.267465187675e+00 2.979913308938e+00 3.621971350685e+00
1750	-1.157441950446e-01 4.916438130181e+00 -2.586380799224e+00 1.874412247649e+00 2.336464614247e+00 -2.305007670788e+00 2.355643581128e+00 -5.148177204724e+00 -2.104508212696e+00 2.070846999332e+00 -2.563013999317e+00 2.031924367027e+00 -2.267465187675e+00 2.978687174201e+00 3.623294720739e+00
1760	-1.157441950446e-01 4.916438130181e+00 -2.586380799224e+00 1.874412247649e+00 2.336464614247e+00 -2.305007670788e+00 2.355643581128e+00 -5.148177204724e+00 -2.104508212696e+00 2.070846999332e+00 -2.563013999317e+00 2.031924367027e+00 -2.267465187675e+00 2.977460628091e+00 3.624622425638e+00
1770	-1.157441950446e-01 4.916438130181e+00 -2.586380799224e+00 1.874412247649e+00 2.336464614247e+00 -2.305007670788e+00 2.355643581128e+00 -5.148177204724e+00 -2.104508212696e+00 2.070846999332e+00 -2.563013999317e+00 2.031924367027e+00 -2.267465187675e+00 2.976234101108e+00 3.625955388275e+00
1780	-1.157441950446e-01 4.916438130181e+00 -2.586380799224e+00 1.874412247649e+00 2.336464614247e+00 -2.305007670788e+00 2.355643581128e+00 -5.148177204724e+00 -2.104508212696e+00 2.070846999332e+00 -2.563013999317e+00 2.031924367027e+00 -2.267465187675e+00 2.975007825258e+00 3.627293281222e+00
1790	-1.157441950446e-01 4.916438130181e+00 -2.586380799224e+00 1.874412247649e+00 2.336464614247e+00 -2.305007670788e+00 2.355643581128e+00 -5.148177204724e+00 -2.104508212696e+00 2.070846999332e+00 -2.563013999317e+00 2.031924367027e+00 -2.267465187675e+00 2.973783555424e+00 3.628634750667e+00
1800	-1.157441950446e-01 4.916438130181e+00 -2.586380799224e+00 1.874412247649e+00 2.336464614247e+00 -2.305007670788e+00 2.355643581128e+00 -5.148177204724e+00 -2.104508212696e+00 2.070846999332e+00 -2.563013999317e+00 2.031924367027e+00 -2.267465187675e+00 2.972558605201e+00 3.629982425859e+00
1810	-1.157441950446e-01 4.916438130181e+00 -2.586380799224e+00 1.874412247649e+00 2.336464614247e+00 -2.305007670788e+00 2.355643581128e+00 -5.148177204724e+00 -2.104508212696e+00 2.070846999332e+00 -2.563013999317e+00 2.031924367027e+00 -2.267465187675e+00 2.971327830316e+00 3.631340418398e+00
1820	-1.157441950446e-01 4.916438130181e+00 -2.586380799224e+00 1.874412247649e+00 2.336464614247e+00 -2.305007670788e+00 2.355643581128e+00 -5.148177204724e+00 -2.104508212696e+00 2.070846999332e+00 -2.563013999317e+00 2.031924367027e+00 -2.267465187675e+00 2.970092098020e+00 3.632708178923e+00
1830	-1.157441950446e-01 4.916438130181e+00 -2.586380799224e+00 1.874412247649e+00 2.336464614247e+00 -2.305007670788e+00 2.355643581128e+00 -5.148177204724e+00 -2.104508212696e+00 2.070846999332e+00 -2.563013999317e+00 2.031924367027e+00 -2.267465187675e+00 2.968854913878e+00 3.634082983897e+00
1840	-1.157441950446e-01 4.916438130181e+00 -2.586380799224e+00 1.874412247649e+00 2.336464614247e+00 -2.305007670788e+00 2.355643581128e+00 -5.148177204724e+00 -2.104508212696e+00 2.070846999332e+00 -2.563013999317e+00 2.031924367027e+00 -2.267465187675e+00 2.967616051516e+00 3.635463745047e+00
1850	-1.157441950446e-01 4.916438130181e+00 -2.586380799224e+00 1.874412247649e+00 2.336464614247e+00 -2.305007670788e+00 2.355643581128e+00 -5.148177204724e+00 -2.104508212696e+00 2.070846999332e+00 -2.563013999317e+00 2.031924367027e+00 -2.267465187675e+00 2.966371124814e+00 3.636851792570e+00
1860	-1.157441950446e-01 4.916438130181e+00 -2.586380799224e+00 1.874412247649e+00 2.336464614247e+00 -2.305007670788e+00 2.355643581128e+00 -5.148177204724e+00 -2.104508212696e+00 2.070846999332e+00 -2.563013999317e+00 2.031924367027e+00 -2.267465187675e+00 2.965118409696e+00 3.638246364183e+00
1870	-1.157441950446e-01 4.916438130181e+00 -2.586380799224e+00 1.874412247649e+00 2.336464614247e+00 -2.305007670788e+00 2.355643581128e+00 -5.148177204724e+00 -2.104508212696e+00 2.070846999332e+00 -2.563013999317e+00 2.031924367027e+00 -2.267465187675e+00 2.963859787768e+00 3.639644805778e+00
1880	-1.157441950446e-01 4.916438130181e+00 -2.586380799224e+00 1.874412247649e+00 2.336464614247e+00 -2.305007670788e+00 2.355643581128e+00 -5.148177204724e+00 -2.104508212696e+00 2.070846999332e+00 -2.563013999317e+00 2.031924367027e+00 -2.267465187675e+00 2.962596485238e+00 3.641046409954e+00
1890	-1.157441950446e-01 4.916438130181e+00 -2.586380799224e+00 1.874412247649e+00 2.336464614247e+00 -2.305007670788e+00 2.355643581128e+00 -5.148177204724e+00 -2.104508212696e+00 2.070846999332e+00 -2.563013999317e+00 2.031924367027e+00 -2.267465187675e+00 2.961329642083e+00 3.642450692693e+00
1900	-1.157441950446e-01 4.916438130181e+00 -2.586380799224e+00 1.874412247649e+00 2.336464614247e+00 -2.305007670788e+00 2.355643581128e+00 -5.148177204724e+00 -2.104508212696e+00 2.070846999332e+00 -2.563013999317e+00 2.031924367027e+00 -2.267465187675e+00 2.960060224864e+00 3.643856234073e+00
1910	-1.157441950446e-01 4.916438130181e+00 -2.586380799224e+00 1.874412247649e+00 2.336464614247e+00 -2.305007670788e+00 2.355643581128e+00 -5.148177204724e+00 -2.104508212696e+00 2.070846999332e+00 -2.563013999317e+00 2.031924367027e+00 -2.267465187675e+00 2.958785783241e+00 3.645264094049e+00
1920	-1.157441950446e-01 4.916438130181e+00 -2.586380799224e+00 1.874412247649e+00 2.336464614247e+00 -2.305007670788e+00 2.355643581128e+00 -5.148177204724e+00 -2.104508212696e+00 2.070846999332e+00 -2.563013999317e+00 2.031924367027e+00 -2.267465187675e+00 2.957500119892e+00 3.646678889503e+00
1930	-1.157441950446e-01 4.916438130181e+00 -2.586380799224e+00 1.874412247649e+00 2.336464614247e+00 -2.305007670788e+00 2.355643581128e+00 -5.148177204724e+00 -2.104508212696e+00 2.070846999332e+00 -2.563013999317e+00 2.031924367027e+00 -2.267465187675e+00 2.956197389275e+00 3.648104668794e+00
1940	-1.157441950446e-01 4.916438130181e+00 -2.586380799224e+00 1.874412247649e+00 2.336464614247e+00 -2.305007670788e+00 2.355643581128e+00 -5.148177204724e+00 -2.104508212696e+00 2.070846999332e+00 -2.563013999317e+00 2.031924367027e+00 -2.267465187675e+00 2.954876275448e+00 3.649541753067e+00
1950	-1.157441950446e-01 4.916438130181e+00 -2.586380799224e+00 1.874412247649e+00 2.336464614247e+00 -2.305007670788e+00 2.355643581128e+00 -5.148177204724e+00 -2.104508212696e+00 2.070846999332e+00 -2.563013999317e+00 2.031924367027e+00 -2.267465187675e+00 2.953538575760e+00 3.650989186248e+00
1960	-1.157441950446e-01 4.916438130181e+00 -2.586380799224e+00 1.874412247649e+00 2.336464614247e+00 -2.305007670788e+00 2.355643581128e+00 -5.148177204724e+00 -2.104508212696e+00 2.070846999332e+00 -2.563013999317e+00 2.031924367027e+00 -2.267465187675e+00 2.952186140212e+00 3.652446345286e+00
1970	-1.157441950446e-01 4.916438130181e+00 -2.586380799224e+00 1.874412247649e+00 2.336464614247e+00 -2.305007670788e+00 2.355643581128e+00 -5.148177204724e+00 -2.104508212696e+00 2.070846999332e+00 -2.563013999317e+00 2.031924367027e+00 -2.267465187675e+00 2.950821322634e+00 3.653911557855e+00
1980	-1.157441950446e-01 4.916438130181e+00 -2.586380799224e+00 1.874412247649e+00 2.336464614247e+00 -2.305007670788e+00 2.355643581128e+00 -5.148177204724e+00 -2.104508212696e+00 2.070846999332e+00 -2.563013999317e+00 2.031924367027e+00 -2.267465187675e+00 2.949446987680e+00 3.655383860248e+00
1990	-1.157441950446e-01 4.916438130181e+00 -2.586380799224e+00 1.874412247649e+00 2.336464614247e+00 -2.305007670788e+00 2.355643581128e+00 -5.148177204724e+00 -2.104508212696e+00 2.070846999332e+00 -2.563013999317e+00 2.031924367027e+00 -2.267465187675e+00 2.948066538294e+00 3.656863277149e+00
2000	-1.157441950446e-01 4.916438130181e+00 -2.586380799224e+00 1.874412247649e+00 2.336464614247e+00 -2.305007670788e+00 2.355643581128e+00 -5.148177204724e+00 -2.104508212696e+00 2.070846999332e+00 -2.563013999317e+00 2.031924367027e+00 -2.267465187675e+00 2.946683690343e+00 3.658348551525e+00
2010	-1.157441950446e-01 4.916438130181e+00 -2.586380799224e+00 1.874412247649e+00 2.336464614247e+00 -2.305007670788e+00 2.355643581128e+00 -5.148177204724e+00 -2.104508212696e+00 2.070846999332e+00 -2.563013999317e+00 2.031924367027e+00 -2.267465187675e+00 2.945300448287e+00 3.659837046103e+00
2020	-1.157441950446e-01 4.916438130181e+00 -2.586380799224e+00 1.874412247649e+00 2.336464614247e+00 -2.305007670788e+00 2.355643581128e+00 -5.148177204724e+00 -2.104508212696e+00 2.070846999332e+00 -2.563013999317e+00 2.031924367027e+00 -2.267465187675e+00 2.943915181474e+00 3.661328829504e+00
2030	-1.157441950446e-01 4.916438130181e+00 -2.586380799224e+00 1.874412247649e+00 2.336464614247e+00 -2.305007670788e+00 2.355643581128e+00 -5.148177204724e+00 -2.104508212696e+00 2.070846999332e+00 -2.563013999317e+00 2.031924367027e+00 -2.267465187675e+00 2.942524238703e+00 3.662828446160e+00
2040	-1.157441950446e-01 4.916438130181e+00 -2.586380799224e+00 1.874412247649e+00 2.336464614247e+00 -2.305007670788e+00 2.355643581128e+00 -5.148177204724e+00 -2.104508212696e+00 2.070846999332e+00 -2.563013999317e+00 2.031924367027e+00 -2.267465187675e+00 2.941126873235e+00 3.664338531692e+00
2050	-1.157441950446e-01 4.916438130181e+00 -2.586380799224e+00 1.874412247649e+00 2.336464614247e+00 -2.305007670788e+00 2.355643581128e+00 -5.148177204724e+00 -2.104508212696e+00 2.070846999332e+00 -2.563013999317e+00 2.031924367027e+00 -2.267465187675e+00 2.939724063278e+00 3.665858571722e+00
2060	-1.157441950446e-01 4.916438130181e+00 -2.586380799224e+00 1.874412247649e+00 2.336464614247e+00 -2.305007670788e+00 2.355643581128e+00 -5.148177204724e+00 -2.104508212696e+00 2.070846999332e+00 -2.563013999317e+00 2.031924367027e+00 -2.267465187675e+00 2.938314566443e+00 3.667389188486e+00
2070	-1.157441950446e-01 4.916438130181e+00 -2.586380799224e+00 1.874412247649e+00 2.336464614247e+00 -2.305007670788e+00 2.355643581128e+00 -5.148177204724e+00 -2.104508212696e+00 2.070846999332e+00 -2.563013999317e+00 2.031924367027e+00 -2.267465187675e+00 2.936899724055e+00 3.668929496630e+00
2080	-1.157441950446e-01 4.916438130181e+00 -2.586380799224e+00 1.874412247649e+00 2.336464614247e+00 -2.305007670788e+00 2.355643581128e+00 -5.148177204724e+00 -2.104508212696e+00 2.070846999332e+00 -2.563013999317e+00 2.031924367027e+00 -2.267465187675e+00 2.935483300232e+00 3.670476390816e+00
2090	-1.157441950446e-01 4.916438130181e+00 -2.586380799224e+00 1.874412247649e+00 2.336464614247e+00 -2.305007670788e+00 2.355643581128e+00 -5.148177204724e+00 -2.104508212696e+00 2.070846999332e+00 -2.563013999317e+00 2.031924367027e+00 -2.267465187675e+00 2.934063989107e+00 3.672029929712e+00
2100	-1.157441950446e-01 4.916438130181e+00 -2.586380799224e+00 1.874412247649e+00 2.336464614247e+00 -2.305007670788e+00 2.355643581128e+00 -5.148177204724e+00 -2.104508212696e+00 2.070846999332e+00 -2.563013999317e+00 2.031924367027e+00 -2.267465187675e+00 2.932639452782e+00 3.673592403959e+00
2110	-1.157441950446e-01 4.916438130181e+00 -2.586380799224e+00 1.874412247649e+00 2.336464614247e+00 -2.305007670788e+00 2.355643581128e+00 -5.148177204724e+00 -2.104508212696e+00 2.070846999332e+00 -2.563013999317e+00 2.031924367027e+00 -2.267465187675e+00 2.931210800745e+00 3.675163860261e+00
2120	-1.157441950446e-01 4.916438130181e+00 -2.586380799224e+00 1.874412247649e+00 2.336464614247e+00 -2.305007670788e+00 2.355643581128e+00 -5.148177204724e+00 -2.104508212696e+00 2.070846999332e+00 -2.563013999317e+00 2.031924367027e+00 -2.267465187675e+00 2.929782931755e+00 3.676740033459e+00
2130	-1.157441950446e-01 4.916438130181e+00 -2.586380799224e+00 1.874412247649e+00 2.336464614247e+00 -2.305007670788e+00 2.355643581128e+00 -5.148177204724e+00 -2.104508212696e+00 2.070846999332e+00 -2.563013999317e+00 2.031924367027e+00 -2.267465187675e+00 2.928359439187e+00 3.678317835045e+00
2140	-1.157441950446e-01 4.916438130181e+00 -2.586380799224e+00 1.874412247649e+00 2.336464614247e+00 -2.305007670788e+00 2.355643581128e+00 -5.148177204724e+00 -2.104508212696e+00 2.070846999332e+00 -2.563013999317e+00 2.031924367027e+00 -2.267465187675e+00 2.926939284437e+00 3.679897465513e+00
2150	-1.157441950446e-01 4.916438130181e+00 -2.586380799224e+00 1.874412247649e+00 2.336464614247e+00 -2.305007670788e+00 2.355643581128e+00 -5.148177204724e+00 -2.104508212696e+00 2.070846999332e+00 -2.563013999317e+00 2.031924367027e+00 -2.267465187675e+00 2.925519029067e+00 3.681479332487e+00
2160	-1.157441950446e-01 4.916438130181e+00 -2.586380799224e+00 1.874412247649e+00 2.336464614247e+00 -2.305007670788e+00 2.355643581128e+00 -5.148177204724e+00 -2.104508212696e+00 2.070846999332e+00 -2.563013999317e+00 2.031924367027e+00 -2.267465187675e+00 2.924094237219e+00 3.683063850520e+00
2170	-1.157441950446e-01 4.916438130181e+00 -2.586380799224e+00 1.874412247649e+00 2.336464614247e+00 -2.305007670788e+00 2.355643581128e+00 -5.148177204724e+00 -2.104508212696e+00 2.070846999332e+00 -2.563013999317e+00 2.031924367027e+00 -2.267465187675e+00 2.922661906068e+00 3.684650559902e+00
2180	-1.157441950446e-01 4.916438130181e+00 -2.586380799224e+00 1.874412247649e+00 2.336464614247e+00 -2.305007670788e+00 2.355643581128e+00 -5.148177204724e+00 -2.104508212696e+00 2.070846999332e+00 -2.563013999317e+00 2.031924367027e+00 -2.267465187675e+00 2.921220860897e+00 3.686238420461e+00
2190	-1.157441950446e-01 4.916438130181e+00 -2.586380799224e+00 1.874412247649e+00 2.336464614247e+00 -2.305007670788e+00 2.355643581128e+00 -5.148177204724e+00 -2.104508212696e+00 2.070846999332e+00 -2.563013999317e+00 2.031924367027e+00 -2.267465187675e+00 2.919772019398e+00 3.687825730691e+00
2200	-1.157441950446e-01 4.916438130181e+00 -2.586380799224e+00 1.874412247649e+00 2.336464614247e+00 -2.305007670788e+00 2.355643581128e+00 -5.148177204724e+00 -2.104508212696e+00 2.070846999332e+00 -2.563013999317e+00 2.031924367027e+00 -2.267465187675e+00 2.918316598078e+00 3.689412051416e+00
2210	-1.157441950446e-01 4.916438130181e+00 -2.586380799224e+00 1.874412247649e+00 2.336464614247e+00 -2.305007670788e+00 2.355643581128e+00 -5.148177204724e+00 -2.104508212696e+00 2.070846999332e+00 -2.563013999317e+00 2.031924367027e+00 -2.267465187675e+00 2.916852859164e+00 3.691000864432e+00
2220	-1.157441950446e-01 4.916438130181e+00 -2.586380799224e+00 1.874412247649e+00 2.336464614247e+00 -2.305007670788e+00 2.355643581128e+00 -5.148177204724e+00 -2.104508212696e+00 2.070846999332e+00 -2.563013999317e+00 2.031924367027e+00 -2.267465187675e+00 2.915378424444e+00 3.692595958840e+00
2230	-1.157441950446e-01 4.916438130181e+00 -2.586380799224e+00 1.874412247649e+00 2.336464614247e+00 -2.305007670788e+00 2.355643581128e+00 -5.148177204724e+00 -2.104508212696e+00 2.070846999332e+00 -2.563013999317e+00 2.031924367027e+00 -2.267465187675e+00 2.913892473037e+00 3.694197938537e+00
2240	-1.157441950446e-01 4.916438130181e+00 -2.586380799224e+00 1.874412247649e+00 2.336464614247e+00 -2.305007670788e+00 2.355643581128e+00 -5.148177204724e+00 -2.104508212696e+00 2.070846999332e+00 -2.563013999317e+00 2.031924367027e+00 -2.267465187675e+00 2.912394797245e+00 3.695806515282e+00
2250	-1.157441950446e-01 4.916438130181e+00 -2.586380799224e+00 1.874412247649e+00 2.336464614247e+00 -2.305007670788e+00 2.355643581128e+00 -5.148177204724e+00 -2.104508212696e+00 2.070846999332e+00 -2.563013999317e+00 2.031924367027e+00 -2.267465187675e+00 2.910887032459e+00 3.697420600243e+00
2260	-1.157441950446e-01 4.916438130181e+00 -2.586380799224e+00 1.874412247649e+00 2.336464614247e+00 -2.305007670788e+00 2.355643581128e+00 -5.148177204724e+00 -2.104508212696e+00 2.070846999332e+00 -2.563013999317e+00 2.031924367027e+00 -2.267465187675e+00 2.909370111303e+00 3.699040313072e+00
2270	-1.157441950446e-01 4.916438130181e+00 -2.586380799224e+00 1.874412247649e+00 2.336464614247e+00 -2.305007670788e+00 2.355643581128e+00 -5.148177204724e+00 -2.104508212696e+00 2.070846999332e+00 -2.563013999317e+00 2.031924367027e+00 -2.267465187675e+00 2.907844790743e+00 3.700666190124e+00
2280	-1.157441950446e-01 4.916438130181e+00 -2.586380799224e+00 1.874412247649e+00 2.336464614247e+00 -2.305007670788e+00 2.355643581128e+00 -5.148177204724e+00 -2.104508212696e+00 2.070846999332e+00 -2.563013999317e+00 2.031924367027e+00 -2.267465187675e+00 2.906313652581e+00 3.702297974618e+00
2290	-1.157441950446e-01 4.916438130181e+00 -2.586380799224e+00 1.874412247649e+00 2.336464614247e+00 -2.305007670788e+00 2.355643581128e+00 -5.148177204724e+00 -2.104508212696e+00 2.070846999332e+00 -2.563013999317e+00 2.031924367027e+00 -2.267465187675e+00 2.904780952192e+00 3.703934667132e+00
2300	-1.157441950446e-01 4.916438130181e+00 -2.586380799224e+00 1.874412247649e+00 2.336464614247e+00 -2.305007670788e+00 2.355643581128e+00 -5.148177204724e+00 -2.104508212696e+00 2.070846999332e+00 -2.563013999317e+00 2.031924367027e+00 -2.267465187675e+00 2.903249466478e+00 3.705575437223e+00
2310	-1.157441950446e-01 4.916438130181e+00 -2.586380799224e+00 1.874412247649e+00 2.336464614247e+00 -2.305007670788e+00 2.355643581128e+00 -5.148177204724e+00 -2.104508212696e+00 2.070846999332e+00 -2.563013999317e+00 2.031924367027e+00 -2.267465187675e+00 2.901715655969e+00 3.707223234689e+00
2320	-1.157441950446e-01 4.916438130181e+00 -2.586380799224e+00 1.874412247649e+00 2.336464614247e+00 -2.305007670788e+00 2.355643581128e+00 -5.148177204724e+00 -2.104508212696e+00 2.070846999332e+00 -2.563013999317e+00 2.031924367027e+00 -2.267465187675e+00 2.900172400190e+00 3.708883995832e+00
2330	-1.157441950446e-01 4.916438130181e+00 -2.586380799224e+00 1.874412247649e+00 2.336464614247e+00 -2.305007670788e+00 2.355643581128e+00 -5.148177204724e+00 -2.104508212696e+00 2.070846999332e+00 -2.563013999317e+00 2.031924367027e+00 -2.267465187675e+00 2.898619605140e+00 3.710558473205e+00
2340	-1.157441950446e-01 4.916438130181e+00 -2.586380799224e+00 1.874412247649e+00 2.336464614247e+00 -2.305007670788e+00 2.355643581128e+00 -5.148177204724e+00 -2.104508212696e+00 2.070846999332e+00 -2.563013999317e+00 2.031924367027e+00 -2.267465187675e+00 2.897061648808e+00 3.712244096874e+00
2350	-1.157441950446e-01 4.916438130181e+00 -2.586380799224e+00 1.874412247649e+00 2.336464614247e+00 -2.305007670788e+00 2.355643581128e+00 -5.148177204724e+00 -2.104508212696e+00 2.070846999332e+00 -2.563013999317e+00 2.031924367027e+00 -2.267465187675e+00 2.895501245320e+00 3.713940372420e+00
2360	-1.157441950446e-01 4.916438130181e+00 -2.586380799224e+00 1.874412247649e+00 2.336464614247e+00 -2.305007670788e+00 2.355643581128e+00 -5.148177204724e+00 -2.104508212696e+00 2.070846999332e+00 -2.563013999317e+00 2.031924367027e+00 -2.267465187675e+00 2.893940159480e+00 3.715647626640e+00
2370	-1.157441950446e-01 4.916438130181e+00 -2.586380799224e+00 1.874412247649e+00 2.336464614247e+00 -2.305007670788e+00 2.355643581128e+00 -5.148177204724e+00 -2.104508212696e+00 2.070846999332e+00 -2.563013999317e+00 2.031924367027e+00 -2.267465187675e+00 2.892378086713e+00 3.717366221140e+00
2380	-1.157441950446e-01 4.916438130181e+00 -2.586380799224e+00 1.874412247649e+00 2.336464614247e+00 -2.305007670788e+00 2.355643581128e+00 -5.148177204724e+00 -2.104508212696e+00 2.070846999332e+00 -2.563013999317e+00 2.031924367027e+00 -2.267465187675e+00 2.890813811929e+00 3.719095576622e+00
2390	-1.157441950446e-01 4.916438130181e+00 -2.586380799224e+00 1.874412247649e+00 2.336464614247e+00 -2.305007670788e+00 2.355643581128e+00 -5.148177204724e+00 -2.104508212696e+00 2.070846999332e+00 -2.563013999317e+00 2.031924367027e+00 -2.267465187675e+00 2.889241888749e+00 3.720838530074e+00
2400	-1.157441950446e-01 4.916438130181e+00 -2.586380799224e+00 1.874412247649e+00 2.336464614247e+00 -2.305007670788e+00 2.355643581128e+00 -5.148177204724e+00 -2.104508212696e+00 2.070846999332e+00 -2.563013999317e+00 2.031924367027e+00 -2.267465187675e+00 2.887660184073e+00 3.722595715335e+00
2410	-1.157441950446e-01 4.916438130181e+00 -2.586380799224e+00 1.874412247649e+00 2.336464614247e+00 -2.305007670788e+00 2.355643581128e+00 -5.148177204724e+00 -2.104508212696e+00 2.070846999332e+00 -2.563013999317e+00 2.031924367027e+00 -2.267465187675e+00 2.886071229539e+00 3.724363922540e+00
2420	-1.157441950446e-01 4.916438130181e+00 -2.586380799224e+00 1.874412247649e+00 2.336464614247e+00 -2.305007670788e+00 2.355643581128e+00 -5.148177204724e+00 -2.104508212696e+00 2.070846999332e+00 -2.563013999317e+00 2.031924367027e+00 -2.267465187675e+00 2.884478265009e+00 3.726138751539e+00
2430	-1.157441950446e-01 4.916438130181e+00 -2.586380799224e+00 1.874412247649e+00 2.336464614247e+00 -2.305007670788e+00 2.355643581128e+00 -5.148177204724e+00 -2.104508212696e+00 2.070846999332e+00 -2.563013999317e+00 2.031924367027e+00 -2.267465187675e+00 2.882879955950e+00 3.727919434016e+00
2440	-1.157441950446e-01 4.916438130181e+00 -2.586380799224e+00 1.874412247649e+00 2.336464614247e+00 -2.305007670788e+00 2.355643581128e+00 -5.148177204724e+00 -2.104508212696e+00 2.070846999332e+00 -2.563013999317e+00 2.031924367027e+00 -2.267465187675e+00 2.881273544536e+00 3.729705886366e+00
2450	-1.157441950446e-01 4.916438130181e+00 -2.586380799224e+00 1.874412247649e+00 2.336464614247e+00 -2.305007670788e+00 2.355643581128e+00 -5.148177204724e+00 -2.104508212696e+00 2.070846999332e+00 -2.563013999317e+00 2.031924367027e+00 -2.267465187675e+00 2.879656811752e+00 3.731498498751e+00
2460	-1.157441950446e-01 4.916438130181e+00 -2.586380799224e+00 1.874412247649e+00 2.336464614247e+00 -2.305007670788e+00 2.355643581128e+00 -5.148177204724e+00 -2.104508212696e+00 2.070846999332e+00 -2.563013999317e+00 2.031924367027e+00 -2.267465187675e+00 2.878030377875e+00 3.733296565648e+00
2470	-1.157441950446e-01 4.916438130181e+00 -2.586380799224e+00 1.874412247649e+00 2.336464614247e+00 -2.305007670788e+00 2.355643581128e+00 -5.148177204724e+00 -2.104508212696e+00 2.070846999332e+00 -2.563013999317e+00 2.031924367027e+00 -2.267465187675e+00 2.876397046339e+00 3.735097108644e+00
2480	-1.157441950446e-01 4.916438130181e+00 -2.586380799224e+00 1.874412247649e+00 2.336464614247e+00 -2.305007670788e+00 2.355643581128e+00 -5.148177204724e+00 -2.104508212696e+00 2.070846999332e+00 -2.563013999317e+00 2.031924367027e+00 -2.267465187675e+00 2.874757504847e+00 3.736898559359e+00
2490	-1.157441950446e-01 4.916438130181e+00 -2.586380799224e+00 1.874412247649e+00 2.336464614247e+00 -2.305007670788e+00 2.355643581128e+00 -5.148177204724e+00 -2.104508212696e+00 2.070846999332e+00 -2.563013999317e+00 2.031924367027e+00 -2.267465187675e+00 2.873110485823e+00 3.738702628285e+00
2500	-1.157441950446e-01 4.916438130181e+00 -2.586380799224e+00 1.874412247649e+00 2.336464614247e+00 -2.305007670788e+00 2.355643581128e+00 -5.148177204724e+00 -2.104508212696e+00 2.070846999332e+00 -2.563013999317e+00 2.031924367027e+00 -2.267465187675e+00 2.871452183471e+00 3.740514453818e+00
2510	-1.157441950446e-01 4.916438130181e+00 -2.586380799224e+00 1.874412247649e+00 2.336464614247e+00 -2.305007670788e+00 2.355643581128e+00 -5.148177204724e+00 -2.104508212696e+00 2.070846999332e+00 -2.563013999317e+00 2.031924367027e+00 -2.267465187675e+00 2.869782937572e+00 3.742333946861e+00
2520	-1.157441950446e-01 4.916438130181e+00 -2.586380799224e+00 1.874412247649e+00 2.336464614247e+00 -2.305007670788e+00 2.355643581128e+00 -5.148177204724e+00 -2.104508212696e+00 2.070846999332e+00 -2.563013999317e+00 2.031924367027e+00 -2.267465187675e+00 2.868102959936e+00 3.744160590714e+00
2530	-1.157441950446e-01 4.916438130181e+00 -2.586380799224e+00 1.874412247649e+00 2.336464614247e+00 -2.305007670788e+00 2.355643581128e+00 -5.148177204724e+00 -2.104508212696e+00 2.070846999332e+00 -2.563013999317e+00 2.031924367027e+00 -2.267465187675e+00 2.866410152936e+00 3.745995930036e+00
2540	-1.157441950446e-01 4.916438130181e+00 -2.586380799224e+00 1.874412247649e+00 2.336464614247e+00 -2.305007670788e+00 2.355643581128e+00 -5.148177204724e+00 -2.104508212696e+00 2.070846999332e+00 -2.563013999317e+00 2.031924367027e+00 -2.267465187675e+00 2.864703082367e+00 3.747841157431e+00
2550	-1.157441950446e-01 4.916438130181e+00 -2.586380799224e+00 1.874412247649e+00 2.336464614247e+00 -2.305007670788e+00 2.355643581128e+00 -5.148177204724e+00 -2.104508212696e+00 2.070846999332e+00 -2.563013999317e+00 2.031924367027e+00 -2.267465187675e+00 2.862984386565e+00 3.749694613427e+00
2560	-1.157441950446e-01 4.916438130181e+00 -2.586380799224e+00 1.874412247649e+00 2.336464614247e+00 -2.305007670788e+00 2.355643581128e+00 -5.148177204724e+00 -2.104508212696e+00 2.070846999332e+00 -2.563013999317e+00 2.031924367027e+00 -2.267465187675e+00 2.861258566625e+00 3.751554508286e+00
2570	-1.157441950446e-01 4.916438130181e+00 -2.586380799224e+00 1.874412247649e+00 2.336464614247e+00 -2.305007670788e+00 2.355643581128e+00 -5.148177204724e+00 -2.104508212696e+00 2.070846999332e+00 -2.563013999317e+00 2.031924367027e+00 -2.267465187675e+00 2.859529404719e+00 3.753420292521e+00
2580	-1.157441950446e-01 4.916438130181e+00 -2.586380799224e+00 1.874412247649e+00 2.336464614247e+00 -2.305007670788e+00 2.355643581128e+00 -5.148177204724e+00 -2.104508212696e+00 2.070846999332e+00 -2.563013999317e+00 2.031924367027e+00 -2.267465187675e+00 2.857800045829e+00 3.755290819673e+00
2590	-1.157441950446e-01 4.916438130181e+00 -2.586380799224e+00 1.874412247649e+00 2.336464614247e+00 -2.305007670788e+00 2.355643581128e+00 -5.148177204724e+00 -2.104508212696e+00 2.070846999332e+00 -2.563013999317e+00 2.031924367027e+00 -2.267465187675e+00 2.856069479502e+00 3.757167668550e+00
2600	-1.157441950446e-01 4.916438130181e+00 -2.586380799224e+00 1.874412247649e+00 2.336464614247e+00 -2.305007670788e+00 2.355643581128e+00 -5.148177204724e+00 -2.104508212696e+00 2.070846999332e+00 -2.563013999317e+00 2.031924367027e+00 -2.267465187675e+00 2.854335399237e+00 3.759052779023e+00
2610	-1.157441950446e-01 4.916438130181e+00 -2.586380799224e+00 1.874412247649e+00 2.336464614247e+00 -2.305007670788e+00 2.355643581128e+00 -5.148177204724e+00 -2.104508212696e+00 2.070846999332e+00 -2.563013999317e+00 2.031924367027e+00 -2.267465187675e+00 2.852596292612e+00 3.760947502784e+00
2620	-1.157441950446e-01 4.916438130181e+00 -2.586380799224e+00 1.874412247649e+00 2.336464614247e+00 -2.305007670788e+00 2.355643581128e+00 -5.148177204724e+00 -2.104508212696e+00 2.070846999332e+00 -2.563013999317e+00 2.031924367027e+00 -2.267465187675e+00 2.850853999059e+00 3.762851153343e+00
2630	-1.157441950446e-01 4.916438130181e+00 -2.586380799224e+00 1.874412247649e+00 2.336464614247e+00 -2.305007670788e+00 2.355643581128e+00 -5.148177204724e+00 -2.104508212696e+00 2.070846999332e+00 -2.563013999317e+00 2.031924367027e+00 -2.267465187675e+00 2.849109507863e+00 3.764765397001e+00
2640	-1.157441950446e-01 4.916438130181e+00 -2.586380799224e+00 1.874412247649e+00 2.336464614247e+00 -2.305007670788e+00 2.355643581128e+00 -5.148177204724e+00 -2.104508212696e+00 2.070846999332e+00 -2.563013999317e+00 2.031924367027e+00 -2.267465187675e+00 2.847361833006e+00 3.766692967456e+00
2650	-1.157441950446e-01 4.916438130181e+00 -2.586380799224e+00 1.874412247649e+00 2.336464614247e+00 -2.305007670788e+00 2.355643581128e+00 -5.148177204724e+00 -2.104508212696e+00 2.070846999332e+00 -2.563013999317e+00 2.031924367027e+00 -2.267465187675e+00 2.845612045870e+00 3.768632312155e+00
