1 2.783358497687e-10
2 2.783358497687e-10
3 2.783358497687e-10
4 2.783358497687e-10
5 2.783358497687e-10
6 2.783358497687e-10
7 2.783358497687e-10
8 2.783358497687e-10
9 2.783358497687e-10
10 2.783358497687e-10
11 1.109625804900e-09
12 1.109625804900e-09
13 1.109625804900e-09
14 1.109625804900e-09
15 1.109625804900e-09
16 1.109625804900e-09
17 1.109625804900e-09
18 1.109625804900e-09
19 1.109625804900e-09
20 1.109625804900e-09
21 2.564092285332e-09
22 2.564092285332e-09
23 2.564092285332e-09
24 2.564092285332e-09
25 2.564092285332e-09
26 2.564092285332e-09
27 2.564092285332e-09
28 2.564092285332e-09
29 2.564092285332e-09
30 2.564092285332e-09
31 4.848546943159e-09
32 4.848546943159e-09
33 4.848546943159e-09
34 4.848546943159e-09
35 4.848546943159e-09
36 4.848546943159e-09
37 4.848546943159e-09
38 4.848546943159e-09
39 4.848546943159e-09
40 4.848546943159e-09
41 8.402290388494e-09
42 8.402290388494e-09
43 8.402290388494e-09
44 8.402290388494e-09
45 8.402290388494e-09
46 8.402290388494e-09
47 8.402290388494e-09
48 8.402290388494e-09
49 8.402290388494e-09
50 8.402290388494e-09
51 1.395641668644e-08
52 1.395641668644e-08
53 1.395641668644e-08
54 1.395641668644e-08
55 1.395641668644e-08
56 1.395641668644e-08
57 1.395641668644e-08
58 1.395641668644e-08
59 1.395641668644e-08
60 1.395641668644e-08
61 2.199927821531e-08
62 2.199927821531e-08
63 2.199927821531e-08
64 2.199927821531e-08
65 2.199927821531e-08
66 2.199927821531e-08
67 2.199927821531e-08
68 2.199927821531e-08
69 2.199927821531e-08
70 2.199927821531e-08
71 3.175290296349e-08
72 3.175290296349e-08
73 3.175290296349e-08
74 3.175290296349e-08
75 3.175290296349e-08
76 3.175290296349e-08
77 3.175290296349e-08
78 3.175290296349e-08
79 3.175290296349e-08
80 3.175290296349e-08
81 4.129696873396e-08
82 4.129696873396e-08
83 4.129696873396e-08
84 4.129696873396e-08
85 4.129696873396e-08
86 4.129696873396e-08
87 4.129696873396e-08
88 4.129696873396e-08
89 4.129696873396e-08
90 4.129696873396e-08
91 4.942715239012e-08
92 4.942715239012e-08
93 4.942715239012e-08
94 4.942715239012e-08
95 4.942715239012e-08
96 4.942715239012e-08
97 4.942715239012e-08
98 4.942715239012e-08
99 4.942715239012e-08
100 4.942715239012e-08
101 5.644431089720e-08
102 5.644431089720e-08
103 5.644431089720e-08
104 5.644431089720e-08
105 5.644431089720e-08
106 5.644431089720e-08
107 5.644431089720e-08
108 5.644431089720e-08
109 5.644431089720e-08
110 5.644431089720e-08
111 6.293080245850e-08
112 6.293080245850e-08
113 6.293080245850e-08
114 6.293080245850e-08
115 6.293080245850e-08
116 6.293080245850e-08
117 6.293080245850e-08
118 6.293080245850e-08
119 6.293080245850e-08
120 6.293080245850e-08
121 6.900407406204e-08
122 6.900407406204e-08
123 6.900407406204e-08
124 6.900407406204e-08
125 6.900407406204e-08
126 6.900407406204e-08
127 6.900407406204e-08
128 6.900407406204e-08
129 6.900407406204e-08
130 6.900407406204e-08
131 7.570422331213e-08
132 7.570422331213e-08
133 7.570422331213e-08
134 7.570422331213e-08
135 7.570422331213e-08
136 7.570422331213e-08
137 7.570422331213e-08
138 7.570422331213e-08
139 7.570422331213e-08
140 7.570422331213e-08
141 8.561732424943e-08
142 8.561732424943e-08
143 8.561732424943e-08
144 8.561732424943e-08
145 8.561732424943e-08
146 8.561732424943e-08
147 8.561732424943e-08
148 8.561732424943e-08
149 8.561732424943e-08
150 8.561732424943e-08
151 1.016280959086e-07
152 1.016280959086e-07
153 1.016280959086e-07
154 1.016280959086e-07
155 1.016280959086e-07
156 1.016280959086e-07
157 1.016280959086e-07
158 1.016280959086e-07
159 1.016280959086e-07
160 1.016280959086e-07
161 1.249902979662e-07
162 1.249902979662e-07
163 1.249902979662e-07
164 1.249902979662e-07
165 1.249902979662e-07
166 1.249902979662e-07
167 1.249902979662e-07
168 1.249902979662e-07
169 1.249902979662e-07
170 1.249902979662e-07
171 1.544062712354e-07
172 1.544062712354e-07
173 1.544062712354e-07
174 1.544062712354e-07
175 1.544062712354e-07
176 1.544062712354e-07
177 1.544062712354e-07
178 1.544062712354e-07
179 1.544062712354e-07
180 1.544062712354e-07
181 1.855286769274e-07
182 1.855286769274e-07
183 1.855286769274e-07
184 1.855286769274e-07
185 1.855286769274e-07
186 1.855286769274e-07
187 1.855286769274e-07
188 1.855286769274e-07
189 1.855286769274e-07
190 1.855286769274e-07
191 2.111452857906e-07
192 2.111452857906e-07
193 2.111452857906e-07
194 2.111452857906e-07
195 2.111452857906e-07
196 2.111452857906e-07
197 2.111452857906e-07
198 2.111452857906e-07
199 2.111452857906e-07
200 2.111452857906e-07
201 2.232815008997e-07
202 2.232815008997e-07
203 2.232815008997e-07
204 2.232815008997e-07
205 2.232815008997e-07
206 2.232815008997e-07
207 2.232815008997e-07
208 2.232815008997e-07
209 2.232815008997e-07
210 2.232815008997e-07
211 2.164089825033e-07
212 2.164089825033e-07
213 2.164089825033e-07
214 2.164089825033e-07
215 2.164089825033e-07
216 2.164089825033e-07
217 2.164089825033e-07
218 2.164089825033e-07
219 2.164089825033e-07
220 2.164089825033e-07
221 1.892239839192e-07
222 1.892239839192e-07
223 1.892239839192e-07
224 1.892239839192e-07
225 1.892239839192e-07
226 1.892239839192e-07
227 1.892239839192e-07
228 1.892239839192e-07
229 1.892239839192e-07
230 1.892239839192e-07
231 1.478569696844e-07
232 1.478569696844e-07
233 1.478569696844e-07
234 1.478569696844e-07
235 1.478569696844e-07
236 1.478569696844e-07
237 1.478569696844e-07
238 1.478569696844e-07
239 1.478569696844e-07
240 1.478569696844e-07
241 1.130556054787e-07
242 1.130556054787e-07
243 1.130556054787e-07
244 1.130556054787e-07
245 1.130556054787e-07
246 1.130556054787e-07
247 1.130556054787e-07
248 1.130556054787e-07
249 1.130556054787e-07
250 1.130556054787e-07
251 1.211663183971e-07
252 1.211663183971e-07
253 1.211663183971e-07
254 1.211663183971e-07
255 1.211663183971e-07
256 1.211663183971e-07
257 1.211663183971e-07
258 1.211663183971e-07
259 1.211663183971e-07
260 1.211663183971e-07
261 2.155972157558e-07
262 2.155972157558e-07
263 2.155972157558e-07
264 2.155972157558e-07
265 2.155972157558e-07
266 2.155972157558e-07
267 2.155972157558e-07
268 2.155972157558e-07
269 2.155972157558e-07
270 2.155972157558e-07
271 4.382293458599e-07
272 4.382293458599e-07
273 4.382293458599e-07
274 4.382293458599e-07
275 4.382293458599e-07
276 4.382293458599e-07
277 4.382293458599e-07
278 4.382293458599e-07
279 4.382293458599e-07
280 4.382293458599e-07
281 8.252713421971e-07
282 8.252713421971e-07
283 8.252713421971e-07
284 8.252713421971e-07
285 8.252713421971e-07
286 8.252713421971e-07
287 8.252713421971e-07
288 8.252713421971e-07
289 8.252713421971e-07
290 8.252713421971e-07
291 1.405066425021e-06
292 1.405066425021e-06
293 1.405066425021e-06
294 1.405066425021e-06
295 1.405066425021e-06
296 1.405066425021e-06
297 1.405066425021e-06
298 1.405066425021e-06
299 1.405066425021e-06
300 1.405066425021e-06
301 2.197893541107e-06
302 2.197893541107e-06
303 2.197893541107e-06
304 2.197893541107e-06
305 2.197893541107e-06
306 2.197893541107e-06
307 2.197893541107e-06
308 2.197893541107e-06
309 2.197893541107e-06
310 2.197893541107e-06
311 3.214800596182e-06
312 3.214800596182e-06
313 3.214800596182e-06
314 3.214800596182e-06
315 3.214800596182e-06
316 3.214800596182e-06
317 3.214800596182e-06
318 3.214800596182e-06
319 3.214800596182e-06
320 3.214800596182e-06
321 4.446478596752e-06
322 4.446478596752e-06
323 4.446478596752e-06
324 4.446478596752e-06
325 4.446478596752e-06
326 4.446478596752e-06
327 4.446478596752e-06
328 4.446478596752e-06
329 4.446478596752e-06
330 4.446478596752e-06
331 5.844827436258e-06
332 5.844827436258e-06
333 5.844827436258e-06
334 5.844827436258e-06
335 5.844827436258e-06
336 5.844827436258e-06
337 5.844827436258e-06
338 5.844827436258e-06
339 5.844827436258e-06
340 5.844827436258e-06
341 7.327614919498e-06
342 7.327614919498e-06
343 7.327614919498e-06
344 7.327614919498e-06
345 7.327614919498e-06
346 7.327614919498e-06
347 7.327614919498e-06
348 7.327614919498e-06
349 7.327614919498e-06
350 7.327614919498e-06
351 8.815102559263e-06
352 8.815102559263e-06
353 8.815102559263e-06
354 8.815102559263e-06
355 8.815102559263e-06
356 8.815102559263e-06
357 8.815102559263e-06
358 8.815102559263e-06
359 8.815102559263e-06
360 8.815102559263e-06
361 1.026413338215e-05
362 1.026413338215e-05
363 1.026413338215e-05
364 1.026413338215e-05
365 1.026413338215e-05
366 1.026413338215e-05
367 1.026413338215e-05
368 1.026413338215e-05
369 1.026413338215e-05
370 1.026413338215e-05
371 1.167308788101e-05
372 1.167308788101e-05
373 1.167308788101e-05
374 1.167308788101e-05
375 1.167308788101e-05
376 1.167308788101e-05
377 1.167308788101e-05
378 1.167308788101e-05
379 1.167308788101e-05
380 1.167308788101e-05
381 1.306828613337e-05
382 1.306828613337e-05
383 1.306828613337e-05
384 1.306828613337e-05
385 1.306828613337e-05
386 1.306828613337e-05
387 1.306828613337e-05
388 1.306828613337e-05
389 1.306828613337e-05
390 1.306828613337e-05
391 1.449593361999e-05
392 1.449593361999e-05
393 1.449593361999e-05
394 1.449593361999e-05
395 1.449593361999e-05
396 1.449593361999e-05
397 1.449593361999e-05
398 1.449593361999e-05
399 1.449593361999e-05
400 1.449593361999e-05
401 1.601417452317e-05
402 1.601417452317e-05
403 1.601417452317e-05
404 1.601417452317e-05
405 1.601417452317e-05
406 1.601417452317e-05
407 1.601417452317e-05
408 1.601417452317e-05
409 1.601417452317e-05
410 1.601417452317e-05
411 1.767870253006e-05
412 1.767870253006e-05
413 1.767870253006e-05
414 1.767870253006e-05
415 1.767870253006e-05
416 1.767870253006e-05
417 1.767870253006e-05
418 1.767870253006e-05
419 1.767870253006e-05
420 1.767870253006e-05
421 1.952263746013e-05
422 1.952263746013e-05
423 1.952263746013e-05
424 1.952263746013e-05
425 1.952263746013e-05
426 1.952263746013e-05
427 1.952263746013e-05
428 1.952263746013e-05
429 1.952263746013e-05
430 1.952263746013e-05
431 2.154309009304e-05
432 2.154309009304e-05
433 2.154309009304e-05
434 2.154309009304e-05
435 2.154309009304e-05
436 2.154309009304e-05
437 2.154309009304e-05
438 2.154309009304e-05
439 2.154309009304e-05
440 2.154309009304e-05
441 2.369729918830e-05
442 2.369729918830e-05
443 2.369729918830e-05
444 2.369729918830e-05
445 2.369729918830e-05
446 2.369729918830e-05
447 2.369729918830e-05
448 2.369729918830e-05
449 2.369729918830e-05
450 2.369729918830e-05
451 2.592755079086e-05
452 2.592755079086e-05
453 2.592755079086e-05
454 2.592755079086e-05
455 2.592755079086e-05
456 2.592755079086e-05
457 2.592755079086e-05
458 2.592755079086e-05
459 2.592755079086e-05
460 2.592755079086e-05
461 2.823701367982e-05
462 2.823701367982e-05
463 2.823701367982e-05
464 2.823701367982e-05
465 2.823701367982e-05
466 2.823701367982e-05
467 2.823701367982e-05
468 2.823701367982e-05
469 2.823701367982e-05
470 2.823701367982e-05
471 3.075601354352e-05
472 3.075601354352e-05
473 3.075601354352e-05
474 3.075601354352e-05
475 3.075601354352e-05
476 3.075601354352e-05
477 3.075601354352e-05
478 3.075601354352e-05
479 3.075601354352e-05
480 3.075601354352e-05
481 3.372937856464e-05
482 3.372937856464e-05
483 3.372937856464e-05
484 3.372937856464e-05
485 3.372937856464e-05
486 3.372937856464e-05
487 3.372937856464e-05
488 3.372937856464e-05
489 3.372937856464e-05
490 3.372937856464e-05
491 3.742978465826e-05
492 3.742978465826e-05
493 3.742978465826e-05
494 3.742978465826e-05
495 3.742978465826e-05
496 3.742978465826e-05
497 3.742978465826e-05
498 3.742978465826e-05
499 3.742978465826e-05
500 3.742978465826e-05
501 4.203310088898e-05
502 4.203310088898e-05
503 4.203310088898e-05
504 4.203310088898e-05
505 4.203310088898e-05
506 4.203310088898e-05
507 4.203310088898e-05
508 4.203310088898e-05
509 4.203310088898e-05
510 4.203310088898e-05
511 4.749954328311e-05
512 4.749954328311e-05
513 4.749954328311e-05
514 4.749954328311e-05
515 4.749954328311e-05
516 4.749954328311e-05
517 4.749954328311e-05
518 4.749954328311e-05
519 4.749954328311e-05
520 4.749954328311e-05
521 5.357125377270e-05
522 5.357125377270e-05
523 5.357125377270e-05
524 5.357125377270e-05
525 5.357125377270e-05
526 5.357125377270e-05
527 5.357125377270e-05
528 5.357125377270e-05
529 5.357125377270e-05
530 5.357125377270e-05
531 5.998159940137e-05
532 5.998159940137e-05
533 5.998159940137e-05
534 5.998159940137e-05
535 5.998159940137e-05
536 5.998159940137e-05
537 5.998159940137e-05
538 5.998159940137e-05
539 5.998159940137e-05
540 5.998159940137e-05
541 6.673881550120e-05
542 6.673881550120e-05
543 6.673881550120e-05
544 6.673881550120e-05
545 6.673881550120e-05
546 6.673881550120e-05
547 6.673881550120e-05
548 6.673881550120e-05
549 6.673881550120e-05
550 6.673881550120e-05
551 7.415550410880e-05
552 7.415550410880e-05
553 7.415550410880e-05
554 7.415550410880e-05
555 7.415550410880e-05
556 7.415550410880e-05
557 7.415550410880e-05
558 7.415550410880e-05
559 7.415550410880e-05
560 7.415550410880e-05
561 8.251516843142e-05
562 8.251516843142e-05
563 8.251516843142e-05
564 8.251516843142e-05
565 8.251516843142e-05
566 8.251516843142e-05
567 8.251516843142e-05
568 8.251516843142e-05
569 8.251516843142e-05
570 8.251516843142e-05
571 9.168314756299e-05
572 9.168314756299e-05
573 9.168314756299e-05
574 9.168314756299e-05
575 9.168314756299e-05
576 9.168314756299e-05
577 9.168314756299e-05
578 9.168314756299e-05
579 9.168314756299e-05
580 9.168314756299e-05
581 1.010801681091e-04
582 1.010801681091e-04
583 1.010801681091e-04
584 1.010801681091e-04
585 1.010801681091e-04
586 1.010801681091e-04
587 1.010801681091e-04
588 1.010801681091e-04
589 1.010801681091e-04
590 1.010801681091e-04
591 1.100475462790e-04
592 1.100475462790e-04
593 1.100475462790e-04
594 1.100475462790e-04
595 1.100475462790e-04
596 1.100475462790e-04
597 1.100475462790e-04
598 1.100475462790e-04
599 1.100475462790e-04
600 1.100475462790e-04
601 1.182370464667e-04
602 1.182370464667e-04
603 1.182370464667e-04
604 1.182370464667e-04
605 1.182370464667e-04
606 1.182370464667e-04
607 1.182370464667e-04
608 1.182370464667e-04
609 1.182370464667e-04
610 1.182370464667e-04
611 1.256664891464e-04
612 1.256664891464e-04
613 1.256664891464e-04
614 1.256664891464e-04
615 1.256664891464e-04
616 1.256664891464e-04
617 1.256664891464e-04
618 1.256664891464e-04
619 1.256664891464e-04
620 1.256664891464e-04
621 1.324804590173e-04
622 1.324804590173e-04
623 1.324804590173e-04
624 1.324804590173e-04
625 1.324804590173e-04
626 1.324804590173e-04
627 1.324804590173e-04
628 1.324804590173e-04
629 1.324804590173e-04
630 1.324804590173e-04
631 1.387998763805e-04
632 1.387998763805e-04
633 1.387998763805e-04
634 1.387998763805e-04
635 1.387998763805e-04
636 1.387998763805e-04
637 1.387998763805e-04
638 1.387998763805e-04
639 1.387998763805e-04
640 1.387998763805e-04
641 1.448450509708e-04
642 1.448450509708e-04
643 1.448450509708e-04
644 1.448450509708e-04
645 1.448450509708e-04
646 1.448450509708e-04
647 1.448450509708e-04
648 1.448450509708e-04
649 1.448450509708e-04
650 1.448450509708e-04
651 1.511049381503e-04
652 1.511049381503e-04
653 1.511049381503e-04
654 1.511049381503e-04
655 1.511049381503e-04
656 1.511049381503e-04
657 1.511049381503e-04
658 1.511049381503e-04
659 1.511049381503e-04
660 1.511049381503e-04
661 1.581599530933e-04
662 1.581599530933e-04
663 1.581599530933e-04
664 1.581599530933e-04
665 1.581599530933e-04
666 1.581599530933e-04
667 1.581599530933e-04
668 1.581599530933e-04
669 1.581599530933e-04
670 1.581599530933e-04
671 1.662018750628e-04
672 1.662018750628e-04
673 1.662018750628e-04
674 1.662018750628e-04
675 1.662018750628e-04
676 1.662018750628e-04
677 1.662018750628e-04
678 1.662018750628e-04
679 1.662018750628e-04
680 1.662018750628e-04
681 1.748701944239e-04
682 1.748701944239e-04
683 1.748701944239e-04
684 1.748701944239e-04
685 1.748701944239e-04
686 1.748701944239e-04
687 1.748701944239e-04
688 1.748701944239e-04
689 1.748701944239e-04
690 1.748701944239e-04
691 1.837159554984e-04
692 1.837159554984e-04
693 1.837159554984e-04
694 1.837159554984e-04
695 1.837159554984e-04
696 1.837159554984e-04
697 1.837159554984e-04
698 1.837159554984e-04
699 1.837159554984e-04
700 1.837159554984e-04
701 1.929117605359e-04
702 1.929117605359e-04
703 1.929117605359e-04
704 1.929117605359e-04
705 1.929117605359e-04
706 1.929117605359e-04
707 1.929117605359e-04
708 1.929117605359e-04
709 1.929117605359e-04
710 1.929117605359e-04
711 2.031803357251e-04
712 2.031803357251e-04
713 2.031803357251e-04
714 2.031803357251e-04
715 2.031803357251e-04
716 2.031803357251e-04
717 2.031803357251e-04
718 2.031803357251e-04
719 2.031803357251e-04
720 2.031803357251e-04
721 2.147314677236e-04
722 2.147314677236e-04
723 2.147314677236e-04
724 2.147314677236e-04
725 2.147314677236e-04
726 2.147314677236e-04
727 2.147314677236e-04
728 2.147314677236e-04
729 2.147314677236e-04
730 2.147314677236e-04
731 2.265319453958e-04
732 2.265319453958e-04
733 2.265319453958e-04
734 2.265319453958e-04
735 2.265319453958e-04
736 2.265319453958e-04
737 2.265319453958e-04
738 2.265319453958e-04
739 2.265319453958e-04
740 2.265319453958e-04
741 2.370887267592e-04
742 2.370887267592e-04
743 2.370887267592e-04
744 2.370887267592e-04
745 2.370887267592e-04
746 2.370887267592e-04
747 2.370887267592e-04
748 2.370887267592e-04
749 2.370887267592e-04
750 2.370887267592e-04
751 2.460427887652e-04
752 2.460427887652e-04
753 2.460427887652e-04
754 2.460427887652e-04
755 2.460427887652e-04
756 2.460427887652e-04
757 2.460427887652e-04
758 2.460427887652e-04
759 2.460427887652e-04
760 2.460427887652e-04
761 2.546249616168e-04
762 2.546249616168e-04
763 2.546249616168e-04
764 2.546249616168e-04
765 2.546249616168e-04
766 2.546249616168e-04
767 2.546249616168e-04
768 2.546249616168e-04
769 2.546249616168e-04
770 2.546249616168e-04
771 2.643158954939e-04
772 2.643158954939e-04
773 2.643158954939e-04
774 2.643158954939e-04
775 2.643158954939e-04
776 2.643158954939e-04
777 2.643158954939e-04
778 2.643158954939e-04
779 2.643158954939e-04
780 2.643158954939e-04
781 2.751666033702e-04
782 2.751666033702e-04
783 2.751666033702e-04
784 2.751666033702e-04
785 2.751666033702e-04
786 2.751666033702e-04
787 2.751666033702e-04
788 2.751666033702e-04
789 2.751666033702e-04
790 2.751666033702e-04
791 2.856837321282e-04
792 2.856837321282e-04
793 2.856837321282e-04
794 2.856837321282e-04
795 2.856837321282e-04
796 2.856837321282e-04
797 2.856837321282e-04
798 2.856837321282e-04
799 2.856837321282e-04
800 2.856837321282e-04
801 2.946362457892e-04
802 2.946362457892e-04
803 2.946362457892e-04
804 2.946362457892e-04
805 2.946362457892e-04
806 2.946362457892e-04
807 2.946362457892e-04
808 2.946362457892e-04
809 2.946362457892e-04
810 2.946362457892e-04
811 3.027949795275e-04
812 3.027949795275e-04
813 3.027949795275e-04
814 3.027949795275e-04
815 3.027949795275e-04
816 3.027949795275e-04
817 3.027949795275e-04
818 3.027949795275e-04
819 3.027949795275e-04
820 3.027949795275e-04
821 3.124290662421e-04
822 3.124290662421e-04
823 3.124290662421e-04
824 3.124290662421e-04
825 3.124290662421e-04
826 3.124290662421e-04
827 3.124290662421e-04
828 3.124290662421e-04
829 3.124290662421e-04
830 3.124290662421e-04
831 3.249600883009e-04
832 3.249600883009e-04
833 3.249600883009e-04
834 3.249600883009e-04
835 3.249600883009e-04
836 3.249600883009e-04
837 3.249600883009e-04
838 3.249600883009e-04
839 3.249600883009e-04
840 3.249600883009e-04
841 3.393264545903e-04
842 3.393264545903e-04
843 3.393264545903e-04
844 3.393264545903e-04
845 3.393264545903e-04
846 3.393264545903e-04
847 3.393264545903e-04
848 3.393264545903e-04
849 3.393264545903e-04
850 3.393264545903e-04
851 3.528328420478e-04
852 3.528328420478e-04
853 3.528328420478e-04
854 3.528328420478e-04
855 3.528328420478e-04
856 3.528328420478e-04
857 3.528328420478e-04
858 3.528328420478e-04
859 3.528328420478e-04
860 3.528328420478e-04
861 3.635918433877e-04
862 3.635918433877e-04
863 3.635918433877e-04
864 3.635918433877e-04
865 3.635918433877e-04
866 3.635918433877e-04
867 3.635918433877e-04
868 3.635918433877e-04
869 3.635918433877e-04
870 3.635918433877e-04
871 3.719465626179e-04
872 3.719465626179e-04
873 3.719465626179e-04
874 3.719465626179e-04
875 3.719465626179e-04
876 3.719465626179e-04
877 3.719465626179e-04
878 3.719465626179e-04
879 3.719465626179e-04
880 3.719465626179e-04
881 3.794324262774e-04
882 3.794324262774e-04
883 3.794324262774e-04
884 3.794324262774e-04
885 3.794324262774e-04
886 3.794324262774e-04
887 3.794324262774e-04
888 3.794324262774e-04
889 3.794324262774e-04
890 3.794324262774e-04
891 3.869376468669e-04
892 3.869376468669e-04
893 3.869376468669e-04
894 3.869376468669e-04
895 3.869376468669e-04
896 3.869376468669e-04
897 3.869376468669e-04
898 3.869376468669e-04
899 3.869376468669e-04
900 3.869376468669e-04
901 3.943682881955e-04
902 3.943682881955e-04
903 3.943682881955e-04
904 3.943682881955e-04
905 3.943682881955e-04
906 3.943682881955e-04
907 3.943682881955e-04
908 3.943682881955e-04
909 3.943682881955e-04
910 3.943682881955e-04
911 4.016678496370e-04
912 4.016678496370e-04
913 4.016678496370e-04
914 4.016678496370e-04
915 4.016678496370e-04
916 4.016678496370e-04
917 4.016678496370e-04
918 4.016678496370e-04
919 4.016678496370e-04
920 4.016678496370e-04
921 4.093562615714e-04
922 4.093562615714e-04
923 4.093562615714e-04
924 4.093562615714e-04
925 4.093562615714e-04
926 4.093562615714e-04
927 4.093562615714e-04
928 4.093562615714e-04
929 4.093562615714e-04
930 4.093562615714e-04
931 4.177091896373e-04
932 4.177091896373e-04
933 4.177091896373e-04
934 4.177091896373e-04
935 4.177091896373e-04
936 4.177091896373e-04
937 4.177091896373e-04
938 4.177091896373e-04
939 4.177091896373e-04
940 4.177091896373e-04
941 4.260848414024e-04
942 4.260848414024e-04
943 4.260848414024e-04
944 4.260848414024e-04
945 4.260848414024e-04
946 4.260848414024e-04
947 4.260848414024e-04
948 4.260848414024e-04
949 4.260848414024e-04
950 4.260848414024e-04
951 4.337586782344e-04
952 4.337586782344e-04
953 4.337586782344e-04
954 4.337586782344e-04
955 4.337586782344e-04
956 4.337586782344e-04
957 4.337586782344e-04
958 4.337586782344e-04
959 4.337586782344e-04
960 4.337586782344e-04
961 4.411886184246e-04
962 4.411886184246e-04
963 4.411886184246e-04
964 4.411886184246e-04
965 4.411886184246e-04
966 4.411886184246e-04
967 4.411886184246e-04
968 4.411886184246e-04
969 4.411886184246e-04
970 4.411886184246e-04
971 4.497816384011e-04
972 4.497816384011e-04
973 4.497816384011e-04
974 4.497816384011e-04
975 4.497816384011e-04
976 4.497816384011e-04
977 4.497816384011e-04
978 4.497816384011e-04
979 4.497816384011e-04
980 4.497816384011e-04
981 4.601283035778e-04
982 4.601283035778e-04
983 4.601283035778e-04
984 4.601283035778e-04
985 4.601283035778e-04
986 4.601283035778e-04
987 4.601283035778e-04
988 4.601283035778e-04
989 4.601283035778e-04
990 4.601283035778e-04
991 4.709333242520e-04
992 4.709333242520e-04
993 4.709333242520e-04
994 4.709333242520e-04
995 4.709333242520e-04
996 4.709333242520e-04
997 4.709333242520e-04
998 4.709333242520e-04
999 4.709333242520e-04
1000 4.709333242520e-04
1001 4.801575338235e-04
1002 4.801575338235e-04
1003 4.801575338235e-04
1004 4.801575338235e-04
1005 4.801575338235e-04
1006 4.801575338235e-04
1007 4.801575338235e-04
1008 4.801575338235e-04
1009 4.801575338235e-04
1010 4.801575338235e-04
1011 4.874438013133e-04
1012 4.874438013133e-04
1013 4.874438013133e-04
1014 4.874438013133e-04
1015 4.874438013133e-04
1016 4.874438013133e-04
1017 4.874438013133e-04
1018 4.874438013133e-04
1019 4.874438013133e-04
1020 4.874438013133e-04
1021 4.950453748645e-04
1022 4.950453748645e-04
1023 4.950453748645e-04
1024 4.950453748645e-04
1025 4.950453748645e-04
1026 4.950453748645e-04
1027 4.950453748645e-04
1028 4.950453748645e-04
1029 4.950453748645e-04
1030 4.950453748645e-04
1031 5.056267121457e-04
1032 5.056267121457e-04
1033 5.056267121457e-04
1034 5.056267121457e-04
1035 5.056267121457e-04
1036 5.056267121457e-04
1037 5.056267121457e-04
1038 5.056267121457e-04
1039 5.056267121457e-04
1040 5.056267121457e-04
1041 5.189224577441e-04
1042 5.189224577441e-04
1043 5.189224577441e-04
1044 5.189224577441e-04
1045 5.189224577441e-04
1046 5.189224577441e-04
1047 5.189224577441e-04
1048 5.189224577441e-04
1049 5.189224577441e-04
1050 5.189224577441e-04
1051 5.310052810385e-04
1052 5.310052810385e-04
1053 5.310052810385e-04
1054 5.310052810385e-04
1055 5.310052810385e-04
1056 5.310052810385e-04
1057 5.310052810385e-04
1058 5.310052810385e-04
1059 5.310052810385e-04
1060 5.310052810385e-04
1061 5.380621455383e-04
1062 5.380621455383e-04
1063 5.380621455383e-04
1064 5.380621455383e-04
1065 5.380621455383e-04
1066 5.380621455383e-04
1067 5.380621455383e-04
1068 5.380621455383e-04
1069 5.380621455383e-04
1070 5.380621455383e-04
1071 5.410622804812e-04
1072 5.410622804812e-04
1073 5.410622804812e-04
1074 5.410622804812e-04
1075 5.410622804812e-04
1076 5.410622804812e-04
1077 5.410622804812e-04
1078 5.410622804812e-04
1079 5.410622804812e-04
1080 5.410622804812e-04
1081 5.455663773815e-04
1082 5.455663773815e-04
1083 5.455663773815e-04
1084 5.455663773815e-04
1085 5.455663773815e-04
1086 5.455663773815e-04
1087 5.455663773815e-04
1088 5.455663773815e-04
1089 5.455663773815e-04
1090 5.455663773815e-04
1091 5.567414758293e-04
1092 5.567414758293e-04
1093 5.567414758293e-04
1094 5.567414758293e-04
1095 5.567414758293e-04
1096 5.567414758293e-04
1097 5.567414758293e-04
1098 5.567414758293e-04
1099 5.567414758293e-04
1100 5.567414758293e-04
1101 5.747855008661e-04
1102 5.747855008661e-04
1103 5.747855008661e-04
1104 5.747855008661e-04
1105 5.747855008661e-04
1106 5.747855008661e-04
1107 5.747855008661e-04
1108 5.747855008661e-04
1109 5.747855008661e-04
1110 5.747855008661e-04
1111 5.950578228228e-04
1112 5.950578228228e-04
1113 5.950578228228e-04
1114 5.950578228228e-04
1115 5.950578228228e-04
1116 5.950578228228e-04
1117 5.950578228228e-04
1118 5.950578228228e-04
1119 5.950578228228e-04
1120 5.950578228228e-04
1121 6.123345578889e-04
1122 6.123345578889e-04
1123 6.123345578889e-04
1124 6.123345578889e-04
1125 6.123345578889e-04
1126 6.123345578889e-04
1127 6.123345578889e-04
1128 6.123345578889e-04
1129 6.123345578889e-04
1130 6.123345578889e-04
1131 6.247709242643e-04
1132 6.247709242643e-04
1133 6.247709242643e-04
1134 6.247709242643e-04
1135 6.247709242643e-04
1136 6.247709242643e-04
1137 6.247709242643e-04
1138 6.247709242643e-04
1139 6.247709242643e-04
1140 6.247709242643e-04
1141 6.340488634861e-04
1142 6.340488634861e-04
1143 6.340488634861e-04
1144 6.340488634861e-04
1145 6.340488634861e-04
1146 6.340488634861e-04
1147 6.340488634861e-04
1148 6.340488634861e-04
1149 6.340488634861e-04
1150 6.340488634861e-04
1151 6.425104220003e-04
1152 6.425104220003e-04
1153 6.425104220003e-04
1154 6.425104220003e-04
1155 6.425104220003e-04
1156 6.425104220003e-04
1157 6.425104220003e-04
1158 6.425104220003e-04
1159 6.425104220003e-04
1160 6.425104220003e-04
1161 6.507812249890e-04
1162 6.507812249890e-04
1163 6.507812249890e-04
1164 6.507812249890e-04
1165 6.507812249890e-04
1166 6.507812249890e-04
1167 6.507812249890e-04
1168 6.507812249890e-04
1169 6.507812249890e-04
1170 6.507812249890e-04
1171 6.580346951172e-04
1172 6.580346951172e-04
1173 6.580346951172e-04
1174 6.580346951172e-04
1175 6.580346951172e-04
1176 6.580346951172e-04
1177 6.580346951172e-04
1178 6.580346951172e-04
1179 6.580346951172e-04
1180 6.580346951172e-04
1181 6.639611874276e-04
1182 6.639611874276e-04
1183 6.639611874276e-04
1184 6.639611874276e-04
1185 6.639611874276e-04
1186 6.639611874276e-04
1187 6.639611874276e-04
1188 6.639611874276e-04
1189 6.639611874276e-04
1190 6.639611874276e-04
1191 6.693580935715e-04
1192 6.693580935715e-04
1193 6.693580935715e-04
1194 6.693580935715e-04
1195 6.693580935715e-04
1196 6.693580935715e-04
1197 6.693580935715e-04
1198 6.693580935715e-04
1199 6.693580935715e-04
1200 6.693580935715e-04
1201 6.744584171091e-04
1202 6.744584171091e-04
1203 6.744584171091e-04
1204 6.744584171091e-04
1205 6.744584171091e-04
1206 6.744584171091e-04
1207 6.744584171091e-04
1208 6.744584171091e-04
1209 6.744584171091e-04
1210 6.744584171091e-04
1211 6.776724093034e-04
1212 6.776724093034e-04
1213 6.776724093034e-04
1214 6.776724093034e-04
1215 6.776724093034e-04
1216 6.776724093034e-04
1217 6.776724093034e-04
1218 6.776724093034e-04
1219 6.776724093034e-04
1220 6.776724093034e-04
1221 6.770195894037e-04
1222 6.770195894037e-04
1223 6.770195894037e-04
1224 6.770195894037e-04
1225 6.770195894037e-04
1226 6.770195894037e-04
1227 6.770195894037e-04
1228 6.770195894037e-04
1229 6.770195894037e-04
1230 6.770195894037e-04
1231 6.727378836679e-04
1232 6.727378836679e-04
1233 6.727378836679e-04
1234 6.727378836679e-04
1235 6.727378836679e-04
1236 6.727378836679e-04
1237 6.727378836679e-04
1238 6.727378836679e-04
1239 6.727378836679e-04
1240 6.727378836679e-04
1241 6.674697055149e-04
1242 6.674697055149e-04
1243 6.674697055149e-04
1244 6.674697055149e-04
1245 6.674697055149e-04
1246 6.674697055149e-04
1247 6.674697055149e-04
1248 6.674697055149e-04
1249 6.674697055149e-04
1250 6.674697055149e-04
1251 6.638229053246e-04
1252 6.638229053246e-04
1253 6.638229053246e-04
1254 6.638229053246e-04
1255 6.638229053246e-04
1256 6.638229053246e-04
1257 6.638229053246e-04
1258 6.638229053246e-04
1259 6.638229053246e-04
1260 6.638229053246e-04
1261 6.625880323763e-04
1262 6.625880323763e-04
1263 6.625880323763e-04
1264 6.625880323763e-04
1265 6.625880323763e-04
1266 6.625880323763e-04
1267 6.625880323763e-04
1268 6.625880323763e-04
1269 6.625880323763e-04
1270 6.625880323763e-04
1271 6.636085954260e-04
1272 6.636085954260e-04
1273 6.636085954260e-04
1274 6.636085954260e-04
1275 6.636085954260e-04
1276 6.636085954260e-04
1277 6.636085954260e-04
1278 6.636085954260e-04
1279 6.636085954260e-04
1280 6.636085954260e-04
1281 6.671685909521e-04
1282 6.671685909521e-04
1283 6.671685909521e-04
1284 6.671685909521e-04
1285 6.671685909521e-04
1286 6.671685909521e-04
1287 6.671685909521e-04
1288 6.671685909521e-04
1289 6.671685909521e-04
1290 6.671685909521e-04
1291 6.734861244567e-04
1292 6.734861244567e-04
1293 6.734861244567e-04
1294 6.734861244567e-04
1295 6.734861244567e-04
1296 6.734861244567e-04
1297 6.734861244567e-04
1298 6.734861244567e-04
1299 6.734861244567e-04
1300 6.734861244567e-04
1301 6.813744853691e-04
1302 6.813744853691e-04
1303 6.813744853691e-04
1304 6.813744853691e-04
1305 6.813744853691e-04
1306 6.813744853691e-04
1307 6.813744853691e-04
1308 6.813744853691e-04
1309 6.813744853691e-04
1310 6.813744853691e-04
1311 6.883480278596e-04
1312 6.883480278596e-04
1313 6.883480278596e-04
1314 6.883480278596e-04
1315 6.883480278596e-04
1316 6.883480278596e-04
1317 6.883480278596e-04
1318 6.883480278596e-04
1319 6.883480278596e-04
1320 6.883480278596e-04
1321 6.928848620856e-04
1322 6.928848620856e-04
1323 6.928848620856e-04
1324 6.928848620856e-04
1325 6.928848620856e-04
1326 6.928848620856e-04
1327 6.928848620856e-04
1328 6.928848620856e-04
1329 6.928848620856e-04
1330 6.928848620856e-04
1331 6.961060947308e-04
1332 6.961060947308e-04
1333 6.961060947308e-04
1334 6.961060947308e-04
1335 6.961060947308e-04
1336 6.961060947308e-04
1337 6.961060947308e-04
1338 6.961060947308e-04
1339 6.961060947308e-04
1340 6.961060947308e-04
1341 7.005613420147e-04
1342 7.005613420147e-04
1343 7.005613420147e-04
1344 7.005613420147e-04
1345 7.005613420147e-04
1346 7.005613420147e-04
1347 7.005613420147e-04
1348 7.005613420147e-04
1349 7.005613420147e-04
1350 7.005613420147e-04
1351 7.076641135130e-04
1352 7.076641135130e-04
1353 7.076641135130e-04
1354 7.076641135130e-04
1355 7.076641135130e-04
1356 7.076641135130e-04
1357 7.076641135130e-04
1358 7.076641135130e-04
1359 7.076641135130e-04
1360 7.076641135130e-04
1361 7.165144295873e-04
1362 7.165144295873e-04
1363 7.165144295873e-04
1364 7.165144295873e-04
1365 7.165144295873e-04
1366 7.165144295873e-04
1367 7.165144295873e-04
1368 7.165144295873e-04
1369 7.165144295873e-04
1370 7.165144295873e-04
1371 7.255885931084e-04
1372 7.255885931084e-04
1373 7.255885931084e-04
1374 7.255885931084e-04
1375 7.255885931084e-04
1376 7.255885931084e-04
1377 7.255885931084e-04
1378 7.255885931084e-04
1379 7.255885931084e-04
1380 7.255885931084e-04
1381 7.351982508866e-04
1382 7.351982508866e-04
1383 7.351982508866e-04
1384 7.351982508866e-04
1385 7.351982508866e-04
1386 7.351982508866e-04
1387 7.351982508866e-04
1388 7.351982508866e-04
1389 7.351982508866e-04
1390 7.351982508866e-04
1391 7.473345279459e-04
1392 7.473345279459e-04
1393 7.473345279459e-04
1394 7.473345279459e-04
1395 7.473345279459e-04
1396 7.473345279459e-04
1397 7.473345279459e-04
1398 7.473345279459e-04
1399 7.473345279459e-04
1400 7.473345279459e-04
1401 7.622164218649e-04
1402 7.622164218649e-04
1403 7.622164218649e-04
1404 7.622164218649e-04
1405 7.622164218649e-04
1406 7.622164218649e-04
1407 7.622164218649e-04
1408 7.622164218649e-04
1409 7.622164218649e-04
1410 7.622164218649e-04
1411 7.758670827180e-04
1412 7.758670827180e-04
1413 7.758670827180e-04
1414 7.758670827180e-04
1415 7.758670827180e-04
1416 7.758670827180e-04
1417 7.758670827180e-04
1418 7.758670827180e-04
1419 7.758670827180e-04
1420 7.758670827180e-04
1421 7.835120579649e-04
1422 7.835120579649e-04
1423 7.835120579649e-04
1424 7.835120579649e-04
1425 7.835120579649e-04
1426 7.835120579649e-04
1427 7.835120579649e-04
1428 7.835120579649e-04
1429 7.835120579649e-04
1430 7.835120579649e-04
1431 7.853516136720e-04
1432 7.853516136720e-04
1433 7.853516136720e-04
1434 7.853516136720e-04
1435 7.853516136720e-04
1436 7.853516136720e-04
1437 7.853516136720e-04
1438 7.853516136720e-04
1439 7.853516136720e-04
1440 7.853516136720e-04
1441 7.869580593827e-04
1442 7.869580593827e-04
1443 7.869580593827e-04
1444 7.869580593827e-04
1445 7.869580593827e-04
1446 7.869580593827e-04
1447 7.869580593827e-04
1448 7.869580593827e-04
1449 7.869580593827e-04
1450 7.869580593827e-04
1451 7.930660718449e-04
1452 7.930660718449e-04
1453 7.930660718449e-04
1454 7.930660718449e-04
1455 7.930660718449e-04
1456 7.930660718449e-04
1457 7.930660718449e-04
1458 7.930660718449e-04
1459 7.930660718449e-04
1460 7.930660718449e-04
1461 8.023666349608e-04
1462 8.023666349608e-04
1463 8.023666349608e-04
1464 8.023666349608e-04
1465 8.023666349608e-04
1466 8.023666349608e-04
1467 8.023666349608e-04
1468 8.023666349608e-04
1469 8.023666349608e-04
1470 8.023666349608e-04
1471 8.095918678595e-04
1472 8.095918678595e-04
1473 8.095918678595e-04
1474 8.095918678595e-04
1475 8.095918678595e-04
1476 8.095918678595e-04
1477 8.095918678595e-04
1478 8.095918678595e-04
1479 8.095918678595e-04
1480 8.095918678595e-04
1481 8.118788566896e-04
1482 8.118788566896e-04
1483 8.118788566896e-04
1484 8.118788566896e-04
1485 8.118788566896e-04
1486 8.118788566896e-04
1487 8.118788566896e-04
1488 8.118788566896e-04
1489 8.118788566896e-04
1490 8.118788566896e-04
1491 8.115917686791e-04
1492 8.115917686791e-04
1493 8.115917686791e-04
1494 8.115917686791e-04
1495 8.115917686791e-04
1496 8.115917686791e-04
1497 8.115917686791e-04
1498 8.115917686791e-04
1499 8.115917686791e-04
1500 8.115917686791e-04
1501 8.125549136752e-04
1502 8.125549136752e-04
1503 8.125549136752e-04
1504 8.125549136752e-04
1505 8.125549136752e-04
1506 8.125549136752e-04
1507 8.125549136752e-04
1508 8.125549136752e-04
1509 8.125549136752e-04
1510 8.125549136752e-04
1511 8.152759953399e-04
1512 8.152759953399e-04
1513 8.152759953399e-04
1514 8.152759953399e-04
1515 8.152759953399e-04
1516 8.152759953399e-04
1517 8.152759953399e-04
1518 8.152759953399e-04
1519 8.152759953399e-04
1520 8.152759953399e-04
1521 8.169429883556e-04
1522 8.169429883556e-04
1523 8.169429883556e-04
1524 8.169429883556e-04
1525 8.169429883556e-04
1526 8.169429883556e-04
1527 8.169429883556e-04
1528 8.169429883556e-04
1529 8.169429883556e-04
1530 8.169429883556e-04
1531 8.153786366062e-04
1532 8.153786366062e-04
1533 8.153786366062e-04
1534 8.153786366062e-04
1535 8.153786366062e-04
1536 8.153786366062e-04
1537 8.153786366062e-04
1538 8.153786366062e-04
1539 8.153786366062e-04
1540 8.153786366062e-04
1541 8.118731299797e-04
1542 8.118731299797e-04
1543 8.118731299797e-04
1544 8.118731299797e-04
1545 8.118731299797e-04
1546 8.118731299797e-04
1547 8.118731299797e-04
1548 8.118731299797e-04
1549 8.118731299797e-04
1550 8.118731299797e-04
1551 8.095891435161e-04
1552 8.095891435161e-04
1553 8.095891435161e-04
1554 8.095891435161e-04
1555 8.095891435161e-04
1556 8.095891435161e-04
1557 8.095891435161e-04
1558 8.095891435161e-04
1559 8.095891435161e-04
1560 8.095891435161e-04
1561 8.100396116223e-04
1562 8.100396116223e-04
1563 8.100396116223e-04
1564 8.100396116223e-04
1565 8.100396116223e-04
1566 8.100396116223e-04
1567 8.100396116223e-04
1568 8.100396116223e-04
1569 8.100396116223e-04
1570 8.100396116223e-04
1571 8.119373729378e-04
1572 8.119373729378e-04
1573 8.119373729378e-04
1574 8.119373729378e-04
1575 8.119373729378e-04
1576 8.119373729378e-04
1577 8.119373729378e-04
1578 8.119373729378e-04
1579 8.119373729378e-04
1580 8.119373729378e-04
1581 8.140493734543e-04
1582 8.140493734543e-04
1583 8.140493734543e-04
1584 8.140493734543e-04
1585 8.140493734543e-04
1586 8.140493734543e-04
1587 8.140493734543e-04
1588 8.140493734543e-04
1589 8.140493734543e-04
1590 8.140493734543e-04
1591 8.174605937376e-04
1592 8.174605937376e-04
1593 8.174605937376e-04
1594 8.174605937376e-04
1595 8.174605937376e-04
1596 8.174605937376e-04
1597 8.174605937376e-04
1598 8.174605937376e-04
1599 8.174605937376e-04
1600 8.174605937376e-04
1601 8.230924016547e-04
1602 8.230924016547e-04
1603 8.230924016547e-04
1604 8.230924016547e-04
1605 8.230924016547e-04
1606 8.230924016547e-04
1607 8.230924016547e-04
1608 8.230924016547e-04
1609 8.230924016547e-04
1610 8.230924016547e-04
1611 8.284756734201e-04
1612 8.284756734201e-04
1613 8.284756734201e-04
1614 8.284756734201e-04
1615 8.284756734201e-04
1616 8.284756734201e-04
1617 8.284756734201e-04
1618 8.284756734201e-04
1619 8.284756734201e-04
1620 8.284756734201e-04
1621 8.296101954753e-04
1622 8.296101954753e-04
1623 8.296101954753e-04
1624 8.296101954753e-04
1625 8.296101954753e-04
1626 8.296101954753e-04
1627 8.296101954753e-04
1628 8.296101954753e-04
1629 8.296101954753e-04
1630 8.296101954753e-04
1631 8.268668948036e-04
1632 8.268668948036e-04
1633 8.268668948036e-04
1634 8.268668948036e-04
1635 8.268668948036e-04
1636 8.268668948036e-04
1637 8.268668948036e-04
1638 8.268668948036e-04
1639 8.268668948036e-04
1640 8.268668948036e-04
1641 8.266239075127e-04
1642 8.266239075127e-04
1643 8.266239075127e-04
1644 8.266239075127e-04
1645 8.266239075127e-04
1646 8.266239075127e-04
1647 8.266239075127e-04
1648 8.266239075127e-04
1649 8.266239075127e-04
1650 8.266239075127e-04
1651 8.353276537730e-04
1652 8.353276537730e-04
1653 8.353276537730e-04
1654 8.353276537730e-04
1655 8.353276537730e-04
1656 8.353276537730e-04
1657 8.353276537730e-04
1658 8.353276537730e-04
1659 8.353276537730e-04
1660 8.353276537730e-04
1661 8.523743533635e-04
1662 8.523743533635e-04
1663 8.523743533635e-04
1664 8.523743533635e-04
1665 8.523743533635e-04
1666 8.523743533635e-04
1667 8.523743533635e-04
1668 8.523743533635e-04
1669 8.523743533635e-04
1670 8.523743533635e-04
1671 8.702571354770e-04
1672 8.702571354770e-04
1673 8.702571354770e-04
1674 8.702571354770e-04
1675 8.702571354770e-04
1676 8.702571354770e-04
1677 8.702571354770e-04
1678 8.702571354770e-04
1679 8.702571354770e-04
1680 8.702571354770e-04
1681 8.828302633516e-04
1682 8.828302633516e-04
1683 8.828302633516e-04
1684 8.828302633516e-04
1685 8.828302633516e-04
1686 8.828302633516e-04
1687 8.828302633516e-04
1688 8.828302633516e-04
1689 8.828302633516e-04
1690 8.828302633516e-04
1691 8.916039232032e-04
1692 8.916039232032e-04
1693 8.916039232032e-04
1694 8.916039232032e-04
1695 8.916039232032e-04
1696 8.916039232032e-04
1697 8.916039232032e-04
1698 8.916039232032e-04
1699 8.916039232032e-04
1700 8.916039232032e-04
1701 9.021911358171e-04
1702 9.021911358171e-04
1703 9.021911358171e-04
1704 9.021911358171e-04
1705 9.021911358171e-04
1706 9.021911358171e-04
1707 9.021911358171e-04
1708 9.021911358171e-04
1709 9.021911358171e-04
1710 9.021911358171e-04
1711 9.159391027564e-04
1712 9.159391027564e-04
1713 9.159391027564e-04
1714 9.159391027564e-04
1715 9.159391027564e-04
1716 9.159391027564e-04
1717 9.159391027564e-04
1718 9.159391027564e-04
1719 9.159391027564e-04
1720 9.159391027564e-04
1721 9.276923305183e-04
1722 9.276923305183e-04
1723 9.276923305183e-04
1724 9.276923305183e-04
1725 9.276923305183e-04
1726 9.276923305183e-04
1727 9.276923305183e-04
1728 9.276923305183e-04
1729 9.276923305183e-04
1730 9.276923305183e-04
1731 9.325291171465e-04
1732 9.325291171465e-04
1733 9.325291171465e-04
1734 9.325291171465e-04
1735 9.325291171465e-04
1736 9.325291171465e-04
1737 9.325291171465e-04
1738 9.325291171465e-04
1739 9.325291171465e-04
1740 9.325291171465e-04
1741 9.327851981417e-04
1742 9.327851981417e-04
1743 9.327851981417e-04
1744 9.327851981417e-04
1745 9.327851981417e-04
1746 9.327851981417e-04
1747 9.327851981417e-04
1748 9.327851981417e-04
1749 9.327851981417e-04
1750 9.327851981417e-04
1751 9.359712211325e-04
1752 9.359712211325e-04
1753 9.359712211325e-04
1754 9.359712211325e-04
1755 9.359712211325e-04
1756 9.359712211325e-04
1757 9.359712211325e-04
1758 9.359712211325e-04
1759 9.359712211325e-04
1760 9.359712211325e-04
1761 9.457435038026e-04
1762 9.457435038026e-04
1763 9.457435038026e-04
1764 9.457435038026e-04
1765 9.457435038026e-04
1766 9.457435038026e-04
1767 9.457435038026e-04
1768 9.457435038026e-04
1769 9.457435038026e-04
1770 9.457435038026e-04
1771 9.567763711455e-04
1772 9.567763711455e-04
1773 9.567763711455e-04
1774 9.567763711455e-04
1775 9.567763711455e-04
1776 9.567763711455e-04
1777 9.567763711455e-04
1778 9.567763711455e-04
1779 9.567763711455e-04
1780 9.567763711455e-04
1781 9.599350927400e-04
1782 9.599350927400e-04
1783 9.599350927400e-04
1784 9.599350927400e-04
1785 9.599350927400e-04
1786 9.599350927400e-04
1787 9.599350927400e-04
1788 9.599350927400e-04
1789 9.599350927400e-04
1790 9.599350927400e-04
1791 9.527921246131e-04
1792 9.527921246131e-04
1793 9.527921246131e-04
1794 9.527921246131e-04
1795 9.527921246131e-04
1796 9.527921246131e-04
1797 9.527921246131e-04
1798 9.527921246131e-04
1799 9.527921246131e-04
1800 9.527921246131e-04
1801 9.419045512656e-04
1802 9.419045512656e-04
1803 9.419045512656e-04
1804 9.419045512656e-04
1805 9.419045512656e-04
1806 9.419045512656e-04
1807 9.419045512656e-04
1808 9.419045512656e-04
1809 9.419045512656e-04
1810 9.419045512656e-04
1811 9.341334436079e-04
1812 9.341334436079e-04
1813 9.341334436079e-04
1814 9.341334436079e-04
1815 9.341334436079e-04
1816 9.341334436079e-04
1817 9.341334436079e-04
1818 9.341334436079e-04
1819 9.341334436079e-04
1820 9.341334436079e-04
1821 9.293761427345e-04
1822 9.293761427345e-04
1823 9.293761427345e-04
1824 9.293761427345e-04
1825 9.293761427345e-04
1826 9.293761427345e-04
1827 9.293761427345e-04
1828 9.293761427345e-04
1829 9.293761427345e-04
1830 9.293761427345e-04
1831 9.229819674520e-04
1832 9.229819674520e-04
1833 9.229819674520e-04
1834 9.229819674520e-04
1835 9.229819674520e-04
1836 9.229819674520e-04
1837 9.229819674520e-04
1838 9.229819674520e-04
1839 9.229819674520e-04
1840 9.229819674520e-04
1841 9.145234624244e-04
1842 9.145234624244e-04
1843 9.145234624244e-04
1844 9.145234624244e-04
1845 9.145234624244e-04
1846 9.145234624244e-04
1847 9.145234624244e-04
1848 9.145234624244e-04
1849 9.145234624244e-04
1850 9.145234624244e-04
1851 9.100737059131e-04
1852 9.100737059131e-04
1853 9.100737059131e-04
1854 9.100737059131e-04
1855 9.100737059131e-04
1856 9.100737059131e-04
1857 9.100737059131e-04
1858 9.100737059131e-04
1859 9.100737059131e-04
1860 9.100737059131e-04
1861 9.144615994125e-04
1862 9.144615994125e-04
1863 9.144615994125e-04
1864 9.144615994125e-04
1865 9.144615994125e-04
1866 9.144615994125e-04
1867 9.144615994125e-04
1868 9.144615994125e-04
1869 9.144615994125e-04
1870 9.144615994125e-04
1871 9.242235699119e-04
1872 9.242235699119e-04
1873 9.242235699119e-04
1874 9.242235699119e-04
1875 9.242235699119e-04
1876 9.242235699119e-04
1877 9.242235699119e-04
1878 9.242235699119e-04
1879 9.242235699119e-04
1880 9.242235699119e-04
1881 9.308261417079e-04
1882 9.308261417079e-04
1883 9.308261417079e-04
1884 9.308261417079e-04
1885 9.308261417079e-04
1886 9.308261417079e-04
1887 9.308261417079e-04
1888 9.308261417079e-04
1889 9.308261417079e-04
1890 9.308261417079e-04
1891 9.310673952227e-04
1892 9.310673952227e-04
1893 9.310673952227e-04
1894 9.310673952227e-04
1895 9.310673952227e-04
1896 9.310673952227e-04
1897 9.310673952227e-04
1898 9.310673952227e-04
1899 9.310673952227e-04
1900 9.310673952227e-04
1901 9.303937547507e-04
1902 9.303937547507e-04
1903 9.303937547507e-04
1904 9.303937547507e-04
1905 9.303937547507e-04
1906 9.303937547507e-04
1907 9.303937547507e-04
1908 9.303937547507e-04
1909 9.303937547507e-04
1910 9.303937547507e-04
1911 9.355111569634e-04
1912 9.355111569634e-04
1913 9.355111569634e-04
1914 9.355111569634e-04
1915 9.355111569634e-04
1916 9.355111569634e-04
1917 9.355111569634e-04
1918 9.355111569634e-04
1919 9.355111569634e-04
1920 9.355111569634e-04
1921 9.457625651593e-04
1922 9.457625651593e-04
1923 9.457625651593e-04
1924 9.457625651593e-04
1925 9.457625651593e-04
1926 9.457625651593e-04
1927 9.457625651593e-04
1928 9.457625651593e-04
1929 9.457625651593e-04
1930 9.457625651593e-04
1931 9.533468619369e-04
1932 9.533468619369e-04
1933 9.533468619369e-04
1934 9.533468619369e-04
1935 9.533468619369e-04
1936 9.533468619369e-04
1937 9.533468619369e-04
1938 9.533468619369e-04
1939 9.533468619369e-04
1940 9.533468619369e-04
1941 9.533471710432e-04
1942 9.533471710432e-04
1943 9.533471710432e-04
1944 9.533471710432e-04
1945 9.533471710432e-04
1946 9.533471710432e-04
1947 9.533471710432e-04
1948 9.533471710432e-04
1949 9.533471710432e-04
1950 9.533471710432e-04
1951 9.502274200373e-04
1952 9.502274200373e-04
1953 9.502274200373e-04
1954 9.502274200373e-04
1955 9.502274200373e-04
1956 9.502274200373e-04
1957 9.502274200373e-04
1958 9.502274200373e-04
1959 9.502274200373e-04
1960 9.502274200373e-04
1961 9.524011977853e-04
1962 9.524011977853e-04
1963 9.524011977853e-04
1964 9.524011977853e-04
1965 9.524011977853e-04
1966 9.524011977853e-04
1967 9.524011977853e-04
1968 9.524011977853e-04
1969 9.524011977853e-04
1970 9.524011977853e-04
1971 9.621382579952e-04
1972 9.621382579952e-04
1973 9.621382579952e-04
1974 9.621382579952e-04
1975 9.621382579952e-04
1976 9.621382579952e-04
1977 9.621382579952e-04
1978 9.621382579952e-04
1979 9.621382579952e-04
1980 9.621382579952e-04
1981 9.724986151998e-04
1982 9.724986151998e-04
1983 9.724986151998e-04
1984 9.724986151998e-04
1985 9.724986151998e-04
1986 9.724986151998e-04
1987 9.724986151998e-04
1988 9.724986151998e-04
1989 9.724986151998e-04
1990 9.724986151998e-04
1991 9.757287457145e-04
1992 9.757287457145e-04
1993 9.757287457145e-04
1994 9.757287457145e-04
1995 9.757287457145e-04
1996 9.757287457145e-04
1997 9.757287457145e-04
1998 9.757287457145e-04
1999 9.757287457145e-04
2000 9.757287457145e-04
2001 9.727750202495e-04
2002 9.727750202495e-04
2003 9.727750202495e-04
2004 9.727750202495e-04
2005 9.727750202495e-04
2006 9.727750202495e-04
2007 9.727750202495e-04
2008 9.727750202495e-04
2009 9.727750202495e-04
2010 9.727750202495e-04
2011 9.712136714765e-04
2012 9.712136714765e-04
2013 9.712136714765e-04
2014 9.712136714765e-04
2015 9.712136714765e-04
2016 9.712136714765e-04
2017 9.712136714765e-04
2018 9.712136714765e-04
2019 9.712136714765e-04
2020 9.712136714765e-04
2021 9.747303034335e-04
2022 9.747303034335e-04
2023 9.747303034335e-04
2024 9.747303034335e-04
2025 9.747303034335e-04
2026 9.747303034335e-04
2027 9.747303034335e-04
2028 9.747303034335e-04
2029 9.747303034335e-04
2030 9.747303034335e-04
2031 9.778175148104e-04
2032 9.778175148104e-04
2033 9.778175148104e-04
2034 9.778175148104e-04
2035 9.778175148104e-04
2036 9.778175148104e-04
2037 9.778175148104e-04
2038 9.778175148104e-04
2039 9.778175148104e-04
2040 9.778175148104e-04
2041 9.731863572779e-04
2042 9.731863572779e-04
2043 9.731863572779e-04
2044 9.731863572779e-04
2045 9.731863572779e-04
2046 9.731863572779e-04
2047 9.731863572779e-04
2048 9.731863572779e-04
2049 9.731863572779e-04
2050 9.731863572779e-04
2051 9.617509899014e-04
2052 9.617509899014e-04
2053 9.617509899014e-04
2054 9.617509899014e-04
2055 9.617509899014e-04
2056 9.617509899014e-04
2057 9.617509899014e-04
2058 9.617509899014e-04
2059 9.617509899014e-04
2060 9.617509899014e-04
2061 9.509403929818e-04
2062 9.509403929818e-04
2063 9.509403929818e-04
2064 9.509403929818e-04
2065 9.509403929818e-04
2066 9.509403929818e-04
2067 9.509403929818e-04
2068 9.509403929818e-04
2069 9.509403929818e-04
2070 9.509403929818e-04
2071 9.440601077022e-04
2072 9.440601077022e-04
2073 9.440601077022e-04
2074 9.440601077022e-04
2075 9.440601077022e-04
2076 9.440601077022e-04
2077 9.440601077022e-04
2078 9.440601077022e-04
2079 9.440601077022e-04
2080 9.440601077022e-04
2081 9.351317199754e-04
2082 9.351317199754e-04
2083 9.351317199754e-04
2084 9.351317199754e-04
2085 9.351317199754e-04
2086 9.351317199754e-04
2087 9.351317199754e-04
2088 9.351317199754e-04
2089 9.351317199754e-04
2090 9.351317199754e-04
2091 9.171592678210e-04
2092 9.171592678210e-04
2093 9.171592678210e-04
2094 9.171592678210e-04
2095 9.171592678210e-04
2096 9.171592678210e-04
2097 9.171592678210e-04
2098 9.171592678210e-04
2099 9.171592678210e-04
2100 9.171592678210e-04
2101 8.928522445475e-04
2102 8.928522445475e-04
2103 8.928522445475e-04
2104 8.928522445475e-04
2105 8.928522445475e-04
2106 8.928522445475e-04
2107 8.928522445475e-04
2108 8.928522445475e-04
2109 8.928522445475e-04
2110 8.928522445475e-04
2111 8.723041734170e-04
2112 8.723041734170e-04
2113 8.723041734170e-04
2114 8.723041734170e-04
2115 8.723041734170e-04
2116 8.723041734170e-04
2117 8.723041734170e-04
2118 8.723041734170e-04
2119 8.723041734170e-04
2120 8.723041734170e-04
2121 8.620104076437e-04
2122 8.620104076437e-04
2123 8.620104076437e-04
2124 8.620104076437e-04
2125 8.620104076437e-04
2126 8.620104076437e-04
2127 8.620104076437e-04
2128 8.620104076437e-04
2129 8.620104076437e-04
2130 8.620104076437e-04
2131 8.585389618874e-04
2132 8.585389618874e-04
2133 8.585389618874e-04
2134 8.585389618874e-04
2135 8.585389618874e-04
2136 8.585389618874e-04
2137 8.585389618874e-04
2138 8.585389618874e-04
2139 8.585389618874e-04
2140 8.585389618874e-04
2141 8.534590991593e-04
2142 8.534590991593e-04
2143 8.534590991593e-04
2144 8.534590991593e-04
2145 8.534590991593e-04
2146 8.534590991593e-04
2147 8.534590991593e-04
2148 8.534590991593e-04
2149 8.534590991593e-04
2150 8.534590991593e-04
2151 8.433963535330e-04
2152 8.433963535330e-04
2153 8.433963535330e-04
2154 8.433963535330e-04
2155 8.433963535330e-04
2156 8.433963535330e-04
2157 8.433963535330e-04
2158 8.433963535330e-04
2159 8.433963535330e-04
2160 8.433963535330e-04
2161 8.331309702587e-04
2162 8.331309702587e-04
2163 8.331309702587e-04
2164 8.331309702587e-04
2165 8.331309702587e-04
2166 8.331309702587e-04
2167 8.331309702587e-04
2168 8.331309702587e-04
2169 8.331309702587e-04
2170 8.331309702587e-04
2171 8.290546845302e-04
2172 8.290546845302e-04
2173 8.290546845302e-04
2174 8.290546845302e-04
2175 8.290546845302e-04
2176 8.290546845302e-04
2177 8.290546845302e-04
2178 8.290546845302e-04
2179 8.290546845302e-04
2180 8.290546845302e-04
2181 8.309935365739e-04
2182 8.309935365739e-04
2183 8.309935365739e-04
2184 8.309935365739e-04
2185 8.309935365739e-04
2186 8.309935365739e-04
2187 8.309935365739e-04
2188 8.309935365739e-04
2189 8.309935365739e-04
2190 8.309935365739e-04
2191 8.329726176391e-04
2192 8.329726176391e-04
2193 8.329726176391e-04
2194 8.329726176391e-04
2195 8.329726176391e-04
2196 8.329726176391e-04
2197 8.329726176391e-04
2198 8.329726176391e-04
2199 8.329726176391e-04
2200 8.329726176391e-04
2201 8.313295577473e-04
2202 8.313295577473e-04
2203 8.313295577473e-04
2204 8.313295577473e-04
2205 8.313295577473e-04
2206 8.313295577473e-04
2207 8.313295577473e-04
2208 8.313295577473e-04
2209 8.313295577473e-04
2210 8.313295577473e-04
2211 8.284860069804e-04
2212 8.284860069804e-04
2213 8.284860069804e-04
2214 8.284860069804e-04
2215 8.284860069804e-04
2216 8.284860069804e-04
2217 8.284860069804e-04
2218 8.284860069804e-04
2219 8.284860069804e-04
2220 8.284860069804e-04
2221 8.281758455868e-04
2222 8.281758455868e-04
2223 8.281758455868e-04
2224 8.281758455868e-04
2225 8.281758455868e-04
2226 8.281758455868e-04
2227 8.281758455868e-04
2228 8.281758455868e-04
2229 8.281758455868e-04
2230 8.281758455868e-04
2231 8.291076709674e-04
2232 8.291076709674e-04
2233 8.291076709674e-04
2234 8.291076709674e-04
2235 8.291076709674e-04
2236 8.291076709674e-04
2237 8.291076709674e-04
2238 8.291076709674e-04
2239 8.291076709674e-04
2240 8.291076709674e-04
2241 8.264573235890e-04
2242 8.264573235890e-04
2243 8.264573235890e-04
2244 8.264573235890e-04
2245 8.264573235890e-04
2246 8.264573235890e-04
2247 8.264573235890e-04
2248 8.264573235890e-04
2249 8.264573235890e-04
2250 8.264573235890e-04
2251 8.196153360966e-04
2252 8.196153360966e-04
2253 8.196153360966e-04
2254 8.196153360966e-04
2255 8.196153360966e-04
2256 8.196153360966e-04
2257 8.196153360966e-04
2258 8.196153360966e-04
2259 8.196153360966e-04
2260 8.196153360966e-04
2261 8.147111013663e-04
2262 8.147111013663e-04
2263 8.147111013663e-04
2264 8.147111013663e-04
2265 8.147111013663e-04
2266 8.147111013663e-04
2267 8.147111013663e-04
2268 8.147111013663e-04
2269 8.147111013663e-04
2270 8.147111013663e-04
2271 8.174921763775e-04
2272 8.174921763775e-04
2273 8.174921763775e-04
2274 8.174921763775e-04
2275 8.174921763775e-04
2276 8.174921763775e-04
2277 8.174921763775e-04
2278 8.174921763775e-04
2279 8.174921763775e-04
2280 8.174921763775e-04
2281 8.252913235582e-04
2282 8.252913235582e-04
2283 8.252913235582e-04
2284 8.252913235582e-04
2285 8.252913235582e-04
2286 8.252913235582e-04
2287 8.252913235582e-04
2288 8.252913235582e-04
2289 8.252913235582e-04
2290 8.252913235582e-04
2291 8.286992025457e-04
2292 8.286992025457e-04
2293 8.286992025457e-04
2294 8.286992025457e-04
2295 8.286992025457e-04
2296 8.286992025457e-04
2297 8.286992025457e-04
2298 8.286992025457e-04
2299 8.286992025457e-04
2300 8.286992025457e-04
2301 8.219782428248e-04
2302 8.219782428248e-04
2303 8.219782428248e-04
2304 8.219782428248e-04
2305 8.219782428248e-04
2306 8.219782428248e-04
2307 8.219782428248e-04
2308 8.219782428248e-04
2309 8.219782428248e-04
2310 8.219782428248e-04
2311 8.097530215555e-04
2312 8.097530215555e-04
2313 8.097530215555e-04
2314 8.097530215555e-04
2315 8.097530215555e-04
2316 8.097530215555e-04
2317 8.097530215555e-04
2318 8.097530215555e-04
2319 8.097530215555e-04
2320 8.097530215555e-04
2321 8.013074232605e-04
2322 8.013074232605e-04
2323 8.013074232605e-04
2324 8.013074232605e-04
2325 8.013074232605e-04
2326 8.013074232605e-04
2327 8.013074232605e-04
2328 8.013074232605e-04
2329 8.013074232605e-04
2330 8.013074232605e-04
2331 7.992007966669e-04
2332 7.992007966669e-04
2333 7.992007966669e-04
2334 7.992007966669e-04
2335 7.992007966669e-04
2336 7.992007966669e-04
2337 7.992007966669e-04
2338 7.992007966669e-04
2339 7.992007966669e-04
2340 7.992007966669e-04
2341 7.954232950154e-04
2342 7.954232950154e-04
2343 7.954232950154e-04
2344 7.954232950154e-04
2345 7.954232950154e-04
2346 7.954232950154e-04
2347 7.954232950154e-04
2348 7.954232950154e-04
2349 7.954232950154e-04
2350 7.954232950154e-04
2351 7.807675754825e-04
2352 7.807675754825e-04
2353 7.807675754825e-04
2354 7.807675754825e-04
2355 7.807675754825e-04
2356 7.807675754825e-04
2357 7.807675754825e-04
2358 7.807675754825e-04
2359 7.807675754825e-04
2360 7.807675754825e-04
2361 7.565015695853e-04
2362 7.565015695853e-04
2363 7.565015695853e-04
2364 7.565015695853e-04
2365 7.565015695853e-04
2366 7.565015695853e-04
2367 7.565015695853e-04
2368 7.565015695853e-04
2369 7.565015695853e-04
2370 7.565015695853e-04
2371 7.323879351466e-04
2372 7.323879351466e-04
2373 7.323879351466e-04
2374 7.323879351466e-04
2375 7.323879351466e-04
2376 7.323879351466e-04
2377 7.323879351466e-04
2378 7.323879351466e-04
2379 7.323879351466e-04
2380 7.323879351466e-04
2381 7.155929536458e-04
2382 7.155929536458e-04
2383 7.155929536458e-04
2384 7.155929536458e-04
2385 7.155929536458e-04
2386 7.155929536458e-04
2387 7.155929536458e-04
2388 7.155929536458e-04
2389 7.155929536458e-04
2390 7.155929536458e-04
2391 7.042292528240e-04
2392 7.042292528240e-04
2393 7.042292528240e-04
2394 7.042292528240e-04
2395 7.042292528240e-04
2396 7.042292528240e-04
2397 7.042292528240e-04
2398 7.042292528240e-04
2399 7.042292528240e-04
2400 7.042292528240e-04
2401 6.912364517998e-04
2402 6.912364517998e-04
2403 6.912364517998e-04
2404 6.912364517998e-04
2405 6.912364517998e-04
2406 6.912364517998e-04
2407 6.912364517998e-04
2408 6.912364517998e-04
2409 6.912364517998e-04
2410 6.912364517998e-04
2411 6.738303248332e-04
2412 6.738303248332e-04
2413 6.738303248332e-04
2414 6.738303248332e-04
2415 6.738303248332e-04
2416 6.738303248332e-04
2417 6.738303248332e-04
2418 6.738303248332e-04
2419 6.738303248332e-04
2420 6.738303248332e-04
2421 6.562269924505e-04
2422 6.562269924505e-04
2423 6.562269924505e-04
2424 6.562269924505e-04
2425 6.562269924505e-04
2426 6.562269924505e-04
2427 6.562269924505e-04
2428 6.562269924505e-04
2429 6.562269924505e-04
2430 6.562269924505e-04
2431 6.435889740067e-04
2432 6.435889740067e-04
2433 6.435889740067e-04
2434 6.435889740067e-04
2435 6.435889740067e-04
2436 6.435889740067e-04
2437 6.435889740067e-04
2438 6.435889740067e-04
2439 6.435889740067e-04
2440 6.435889740067e-04
2441 6.359070387211e-04
2442 6.359070387211e-04
2443 6.359070387211e-04
2444 6.359070387211e-04
2445 6.359070387211e-04
2446 6.359070387211e-04
2447 6.359070387211e-04
2448 6.359070387211e-04
2449 6.359070387211e-04
2450 6.359070387211e-04
2451 6.292219641900e-04
2452 6.292219641900e-04
2453 6.292219641900e-04
2454 6.292219641900e-04
2455 6.292219641900e-04
2456 6.292219641900e-04
2457 6.292219641900e-04
2458 6.292219641900e-04
2459 6.292219641900e-04
2460 6.292219641900e-04
2461 6.214041323100e-04
2462 6.214041323100e-04
2463 6.214041323100e-04
2464 6.214041323100e-04
2465 6.214041323100e-04
2466 6.214041323100e-04
2467 6.214041323100e-04
2468 6.214041323100e-04
2469 6.214041323100e-04
2470 6.214041323100e-04
2471 6.140454559156e-04
2472 6.140454559156e-04
2473 6.140454559156e-04
2474 6.140454559156e-04
2475 6.140454559156e-04
2476 6.140454559156e-04
2477 6.140454559156e-04
2478 6.140454559156e-04
2479 6.140454559156e-04
2480 6.140454559156e-04
2481 6.093707979733e-04
2482 6.093707979733e-04
2483 6.093707979733e-04
2484 6.093707979733e-04
2485 6.093707979733e-04
2486 6.093707979733e-04
2487 6.093707979733e-04
2488 6.093707979733e-04
2489 6.093707979733e-04
2490 6.093707979733e-04
2491 6.065165464072e-04
2492 6.065165464072e-04
2493 6.065165464072e-04
2494 6.065165464072e-04
2495 6.065165464072e-04
2496 6.065165464072e-04
2497 6.065165464072e-04
2498 6.065165464072e-04
2499 6.065165464072e-04
2500 6.065165464072e-04
2501 6.026170760470e-04
2502 6.026170760470e-04
2503 6.026170760470e-04
2504 6.026170760470e-04
2505 6.026170760470e-04
2506 6.026170760470e-04
2507 6.026170760470e-04
2508 6.026170760470e-04
2509 6.026170760470e-04
2510 6.026170760470e-04
2511 5.970770089103e-04
2512 5.970770089103e-04
2513 5.970770089103e-04
2514 5.970770089103e-04
2515 5.970770089103e-04
2516 5.970770089103e-04
2517 5.970770089103e-04
2518 5.970770089103e-04
2519 5.970770089103e-04
2520 5.970770089103e-04
2521 5.923318246350e-04
2522 5.923318246350e-04
2523 5.923318246350e-04
2524 5.923318246350e-04
2525 5.923318246350e-04
2526 5.923318246350e-04
2527 5.923318246350e-04
2528 5.923318246350e-04
2529 5.923318246350e-04
2530 5.923318246350e-04
2531 5.905742201215e-04
2532 5.905742201215e-04
2533 5.905742201215e-04
2534 5.905742201215e-04
2535 5.905742201215e-04
2536 5.905742201215e-04
2537 5.905742201215e-04
2538 5.905742201215e-04
2539 5.905742201215e-04
2540 5.905742201215e-04
2541 5.909659451370e-04
2542 5.909659451370e-04
2543 5.909659451370e-04
2544 5.909659451370e-04
2545 5.909659451370e-04
2546 5.909659451370e-04
2547 5.909659451370e-04
2548 5.909659451370e-04
2549 5.909659451370e-04
2550 5.909659451370e-04
2551 5.910378983269e-04
2552 5.910378983269e-04
2553 5.910378983269e-04
2554 5.910378983269e-04
2555 5.910378983269e-04
2556 5.910378983269e-04
2557 5.910378983269e-04
2558 5.910378983269e-04
2559 5.910378983269e-04
2560 5.910378983269e-04
2561 5.896815507796e-04
2562 5.896815507796e-04
2563 5.896815507796e-04
2564 5.896815507796e-04
2565 5.896815507796e-04
2566 5.896815507796e-04
2567 5.896815507796e-04
2568 5.896815507796e-04
2569 5.896815507796e-04
2570 5.896815507796e-04
2571 5.881282046442e-04
2572 5.881282046442e-04
2573 5.881282046442e-04
2574 5.881282046442e-04
2575 5.881282046442e-04
2576 5.881282046442e-04
2577 5.881282046442e-04
2578 5.881282046442e-04
2579 5.881282046442e-04
2580 5.881282046442e-04
2581 5.878782390993e-04
2582 5.878782390993e-04
2583 5.878782390993e-04
2584 5.878782390993e-04
2585 5.878782390993e-04
2586 5.878782390993e-04
2587 5.878782390993e-04
2588 5.878782390993e-04
2589 5.878782390993e-04
2590 5.878782390993e-04
2591 5.876418833850e-04
2592 5.876418833850e-04
2593 5.876418833850e-04
2594 5.876418833850e-04
2595 5.876418833850e-04
2596 5.876418833850e-04
2597 5.876418833850e-04
2598 5.876418833850e-04
2599 5.876418833850e-04
2600 5.876418833850e-04
2601 5.838662204275e-04
2602 5.838662204275e-04
2603 5.838662204275e-04
2604 5.838662204275e-04
2605 5.838662204275e-04
2606 5.838662204275e-04
2607 5.838662204275e-04
2608 5.838662204275e-04
2609 5.838662204275e-04
2610 5.838662204275e-04
2611 5.750783793482e-04
2612 5.750783793482e-04
2613 5.750783793482e-04
2614 5.750783793482e-04
2615 5.750783793482e-04
2616 5.750783793482e-04
2617 5.750783793482e-04
2618 5.750783793482e-04
2619 5.750783793482e-04
2620 5.750783793482e-04
2621 5.645551865333e-04
2622 5.645551865333e-04
2623 5.645551865333e-04
2624 5.645551865333e-04
2625 5.645551865333e-04
2626 5.645551865333e-04
2627 5.645551865333e-04
2628 5.645551865333e-04
2629 5.645551865333e-04
2630 5.645551865333e-04
2631 5.566524591581e-04
2632 5.566524591581e-04
2633 5.566524591581e-04
2634 5.566524591581e-04
2635 5.566524591581e-04
2636 5.566524591581e-04
2637 5.566524591581e-04
2638 5.566524591581e-04
2639 5.566524591581e-04
2640 5.566524591581e-04
2641 5.513070764413e-04
2642 5.513070764413e-04
2643 5.513070764413e-04
2644 5.513070764413e-04
2645 5.513070764413e-04
2646 5.513070764413e-04
2647 5.513070764413e-04
2648 5.513070764413e-04
2649 5.513070764413e-04
2650 5.513070764413e-04
2651 5.442527358172e-04
2652 5.442527358172e-04
2653 5.442527358172e-04
2654 5.442527358172e-04
2655 5.442527358172e-04
2656 5.442527358172e-04
2657 5.442527358172e-04
2658 5.442527358172e-04
2659 5.442527358172e-04
2660 5.442527358172e-04
2661 5.326929604377e-04
2662 5.326929604377e-04
2663 5.326929604377e-04
2664 5.326929604377e-04
2665 5.326929604377e-04
2666 5.326929604377e-04
2667 5.326929604377e-04
2668 5.326929604377e-04
2669 5.326929604377e-04
2670 5.326929604377e-04
2671 5.193328569243e-04
2672 5.193328569243e-04
2673 5.193328569243e-04
2674 5.193328569243e-04
2675 5.193328569243e-04
2676 5.193328569243e-04
2677 5.193328569243e-04
2678 5.193328569243e-04
2679 5.193328569243e-04
2680 5.193328569243e-04
2681 5.088592399861e-04
2682 5.088592399861e-04
2683 5.088592399861e-04
2684 5.088592399861e-04
2685 5.088592399861e-04
2686 5.088592399861e-04
2687 5.088592399861e-04
2688 5.088592399861e-04
2689 5.088592399861e-04
2690 5.088592399861e-04
2691 5.024250455326e-04
2692 5.024250455326e-04
2693 5.024250455326e-04
2694 5.024250455326e-04
2695 5.024250455326e-04
2696 5.024250455326e-04
2697 5.024250455326e-04
2698 5.024250455326e-04
2699 5.024250455326e-04
2700 5.024250455326e-04
2701 4.973210871548e-04
2702 4.973210871548e-04
2703 4.973210871548e-04
2704 4.973210871548e-04
2705 4.973210871548e-04
2706 4.973210871548e-04
2707 4.973210871548e-04
2708 4.973210871548e-04
2709 4.973210871548e-04
2710 4.973210871548e-04
2711 4.906041992662e-04
2712 4.906041992662e-04
2713 4.906041992662e-04
2714 4.906041992662e-04
2715 4.906041992662e-04
2716 4.906041992662e-04
2717 4.906041992662e-04
2718 4.906041992662e-04
2719 4.906041992662e-04
2720 4.906041992662e-04
2721 4.820831505511e-04
2722 4.820831505511e-04
2723 4.820831505511e-04
2724 4.820831505511e-04
2725 4.820831505511e-04
2726 4.820831505511e-04
2727 4.820831505511e-04
2728 4.820831505511e-04
2729 4.820831505511e-04
2730 4.820831505511e-04
2731 4.735701020350e-04
2732 4.735701020350e-04
2733 4.735701020350e-04
2734 4.735701020350e-04
2735 4.735701020350e-04
2736 4.735701020350e-04
2737 4.735701020350e-04
2738 4.735701020350e-04
2739 4.735701020350e-04
2740 4.735701020350e-04
2741 4.669573116833e-04
2742 4.669573116833e-04
2743 4.669573116833e-04
2744 4.669573116833e-04
2745 4.669573116833e-04
2746 4.669573116833e-04
2747 4.669573116833e-04
2748 4.669573116833e-04
2749 4.669573116833e-04
2750 4.669573116833e-04
2751 4.633075161649e-04
2752 4.633075161649e-04
2753 4.633075161649e-04
2754 4.633075161649e-04
2755 4.633075161649e-04
2756 4.633075161649e-04
2757 4.633075161649e-04
2758 4.633075161649e-04
2759 4.633075161649e-04
2760 4.633075161649e-04
2761 4.629987687777e-04
2762 4.629987687777e-04
2763 4.629987687777e-04
2764 4.629987687777e-04
2765 4.629987687777e-04
2766 4.629987687777e-04
2767 4.629987687777e-04
2768 4.629987687777e-04
2769 4.629987687777e-04
2770 4.629987687777e-04
2771 4.660968630991e-04
2772 4.660968630991e-04
2773 4.660968630991e-04
2774 4.660968630991e-04
2775 4.660968630991e-04
2776 4.660968630991e-04
2777 4.660968630991e-04
2778 4.660968630991e-04
2779 4.660968630991e-04
2780 4.660968630991e-04
2781 4.709278055721e-04
2782 4.709278055721e-04
2783 4.709278055721e-04
2784 4.709278055721e-04
2785 4.709278055721e-04
2786 4.709278055721e-04
2787 4.709278055721e-04
2788 4.709278055721e-04
2789 4.709278055721e-04
2790 4.709278055721e-04
2791 4.732347558811e-04
2792 4.732347558811e-04
2793 4.732347558811e-04
2794 4.732347558811e-04
2795 4.732347558811e-04
2796 4.732347558811e-04
2797 4.732347558811e-04
2798 4.732347558811e-04
2799 4.732347558811e-04
2800 4.732347558811e-04
2801 4.689653953490e-04
2802 4.689653953490e-04
2803 4.689653953490e-04
2804 4.689653953490e-04
2805 4.689653953490e-04
2806 4.689653953490e-04
2807 4.689653953490e-04
2808 4.689653953490e-04
2809 4.689653953490e-04
2810 4.689653953490e-04
2811 4.591222835060e-04
2812 4.591222835060e-04
2813 4.591222835060e-04
2814 4.591222835060e-04
2815 4.591222835060e-04
2816 4.591222835060e-04
2817 4.591222835060e-04
2818 4.591222835060e-04
2819 4.591222835060e-04
2820 4.591222835060e-04
2821 4.507130877125e-04
2822 4.507130877125e-04
2823 4.507130877125e-04
2824 4.507130877125e-04
2825 4.507130877125e-04
2826 4.507130877125e-04
2827 4.507130877125e-04
2828 4.507130877125e-04
2829 4.507130877125e-04
2830 4.507130877125e-04
2831 4.509996840710e-04
2832 4.509996840710e-04
2833 4.509996840710e-04
2834 4.509996840710e-04
2835 4.509996840710e-04
2836 4.509996840710e-04
2837 4.509996840710e-04
2838 4.509996840710e-04
2839 4.509996840710e-04
2840 4.509996840710e-04
2841 4.600325203695e-04
2842 4.600325203695e-04
2843 4.600325203695e-04
2844 4.600325203695e-04
2845 4.600325203695e-04
2846 4.600325203695e-04
2847 4.600325203695e-04
2848 4.600325203695e-04
2849 4.600325203695e-04
2850 4.600325203695e-04
2851 4.690896463112e-04
2852 4.690896463112e-04
2853 4.690896463112e-04
2854 4.690896463112e-04
2855 4.690896463112e-04
2856 4.690896463112e-04
2857 4.690896463112e-04
2858 4.690896463112e-04
2859 4.690896463112e-04
2860 4.690896463112e-04
2861 4.691270916515e-04
2862 4.691270916515e-04
2863 4.691270916515e-04
2864 4.691270916515e-04
2865 4.691270916515e-04
2866 4.691270916515e-04
2867 4.691270916515e-04
2868 4.691270916515e-04
2869 4.691270916515e-04
2870 4.691270916515e-04
2871 4.602938094998e-04
2872 4.602938094998e-04
2873 4.602938094998e-04
2874 4.602938094998e-04
2875 4.602938094998e-04
2876 4.602938094998e-04
2877 4.602938094998e-04
2878 4.602938094998e-04
2879 4.602938094998e-04
2880 4.602938094998e-04
2881 4.500588433923e-04
2882 4.500588433923e-04
2883 4.500588433923e-04
2884 4.500588433923e-04
2885 4.500588433923e-04
2886 4.500588433923e-04
2887 4.500588433923e-04
2888 4.500588433923e-04
2889 4.500588433923e-04
2890 4.500588433923e-04
2891 4.437919142384e-04
2892 4.437919142384e-04
2893 4.437919142384e-04
2894 4.437919142384e-04
2895 4.437919142384e-04
2896 4.437919142384e-04
2897 4.437919142384e-04
2898 4.437919142384e-04
2899 4.437919142384e-04
2900 4.437919142384e-04
2901 4.393365425473e-04
2902 4.393365425473e-04
2903 4.393365425473e-04
2904 4.393365425473e-04
2905 4.393365425473e-04
2906 4.393365425473e-04
2907 4.393365425473e-04
2908 4.393365425473e-04
2909 4.393365425473e-04
2910 4.393365425473e-04
2911 4.313123519664e-04
2912 4.313123519664e-04
2913 4.313123519664e-04
2914 4.313123519664e-04
2915 4.313123519664e-04
2916 4.313123519664e-04
2917 4.313123519664e-04
2918 4.313123519664e-04
2919 4.313123519664e-04
2920 4.313123519664e-04
2921 4.192256219073e-04
2922 4.192256219073e-04
2923 4.192256219073e-04
2924 4.192256219073e-04
2925 4.192256219073e-04
2926 4.192256219073e-04
2927 4.192256219073e-04
2928 4.192256219073e-04
2929 4.192256219073e-04
2930 4.192256219073e-04
2931 4.084900669251e-04
2932 4.084900669251e-04
2933 4.084900669251e-04
2934 4.084900669251e-04
2935 4.084900669251e-04
2936 4.084900669251e-04
2937 4.084900669251e-04
2938 4.084900669251e-04
2939 4.084900669251e-04
2940 4.084900669251e-04
2941 4.038049438167e-04
2942 4.038049438167e-04
2943 4.038049438167e-04
2944 4.038049438167e-04
2945 4.038049438167e-04
2946 4.038049438167e-04
2947 4.038049438167e-04
2948 4.038049438167e-04
2949 4.038049438167e-04
2950 4.038049438167e-04
2951 4.043366967089e-04
2952 4.043366967089e-04
2953 4.043366967089e-04
2954 4.043366967089e-04
2955 4.043366967089e-04
2956 4.043366967089e-04
2957 4.043366967089e-04
2958 4.043366967089e-04
2959 4.043366967089e-04
2960 4.043366967089e-04
2961 4.061654644306e-04
2962 4.061654644306e-04
2963 4.061654644306e-04
2964 4.061654644306e-04
2965 4.061654644306e-04
2966 4.061654644306e-04
2967 4.061654644306e-04
2968 4.061654644306e-04
2969 4.061654644306e-04
2970 4.061654644306e-04
2971 4.070296466097e-04
2972 4.070296466097e-04
2973 4.070296466097e-04
2974 4.070296466097e-04
2975 4.070296466097e-04
2976 4.070296466097e-04
2977 4.070296466097e-04
2978 4.070296466097e-04
2979 4.070296466097e-04
2980 4.070296466097e-04
2981 4.071078004865e-04
2982 4.071078004865e-04
2983 4.071078004865e-04
2984 4.071078004865e-04
2985 4.071078004865e-04
2986 4.071078004865e-04
2987 4.071078004865e-04
2988 4.071078004865e-04
2989 4.071078004865e-04
2990 4.071078004865e-04
2991 4.058364370024e-04
2992 4.058364370024e-04
2993 4.058364370024e-04
2994 4.058364370024e-04
2995 4.058364370024e-04
2996 4.058364370024e-04
2997 4.058364370024e-04
2998 4.058364370024e-04
2999 4.058364370024e-04
3000 4.058364370024e-04
3001 4.009265888852e-04
3002 4.009265888852e-04
3003 4.009265888852e-04
3004 4.009265888852e-04
3005 4.009265888852e-04
3006 4.009265888852e-04
3007 4.009265888852e-04
3008 4.009265888852e-04
3009 4.009265888852e-04
3010 4.009265888852e-04
3011 3.914978868442e-04
3012 3.914978868442e-04
3013 3.914978868442e-04
3014 3.914978868442e-04
3015 3.914978868442e-04
3016 3.914978868442e-04
3017 3.914978868442e-04
3018 3.914978868442e-04
3019 3.914978868442e-04
3020 3.914978868442e-04
3021 3.803558956958e-04
3022 3.803558956958e-04
3023 3.803558956958e-04
3024 3.803558956958e-04
3025 3.803558956958e-04
3026 3.803558956958e-04
3027 3.803558956958e-04
3028 3.803558956958e-04
3029 3.803558956958e-04
3030 3.803558956958e-04
3031 3.729720237694e-04
3032 3.729720237694e-04
3033 3.729720237694e-04
3034 3.729720237694e-04
3035 3.729720237694e-04
3036 3.729720237694e-04
3037 3.729720237694e-04
3038 3.729720237694e-04
3039 3.729720237694e-04
3040 3.729720237694e-04
3041 3.734083715903e-04
3042 3.734083715903e-04
3043 3.734083715903e-04
3044 3.734083715903e-04
3045 3.734083715903e-04
3046 3.734083715903e-04
3047 3.734083715903e-04
3048 3.734083715903e-04
3049 3.734083715903e-04
3050 3.734083715903e-04
3051 3.805382612223e-04
3052 3.805382612223e-04
3053 3.805382612223e-04
3054 3.805382612223e-04
3055 3.805382612223e-04
3056 3.805382612223e-04
3057 3.805382612223e-04
3058 3.805382612223e-04
3059 3.805382612223e-04
3060 3.805382612223e-04
3061 3.877529512595e-04
3062 3.877529512595e-04
3063 3.877529512595e-04
3064 3.877529512595e-04
3065 3.877529512595e-04
3066 3.877529512595e-04
3067 3.877529512595e-04
3068 3.877529512595e-04
3069 3.877529512595e-04
3070 3.877529512595e-04
3071 3.882389013037e-04
3072 3.882389013037e-04
3073 3.882389013037e-04
3074 3.882389013037e-04
3075 3.882389013037e-04
3076 3.882389013037e-04
3077 3.882389013037e-04
3078 3.882389013037e-04
3079 3.882389013037e-04
3080 3.882389013037e-04
3081 3.820353618859e-04
3082 3.820353618859e-04
3083 3.820353618859e-04
3084 3.820353618859e-04
3085 3.820353618859e-04
3086 3.820353618859e-04
3087 3.820353618859e-04
3088 3.820353618859e-04
3089 3.820353618859e-04
3090 3.820353618859e-04
3091 3.757245252222e-04
3092 3.757245252222e-04
3093 3.757245252222e-04
3094 3.757245252222e-04
3095 3.757245252222e-04
3096 3.757245252222e-04
3097 3.757245252222e-04
3098 3.757245252222e-04
3099 3.757245252222e-04
3100 3.757245252222e-04
3101 3.750284369995e-04
3102 3.750284369995e-04
3103 3.750284369995e-04
3104 3.750284369995e-04
3105 3.750284369995e-04
3106 3.750284369995e-04
3107 3.750284369995e-04
3108 3.750284369995e-04
3109 3.750284369995e-04
3110 3.750284369995e-04
3111 3.785211717257e-04
3112 3.785211717257e-04
3113 3.785211717257e-04
3114 3.785211717257e-04
3115 3.785211717257e-04
3116 3.785211717257e-04
3117 3.785211717257e-04
3118 3.785211717257e-04
3119 3.785211717257e-04
3120 3.785211717257e-04
3121 3.804725955402e-04
3122 3.804725955402e-04
3123 3.804725955402e-04
3124 3.804725955402e-04
3125 3.804725955402e-04
3126 3.804725955402e-04
3127 3.804725955402e-04
3128 3.804725955402e-04
3129 3.804725955402e-04
3130 3.804725955402e-04
3131 3.785925716293e-04
3132 3.785925716293e-04
3133 3.785925716293e-04
3134 3.785925716293e-04
3135 3.785925716293e-04
3136 3.785925716293e-04
3137 3.785925716293e-04
3138 3.785925716293e-04
3139 3.785925716293e-04
3140 3.785925716293e-04
3141 3.750138376849e-04
3142 3.750138376849e-04
3143 3.750138376849e-04
3144 3.750138376849e-04
3145 3.750138376849e-04
3146 3.750138376849e-04
3147 3.750138376849e-04
3148 3.750138376849e-04
3149 3.750138376849e-04
3150 3.750138376849e-04
3151 3.715140972697e-04
3152 3.715140972697e-04
3153 3.715140972697e-04
3154 3.715140972697e-04
3155 3.715140972697e-04
3156 3.715140972697e-04
3157 3.715140972697e-04
3158 3.715140972697e-04
3159 3.715140972697e-04
3160 3.715140972697e-04
3161 3.670574901131e-04
3162 3.670574901131e-04
3163 3.670574901131e-04
3164 3.670574901131e-04
3165 3.670574901131e-04
3166 3.670574901131e-04
3167 3.670574901131e-04
3168 3.670574901131e-04
3169 3.670574901131e-04
3170 3.670574901131e-04
3171 3.605408894109e-04
3172 3.605408894109e-04
3173 3.605408894109e-04
3174 3.605408894109e-04
3175 3.605408894109e-04
3176 3.605408894109e-04
3177 3.605408894109e-04
3178 3.605408894109e-04
3179 3.605408894109e-04
3180 3.605408894109e-04
3181 3.537815836842e-04
3182 3.537815836842e-04
3183 3.537815836842e-04
3184 3.537815836842e-04
3185 3.537815836842e-04
3186 3.537815836842e-04
3187 3.537815836842e-04
3188 3.537815836842e-04
3189 3.537815836842e-04
3190 3.537815836842e-04
3191 3.499084069802e-04
3192 3.499084069802e-04
3193 3.499084069802e-04
3194 3.499084069802e-04
3195 3.499084069802e-04
3196 3.499084069802e-04
3197 3.499084069802e-04
3198 3.499084069802e-04
3199 3.499084069802e-04
3200 3.499084069802e-04
3201 3.498738203318e-04
3202 3.498738203318e-04
3203 3.498738203318e-04
3204 3.498738203318e-04
3205 3.498738203318e-04
3206 3.498738203318e-04
3207 3.498738203318e-04
3208 3.498738203318e-04
3209 3.498738203318e-04
3210 3.498738203318e-04
3211 3.512307262096e-04
3212 3.512307262096e-04
3213 3.512307262096e-04
3214 3.512307262096e-04
3215 3.512307262096e-04
3216 3.512307262096e-04
3217 3.512307262096e-04
3218 3.512307262096e-04
3219 3.512307262096e-04
3220 3.512307262096e-04
3221 3.507625312709e-04
3222 3.507625312709e-04
3223 3.507625312709e-04
3224 3.507625312709e-04
3225 3.507625312709e-04
3226 3.507625312709e-04
3227 3.507625312709e-04
3228 3.507625312709e-04
3229 3.507625312709e-04
3230 3.507625312709e-04
3231 3.478752608792e-04
3232 3.478752608792e-04
3233 3.478752608792e-04
3234 3.478752608792e-04
3235 3.478752608792e-04
3236 3.478752608792e-04
3237 3.478752608792e-04
3238 3.478752608792e-04
3239 3.478752608792e-04
3240 3.478752608792e-04
3241 3.451139247154e-04
3242 3.451139247154e-04
3243 3.451139247154e-04
3244 3.451139247154e-04
3245 3.451139247154e-04
3246 3.451139247154e-04
3247 3.451139247154e-04
3248 3.451139247154e-04
3249 3.451139247154e-04
3250 3.451139247154e-04
3251 3.457688541974e-04
3252 3.457688541974e-04
3253 3.457688541974e-04
3254 3.457688541974e-04
3255 3.457688541974e-04
3256 3.457688541974e-04
3257 3.457688541974e-04
3258 3.457688541974e-04
3259 3.457688541974e-04
3260 3.457688541974e-04
3261 3.500122257619e-04
3262 3.500122257619e-04
3263 3.500122257619e-04
3264 3.500122257619e-04
3265 3.500122257619e-04
3266 3.500122257619e-04
3267 3.500122257619e-04
3268 3.500122257619e-04
3269 3.500122257619e-04
3270 3.500122257619e-04
3271 3.533123008743e-04
3272 3.533123008743e-04
3273 3.533123008743e-04
3274 3.533123008743e-04
3275 3.533123008743e-04
3276 3.533123008743e-04
3277 3.533123008743e-04
3278 3.533123008743e-04
3279 3.533123008743e-04
3280 3.533123008743e-04
3281 3.514381690075e-04
3282 3.514381690075e-04
3283 3.514381690075e-04
3284 3.514381690075e-04
3285 3.514381690075e-04
3286 3.514381690075e-04
3287 3.514381690075e-04
3288 3.514381690075e-04
3289 3.514381690075e-04
3290 3.514381690075e-04
3291 3.464785238756e-04
3292 3.464785238756e-04
3293 3.464785238756e-04
3294 3.464785238756e-04
3295 3.464785238756e-04
3296 3.464785238756e-04
3297 3.464785238756e-04
3298 3.464785238756e-04
3299 3.464785238756e-04
3300 3.464785238756e-04
3301 3.440874906004e-04
3302 3.440874906004e-04
3303 3.440874906004e-04
3304 3.440874906004e-04
3305 3.440874906004e-04
3306 3.440874906004e-04
3307 3.440874906004e-04
3308 3.440874906004e-04
3309 3.440874906004e-04
3310 3.440874906004e-04
3311 3.463238444726e-04
3312 3.463238444726e-04
3313 3.463238444726e-04
3314 3.463238444726e-04
3315 3.463238444726e-04
3316 3.463238444726e-04
3317 3.463238444726e-04
3318 3.463238444726e-04
3319 3.463238444726e-04
3320 3.463238444726e-04
3321 3.492181324995e-04
3322 3.492181324995e-04
3323 3.492181324995e-04
3324 3.492181324995e-04
3325 3.492181324995e-04
3326 3.492181324995e-04
3327 3.492181324995e-04
3328 3.492181324995e-04
3329 3.492181324995e-04
3330 3.492181324995e-04
3331 3.483540896385e-04
3332 3.483540896385e-04
3333 3.483540896385e-04
3334 3.483540896385e-04
3335 3.483540896385e-04
3336 3.483540896385e-04
3337 3.483540896385e-04
3338 3.483540896385e-04
3339 3.483540896385e-04
3340 3.483540896385e-04
3341 3.456453886024e-04
3342 3.456453886024e-04
3343 3.456453886024e-04
3344 3.456453886024e-04
3345 3.456453886024e-04
3346 3.456453886024e-04
3347 3.456453886024e-04
3348 3.456453886024e-04
3349 3.456453886024e-04
3350 3.456453886024e-04
3351 3.466613132228e-04
3352 3.466613132228e-04
3353 3.466613132228e-04
3354 3.466613132228e-04
3355 3.466613132228e-04
3356 3.466613132228e-04
3357 3.466613132228e-04
3358 3.466613132228e-04
3359 3.466613132228e-04
3360 3.466613132228e-04
3361 3.538454066846e-04
3362 3.538454066846e-04
3363 3.538454066846e-04
3364 3.538454066846e-04
3365 3.538454066846e-04
3366 3.538454066846e-04
3367 3.538454066846e-04
3368 3.538454066846e-04
3369 3.538454066846e-04
3370 3.538454066846e-04
3371 3.643609612122e-04
3372 3.643609612122e-04
3373 3.643609612122e-04
3374 3.643609612122e-04
3375 3.643609612122e-04
3376 3.643609612122e-04
3377 3.643609612122e-04
3378 3.643609612122e-04
3379 3.643609612122e-04
3380 3.643609612122e-04
3381 3.736592448599e-04
3382 3.736592448599e-04
3383 3.736592448599e-04
3384 3.736592448599e-04
3385 3.736592448599e-04
3386 3.736592448599e-04
3387 3.736592448599e-04
3388 3.736592448599e-04
3389 3.736592448599e-04
3390 3.736592448599e-04
3391 3.801731814215e-04
3392 3.801731814215e-04
3393 3.801731814215e-04
3394 3.801731814215e-04
3395 3.801731814215e-04
3396 3.801731814215e-04
3397 3.801731814215e-04
3398 3.801731814215e-04
3399 3.801731814215e-04
3400 3.801731814215e-04
3401 3.850302607061e-04
3402 3.850302607061e-04
3403 3.850302607061e-04
3404 3.850302607061e-04
3405 3.850302607061e-04
3406 3.850302607061e-04
3407 3.850302607061e-04
3408 3.850302607061e-04
3409 3.850302607061e-04
3410 3.850302607061e-04
3411 3.897212986413e-04
3412 3.897212986413e-04
3413 3.897212986413e-04
3414 3.897212986413e-04
3415 3.897212986413e-04
3416 3.897212986413e-04
3417 3.897212986413e-04
3418 3.897212986413e-04
3419 3.897212986413e-04
3420 3.897212986413e-04
3421 3.944435373675e-04
3422 3.944435373675e-04
3423 3.944435373675e-04
3424 3.944435373675e-04
3425 3.944435373675e-04
3426 3.944435373675e-04
3427 3.944435373675e-04
3428 3.944435373675e-04
3429 3.944435373675e-04
3430 3.944435373675e-04
3431 3.978071406435e-04
3432 3.978071406435e-04
3433 3.978071406435e-04
3434 3.978071406435e-04
3435 3.978071406435e-04
3436 3.978071406435e-04
3437 3.978071406435e-04
3438 3.978071406435e-04
3439 3.978071406435e-04
3440 3.978071406435e-04
3441 3.986249714939e-04
3442 3.986249714939e-04
3443 3.986249714939e-04
3444 3.986249714939e-04
3445 3.986249714939e-04
3446 3.986249714939e-04
3447 3.986249714939e-04
3448 3.986249714939e-04
3449 3.986249714939e-04
3450 3.986249714939e-04
3451 3.977708606862e-04
3452 3.977708606862e-04
3453 3.977708606862e-04
3454 3.977708606862e-04
3455 3.977708606862e-04
3456 3.977708606862e-04
3457 3.977708606862e-04
3458 3.977708606862e-04
3459 3.977708606862e-04
3460 3.977708606862e-04
3461 3.979744280638e-04
3462 3.979744280638e-04
3463 3.979744280638e-04
3464 3.979744280638e-04
3465 3.979744280638e-04
3466 3.979744280638e-04
3467 3.979744280638e-04
3468 3.979744280638e-04
3469 3.979744280638e-04
3470 3.979744280638e-04
3471 4.007179295181e-04
3472 4.007179295181e-04
3473 4.007179295181e-04
3474 4.007179295181e-04
3475 4.007179295181e-04
3476 4.007179295181e-04
3477 4.007179295181e-04
3478 4.007179295181e-04
3479 4.007179295181e-04
3480 4.007179295181e-04
3481 4.037857678489e-04
3482 4.037857678489e-04
3483 4.037857678489e-04
3484 4.037857678489e-04
3485 4.037857678489e-04
3486 4.037857678489e-04
3487 4.037857678489e-04
3488 4.037857678489e-04
3489 4.037857678489e-04
3490 4.037857678489e-04
3491 4.037708780783e-04
3492 4.037708780783e-04
3493 4.037708780783e-04
3494 4.037708780783e-04
3495 4.037708780783e-04
3496 4.037708780783e-04
3497 4.037708780783e-04
3498 4.037708780783e-04
3499 4.037708780783e-04
3500 4.037708780783e-04
3501 4.006564114991e-04
3502 4.006564114991e-04
3503 4.006564114991e-04
3504 4.006564114991e-04
3505 4.006564114991e-04
3506 4.006564114991e-04
3507 4.006564114991e-04
3508 4.006564114991e-04
3509 4.006564114991e-04
3510 4.006564114991e-04
3511 3.978660136481e-04
3512 3.978660136481e-04
3513 3.978660136481e-04
3514 3.978660136481e-04
3515 3.978660136481e-04
3516 3.978660136481e-04
3517 3.978660136481e-04
3518 3.978660136481e-04
3519 3.978660136481e-04
3520 3.978660136481e-04
3521 3.973304403231e-04
3522 3.973304403231e-04
3523 3.973304403231e-04
3524 3.973304403231e-04
3525 3.973304403231e-04
3526 3.973304403231e-04
3527 3.973304403231e-04
3528 3.973304403231e-04
3529 3.973304403231e-04
3530 3.973304403231e-04
3531 3.968586320416e-04
3532 3.968586320416e-04
3533 3.968586320416e-04
3534 3.968586320416e-04
3535 3.968586320416e-04
3536 3.968586320416e-04
3537 3.968586320416e-04
3538 3.968586320416e-04
3539 3.968586320416e-04
3540 3.968586320416e-04
3541 3.941007338183e-04
3542 3.941007338183e-04
3543 3.941007338183e-04
3544 3.941007338183e-04
3545 3.941007338183e-04
3546 3.941007338183e-04
3547 3.941007338183e-04
3548 3.941007338183e-04
3549 3.941007338183e-04
3550 3.941007338183e-04
3551 3.905986159788e-04
3552 3.905986159788e-04
3553 3.905986159788e-04
3554 3.905986159788e-04
3555 3.905986159788e-04
3556 3.905986159788e-04
3557 3.905986159788e-04
3558 3.905986159788e-04
3559 3.905986159788e-04
3560 3.905986159788e-04
3561 3.884742056637e-04
3562 3.884742056637e-04
3563 3.884742056637e-04
3564 3.884742056637e-04
3565 3.884742056637e-04
3566 3.884742056637e-04
3567 3.884742056637e-04
3568 3.884742056637e-04
3569 3.884742056637e-04
3570 3.884742056637e-04
3571 3.868970956869e-04
3572 3.868970956869e-04
3573 3.868970956869e-04
3574 3.868970956869e-04
3575 3.868970956869e-04
3576 3.868970956869e-04
3577 3.868970956869e-04
3578 3.868970956869e-04
3579 3.868970956869e-04
3580 3.868970956869e-04
3581 3.838796302171e-04
3582 3.838796302171e-04
3583 3.838796302171e-04
3584 3.838796302171e-04
3585 3.838796302171e-04
3586 3.838796302171e-04
3587 3.838796302171e-04
3588 3.838796302171e-04
3589 3.838796302171e-04
3590 3.838796302171e-04
3591 3.800048302667e-04
3592 3.800048302667e-04
3593 3.800048302667e-04
3594 3.800048302667e-04
3595 3.800048302667e-04
3596 3.800048302667e-04
3597 3.800048302667e-04
3598 3.800048302667e-04
3599 3.800048302667e-04
3600 3.800048302667e-04
3601 3.790582667284e-04
3602 3.790582667284e-04
3603 3.790582667284e-04
3604 3.790582667284e-04
3605 3.790582667284e-04
3606 3.790582667284e-04
3607 3.790582667284e-04
3608 3.790582667284e-04
3609 3.790582667284e-04
3610 3.790582667284e-04
3611 3.834253658954e-04
3612 3.834253658954e-04
3613 3.834253658954e-04
3614 3.834253658954e-04
3615 3.834253658954e-04
3616 3.834253658954e-04
3617 3.834253658954e-04
3618 3.834253658954e-04
3619 3.834253658954e-04
3620 3.834253658954e-04
3621 3.918984976790e-04
3622 3.918984976790e-04
3623 3.918984976790e-04
3624 3.918984976790e-04
3625 3.918984976790e-04
3626 3.918984976790e-04
3627 3.918984976790e-04
3628 3.918984976790e-04
3629 3.918984976790e-04
3630 3.918984976790e-04
3631 4.016149652118e-04
3632 4.016149652118e-04
3633 4.016149652118e-04
3634 4.016149652118e-04
3635 4.016149652118e-04
3636 4.016149652118e-04
3637 4.016149652118e-04
3638 4.016149652118e-04
3639 4.016149652118e-04
3640 4.016149652118e-04
3641 4.100819230677e-04
3642 4.100819230677e-04
3643 4.100819230677e-04
3644 4.100819230677e-04
3645 4.100819230677e-04
3646 4.100819230677e-04
3647 4.100819230677e-04
3648 4.100819230677e-04
3649 4.100819230677e-04
3650 4.100819230677e-04
3651 4.171099839645e-04
3652 4.171099839645e-04
3653 4.171099839645e-04
3654 4.171099839645e-04
3655 4.171099839645e-04
3656 4.171099839645e-04
3657 4.171099839645e-04
3658 4.171099839645e-04
3659 4.171099839645e-04
3660 4.171099839645e-04
3661 4.246749784291e-04
3662 4.246749784291e-04
3663 4.246749784291e-04
3664 4.246749784291e-04
3665 4.246749784291e-04
3666 4.246749784291e-04
3667 4.246749784291e-04
3668 4.246749784291e-04
3669 4.246749784291e-04
3670 4.246749784291e-04
3671 4.344315285550e-04
3672 4.344315285550e-04
3673 4.344315285550e-04
3674 4.344315285550e-04
3675 4.344315285550e-04
3676 4.344315285550e-04
3677 4.344315285550e-04
3678 4.344315285550e-04
3679 4.344315285550e-04
3680 4.344315285550e-04
3681 4.451945204865e-04
3682 4.451945204865e-04
3683 4.451945204865e-04
3684 4.451945204865e-04
3685 4.451945204865e-04
3686 4.451945204865e-04
3687 4.451945204865e-04
3688 4.451945204865e-04
3689 4.451945204865e-04
3690 4.451945204865e-04
3691 4.528379914481e-04
3692 4.528379914481e-04
3693 4.528379914481e-04
3694 4.528379914481e-04
3695 4.528379914481e-04
3696 4.528379914481e-04
3697 4.528379914481e-04
3698 4.528379914481e-04
3699 4.528379914481e-04
3700 4.528379914481e-04
3701 4.552239046504e-04
3702 4.552239046504e-04
3703 4.552239046504e-04
3704 4.552239046504e-04
3705 4.552239046504e-04
3706 4.552239046504e-04
3707 4.552239046504e-04
3708 4.552239046504e-04
3709 4.552239046504e-04
3710 4.552239046504e-04
3711 4.560174237491e-04
3712 4.560174237491e-04
3713 4.560174237491e-04
3714 4.560174237491e-04
3715 4.560174237491e-04
3716 4.560174237491e-04
3717 4.560174237491e-04
3718 4.560174237491e-04
3719 4.560174237491e-04
3720 4.560174237491e-04
3721 4.605867440275e-04
3722 4.605867440275e-04
3723 4.605867440275e-04
3724 4.605867440275e-04
3725 4.605867440275e-04
3726 4.605867440275e-04
3727 4.605867440275e-04
3728 4.605867440275e-04
3729 4.605867440275e-04
3730 4.605867440275e-04
3731 4.684929536189e-04
3732 4.684929536189e-04
3733 4.684929536189e-04
3734 4.684929536189e-04
3735 4.684929536189e-04
3736 4.684929536189e-04
3737 4.684929536189e-04
3738 4.684929536189e-04
3739 4.684929536189e-04
3740 4.684929536189e-04
3741 4.731895021746e-04
3742 4.731895021746e-04
3743 4.731895021746e-04
3744 4.731895021746e-04
3745 4.731895021746e-04
3746 4.731895021746e-04
3747 4.731895021746e-04
3748 4.731895021746e-04
3749 4.731895021746e-04
3750 4.731895021746e-04
3751 4.711538789551e-04
3752 4.711538789551e-04
3753 4.711538789551e-04
3754 4.711538789551e-04
3755 4.711538789551e-04
3756 4.711538789551e-04
3757 4.711538789551e-04
3758 4.711538789551e-04
3759 4.711538789551e-04
3760 4.711538789551e-04
3761 4.675080053210e-04
3762 4.675080053210e-04
3763 4.675080053210e-04
3764 4.675080053210e-04
3765 4.675080053210e-04
3766 4.675080053210e-04
3767 4.675080053210e-04
3768 4.675080053210e-04
3769 4.675080053210e-04
3770 4.675080053210e-04
3771 4.688885133197e-04
3772 4.688885133197e-04
3773 4.688885133197e-04
3774 4.688885133197e-04
3775 4.688885133197e-04
3776 4.688885133197e-04
3777 4.688885133197e-04
3778 4.688885133197e-04
3779 4.688885133197e-04
3780 4.688885133197e-04
3781 4.743536896893e-04
3782 4.743536896893e-04
3783 4.743536896893e-04
3784 4.743536896893e-04
3785 4.743536896893e-04
3786 4.743536896893e-04
3787 4.743536896893e-04
3788 4.743536896893e-04
3789 4.743536896893e-04
3790 4.743536896893e-04
3791 4.761208258231e-04
3792 4.761208258231e-04
3793 4.761208258231e-04
3794 4.761208258231e-04
3795 4.761208258231e-04
3796 4.761208258231e-04
3797 4.761208258231e-04
3798 4.761208258231e-04
3799 4.761208258231e-04
3800 4.761208258231e-04
3801 4.691679204377e-04
3802 4.691679204377e-04
3803 4.691679204377e-04
3804 4.691679204377e-04
3805 4.691679204377e-04
3806 4.691679204377e-04
3807 4.691679204377e-04
3808 4.691679204377e-04
3809 4.691679204377e-04
3810 4.691679204377e-04
3811 4.576975710307e-04
3812 4.576975710307e-04
3813 4.576975710307e-04
3814 4.576975710307e-04
3815 4.576975710307e-04
3816 4.576975710307e-04
3817 4.576975710307e-04
3818 4.576975710307e-04
3819 4.576975710307e-04
3820 4.576975710307e-04
3821 4.491283157309e-04
3822 4.491283157309e-04
3823 4.491283157309e-04
3824 4.491283157309e-04
3825 4.491283157309e-04
3826 4.491283157309e-04
3827 4.491283157309e-04
3828 4.491283157309e-04
3829 4.491283157309e-04
3830 4.491283157309e-04
3831 4.466746845150e-04
3832 4.466746845150e-04
3833 4.466746845150e-04
3834 4.466746845150e-04
3835 4.466746845150e-04
3836 4.466746845150e-04
3837 4.466746845150e-04
3838 4.466746845150e-04
3839 4.466746845150e-04
3840 4.466746845150e-04
3841 4.487580020155e-04
3842 4.487580020155e-04
3843 4.487580020155e-04
3844 4.487580020155e-04
3845 4.487580020155e-04
3846 4.487580020155e-04
3847 4.487580020155e-04
3848 4.487580020155e-04
3849 4.487580020155e-04
3850 4.487580020155e-04
3851 4.513956987898e-04
3852 4.513956987898e-04
3853 4.513956987898e-04
3854 4.513956987898e-04
3855 4.513956987898e-04
3856 4.513956987898e-04
3857 4.513956987898e-04
3858 4.513956987898e-04
3859 4.513956987898e-04
3860 4.513956987898e-04
3861 4.523835564446e-04
3862 4.523835564446e-04
3863 4.523835564446e-04
