1 -3.151186479983e+03
2 -3.151186479942e+03
3 -3.151186479622e+03
4 -3.151186478554e+03
5 -3.151186476070e+03
6 -3.151186471329e+03
7 -3.151186463351e+03
8 -3.151186451048e+03
9 -3.151186433250e+03
10 -3.151186408717e+03
11 -3.151186376144e+03
12 -3.151186334147e+03
13 -3.151186281257e+03
14 -3.151186215892e+03
15 -3.151186136334e+03
16 -3.151186040710e+03
17 -3.151185926977e+03
18 -3.151185792916e+03
19 -3.151185636135e+03
20 -3.151185454084e+03
21 -3.151185244087e+03
22 -3.151185003364e+03
23 -3.151184729083e+03
24 -3.151184418396e+03
25 -3.151184068484e+03
26 -3.151183676592e+03
27 -3.151183240063e+03
28 -3.151182756355e+03
29 -3.151182223057e+03
30 -3.151181637890e+03
31 -3.151180998695e+03
32 -3.151180303413e+03
33 -3.151179550076e+03
34 -3.151178736772e+03
35 -3.151177861628e+03
36 -3.151176922789e+03
37 -3.151175918409e+03
38 -3.151174846649e+03
39 -3.151173705687e+03
40 -3.151172493737e+03
41 -3.151171209090e+03
42 -3.151169850130e+03
43 -3.151168415415e+03
44 -3.151166903700e+03
45 -3.151165313995e+03
46 -3.151163645600e+03
47 -3.151161898134e+03
48 -3.151160071550e+03
49 -3.151158166127e+03
50 -3.151156182455e+03
51 -3.151154121404e+03
52 -3.151151984053e+03
53 -3.151149771680e+03
54 -3.151147485686e+03
55 -3.151145127556e+03
56 -3.151142698837e+03
57 -3.151140201112e+03
58 -3.151137636012e+03
59 -3.151135005228e+03
60 -3.151132310551e+03
61 -3.151129553917e+03
62 -3.151126737422e+03
63 -3.151123863416e+03
64 -3.151120934505e+03
65 -3.151117953578e+03
66 -3.151114923816e+03
67 -3.151111848681e+03
68 -3.151108731893e+03
69 -3.151105577390e+03
70 -3.151102389286e+03
71 -3.151099171828e+03
72 -3.151095929303e+03
73 -3.151092666060e+03
74 -3.151089386428e+03
75 -3.151086094700e+03
76 -3.151082795116e+03
77 -3.151079491868e+03
78 -3.151076189107e+03
79 -3.151072890964e+03
80 -3.151069601578e+03
81 -3.151066325133e+03
82 -3.151063065833e+03
83 -3.151059827983e+03
84 -3.151056615943e+03
85 -3.151053434121e+03
86 -3.151050286944e+03
87 -3.151047178821e+03
88 -3.151044114092e+03
89 -3.151041096986e+03
90 -3.151038131573e+03
91 -3.151035221747e+03
92 -3.151032371159e+03
93 -3.151029583267e+03
94 -3.151026861294e+03
95 -3.151024208249e+03
96 -3.151021626933e+03
97 -3.151019119955e+03
98 -3.151016689744e+03
99 -3.151014338559e+03
100 -3.151012068493e+03
101 -3.151009881483e+03
102 -3.151007779273e+03
103 -3.151005763458e+03
104 -3.151003835438e+03
105 -3.151001996414e+03
106 -3.151000247374e+03
107 -3.150998589074e+03
108 -3.150997022021e+03
109 -3.150995546456e+03
110 -3.150994162345e+03
111 -3.150992869370e+03
112 -3.150991666901e+03
113 -3.150990554036e+03
114 -3.150989529577e+03
115 -3.150988592044e+03
116 -3.150987739687e+03
117 -3.150986970497e+03
118 -3.150986282216e+03
119 -3.150985672351e+03
120 -3.150985138181e+03
121 -3.150984676772e+03
122 -3.150984284959e+03
123 -3.150983959385e+03
124 -3.150983696483e+03
125 -3.150983492482e+03
126 -3.150983343411e+03
127 -3.150983245097e+03
128 -3.150983193175e+03
129 -3.150983183087e+03
130 -3.150983210097e+03
131 -3.150983269302e+03
132 -3.150983355617e+03
133 -3.150983463837e+03
134 -3.150983588619e+03
135 -3.150983724508e+03
136 -3.150983865950e+03
137 -3.150984007309e+03
138 -3.150984142874e+03
139 -3.150984266872e+03
140 -3.150984373472e+03
141 -3.150984456804e+03
142 -3.150984510925e+03
143 -3.150984529883e+03
144 -3.150984507692e+03
145 -3.150984438351e+03
146 -3.150984315858e+03
147 -3.150984134234e+03
148 -3.150983887539e+03
149 -3.150983569896e+03
150 -3.150983175508e+03
151 -3.150982698693e+03
152 -3.150982133839e+03
153 -3.150981475505e+03
154 -3.150980718373e+03
155 -3.150979857266e+03
156 -3.150978887153e+03
157 -3.150977803154e+03
158 -3.150976600545e+03
159 -3.150975274761e+03
160 -3.150973821405e+03
161 -3.150972236280e+03
162 -3.150970515309e+03
163 -3.150968654685e+03
164 -3.150966650797e+03
165 -3.150964500269e+03
166 -3.150962199979e+03
167 -3.150959747075e+03
168 -3.150957138994e+03
169 -3.150954373473e+03
170 -3.150951448559e+03
171 -3.150948362644e+03
172 -3.150945114355e+03
173 -3.150941702719e+03
174 -3.150938127053e+03
175 -3.150934386982e+03
176 -3.150930482441e+03
177 -3.150926413676e+03
178 -3.150922181238e+03
179 -3.150917785991e+03
180 -3.150913229115e+03
181 -3.150908512135e+03
182 -3.150903636813e+03
183 -3.150898605324e+03
184 -3.150893420143e+03
185 -3.150888084078e+03
186 -3.150882600272e+03
187 -3.150876972205e+03
188 -3.150871203703e+03
189 -3.150865298931e+03
190 -3.150859262397e+03
191 -3.150853098966e+03
192 -3.150846813755e+03
193 -3.150840412259e+03
194 -3.150833900228e+03
195 -3.150827283672e+03
196 -3.150820568829e+03
197 -3.150813762143e+03
198 -3.150806870238e+03
199 -3.150799899908e+03
200 -3.150792858099e+03
201 -3.150785751920e+03
202 -3.150778588597e+03
203 -3.150771375536e+03
204 -3.150764120284e+03
205 -3.150756830539e+03
206 -3.150749514147e+03
207 -3.150742179096e+03
208 -3.150734833502e+03
209 -3.150727485598e+03
210 -3.150720143710e+03
211 -3.150712816223e+03
212 -3.150705511597e+03
213 -3.150698238271e+03
214 -3.150691004677e+03
215 -3.150683819188e+03
216 -3.150676690093e+03
217 -3.150669625561e+03
218 -3.150662633616e+03
219 -3.150655722111e+03
220 -3.150648898707e+03
221 -3.150642170829e+03
222 -3.150635545785e+03
223 -3.150629030566e+03
224 -3.150622631970e+03
225 -3.150616356567e+03
226 -3.150610210692e+03
227 -3.150604200443e+03
228 -3.150598331666e+03
229 -3.150592609947e+03
230 -3.150587040586e+03
231 -3.150581628534e+03
232 -3.150576378570e+03
233 -3.150571294982e+03
234 -3.150566381745e+03
235 -3.150561642451e+03
236 -3.150557080300e+03
237 -3.150552698082e+03
238 -3.150548498174e+03
239 -3.150544482529e+03
240 -3.150540652676e+03
241 -3.150537009667e+03
242 -3.150533554263e+03
243 -3.150530286670e+03
244 -3.150527206707e+03
245 -3.150524313779e+03
246 -3.150521606874e+03
247 -3.150519084583e+03
248 -3.150516745095e+03
249 -3.150514586206e+03
250 -3.150512605316e+03
251 -3.150510799416e+03
252 -3.150509165117e+03
253 -3.150507698601e+03
254 -3.150506395680e+03
255 -3.150505251811e+03
256 -3.150504261980e+03
257 -3.150503420821e+03
258 -3.150502722610e+03
259 -3.150502161234e+03
260 -3.150501730219e+03
261 -3.150501422834e+03
262 -3.150501231786e+03
263 -3.150501149726e+03
264 -3.150501168941e+03
265 -3.150501281466e+03
266 -3.150501479112e+03
267 -3.150501753472e+03
268 -3.150502095994e+03
269 -3.150502497936e+03
270 -3.150502950472e+03
271 -3.150503444813e+03
272 -3.150503971463e+03
273 -3.150504521461e+03
274 -3.150505085530e+03
275 -3.150505654308e+03
276 -3.150506218354e+03
277 -3.150506768173e+03
278 -3.150507294227e+03
279 -3.150507786962e+03
280 -3.150508236829e+03
281 -3.150508634681e+03
282 -3.150508970297e+03
283 -3.150509234682e+03
284 -3.150509418558e+03
285 -3.150509512780e+03
286 -3.150509508346e+03
287 -3.150509396425e+03
288 -3.150509168365e+03
289 -3.150508815712e+03
290 -3.150508330223e+03
291 -3.150507704449e+03
292 -3.150506929467e+03
293 -3.150505998334e+03
294 -3.150504903796e+03
295 -3.150503638885e+03
296 -3.150502196937e+03
297 -3.150500571607e+03
298 -3.150498756897e+03
299 -3.150496747166e+03
300 -3.150494537156e+03
301 -3.150492122780e+03
302 -3.150489498017e+03
303 -3.150486659631e+03
304 -3.150483604021e+03
305 -3.150480328018e+03
306 -3.150476828890e+03
307 -3.150473104338e+03
308 -3.150469152498e+03
309 -3.150464971936e+03
310 -3.150460561654e+03
311 -3.150455922083e+03
312 -3.150451051094e+03
313 -3.150445950027e+03
314 -3.150440619673e+03
315 -3.150435061293e+03
316 -3.150429276637e+03
317 -3.150423267957e+03
318 -3.150417038016e+03
319 -3.150410590100e+03
320 -3.150403928023e+03
321 -3.150397057322e+03
322 -3.150389980434e+03
323 -3.150382703940e+03
324 -3.150375233682e+03
325 -3.150367575963e+03
326 -3.150359737515e+03
327 -3.150351725469e+03
328 -3.150343547327e+03
329 -3.150335210938e+03
330 -3.150326724474e+03
331 -3.150318097776e+03
332 -3.150309336904e+03
333 -3.150300452316e+03
334 -3.150291453393e+03
335 -3.150282349814e+03
336 -3.150273151549e+03
337 -3.150263868854e+03
338 -3.150254512259e+03
339 -3.150245092554e+03
340 -3.150235620765e+03
341 -3.150226109552e+03
342 -3.150216567460e+03
343 -3.150207007488e+03
344 -3.150197441300e+03
345 -3.150187880624e+03
346 -3.150178337216e+03
347 -3.150168822817e+03
348 -3.150159349114e+03
349 -3.150149927708e+03
350 -3.150140570082e+03
351 -3.150131288999e+03
352 -3.150122092785e+03
353 -3.150112993883e+03
354 -3.150104003115e+03
355 -3.150095131108e+03
356 -3.150086388279e+03
357 -3.150077784816e+03
358 -3.150069330657e+03
359 -3.150061035456e+03
360 -3.150052908555e+03
361 -3.150044960316e+03
362 -3.150037196580e+03
363 -3.150029626910e+03
364 -3.150022259028e+03
365 -3.150015100183e+03
366 -3.150008157121e+03
367 -3.150001436079e+03
368 -3.149994942771e+03
369 -3.149988682378e+03
370 -3.149982659550e+03
371 -3.149976879732e+03
372 -3.149971343847e+03
373 -3.149966056299e+03
374 -3.149961019647e+03
375 -3.149956235930e+03
376 -3.149951706652e+03
377 -3.149947432766e+03
378 -3.149943414675e+03
379 -3.149939652244e+03
380 -3.149936144809e+03
381 -3.149932892500e+03
382 -3.149929890966e+03
383 -3.149927139285e+03
384 -3.149924634677e+03
385 -3.149922373828e+03
386 -3.149920352893e+03
387 -3.149918567507e+03
388 -3.149917012801e+03
389 -3.149915683409e+03
390 -3.149914573489e+03
391 -3.149913678093e+03
392 -3.149912987765e+03
393 -3.149912496705e+03
394 -3.149912197347e+03
395 -3.149912081738e+03
396 -3.149912141557e+03
397 -3.149912368127e+03
398 -3.149912752429e+03
399 -3.149913285125e+03
400 -3.149913956566e+03
401 -3.149914758268e+03
402 -3.149915677100e+03
403 -3.149916704066e+03
404 -3.149917828490e+03
405 -3.149919039501e+03
406 -3.149920326037e+03
407 -3.149921676857e+03
408 -3.149923080571e+03
409 -3.149924525684e+03
410 -3.149926000629e+03
411 -3.149927495412e+03
412 -3.149928995138e+03
413 -3.149930489773e+03
414 -3.149931967665e+03
415 -3.149933417189e+03
416 -3.149934826772e+03
417 -3.149936184909e+03
418 -3.149937480185e+03
419 -3.149938701295e+03
420 -3.149939837068e+03
421 -3.149940878312e+03
422 -3.149941810550e+03
423 -3.149942624992e+03
424 -3.149943311258e+03
425 -3.149943859229e+03
426 -3.149944259073e+03
427 -3.149944501263e+03
428 -3.149944576604e+03
429 -3.149944476246e+03
430 -3.149944191703e+03
431 -3.149943716885e+03
432 -3.149943040038e+03
433 -3.149942155884e+03
434 -3.149941057537e+03
435 -3.149939738544e+03
436 -3.149938192891e+03
437 -3.149936415021e+03
438 -3.149934399835e+03
439 -3.149932142712e+03
440 -3.149929639512e+03
441 -3.149926888751e+03
442 -3.149923882939e+03
443 -3.149920621605e+03
444 -3.149917102610e+03
445 -3.149913324321e+03
446 -3.149909285612e+03
447 -3.149904985865e+03
448 -3.149900424964e+03
449 -3.149895603300e+03
450 -3.149890521767e+03
451 -3.149885184014e+03
452 -3.149879587440e+03
453 -3.149873736721e+03
454 -3.149867634786e+03
455 -3.149861285080e+03
456 -3.149854691560e+03
457 -3.149847858699e+03
458 -3.149840791485e+03
459 -3.149833495416e+03
460 -3.149825976498e+03
461 -3.149818243565e+03
462 -3.149810298951e+03
463 -3.149802152476e+03
464 -3.149793812086e+03
465 -3.149785286180e+03
466 -3.149776583591e+03
467 -3.149767713559e+03
468 -3.149758685719e+03
469 -3.149749510075e+03
470 -3.149740196984e+03
471 -3.149730759657e+03
472 -3.149721204046e+03
473 -3.149711543995e+03
474 -3.149701791101e+03
475 -3.149691957235e+03
476 -3.149682054522e+03
477 -3.149672095322e+03
478 -3.149662092208e+03
479 -3.149652057938e+03
480 -3.149642005427e+03
481 -3.149631950667e+03
482 -3.149621900869e+03
483 -3.149611872188e+03
484 -3.149601877830e+03
485 -3.149591930993e+03
486 -3.149582044821e+03
487 -3.149572232377e+03
488 -3.149562506606e+03
489 -3.149552880301e+03
490 -3.149543366068e+03
491 -3.149533979945e+03
492 -3.149524726742e+03
493 -3.149515621982e+03
494 -3.149506677201e+03
495 -3.149497903599e+03
496 -3.149489312008e+03
497 -3.149480912875e+03
498 -3.149472716237e+03
499 -3.149464731704e+03
500 -3.149456968440e+03
501 -3.149449439671e+03
502 -3.149442144511e+03
503 -3.149435095204e+03
504 -3.149428298892e+03
505 -3.149421762138e+03
506 -3.149415490908e+03
507 -3.149409490552e+03
508 -3.149403765797e+03
509 -3.149398320756e+03
510 -3.149393158944e+03
511 -3.149388288671e+03
512 -3.149383701490e+03
513 -3.149379404593e+03
514 -3.149375399202e+03
515 -3.149371685952e+03
516 -3.149368264881e+03
517 -3.149365135438e+03
518 -3.149362296491e+03
519 -3.149359746343e+03
520 -3.149357482742e+03
521 -3.149355508864e+03
522 -3.149353809324e+03
523 -3.149352386220e+03
524 -3.149351235070e+03
525 -3.149350350842e+03
526 -3.149349727958e+03
527 -3.149349360296e+03
528 -3.149349241189e+03
529 -3.149349363448e+03
530 -3.149349719384e+03
531 -3.149350307151e+03
532 -3.149351105367e+03
533 -3.149352111249e+03
534 -3.149353315168e+03
535 -3.149354707050e+03
536 -3.149356276414e+03
537 -3.149358012396e+03
538 -3.149359903777e+03
539 -3.149361938992e+03
540 -3.149364106156e+03
541 -3.149366399790e+03
542 -3.149368794018e+03
543 -3.149371282895e+03
544 -3.149373853536e+03
545 -3.149376492872e+03
546 -3.149379187676e+03
547 -3.149381924592e+03
548 -3.149384690161e+03
549 -3.149387470855e+03
550 -3.149390253114e+03
551 -3.149393030749e+03
552 -3.149395775458e+03
553 -3.149398481201e+03
554 -3.149401134643e+03
555 -3.149403722597e+03
556 -3.149406232056e+03
557 -3.149408650225e+03
558 -3.149410964551e+03
559 -3.149413162755e+03
560 -3.149415232854e+03
561 -3.149417171515e+03
562 -3.149418950744e+03
563 -3.149420567969e+03
564 -3.149422012648e+03
565 -3.149423274662e+03
566 -3.149424344325e+03
567 -3.149425212405e+03
568 -3.149425870142e+03
569 -3.149426309258e+03
570 -3.149426521974e+03
571 -3.149426510149e+03
572 -3.149426248731e+03
573 -3.149425740662e+03
574 -3.149424980247e+03
575 -3.149423962329e+03
576 -3.149422682293e+03
577 -3.149421136064e+03
578 -3.149419320107e+03
579 -3.149417231431e+03
580 -3.149414867578e+03
581 -3.149412235977e+03
582 -3.149409316512e+03
583 -3.149406117715e+03
584 -3.149402639264e+03
585 -3.149398881376e+03
586 -3.149394844802e+03
587 -3.149390530832e+03
588 -3.149385941301e+03
589 -3.149381078589e+03
590 -3.149375945627e+03
591 -3.149370554790e+03
592 -3.149364892316e+03
593 -3.149358971725e+03
594 -3.149352798179e+03
595 -3.149346377400e+03
596 -3.149339715663e+03
597 -3.149332819793e+03
598 -3.149325697158e+03
599 -3.149318355653e+03
600 -3.149310803694e+03
601 -3.149303058265e+03
602 -3.149295112626e+03
603 -3.149286984753e+03
604 -3.149278684994e+03
605 -3.149270224146e+03
606 -3.149261613436e+03
607 -3.149252864503e+03
608 -3.149243989380e+03
609 -3.149235000468e+03
610 -3.149225910512e+03
611 -3.149216739817e+03
612 -3.149207487219e+03
613 -3.149198173567e+03
614 -3.149188812664e+03
615 -3.149179418481e+03
616 -3.149170005124e+03
617 -3.149160586790e+03
618 -3.149151177727e+03
619 -3.149141792189e+03
620 -3.149132444397e+03
621 -3.149123155069e+03
622 -3.149113925091e+03
623 -3.149104774939e+03
624 -3.149095718331e+03
625 -3.149086768782e+03
626 -3.149077939582e+03
627 -3.149069243766e+03
628 -3.149060694093e+03
629 -3.149052303019e+03
630 -3.149044082668e+03
631 -3.149036050832e+03
632 -3.149028206823e+03
633 -3.149020567625e+03
634 -3.149013143721e+03
635 -3.149005945091e+03
636 -3.148998981174e+03
637 -3.148992260844e+03
638 -3.148985792399e+03
639 -3.148979583559e+03
640 -3.148973641465e+03
641 -3.148967978402e+03
642 -3.148962588903e+03
643 -3.148957484068e+03
644 -3.148952668677e+03
645 -3.148948146906e+03
646 -3.148943922333e+03
647 -3.148939997938e+03
648 -3.148936376097e+03
649 -3.148933058584e+03
650 -3.148930046570e+03
651 -3.148927346544e+03
652 -3.148924946633e+03
653 -3.148922852121e+03
654 -3.148921061766e+03
655 -3.148919573721e+03
656 -3.148918385531e+03
657 -3.148917494133e+03
658 -3.148916895865e+03
659 -3.148916586466e+03
660 -3.148916561081e+03
661 -3.148916820986e+03
662 -3.148917346700e+03
663 -3.148918138331e+03
664 -3.148919188727e+03
665 -3.148920490227e+03
666 -3.148922034669e+03
667 -3.148923813401e+03
668 -3.148925817286e+03
669 -3.148928036728e+03
670 -3.148930461689e+03
671 -3.148933089450e+03
672 -3.148935893680e+03
673 -3.148938870883e+03
674 -3.148942009463e+03
675 -3.148945297485e+03
676 -3.148948722706e+03
677 -3.148952272599e+03
678 -3.148955934392e+03
679 -3.148959695098e+03
680 -3.148963541558e+03
681 -3.148967468899e+03
682 -3.148971446885e+03
683 -3.148975470508e+03
684 -3.148979526322e+03
685 -3.148983600906e+03
686 -3.148987680908e+03
687 -3.148991753069e+03
688 -3.148995804258e+03
689 -3.148999821498e+03
690 -3.149003791989e+03
691 -3.149007711810e+03
692 -3.149011551235e+03
693 -3.149015306835e+03
694 -3.149018966773e+03
695 -3.149022519515e+03
696 -3.149025953855e+03
697 -3.149029258937e+03
698 -3.149032424273e+03
699 -3.149035439764e+03
700 -3.149038295714e+03
701 -3.149040991942e+03
702 -3.149043501380e+03
703 -3.149045824722e+03
704 -3.149047953989e+03
705 -3.149049881642e+03
706 -3.149051600593e+03
707 -3.149053104193e+03
708 -3.149054386240e+03
709 -3.149055440976e+03
710 -3.149056263079e+03
711 -3.149056857905e+03
712 -3.149057200516e+03
713 -3.149057297162e+03
714 -3.149057144273e+03
715 -3.149056738718e+03
716 -3.149056077805e+03
717 -3.149055159287e+03
718 -3.149053981359e+03
719 -3.149052542665e+03
720 -3.149050842301e+03
721 -3.149048891382e+03
722 -3.149046666760e+03
723 -3.149044180496e+03
724 -3.149041433530e+03
725 -3.149038427274e+03
726 -3.149035163623e+03
727 -3.149031644960e+03
728 -3.149027874165e+03
729 -3.149023854625e+03
730 -3.149019590245e+03
731 -3.149015097295e+03
732 -3.149010357038e+03
733 -3.149005386839e+03
734 -3.149000192750e+03
735 -3.148994781365e+03
736 -3.148989159823e+03
737 -3.148983335796e+03
738 -3.148977317478e+03
739 -3.148971113575e+03
740 -3.148964733279e+03
741 -3.148958196848e+03
742 -3.148951493190e+03
743 -3.148944643435e+03
744 -3.148937658510e+03
745 -3.148930549710e+03
746 -3.148923328676e+03
747 -3.148916007369e+03
748 -3.148908598044e+03
749 -3.148901113216e+03
750 -3.148893565639e+03
751 -3.148885977230e+03
752 -3.148878343186e+03
753 -3.148870685723e+03
754 -3.148863018188e+03
755 -3.148855353984e+03
756 -3.148847706530e+03
757 -3.148840089222e+03
758 -3.148832515399e+03
759 -3.148824998304e+03
760 -3.148817551050e+03
761 -3.148810195140e+03
762 -3.148802926232e+03
763 -3.148795765404e+03
764 -3.148788724933e+03
765 -3.148781816813e+03
766 -3.148775052730e+03
767 -3.148768444035e+03
768 -3.148762001731e+03
769 -3.148755736444e+03
770 -3.148749658408e+03
771 -3.148743787067e+03
772 -3.148738112557e+03
773 -3.148732653438e+03
774 -3.148727418165e+03
775 -3.148722414692e+03
776 -3.148717650448e+03
777 -3.148713132313e+03
778 -3.148708866595e+03
779 -3.148704859008e+03
780 -3.148701114661e+03
781 -3.148697648800e+03
782 -3.148694443798e+03
783 -3.148691513699e+03
784 -3.148688861187e+03
785 -3.148686488354e+03
786 -3.148684396703e+03
787 -3.148682587159e+03
788 -3.148681060077e+03
789 -3.148679815245e+03
790 -3.148678851893e+03
791 -3.148678179079e+03
792 -3.148677774160e+03
793 -3.148677645122e+03
794 -3.148677789011e+03
795 -3.148678202332e+03
796 -3.148678881048e+03
797 -3.148679820580e+03
798 -3.148681015822e+03
799 -3.148682461150e+03
800 -3.148684150427e+03
801 -3.148686085807e+03
802 -3.148688242634e+03
803 -3.148690622157e+03
804 -3.148693216417e+03
805 -3.148696017057e+03
806 -3.148699015337e+03
807 -3.148702202160e+03
808 -3.148705568089e+03
809 -3.148709103363e+03
810 -3.148712797919e+03
811 -3.148716649380e+03
812 -3.148720631174e+03
813 -3.148724740417e+03
814 -3.148728966020e+03
815 -3.148733296693e+03
816 -3.148737720968e+03
817 -3.148742227228e+03
818 -3.148746803736e+03
819 -3.148751438668e+03
820 -3.148756120145e+03
821 -3.148760845761e+03
822 -3.148765584638e+03
823 -3.148770334437e+03
824 -3.148775083405e+03
825 -3.148779819899e+03
826 -3.148784532421e+03
827 -3.148789209638e+03
828 -3.148793840409e+03
829 -3.148798413807e+03
830 -3.148802919134e+03
831 -3.148807358401e+03
832 -3.148811696475e+03
833 -3.148815935907e+03
834 -3.148820067056e+03
835 -3.148824080569e+03
836 -3.148827967394e+03
837 -3.148831718787e+03
838 -3.148835326316e+03
839 -3.148838781871e+03
840 -3.148842077669e+03
841 -3.148845220621e+03
842 -3.148848174882e+03
843 -3.148850948058e+03
844 -3.148853533730e+03
845 -3.148855925833e+03
846 -3.148858118659e+03
847 -3.148860106865e+03
848 -3.148861885473e+03
849 -3.148863449880e+03
850 -3.148864795858e+03
851 -3.148865933080e+03
852 -3.148866831049e+03
853 -3.148867500232e+03
854 -3.148867937973e+03
855 -3.148868142031e+03
856 -3.148868110589e+03
857 -3.148867842263e+03
858 -3.148867336116e+03
859 -3.148866591667e+03
860 -3.148865608907e+03
861 -3.148864399036e+03
862 -3.148862941549e+03
863 -3.148861248634e+03
864 -3.148859322251e+03
865 -3.148857164870e+03
866 -3.148854779478e+03
867 -3.148852169579e+03
868 -3.148849339198e+03
869 -3.148846292880e+03
870 -3.148843035688e+03
871 -3.148839581447e+03
872 -3.148835919767e+03
873 -3.148832065484e+03
874 -3.148828025690e+03
875 -3.148823807962e+03
876 -3.148819420348e+03
877 -3.148814871345e+03
878 -3.148810169885e+03
879 -3.148805325305e+03
880 -3.148800347318e+03
881 -3.148795253263e+03
882 -3.148790038974e+03
883 -3.148784722372e+03
884 -3.148779314355e+03
885 -3.148773826030e+03
886 -3.148768268676e+03
887 -3.148762653714e+03
888 -3.148756992673e+03
889 -3.148751297158e+03
890 -3.148745578818e+03
891 -3.148739856523e+03
892 -3.148734127500e+03
893 -3.148728410529e+03
894 -3.148722717106e+03
895 -3.148717058603e+03
896 -3.148711446242e+03
897 -3.148705891065e+03
898 -3.148700403907e+03
899 -3.148694995372e+03
900 -3.148689675814e+03
901 -3.148684462403e+03
902 -3.148679350772e+03
903 -3.148674357482e+03
904 -3.148669491706e+03
905 -3.148664762285e+03
906 -3.148660177712e+03
907 -3.148655746124e+03
908 -3.148651475284e+03
909 -3.148647372569e+03
910 -3.148643444958e+03
911 -3.148639705954e+03
912 -3.148636147849e+03
913 -3.148632783272e+03
914 -3.148629617495e+03
915 -3.148626655345e+03
916 -3.148623901197e+03
917 -3.148621358977e+03
918 -3.148619032157e+03
919 -3.148616923758e+03
920 -3.148615036351e+03
921 -3.148613379361e+03
922 -3.148611939873e+03
923 -3.148610726401e+03
924 -3.148609739730e+03
925 -3.148608980200e+03
926 -3.148608447715e+03
927 -3.148608141743e+03
928 -3.148608061316e+03
929 -3.148608205038e+03
930 -3.148608571089e+03
931 -3.148609165164e+03
932 -3.148609968744e+03
933 -3.148610986676e+03
934 -3.148612215477e+03
935 -3.148613651260e+03
936 -3.148615289738e+03
937 -3.148617126236e+03
938 -3.148619155694e+03
939 -3.148621372687e+03
940 -3.148623771434e+03
941 -3.148626353762e+03
942 -3.148629097375e+03
943 -3.148632003476e+03
944 -3.148635065074e+03
945 -3.148638274936e+03
946 -3.148641625604e+03
947 -3.148645109413e+03
948 -3.148648718509e+03
949 -3.148652444862e+03
950 -3.148656280269e+03
951 -3.148660223628e+03
952 -3.148664251956e+03
953 -3.148668363848e+03
954 -3.148672550561e+03
955 -3.148676803253e+03
956 -3.148681113015e+03
957 -3.148685470892e+03
958 -3.148689867907e+03
959 -3.148694295090e+03
960 -3.148698743497e+03
961 -3.148703211294e+03
962 -3.148707675564e+03
963 -3.148712134610e+03
964 -3.148716579803e+03
965 -3.148721002634e+03
966 -3.148725394727e+03
967 -3.148729747848e+03
968 -3.148734053920e+03
969 -3.148738305021e+03
970 -3.148742493398e+03
971 -3.148746619770e+03
972 -3.148750660137e+03
973 -3.148754615548e+03
974 -3.148758478944e+03
975 -3.148762243447e+03
976 -3.148765902361e+03
977 -3.148769449173e+03
978 -3.148772877562e+03
979 -3.148776181393e+03
980 -3.148779354730e+03
981 -3.148782402002e+03
982 -3.148785297345e+03
983 -3.148788045587e+03
984 -3.148790641614e+03
985 -3.148793080534e+03
986 -3.148795357682e+03
987 -3.148797468633e+03
988 -3.148799409207e+03
989 -3.148801175478e+03
990 -3.148802763785e+03
991 -3.148804181496e+03
992 -3.148805404019e+03
993 -3.148806439292e+03
994 -3.148807284821e+03
995 -3.148807938432e+03
996 -3.148808398282e+03
997 -3.148808662867e+03
998 -3.148808731034e+03
999 -3.148808601991e+03
1000 -3.148808275309e+03
1001 -3.148807760189e+03
1002 -3.148807038470e+03
1003 -3.148806120105e+03
1004 -3.148805006204e+03
1005 -3.148803698274e+03
1006 -3.148802198226e+03
1007 -3.148800508377e+03
1008 -3.148798631452e+03
1009 -3.148796570586e+03
1010 -3.148794329325e+03
1011 -3.148791918945e+03
1012 -3.148789329191e+03
1013 -3.148786572134e+03
1014 -3.148783652945e+03
1015 -3.148780577191e+03
1016 -3.148777350819e+03
1017 -3.148773980153e+03
1018 -3.148770471874e+03
1019 -3.148766833008e+03
1020 -3.148763070905e+03
1021 -3.148759200804e+03
1022 -3.148755215489e+03
1023 -3.148751130725e+03
1024 -3.148746954947e+03
1025 -3.148742696807e+03
1026 -3.148738365145e+03
1027 -3.148733968974e+03
1028 -3.148729517452e+03
1029 -3.148725019866e+03
1030 -3.148720485608e+03
1031 -3.148715934659e+03
1032 -3.148711355547e+03
1033 -3.148706768333e+03
1034 -3.148702182586e+03
1035 -3.148697607850e+03
1036 -3.148693053613e+03
1037 -3.148688529280e+03
1038 -3.148684044139e+03
1039 -3.148679607341e+03
1040 -3.148675227875e+03
1041 -3.148670927729e+03
1042 -3.148666689158e+03
1043 -3.148662533733e+03
1044 -3.148658469628e+03
1045 -3.148654504774e+03
1046 -3.148650646845e+03
1047 -3.148646903246e+03
1048 -3.148643281091e+03
1049 -3.148639787189e+03
1050 -3.148636428030e+03
1051 -3.148633221703e+03
1052 -3.148630150152e+03
1053 -3.148627230757e+03
1054 -3.148624468610e+03
1055 -3.148621868436e+03
1056 -3.148619434594e+03
1057 -3.148617171070e+03
1058 -3.148615081489e+03
1059 -3.148613169104e+03
1060 -3.148611436811e+03
1061 -3.148609894015e+03
1062 -3.148608529155e+03
1063 -3.148607350910e+03
1064 -3.148606360744e+03
1065 -3.148605559767e+03
1066 -3.148604948732e+03
1067 -3.148604528031e+03
1068 -3.148604297697e+03
1069 -3.148604257399e+03
1070 -3.148604406442e+03
1071 -3.148604746539e+03
1072 -3.148605270727e+03
1073 -3.148605979979e+03
1074 -3.148606872151e+03
1075 -3.148607944747e+03
1076 -3.148609194920e+03
1077 -3.148610619481e+03
1078 -3.148612214904e+03
1079 -3.148613977331e+03
1080 -3.148615902584e+03
1081 -3.148617990433e+03
1082 -3.148620227560e+03
1083 -3.148622613122e+03
1084 -3.148625141742e+03
1085 -3.148627807770e+03
1086 -3.148630605294e+03
1087 -3.148633528152e+03
1088 -3.148636569945e+03
1089 -3.148639724050e+03
1090 -3.148642983635e+03
1091 -3.148646352655e+03
1092 -3.148649801965e+03
1093 -3.148653335185e+03
1094 -3.148656944835e+03
1095 -3.148660623324e+03
1096 -3.148664362974e+03
1097 -3.148668156035e+03
1098 -3.148671994708e+03
1099 -3.148675871167e+03
1100 -3.148679777569e+03
1101 -3.148683724011e+03
1102 -3.148687666806e+03
1103 -3.148691616115e+03
1104 -3.148695564218e+03
1105 -3.148699503464e+03
1106 -3.148703426290e+03
1107 -3.148707325235e+03
1108 -3.148711192952e+03
1109 -3.148715022228e+03
1110 -3.148718805992e+03
1111 -3.148722557593e+03
1112 -3.148726229751e+03
1113 -3.148729836167e+03
1114 -3.148733370458e+03
1115 -3.148736826439e+03
1116 -3.148740198124e+03
1117 -3.148743479737e+03
1118 -3.148746665711e+03
1119 -3.148749750699e+03
1120 -3.148752729571e+03
1121 -3.148755614756e+03
1122 -3.148758366898e+03
1123 -3.148760998864e+03
1124 -3.148763506418e+03
1125 -3.148765885545e+03
1126 -3.148768132460e+03
1127 -3.148770243609e+03
1128 -3.148772215668e+03
1129 -3.148774045551e+03
1130 -3.148775730409e+03
1131 -3.148777280143e+03
1132 -3.148778667397e+03
1133 -3.148779902544e+03
1134 -3.148780983715e+03
1135 -3.148781909290e+03
1136 -3.148782677896e+03
1137 -3.148783288413e+03
1138 -3.148783739968e+03
1139 -3.148784031941e+03
1140 -3.148784163968e+03
1141 -3.148784145246e+03
1142 -3.148783957350e+03
1143 -3.148783609987e+03
1144 -3.148783103860e+03
1145 -3.148782439951e+03
1146 -3.148781619534e+03
1147 -3.148780644179e+03
1148 -3.148779515756e+03
1149 -3.148778236442e+03
1150 -3.148776808723e+03
1151 -3.148775243818e+03
1152 -3.148773528004e+03
1153 -3.148771673087e+03
1154 -3.148769682768e+03
1155 -3.148767561037e+03
1156 -3.148765312162e+03
1157 -3.148762940678e+03
1158 -3.148760451379e+03
1159 -3.148757849302e+03
1160 -3.148755139721e+03
1161 -3.148752336317e+03
1162 -3.148749428453e+03
1163 -3.148746430198e+03
1164 -3.148743347645e+03
1165 -3.148740187063e+03
1166 -3.148736954877e+03
1167 -3.148733657650e+03
1168 -3.148730302064e+03
1169 -3.148726894891e+03
1170 -3.148723442969e+03
1171 -3.148719960292e+03
1172 -3.148716439518e+03
1173 -3.148712894583e+03
1174 -3.148709332268e+03
1175 -3.148705759259e+03
1176 -3.148702182125e+03
1177 -3.148698607291e+03
1178 -3.148695041023e+03
1179 -3.148691489413e+03
1180 -3.148687958372e+03
1181 -3.148684459363e+03
1182 -3.148680986471e+03
1183 -3.148677550750e+03
1184 -3.148674157360e+03
1185 -3.148670811274e+03
1186 -3.148667517285e+03
1187 -3.148664280005e+03
1188 -3.148661103865e+03
1189 -3.148657993116e+03
1190 -3.148654951829e+03
1191 -3.148651989044e+03
1192 -3.148649098218e+03
1193 -3.148646288010e+03
1194 -3.148643561797e+03
1195 -3.148640922804e+03
1196 -3.148638374107e+03
1197 -3.148635918648e+03
1198 -3.148633559251e+03
1199 -3.148631298633e+03
1200 -3.148629139414e+03
1201 -3.148627088909e+03
1202 -3.148625140038e+03
1203 -3.148623299930e+03
1204 -3.148621570878e+03
1205 -3.148619955088e+03
1206 -3.148618454661e+03
1207 -3.148617071581e+03
1208 -3.148615807689e+03
1209 -3.148614664661e+03
1210 -3.148613643981e+03
1211 -3.148612749752e+03
1212 -3.148611977377e+03
1213 -3.148611330444e+03
1214 -3.148610809476e+03
1215 -3.148610414730e+03
1216 -3.148610146196e+03
1217 -3.148610003600e+03
1218 -3.148609986415e+03
1219 -3.148610093863e+03
1220 -3.148610324928e+03
1221 -3.148610677256e+03
1222 -3.148611151594e+03
1223 -3.148611745096e+03
1224 -3.148612455823e+03
1225 -3.148613281602e+03
1226 -3.148614220032e+03
1227 -3.148615268478e+03
1228 -3.148616424068e+03
1229 -3.148617683693e+03
1230 -3.148619044002e+03
1231 -3.148620496649e+03
1232 -3.148622047359e+03
1233 -3.148623687286e+03
1234 -3.148625412161e+03
1235 -3.148627217515e+03
1236 -3.148629098699e+03
1237 -3.148631050912e+03
1238 -3.148633069221e+03
1239 -3.148635148594e+03
1240 -3.148637283917e+03
1241 -3.148639464319e+03
1242 -3.148641696043e+03
1243 -3.148643968119e+03
1244 -3.148646275315e+03
1245 -3.148648612399e+03
1246 -3.148650974147e+03
1247 -3.148653355349e+03
1248 -3.148655750814e+03
1249 -3.148658155374e+03
1250 -3.148660563886e+03
1251 -3.148662967271e+03
1252 -3.148665368427e+03
1253 -3.148667758310e+03
1254 -3.148670131934e+03
1255 -3.148672484373e+03
1256 -3.148674810763e+03
1257 -3.148677106314e+03
1258 -3.148679366314e+03
1259 -3.148681586129e+03
1260 -3.148683761206e+03
1261 -3.148685885662e+03
1262 -3.148687957941e+03
1263 -3.148689972251e+03
1264 -3.148691924303e+03
1265 -3.148693809853e+03
1266 -3.148695624702e+03
1267 -3.148697364689e+03
1268 -3.148699025690e+03
1269 -3.148700603630e+03
1270 -3.148702094481e+03
1271 -3.148703495256e+03
1272 -3.148704800148e+03
1273 -3.148706006295e+03
1274 -3.148707110001e+03
1275 -3.148708107687e+03
1276 -3.148708995910e+03
1277 -3.148709771376e+03
1278 -3.148710430946e+03
1279 -3.148710971661e+03
1280 -3.148711390739e+03
1281 -3.148711689177e+03
1282 -3.148711857456e+03
1283 -3.148711896957e+03
1284 -3.148711805731e+03
1285 -3.148711582063e+03
1286 -3.148711224478e+03
1287 -3.148710731756e+03
1288 -3.148710102940e+03
1289 -3.148709337345e+03
1290 -3.148708434567e+03
1291 -3.148707400840e+03
1292 -3.148706223652e+03
1293 -3.148704909790e+03
1294 -3.148703460002e+03
1295 -3.148701875320e+03
1296 -3.148700157052e+03
1297 -3.148698306774e+03
1298 -3.148696326322e+03
1299 -3.148694217777e+03
1300 -3.148691983461e+03
1301 -3.148689633843e+03
1302 -3.148687155875e+03
1303 -3.148684560429e+03
1304 -3.148681850681e+03
1305 -3.148679030000e+03
1306 -3.148676101934e+03
1307 -3.148673070196e+03
1308 -3.148669938656e+03
1309 -3.148666711319e+03
1310 -3.148663392310e+03
1311 -3.148659992854e+03
1312 -3.148656503271e+03
1313 -3.148652934887e+03
1314 -3.148649292080e+03
1315 -3.148645579234e+03
1316 -3.148641800718e+03
1317 -3.148637960864e+03
1318 -3.148634063958e+03
1319 -3.148630114229e+03
1320 -3.148626115844e+03
1321 -3.148622077479e+03
1322 -3.148617994111e+03
1323 -3.148613874309e+03
1324 -3.148609722108e+03
1325 -3.148605541556e+03
1326 -3.148601336741e+03
1327 -3.148597111807e+03
1328 -3.148592870979e+03
1329 -3.148588618572e+03
1330 -3.148584359006e+03
1331 -3.148580100044e+03
1332 -3.148575839873e+03
1333 -3.148571586438e+03
1334 -3.148567344580e+03
1335 -3.148563119234e+03
1336 -3.148558915421e+03
1337 -3.148554738244e+03
1338 -3.148550592872e+03
1339 -3.148546484542e+03
1340 -3.148542418546e+03
1341 -3.148538404688e+03
1342 -3.148534439466e+03
1343 -3.148530532737e+03
1344 -3.148526689960e+03
1345 -3.148522916611e+03
1346 -3.148519218165e+03
1347 -3.148515600078e+03
1348 -3.148512067753e+03
1349 -3.148508626511e+03
1350 -3.148505281553e+03
1351 -3.148502045012e+03
1352 -3.148498907603e+03
1353 -3.148495881017e+03
1354 -3.148492969638e+03
1355 -3.148490177583e+03
1356 -3.148487508677e+03
1357 -3.148484966453e+03
1358 -3.148482554137e+03
1359 -3.148480274654e+03
1360 -3.148478130627e+03
1361 -3.148476133176e+03
1362 -3.148474266747e+03
1363 -3.148472541837e+03
1364 -3.148470959863e+03
1365 -3.148469521933e+03
1366 -3.148468228829e+03
1367 -3.148467080997e+03
1368 -3.148466078528e+03
1369 -3.148465221144e+03
1370 -3.148464508176e+03
1371 -3.148463947557e+03
1372 -3.148463519828e+03
1373 -3.148463232076e+03
1374 -3.148463082003e+03
1375 -3.148463066912e+03
1376 -3.148463183729e+03
1377 -3.148463429023e+03
1378 -3.148463799039e+03
1379 -3.148464289729e+03
1380 -3.148464896790e+03
1381 -3.148465625232e+03
1382 -3.148466451294e+03
1383 -3.148467379620e+03
1384 -3.148468405220e+03
1385 -3.148469523005e+03
1386 -3.148470727801e+03
1387 -3.148472014371e+03
1388 -3.148473377423e+03
1389 -3.148474811618e+03
1390 -3.148476311568e+03
1391 -3.148477883919e+03
1392 -3.148479499067e+03
1393 -3.148481163529e+03
1394 -3.148482871716e+03
1395 -3.148484617978e+03
1396 -3.148486396594e+03
1397 -3.148488201768e+03
1398 -3.148490027634e+03
1399 -3.148491868249e+03
1400 -3.148493717597e+03
1401 -3.148495584441e+03
1402 -3.148497432968e+03
1403 -3.148499271799e+03
1404 -3.148501094686e+03
1405 -3.148502895342e+03
1406 -3.148504667445e+03
1407 -3.148506404652e+03
1408 -3.148508100608e+03
1409 -3.148509748963e+03
1410 -3.148511343384e+03
1411 -3.148512891236e+03
1412 -3.148514359002e+03
1413 -3.148515754170e+03
1414 -3.148517070710e+03
1415 -3.148518302730e+03
1416 -3.148519444497e+03
1417 -3.148520490460e+03
1418 -3.148521435269e+03
1419 -3.148522273787e+03
1420 -3.148523001109e+03
1421 -3.148523620247e+03
1422 -3.148524111442e+03
1423 -3.148524478167e+03
1424 -3.148524716497e+03
1425 -3.148524822761e+03
1426 -3.148524793545e+03
1427 -3.148524625693e+03
1428 -3.148524316316e+03
1429 -3.148523862790e+03
1430 -3.148523262771e+03
1431 -3.148522516048e+03
1432 -3.148521617178e+03
1433 -3.148520566508e+03
1434 -3.148519362871e+03
1435 -3.148518005414e+03
1436 -3.148516493600e+03
1437 -3.148514827207e+03
1438 -3.148513006335e+03
1439 -3.148511031393e+03
1440 -3.148508903104e+03
1441 -3.148506624030e+03
1442 -3.148504192442e+03
1443 -3.148501611443e+03
1444 -3.148498882900e+03
1445 -3.148496008936e+03
1446 -3.148492991914e+03
1447 -3.148489834422e+03
1448 -3.148486539258e+03
1449 -3.148483109411e+03
1450 -3.148479548043e+03
1451 -3.148475864408e+03
1452 -3.148472050151e+03
1453 -3.148468114760e+03
1454 -3.148464061949e+03
1455 -3.148459895542e+03
1456 -3.148455619465e+03
1457 -3.148451237740e+03
1458 -3.148446754488e+03
1459 -3.148442173929e+03
1460 -3.148437500386e+03
1461 -3.148432747313e+03
1462 -3.148427901270e+03
1463 -3.148422975922e+03
1464 -3.148417976102e+03
1465 -3.148412906802e+03
1466 -3.148407773181e+03
1467 -3.148402580586e+03
1468 -3.148397334551e+03
1469 -3.148392040810e+03
1470 -3.148386705292e+03
1471 -3.148381341001e+03
1472 -3.148375940547e+03
1473 -3.148370517245e+03
1474 -3.148365077737e+03
1475 -3.148359628798e+03
1476 -3.148354177315e+03
1477 -3.148348730252e+03
1478 -3.148343294627e+03
1479 -3.148337877479e+03
1480 -3.148332485838e+03
1481 -3.148327128580e+03
1482 -3.148321808924e+03
1483 -3.148316535551e+03
1484 -3.148311315208e+03
1485 -3.148306154531e+03
1486 -3.148301060037e+03
1487 -3.148296038115e+03
1488 -3.148291095031e+03
1489 -3.148286236919e+03
1490 -3.148281469777e+03
1491 -3.148276798690e+03
1492 -3.148272230957e+03
1493 -3.148267771298e+03
1494 -3.148263425073e+03
1495 -3.148259197448e+03
1496 -3.148255093382e+03
1497 -3.148251117612e+03
1498 -3.148247274639e+03
1499 -3.148243568716e+03
1500 -3.148240003834e+03
1501 -3.148236584088e+03
1502 -3.148233312194e+03
1503 -3.148230191594e+03
1504 -3.148227225070e+03
1505 -3.148224415050e+03
1506 -3.148221763591e+03
1507 -3.148219272361e+03
1508 -3.148216942622e+03
1509 -3.148214775216e+03
1510 -3.148212770555e+03
1511 -3.148210930692e+03
1512 -3.148209251071e+03
1513 -3.148207732834e+03
1514 -3.148206374668e+03
1515 -3.148205174856e+03
1516 -3.148204131288e+03
1517 -3.148203241490e+03
1518 -3.148202502654e+03
1519 -3.148201911665e+03
1520 -3.148201465138e+03
1521 -3.148201160488e+03
1522 -3.148200991857e+03
1523 -3.148200956237e+03
1524 -3.148201049480e+03
1525 -3.148201267313e+03
1526 -3.148201605358e+03
1527 -3.148202059142e+03
1528 -3.148202624108e+03
1529 -3.148203295619e+03
1530 -3.148204068956e+03
1531 -3.148204937220e+03
1532 -3.148205899752e+03
1533 -3.148206949417e+03
1534 -3.148208081104e+03
1535 -3.148209289579e+03
1536 -3.148210569474e+03
1537 -3.148211915270e+03
1538 -3.148213321294e+03
1539 -3.148214781709e+03
1540 -3.148216290511e+03
1541 -3.148217837631e+03
1542 -3.148219424569e+03
1543 -3.148221040887e+03
1544 -3.148222679932e+03
1545 -3.148224334910e+03
1546 -3.148225998893e+03
1547 -3.148227664837e+03
1548 -3.148229325594e+03
1549 -3.148230973928e+03
1550 -3.148232602532e+03
1551 -3.148234201535e+03
1552 -3.148235768594e+03
1553 -3.148237293740e+03
1554 -3.148238769549e+03
1555 -3.148240188611e+03
1556 -3.148241543548e+03
1557 -3.148242827022e+03
1558 -3.148244031757e+03
1559 -3.148245150549e+03
1560 -3.148246176280e+03
1561 -3.148247102325e+03
1562 -3.148247921017e+03
1563 -3.148248625928e+03
1564 -3.148249210405e+03
1565 -3.148249667946e+03
1566 -3.148249992212e+03
1567 -3.148250177047e+03
1568 -3.148250216495e+03
1569 -3.148250104818e+03
1570 -3.148249836521e+03
1571 -3.148249408331e+03
1572 -3.148248811437e+03
1573 -3.148248043139e+03
1574 -3.148247099167e+03
1575 -3.148245975619e+03
1576 -3.148244668989e+03
1577 -3.148243176185e+03
1578 -3.148241494552e+03
1579 -3.148239621878e+03
1580 -3.148237556408e+03
1581 -3.148235299042e+03
1582 -3.148232844592e+03
1583 -3.148230194850e+03
1584 -3.148227349906e+03
1585 -3.148224310298e+03
1586 -3.148221077013e+03
1587 -3.148217651468e+03
1588 -3.148214035509e+03
1589 -3.148210231391e+03
1590 -3.148206241773e+03
1591 -3.148202073185e+03
1592 -3.148197722118e+03
1593 -3.148193195816e+03
1594 -3.148188498434e+03
1595 -3.148183634481e+03
1596 -3.148178608814e+03
1597 -3.148173426637e+03
1598 -3.148168093496e+03
1599 -3.148162615279e+03
1600 -3.148156998209e+03
1601 -3.148151254553e+03
1602 -3.148145379810e+03
1603 -3.148139386857e+03
1604 -3.148133283209e+03
1605 -3.148127076678e+03
1606 -3.148120775363e+03
1607 -3.148114387634e+03
1608 -3.148107922109e+03
1609 -3.148101387639e+03
1610 -3.148094793280e+03
1611 -3.148088153740e+03
1612 -3.148081467519e+03
1613 -3.148074749560e+03
1614 -3.148068009482e+03
1615 -3.148061256971e+03
1616 -3.148054501750e+03
1617 -3.148047753546e+03
1618 -3.148041022062e+03
1619 -3.148034316943e+03
1620 -3.148027647743e+03
1621 -3.148021025062e+03
1622 -3.148014455921e+03
1623 -3.148007950559e+03
1624 -3.148001517921e+03
1625 -3.147995166752e+03
1626 -3.147988905591e+03
1627 -3.147982742763e+03
1628 -3.147976686378e+03
1629 -3.147970744324e+03
1630 -3.147964924272e+03
1631 -3.147959230794e+03
1632 -3.147953676890e+03
1633 -3.147948266618e+03
1634 -3.147943006704e+03
1635 -3.147937903609e+03
1636 -3.147932963510e+03
1637 -3.147928192288e+03
1638 -3.147923595499e+03
1639 -3.147919178355e+03
1640 -3.147914945702e+03
1641 -3.147910901440e+03
1642 -3.147907050726e+03
1643 -3.147903396561e+03
1644 -3.147899942060e+03
1645 -3.147896689843e+03
1646 -3.147893642020e+03
1647 -3.147890800174e+03
1648 -3.147888165352e+03
1649 -3.147885738062e+03
1650 -3.147883518276e+03
1651 -3.147881513707e+03
1652 -3.147879706755e+03
1653 -3.147878104103e+03
1654 -3.147876703708e+03
1655 -3.147875503083e+03
1656 -3.147874499319e+03
1657 -3.147873689118e+03
1658 -3.147873068824e+03
1659 -3.147872634454e+03
1660 -3.147872381729e+03
1661 -3.147872322672e+03
1662 -3.147872419367e+03
1663 -3.147872683391e+03
1664 -3.147873109575e+03
1665 -3.147873692585e+03
1666 -3.147874426938e+03
1667 -3.147875307011e+03
1668 -3.147876327041e+03
1669 -3.147877481133e+03
1670 -3.147878763246e+03
1671 -3.147880184652e+03
1672 -3.147881704087e+03
1673 -3.147883332499e+03
1674 -3.147885063210e+03
1675 -3.147886889367e+03
1676 -3.147888803934e+03
1677 -3.147890799691e+03
1678 -3.147892869231e+03
1679 -3.147895004959e+03
1680 -3.147897199093e+03
1681 -3.147899455967e+03
1682 -3.147901742875e+03
1683 -3.147904063797e+03
1684 -3.147906410303e+03
1685 -3.147908773842e+03
1686 -3.147911145771e+03
1687 -3.147913517382e+03
1688 -3.147915879926e+03
1689 -3.147918224645e+03
1690 -3.147920542797e+03
1691 -3.147922834349e+03
1692 -3.147925073352e+03
1693 -3.147927259886e+03
1694 -3.147929385494e+03
1695 -3.147931441832e+03
1696 -3.147933420682e+03
1697 -3.147935313962e+03
1698 -3.147937113734e+03
1699 -3.147938812218e+03
1700 -3.147940401797e+03
1701 -3.147941885639e+03
1702 -3.147943235320e+03
1703 -3.147944454376e+03
1704 -3.147945536003e+03
1705 -3.147946473646e+03
1706 -3.147947261028e+03
1707 -3.147947892170e+03
1708 -3.147948361418e+03
1709 -3.147948663466e+03
1710 -3.147948793382e+03
1711 -3.147948760403e+03
1712 -3.147948532890e+03
1713 -3.147948120906e+03
1714 -3.147947521217e+03
1715 -3.147946731059e+03
1716 -3.147945748143e+03
1717 -3.147944570661e+03
1718 -3.147943197292e+03
1719 -3.147941627197e+03
1720 -3.147939860015e+03
1721 -3.147937907528e+03
1722 -3.147935746972e+03
1723 -3.147933390994e+03
1724 -3.147930841010e+03
1725 -3.147928098841e+03
1726 -3.147925166685e+03
1727 -3.147922047102e+03
1728 -3.147918742994e+03
1729 -3.147915257582e+03
1730 -3.147911594391e+03
1731 -3.147907761835e+03
1732 -3.147903754820e+03
1733 -3.147899582248e+03
1734 -3.147895248698e+03
1735 -3.147890758991e+03
1736 -3.147886118184e+03
1737 -3.147881331580e+03
1738 -3.147876404731e+03
1739 -3.147871343454e+03
1740 -3.147866153840e+03
1741 -3.147860842136e+03
1742 -3.147855415329e+03
1743 -3.147849880235e+03
1744 -3.147844244152e+03
1745 -3.147838514691e+03
1746 -3.147832699765e+03
1747 -3.147826807583e+03
1748 -3.147820846627e+03
1749 -3.147814825633e+03
1750 -3.147808753572e+03
1751 -3.147802642290e+03
1752 -3.147796495826e+03
1753 -3.147790326301e+03
1754 -3.147784143317e+03
1755 -3.147777956562e+03
1756 -3.147771775778e+03
1757 -3.147765610735e+03
1758 -3.147759471207e+03
1759 -3.147753366941e+03
1760 -3.147747307629e+03
1761 -3.147741312077e+03
1762 -3.147735371434e+03
1763 -3.147729504199e+03
1764 -3.147723719541e+03
1765 -3.147718026414e+03
1766 -3.147712433529e+03
1767 -3.147706949325e+03
1768 -3.147701581945e+03
1769 -3.147696339211e+03
1770 -3.147691228607e+03
1771 -3.147686267728e+03
1772 -3.147681442457e+03
1773 -3.147676769601e+03
1774 -3.147672255158e+03
1775 -3.147667904729e+03
1776 -3.147663723509e+03
1777 -3.147659716281e+03
1778 -3.147655887403e+03
1779 -3.147652240810e+03
1780 -3.147648780002e+03
1781 -3.147645510682e+03
1782 -3.147642430237e+03
1783 -3.147639543428e+03
1784 -3.147636851966e+03
1785 -3.147634357099e+03
1786 -3.147632059607e+03
1787 -3.147629959791e+03
1788 -3.147628057473e+03
1789 -3.147626351993e+03
1790 -3.147624842213e+03
1791 -3.147623518872e+03
1792 -3.147622395277e+03
1793 -3.147621461240e+03
1794 -3.147620713871e+03
1795 -3.147620149910e+03
1796 -3.147619765763e+03
1797 -3.147619557534e+03
1798 -3.147619521066e+03
1799 -3.147619651977e+03
1800 -3.147619945686e+03
1801 -3.147620385993e+03
1802 -3.147620990974e+03
1803 -3.147621744127e+03
1804 -3.147622640336e+03
1805 -3.147623674389e+03
1806 -3.147624840973e+03
1807 -3.147626134676e+03
1808 -3.147627549978e+03
1809 -3.147629081242e+03
1810 -3.147630722707e+03
1811 -3.147632460118e+03
1812 -3.147634304181e+03
1813 -3.147636240297e+03
1814 -3.147638262107e+03
1815 -3.147640363092e+03
1816 -3.147642536579e+03
1817 -3.147644775747e+03
1818 -3.147647073637e+03
1819 -3.147649423164e+03
1820 -3.147651817137e+03
1821 -3.147654243034e+03
1822 -3.147656704026e+03
1823 -3.147659187418e+03
1824 -3.147661685776e+03
1825 -3.147664191657e+03
1826 -3.147666697634e+03
1827 -3.147669196320e+03
1828 -3.147671680383e+03
1829 -3.147674142570e+03
1830 -3.147676575718e+03
1831 -3.147678966067e+03
1832 -3.147681320114e+03
1833 -3.147683624277e+03
1834 -3.147685871837e+03
1835 -3.147688056192e+03
1836 -3.147690170849e+03
1837 -3.147692209425e+03
1838 -3.147694165638e+03
1839 -3.147696033303e+03
1840 -3.147697806329e+03
1841 -3.147699470119e+03
1842 -3.147701035988e+03
1843 -3.147702489481e+03
1844 -3.147703824871e+03
1845 -3.147705036535e+03
1846 -3.147706118969e+03
1847 -3.147707066795e+03
1848 -3.147707874787e+03
1849 -3.147708537887e+03
1850 -3.147709051227e+03
1851 -3.147709405711e+03
1852 -3.147709605835e+03
1853 -3.147709642956e+03
1854 -3.147709513187e+03
1855 -3.147709212936e+03
1856 -3.147708738927e+03
1857 -3.147708088208e+03
1858 -3.147707258169e+03
1859 -3.147706246551e+03
1860 -3.147705051444e+03
1861 -3.147703675822e+03
1862 -3.147702109479e+03
1863 -3.147700356066e+03
1864 -3.147698415097e+03
1865 -3.147696286435e+03
1866 -3.147693970291e+03
1867 -3.147691467218e+03
1868 -3.147688778117e+03
1869 -3.147685904234e+03
1870 -3.147682847164e+03
1871 -3.147679618854e+03
1872 -3.147676201654e+03
1873 -3.147672608208e+03
1874 -3.147668841572e+03
1875 -3.147664905187e+03
1876 -3.147660802891e+03
1877 -3.147656538931e+03
1878 -3.147652117971e+03
1879 -3.147647545112e+03
1880 -3.147642825896e+03
1881 -3.147637973165e+03
1882 -3.147632979730e+03
1883 -3.147627859319e+03
1884 -3.147622619317e+03
1885 -3.147617267566e+03
1886 -3.147611812348e+03
1887 -3.147606262365e+03
1888 -3.147600626711e+03
1889 -3.147594914838e+03
1890 -3.147589136514e+03
1891 -3.147583302112e+03
1892 -3.147577421284e+03
1893 -3.147571504745e+03
1894 -3.147565563052e+03
1895 -3.147559606831e+03
1896 -3.147553646726e+03
1897 -3.147547693358e+03
1898 -3.147541757282e+03
1899 -3.147535848944e+03
1900 -3.147529978652e+03
1901 -3.147524155718e+03
1902 -3.147518391777e+03
1903 -3.147512695661e+03
1904 -3.147507076828e+03
1905 -3.147501544468e+03
1906 -3.147496107476e+03
1907 -3.147490774445e+03
1908 -3.147485553648e+03
1909 -3.147480453026e+03
1910 -3.147475480180e+03
1911 -3.147470647128e+03
1912 -3.147465951263e+03
1913 -3.147461403829e+03
1914 -3.147457010961e+03
1915 -3.147452778397e+03
1916 -3.147448711463e+03
1917 -3.147444815051e+03
1918 -3.147441093602e+03
1919 -3.147437551086e+03
1920 -3.147434190985e+03
1921 -3.147431026067e+03
1922 -3.147428039229e+03
1923 -3.147425242168e+03
1924 -3.147422636288e+03
1925 -3.147420222464e+03
1926 -3.147418001049e+03
1927 -3.147415971877e+03
1928 -3.147414134283e+03
1929 -3.147412487111e+03
1930 -3.147411028735e+03
1931 -3.147409764162e+03
1932 -3.147408676740e+03
1933 -3.147407770629e+03
1934 -3.147407042567e+03
1935 -3.147406488960e+03
1936 -3.147406105927e+03
1937 -3.147405889338e+03
1938 -3.147405834852e+03
1939 -3.147405937967e+03
1940 -3.147406194047e+03
1941 -3.147406597878e+03
1942 -3.147407145646e+03
1943 -3.147407832010e+03
1944 -3.147408652114e+03
1945 -3.147409601096e+03
1946 -3.147410674096e+03
1947 -3.147411866256e+03
1948 -3.147413172717e+03
1949 -3.147414588614e+03
1950 -3.147416109052e+03
1951 -3.147417725616e+03
1952 -3.147419440291e+03
1953 -3.147421244502e+03
1954 -3.147423133085e+03
1955 -3.147425100769e+03
1956 -3.147427142169e+03
1957 -3.147429251780e+03
1958 -3.147431423975e+03
1959 -3.147433653010e+03
1960 -3.147435933026e+03
1961 -3.147438260077e+03
1962 -3.147440624096e+03
1963 -3.147443020933e+03
1964 -3.147445444380e+03
1965 -3.147447888181e+03
1966 -3.147450346038e+03
1967 -3.147452811631e+03
1968 -3.147455278624e+03
1969 -3.147457740675e+03
1970 -3.147460191444e+03
1971 -3.147462634348e+03
1972 -3.147465043557e+03
1973 -3.147467422456e+03
1974 -3.147469764693e+03
1975 -3.147472063903e+03
1976 -3.147474313697e+03
1977 -3.147476507661e+03
1978 -3.147478639352e+03
1979 -3.147480702296e+03
1980 -3.147482689994e+03
1981 -3.147484606391e+03
1982 -3.147486424067e+03
1983 -3.147488146939e+03
1984 -3.147489768523e+03
1985 -3.147491282387e+03
1986 -3.147492682182e+03
1987 -3.147493961668e+03
1988 -3.147495114748e+03
1989 -3.147496135501e+03
1990 -3.147497018215e+03
1991 -3.147497760730e+03
1992 -3.147498351268e+03
1993 -3.147498788216e+03
1994 -3.147499067017e+03
1995 -3.147499183474e+03
1996 -3.147499133769e+03
1997 -3.147498914481e+03
1998 -3.147498522601e+03
1999 -3.147497955540e+03
2000 -3.147497211140e+03
2001 -3.147496284681e+03
2002 -3.147495180886e+03
2003 -3.147493895855e+03
2004 -3.147492429131e+03
2005 -3.147490780662e+03
2006 -3.147488950779e+03
2007 -3.147486940189e+03
2008 -3.147484749951e+03
2009 -3.147482381462e+03
2010 -3.147479836446e+03
2011 -3.147477115158e+03
2012 -3.147474223536e+03
2013 -3.147471162409e+03
2014 -3.147467934724e+03
2015 -3.147464543728e+03
2016 -3.147460992982e+03
2017 -3.147457286364e+03
2018 -3.147453428082e+03
2019 -3.147449422689e+03
2020 -3.147445275087e+03
2021 -3.147440993653e+03
2022 -3.147436577834e+03
2023 -3.147432036719e+03
2024 -3.147427376686e+03
2025 -3.147422604481e+03
2026 -3.147417727199e+03
2027 -3.147412752269e+03
2028 -3.147407687434e+03
2029 -3.147402540717e+03
2030 -3.147397320396e+03
2031 -3.147392037541e+03
2032 -3.147386695705e+03
2033 -3.147381306247e+03
2034 -3.147375878081e+03
2035 -3.147370420184e+03
2036 -3.147364941557e+03
2037 -3.147359451186e+03
2038 -3.147353958011e+03
2039 -3.147348470893e+03
2040 -3.147342998584e+03
2041 -3.147337544571e+03
2042 -3.147332127617e+03
2043 -3.147326750839e+03
2044 -3.147321422325e+03
2045 -3.147316149947e+03
2046 -3.147310941354e+03
2047 -3.147305803952e+03
2048 -3.147300744900e+03
2049 -3.147295771098e+03
2050 -3.147290889189e+03
2051 -3.147286093652e+03
2052 -3.147281414438e+03
2053 -3.147276845476e+03
2054 -3.147272392368e+03
2055 -3.147268060461e+03
2056 -3.147263854850e+03
2057 -3.147259780371e+03
2058 -3.147255841596e+03
2059 -3.147252042826e+03
2060 -3.147248388074e+03
2061 -3.147244869758e+03
2062 -3.147241513909e+03
2063 -3.147238312261e+03
2064 -3.147235267530e+03
2065 -3.147232382075e+03
2066 -3.147229657882e+03
2067 -3.147227096558e+03
2068 -3.147224699328e+03
2069 -3.147222467027e+03
2070 -3.147220400109e+03
2071 -3.147218491198e+03
2072 -3.147216754938e+03
2073 -3.147215183185e+03
2074 -3.147213774947e+03
2075 -3.147212528914e+03
2076 -3.147211443487e+03
2077 -3.147210516810e+03
2078 -3.147209746800e+03
2079 -3.147209131180e+03
2080 -3.147208667513e+03
2081 -3.147208343675e+03
2082 -3.147208176135e+03
2083 -3.147208152529e+03
2084 -3.147208270004e+03
2085 -3.147208525634e+03
2086 -3.147208916415e+03
2087 -3.147209439261e+03
2088 -3.147210090993e+03
2089 -3.147210868322e+03
2090 -3.147211767835e+03
2091 -3.147212767392e+03
2092 -3.147213900461e+03
2093 -3.147215144538e+03
2094 -3.147216495529e+03
2095 -3.147217949130e+03
2096 -3.147219500823e+03
2097 -3.147221145867e+03
2098 -3.147222879300e+03
2099 -3.147224695942e+03
2100 -3.147226590405e+03
2101 -3.147228532253e+03
2102 -3.147230565419e+03
2103 -3.147232659108e+03
2104 -3.147234807230e+03
2105 -3.147237003563e+03
2106 -3.147239241773e+03
2107 -3.147241515433e+03
2108 -3.147243818035e+03
2109 -3.147246143010e+03
2110 -3.147248483732e+03
2111 -3.147250812544e+03
2112 -3.147253164719e+03
2113 -3.147255512489e+03
2114 -3.147257849034e+03
2115 -3.147260167482e+03
2116 -3.147262460892e+03
2117 -3.147264722257e+03
2118 -3.147266944498e+03
2119 -3.147269120474e+03
2120 -3.147271242983e+03
2121 -3.147273294202e+03
2122 -3.147275288074e+03
2123 -3.147277206725e+03
2124 -3.147279042941e+03
2125 -3.147280789580e+03
2126 -3.147282439611e+03
2127 -3.147283986153e+03
2128 -3.147285422508e+03
2129 -3.147286742206e+03
2130 -3.147287939032e+03
2131 -3.147289003488e+03
2132 -3.147289937152e+03
2133 -3.147290731149e+03
2134 -3.147291380575e+03
2135 -3.147291880904e+03
2136 -3.147292227990e+03
2137 -3.147292418080e+03
2138 -3.147292447808e+03
2139 -3.147292314196e+03
2140 -3.147292014642e+03
2141 -3.147291541913e+03
2142 -3.147290904173e+03
2143 -3.147290094861e+03
2144 -3.147289112779e+03
2145 -3.147287957045e+03
2146 -3.147286627082e+03
2147 -3.147285122596e+03
2148 -3.147283443575e+03
2149 -3.147281590271e+03
2150 -3.147279563200e+03
2151 -3.147277353254e+03
2152 -3.147274981264e+03
2153 -3.147272438629e+03
2154 -3.147269726934e+03
2155 -3.147266848064e+03
2156 -3.147263804215e+03
2157 -3.147260597917e+03
2158 -3.147257232057e+03
2159 -3.147253709902e+03
2160 -3.147250035114e+03
2161 -3.147246201690e+03
2162 -3.147242234335e+03
2163 -3.147238127877e+03
2164 -3.147233887694e+03
2165 -3.147229519592e+03
2166 -3.147225029791e+03
2167 -3.147220424909e+03
2168 -3.147215711934e+03
2169 -3.147210898196e+03
2170 -3.147205991334e+03
2171 -3.147200995277e+03
2172 -3.147195926174e+03
2173 -3.147190788353e+03
2174 -3.147185590326e+03
2175 -3.147180340725e+03
2176 -3.147175048274e+03
2177 -3.147169721753e+03
2178 -3.147164369967e+03
2179 -3.147159001709e+03
2180 -3.147153625737e+03
2181 -3.147148252592e+03
2182 -3.147142887186e+03
2183 -3.147137539800e+03
2184 -3.147132218738e+03
2185 -3.147126932118e+03
2186 -3.147121687850e+03
2187 -3.147116493606e+03
2188 -3.147111356804e+03
2189 -3.147106284590e+03
2190 -3.147101283824e+03
2191 -3.147096362723e+03
2192 -3.147091524266e+03
2193 -3.147086776035e+03
2194 -3.147082123692e+03
2195 -3.147077572603e+03
2196 -3.147073127849e+03
2197 -3.147068794240e+03
2198 -3.147064576322e+03
2199 -3.147060478387e+03
2200 -3.147056504485e+03
2201 -3.147052656251e+03
2202 -3.147048941623e+03
2203 -3.147045361732e+03
2204 -3.147041919669e+03
2205 -3.147038618277e+03
2206 -3.147035460146e+03
2207 -3.147032447604e+03
2208 -3.147029582711e+03
2209 -3.147026867251e+03
2210 -3.147024302729e+03
2211 -3.147021886920e+03
2212 -3.147019627658e+03
2213 -3.147017522127e+03
2214 -3.147015570707e+03
2215 -3.147013773518e+03
2216 -3.147012130438e+03
2217 -3.147010641130e+03
2218 -3.147009305057e+03
2219 -3.147008121514e+03
2220 -3.147007089646e+03
2221 -3.147006207641e+03
2222 -3.147005476059e+03
2223 -3.147004892836e+03
2224 -3.147004456649e+03
2225 -3.147004166054e+03
2226 -3.147004019482e+03
2227 -3.147004015215e+03
2228 -3.147004151369e+03
2229 -3.147004425860e+03
2230 -3.147004836385e+03
2231 -3.147005380950e+03
2232 -3.147006055619e+03
2233 -3.147006857810e+03
2234 -3.147007784091e+03
2235 -3.147008830710e+03
2236 -3.147009993589e+03
2237 -3.147011268328e+03
2238 -3.147012650213e+03
2239 -3.147014134227e+03
2240 -3.147015715064e+03
2241 -3.147017384274e+03
2242 -3.147019141814e+03
2243 -3.147020978752e+03
2244 -3.147022888858e+03
2245 -3.147024865729e+03
2246 -3.147026902812e+03
2247 -3.147028993426e+03
2248 -3.147031130783e+03
2249 -3.147033308001e+03
2250 -3.147035518121e+03
2251 -3.147037747189e+03
2252 -3.147040002000e+03
2253 -3.147042268493e+03
2254 -3.147044539514e+03
2255 -3.147046807890e+03
2256 -3.147049066431e+03
2257 -3.147051307943e+03
2258 -3.147053525242e+03
2259 -3.147055711164e+03
2260 -3.147057858585e+03
2261 -3.147059955576e+03
2262 -3.147062004877e+03
2263 -3.147063994714e+03
2264 -3.147065918309e+03
2265 -3.147067769023e+03
2266 -3.147069540379e+03
2267 -3.147071226076e+03
2268 -3.147072820004e+03
2269 -3.147074316259e+03
2270 -3.147075709150e+03
2271 -3.147076996091e+03
2272 -3.147078166111e+03
2273 -3.147079217062e+03
2274 -3.147080144183e+03
2275 -3.147080942958e+03
2276 -3.147081609120e+03
2277 -3.147082138646e+03
2278 -3.147082527763e+03
2279 -3.147082772944e+03
2280 -3.147082870901e+03
2281 -3.147082826407e+03
2282 -3.147082621023e+03
2283 -3.147082259951e+03
2284 -3.147081740816e+03
2285 -3.147081061453e+03
2286 -3.147080219911e+03
2287 -3.147079214448e+03
2288 -3.147078043534e+03
2289 -3.147076705857e+03
2290 -3.147075200338e+03
2291 -3.147073529437e+03
2292 -3.147071686022e+03
2293 -3.147069673082e+03
2294 -3.147067490650e+03
2295 -3.147065139108e+03
2296 -3.147062619211e+03
2297 -3.147059932118e+03
2298 -3.147057079425e+03
2299 -3.147054063182e+03
2300 -3.147050885922e+03
2301 -3.147047543714e+03
2302 -3.147044054036e+03
2303 -3.147040413948e+03
2304 -3.147036627998e+03
2305 -3.147032701226e+03
2306 -3.147028639153e+03
2307 -3.147024447751e+03
2308 -3.147020133419e+03
2309 -3.147015702951e+03
2310 -3.147011163501e+03
2311 -3.147006509978e+03
2312 -3.147001775286e+03
2313 -3.146996954839e+03
2314 -3.146992056831e+03
2315 -3.146987089608e+03
2316 -3.146982061630e+03
2317 -3.146976981420e+03
2318 -3.146971857525e+03
2319 -3.146966698476e+03
2320 -3.146961512740e+03
2321 -3.146956299821e+03
2322 -3.146951085723e+03
2323 -3.146945869623e+03
2324 -3.146940659401e+03
2325 -3.146935462718e+03
2326 -3.146930287001e+03
2327 -3.146925139428e+03
2328 -3.146920026922e+03
2329 -3.146914956149e+03
2330 -3.146909933522e+03
2331 -3.146904962591e+03
2332 -3.146900054554e+03
2333 -3.146895212478e+03
2334 -3.146890441873e+03
2335 -3.146885748067e+03
2336 -3.146881136221e+03
2337 -3.146876611349e+03
2338 -3.146872178329e+03
2339 -3.146867841914e+03
2340 -3.146863606740e+03
2341 -3.146859472989e+03
2342 -3.146855453764e+03
2343 -3.146851548959e+03
2344 -3.146847762689e+03
2345 -3.146844098903e+03
2346 -3.146840561365e+03
2347 -3.146837153632e+03
2348 -3.146833879036e+03
2349 -3.146830740672e+03
2350 -3.146827741384e+03
2351 -3.146824868527e+03
2352 -3.146822154907e+03
2353 -3.146819587354e+03
2354 -3.146817167693e+03
2355 -3.146814897516e+03
2356 -3.146812778194e+03
2357 -3.146810810895e+03
2358 -3.146808996601e+03
2359 -3.146807336130e+03
2360 -3.146805830144e+03
2361 -3.146804454297e+03
2362 -3.146803258706e+03
2363 -3.146802218765e+03
2364 -3.146801334574e+03
2365 -3.146800606068e+03
2366 -3.146800032988e+03
2367 -3.146799614851e+03
2368 -3.146799350913e+03
2369 -3.146799240130e+03
2370 -3.146799281127e+03
2371 -3.146799447429e+03
2372 -3.146799786357e+03
2373 -3.146800270635e+03
2374 -3.146800897282e+03
2375 -3.146801662880e+03
2376 -3.146802563582e+03
2377 -3.146803595124e+03
2378 -3.146804752844e+03
2379 -3.146806031709e+03
2380 -3.146807426348e+03
2381 -3.146808913719e+03
2382 -3.146810522648e+03
2383 -3.146812229585e+03
2384 -3.146814028175e+03
2385 -3.146815911910e+03
2386 -3.146817874150e+03
2387 -3.146819908152e+03
2388 -3.146822007090e+03
2389 -3.146824164067e+03
2390 -3.146826372133e+03
2391 -3.146828612438e+03
2392 -3.146830901654e+03
2393 -3.146833220815e+03
2394 -3.146835562784e+03
2395 -3.146837920382e+03
2396 -3.146840286388e+03
2397 -3.146842653538e+03
2398 -3.146845014533e+03
2399 -3.146847362042e+03
2400 -3.146849688714e+03
2401 -3.146851973851e+03
2402 -3.146854236781e+03
2403 -3.146856456807e+03
2404 -3.146858626628e+03
2405 -3.146860738996e+03
2406 -3.146862786744e+03
2407 -3.146864762800e+03
2408 -3.146866660215e+03
2409 -3.146868472177e+03
2410 -3.146870192038e+03
2411 -3.146871795746e+03
2412 -3.146873312217e+03
2413 -3.146874717819e+03
2414 -3.146876006755e+03
2415 -3.146877173484e+03
2416 -3.146878212735e+03
2417 -3.146879119520e+03
2418 -3.146879889138e+03
2419 -3.146880517183e+03
2420 -3.146880999542e+03
2421 -3.146881314756e+03
2422 -3.146881494566e+03
2423 -3.146881518090e+03
2424 -3.146881382360e+03
2425 -3.146881084686e+03
2426 -3.146880622653e+03
2427 -3.146879994125e+03
2428 -3.146879197247e+03
2429 -3.146878230454e+03
2430 -3.146877092484e+03
2431 -3.146875769831e+03
2432 -3.146874287031e+03
2433 -3.146872631256e+03
2434 -3.146870802636e+03
2435 -3.146868801694e+03
2436 -3.146866629369e+03
2437 -3.146864287035e+03
2438 -3.146861776510e+03
2439 -3.146859100067e+03
2440 -3.146856260444e+03
2441 -3.146853253239e+03
2442 -3.146850097330e+03
2443 -3.146846789211e+03
2444 -3.146843333434e+03
2445 -3.146839734977e+03
2446 -3.146835999227e+03
2447 -3.146832131955e+03
2448 -3.146828139297e+03
2449 -3.146824027724e+03
2450 -3.146819804020e+03
2451 -3.146815468541e+03
2452 -3.146811042043e+03
2453 -3.146806525337e+03
2454 -3.146801926150e+03
2455 -3.146797252360e+03
2456 -3.146792511964e+03
2457 -3.146787713036e+03
2458 -3.146782863690e+03
2459 -3.146777972046e+03
2460 -3.146773046187e+03
2461 -3.146768086106e+03
2462 -3.146763115778e+03
2463 -3.146758134947e+03
2464 -3.146753151240e+03
2465 -3.146748172108e+03
2466 -3.146743204812e+03
2467 -3.146738256412e+03
2468 -3.146733333765e+03
2469 -3.146728443525e+03
2470 -3.146723592149e+03
2471 -3.146718778169e+03
2472 -3.146714023148e+03
2473 -3.146709325253e+03
2474 -3.146704690237e+03
2475 -3.146700123702e+03
2476 -3.146695631102e+03
2477 -3.146691217748e+03
2478 -3.146686888803e+03
2479 -3.146682649282e+03
2480 -3.146678504035e+03
2481 -3.146674452606e+03
2482 -3.146670509746e+03
2483 -3.146666674571e+03
2484 -3.146662951110e+03
2485 -3.146659343134e+03
2486 -3.146655854142e+03
2487 -3.146652487348e+03
2488 -3.146649245670e+03
2489 -3.146646131734e+03
2490 -3.146643147869e+03
2491 -3.146640292806e+03
2492 -3.146637574955e+03
2493 -3.146634992510e+03
2494 -3.146632546764e+03
2495 -3.146630238810e+03
2496 -3.146628069570e+03
2497 -3.146626039822e+03
2498 -3.146624150234e+03
2499 -3.146622401387e+03
2500 -3.146620793798e+03
2501 -3.146619323614e+03
2502 -3.146617999903e+03
2503 -3.146616818718e+03
2504 -3.146615780391e+03
2505 -3.146614885185e+03
2506 -3.146614133269e+03
2507 -3.146613524691e+03
2508 -3.146613059342e+03
2509 -3.146612736915e+03
2510 -3.146612556874e+03
2511 -3.146612512524e+03
2512 -3.146612614527e+03
2513 -3.146612855556e+03
2514 -3.146613233824e+03
2515 -3.146613747184e+03
2516 -3.146614393122e+03
2517 -3.146615168755e+03
2518 -3.146616070847e+03
2519 -3.146617095813e+03
2520 -3.146618239743e+03
2521 -3.146619493453e+03
2522 -3.146620862369e+03
2523 -3.146622336751e+03
2524 -3.146623911589e+03
2525 -3.146625581649e+03
2526 -3.146627341497e+03
2527 -3.146629185510e+03
2528 -3.146631107888e+03
2529 -3.146633102672e+03
2530 -3.146635163740e+03
2531 -3.146637282981e+03
2532 -3.146639457666e+03
2533 -3.146641679383e+03
2534 -3.146643941436e+03
2535 -3.146646236994e+03
2536 -3.146648559103e+03
2537 -3.146650900691e+03
2538 -3.146653254580e+03
2539 -3.146655613495e+03
2540 -3.146657970077e+03
2541 -3.146660317299e+03
2542 -3.146662646905e+03
2543 -3.146664951775e+03
2544 -3.146667224405e+03
2545 -3.146669457309e+03
2546 -3.146671643050e+03
2547 -3.146673774270e+03
2548 -3.146675843715e+03
2549 -3.146677844262e+03
2550 -3.146679768947e+03
2551 -3.146681611088e+03
2552 -3.146683363896e+03
2553 -3.146685021084e+03
2554 -3.146686576498e+03
2555 -3.146688024218e+03
2556 -3.146689358560e+03
2557 -3.146690574081e+03
2558 -3.146691665575e+03
2559 -3.146692628075e+03
2560 -3.146693456843e+03
2561 -3.146694146044e+03
2562 -3.146694694059e+03
2563 -3.146695095471e+03
2564 -3.146695346422e+03
2565 -3.146695443268e+03
2566 -3.146695382576e+03
2567 -3.146695161133e+03
2568 -3.146694775955e+03
2569 -3.146694224293e+03
2570 -3.146693503655e+03
2571 -3.146692610265e+03
2572 -3.146691545332e+03
2573 -3.146690305678e+03
2574 -3.146688890047e+03
2575 -3.146687297559e+03
2576 -3.146685527738e+03
2577 -3.146683580537e+03
2578 -3.146681456365e+03
2579 -3.146679156107e+03
2580 -3.146676681145e+03
2581 -3.146674033055e+03
2582 -3.146671214906e+03
2583 -3.146668229303e+03
2584 -3.146665079709e+03
2585 -3.146661770112e+03
2586 -3.146658305002e+03
2587 -3.146654689356e+03
2588 -3.146650928615e+03
2589 -3.146647028650e+03
2590 -3.146642995733e+03
2591 -3.146638836114e+03
2592 -3.146634557531e+03
2593 -3.146630166821e+03
2594 -3.146625671468e+03
2595 -3.146621079164e+03
2596 -3.146616397775e+03
2597 -3.146611635313e+03
2598 -3.146606799898e+03
2599 -3.146601899743e+03
2600 -3.146596943118e+03
2601 -3.146591934354e+03
2602 -3.146586889767e+03
2603 -3.146581813679e+03
2604 -3.146576714386e+03
2605 -3.146571600137e+03
2606 -3.146566479109e+03
2607 -3.146561359385e+03
2608 -3.146556248932e+03
2609 -3.146551155578e+03
2610 -3.146546086995e+03
2611 -3.146541041630e+03
2612 -3.146536044901e+03
2613 -3.146531094838e+03
2614 -3.146526198316e+03
2615 -3.146521361980e+03
2616 -3.146516592233e+03
2617 -3.146511895232e+03
2618 -3.146507276878e+03
2619 -3.146502742819e+03
2620 -3.146498298436e+03
2621 -3.146493937986e+03
2622 -3.146489688060e+03
2623 -3.146485542358e+03
2624 -3.146481505182e+03
2625 -3.146477580551e+03
2626 -3.146473772205e+03
2627 -3.146470083601e+03
2628 -3.146466517918e+03
2629 -3.146463078064e+03
2630 -3.146459766690e+03
2631 -3.146456577840e+03
2632 -3.146453530467e+03
2633 -3.146450618183e+03
2634 -3.146447842823e+03
2635 -3.146445206084e+03
2636 -3.146442709550e+03
2637 -3.146440354711e+03
2638 -3.146438142983e+03
2639 -3.146436075713e+03
2640 -3.146434154182e+03
2641 -3.146432373638e+03
2642 -3.146430747158e+03
2643 -3.146429269761e+03
2644 -3.146427942318e+03
2645 -3.146426765525e+03
2646 -3.146425739864e+03
2647 -3.146424865566e+03
2648 -3.146424142570e+03
2649 -3.146423570493e+03
2650 -3.146423148602e+03
2651 -3.146422868013e+03
2652 -3.146422742816e+03
2653 -3.146422763325e+03
2654 -3.146422927269e+03
2655 -3.146423232000e+03
2656 -3.146423674513e+03
2657 -3.146424251461e+03
2658 -3.146424959190e+03
2659 -3.146425793763e+03
2660 -3.146426750995e+03
2661 -3.146427814198e+03
2662 -3.146429003373e+03
2663 -3.146430301473e+03
2664 -3.146431703620e+03
2665 -3.146433204825e+03
2666 -3.146434800000e+03
2667 -3.146436483967e+03
2668 -3.146438251461e+03
2669 -3.146440097122e+03
2670 -3.146442015494e+03
2671 -3.146443987032e+03
2672 -3.146446034016e+03
2673 -3.146448136638e+03
2674 -3.146450288940e+03
2675 -3.146452484820e+03
2676 -3.146454718030e+03
2677 -3.146456982177e+03
2678 -3.146459270738e+03
2679 -3.146461577064e+03
2680 -3.146463894401e+03
2681 -3.146466205001e+03
2682 -3.146468523787e+03
2683 -3.146470832883e+03
2684 -3.146473125320e+03
2685 -3.146475394130e+03
2686 -3.146477632376e+03
2687 -3.146479833164e+03
2688 -3.146481989671e+03
2689 -3.146484095155e+03
2690 -3.146486142970e+03
2691 -3.146488119906e+03
2692 -3.146490032899e+03
2693 -3.146491868955e+03
2694 -3.146493621893e+03
2695 -3.146495285660e+03
2696 -3.146496854328e+03
2697 -3.146498322104e+03
2698 -3.146499683321e+03
2699 -3.146500932448e+03
2700 -3.146502064087e+03
2701 -3.146503067802e+03
2702 -3.146503948845e+03
2703 -3.146504697059e+03
2704 -3.146505307636e+03
2705 -3.146505775938e+03
2706 -3.146506097512e+03
2707 -3.146506268104e+03
2708 -3.146506283681e+03
2709 -3.146506140451e+03
2710 -3.146505834890e+03
2711 -3.146505357069e+03
2712 -3.146504717482e+03
2713 -3.146503906871e+03
2714 -3.146502923069e+03
2715 -3.146501764326e+03
2716 -3.146500429338e+03
2717 -3.146498917277e+03
2718 -3.146497227813e+03
2719 -3.146495361136e+03
2720 -3.146493317967e+03
2721 -3.146491091069e+03
2722 -3.146488699258e+03
2723 -3.146486136378e+03
2724 -3.146483405307e+03
2725 -3.146480509444e+03
2726 -3.146477452680e+03
2727 -3.146474239382e+03
2728 -3.146470874365e+03
2729 -3.146467362865e+03
2730 -3.146463710508e+03
2731 -3.146459914711e+03
2732 -3.146455998965e+03
2733 -3.146451961327e+03
2734 -3.146447808724e+03
2735 -3.146443548344e+03
2736 -3.146439187609e+03
2737 -3.146434734152e+03
2738 -3.146430195794e+03
2739 -3.146425580512e+03
2740 -3.146420896416e+03
2741 -3.146416144917e+03
2742 -3.146411347878e+03
2743 -3.146406506791e+03
2744 -3.146401629938e+03
2745 -3.146396725548e+03
2746 -3.146391801764e+03
2747 -3.146386866607e+03
2748 -3.146381927947e+03
2749 -3.146376993478e+03
2750 -3.146372070701e+03
2751 -3.146367162974e+03
2752 -3.146362285252e+03
2753 -3.146357440447e+03
2754 -3.146352635197e+03
2755 -3.146347875931e+03
2756 -3.146343168871e+03
2757 -3.146338520040e+03
2758 -3.146333935277e+03
2759 -3.146329420244e+03
2760 -3.146324980432e+03
2761 -3.146320620525e+03
2762 -3.146316346990e+03
2763 -3.146312164170e+03
2764 -3.146308076901e+03
2765 -3.146304089844e+03
2766 -3.146300207471e+03
2767 -3.146296434060e+03
2768 -3.146292773676e+03
2769 -3.146289230165e+03
2770 -3.146285807142e+03
2771 -3.146282510764e+03
2772 -3.146279338622e+03
2773 -3.146276296377e+03
2774 -3.146273386692e+03
2775 -3.146270612005e+03
2776 -3.146267974535e+03
2777 -3.146265476292e+03
2778 -3.146263119093e+03
2779 -3.146260904564e+03
2780 -3.146258834153e+03
2781 -3.146256913732e+03
2782 -3.146255135194e+03
2783 -3.146253504026e+03
2784 -3.146252020935e+03
2785 -3.146250686414e+03
2786 -3.146249500725e+03
2787 -3.146248463883e+03
2788 -3.146247575631e+03
2789 -3.146246835425e+03
2790 -3.146246242422e+03
2791 -3.146245797678e+03
2792 -3.146245495324e+03
2793 -3.146245335787e+03
2794 -3.146245317007e+03
2795 -3.146245436651e+03
2796 -3.146245692136e+03
2797 -3.146246080651e+03
2798 -3.146246599182e+03
2799 -3.146247244533e+03
2800 -3.146248013343e+03
2801 -3.146248897812e+03
2802 -3.146249902854e+03
2803 -3.146251020375e+03
2804 -3.146252246425e+03
2805 -3.146253576893e+03
2806 -3.146255007507e+03
2807 -3.146256533816e+03
2808 -3.146258151178e+03
2809 -3.146259854755e+03
2810 -3.146261639496e+03
2811 -3.146263490287e+03
2812 -3.146265421330e+03
2813 -3.146267417100e+03
2814 -3.146269471703e+03
2815 -3.146271579059e+03
2816 -3.146273732925e+03
2817 -3.146275926918e+03
2818 -3.146278154550e+03
2819 -3.146280409256e+03
2820 -3.146282684427e+03
2821 -3.146284965026e+03
2822 -3.146287261259e+03
2823 -3.146289558146e+03
2824 -3.146291849162e+03
2825 -3.146294127842e+03
2826 -3.146296387792e+03
2827 -3.146298622691e+03
2828 -3.146300826287e+03
2829 -3.146302992396e+03
2830 -3.146305114899e+03
2831 -3.146307188029e+03
2832 -3.146309205200e+03
2833 -3.146311160743e+03
2834 -3.146313048760e+03
2835 -3.146314863405e+03
2836 -3.146316598897e+03
2837 -3.146318249521e+03
2838 -3.146319809643e+03
2839 -3.146321273721e+03
2840 -3.146322636317e+03
2841 -3.146323901144e+03
2842 -3.146325044959e+03
2843 -3.146326071761e+03
2844 -3.146326976689e+03
2845 -3.146327755073e+03
2846 -3.146328402450e+03
2847 -3.146328914588e+03
2848 -3.146329287504e+03
2849 -3.146329517492e+03
2850 -3.146329601140e+03
2851 -3.146329544417e+03
2852 -3.146329326439e+03
2853 -3.146328953860e+03
2854 -3.146328424640e+03
2855 -3.146327737121e+03
2856 -3.146326890032e+03
2857 -3.146325882496e+03
2858 -3.146324714026e+03
2859 -3.146323384527e+03
2860 -3.146321894287e+03
2861 -3.146320244028e+03
2862 -3.146318434662e+03
2863 -3.146316467603e+03
2864 -3.146314344551e+03
2865 -3.146312067525e+03
2866 -3.146309638847e+03
2867 -3.146307061138e+03
2868 -3.146304337302e+03
2869 -3.146301470523e+03
2870 -3.146298464266e+03
2871 -3.146295313404e+03
2872 -3.146292039681e+03
2873 -3.146288638520e+03
2874 -3.146285114487e+03
2875 -3.146281472418e+03
2876 -3.146277717418e+03
2877 -3.146273854854e+03
2878 -3.146269890344e+03
2879 -3.146265829742e+03
2880 -3.146261679126e+03
2881 -3.146257434394e+03
2882 -3.146253122759e+03
2883 -3.146248740463e+03
2884 -3.146244294244e+03
2885 -3.146239790943e+03
2886 -3.146235237469e+03
2887 -3.146230640772e+03
2888 -3.146226007821e+03
2889 -3.146221345576e+03
2890 -3.146216660971e+03
2891 -3.146211954343e+03
2892 -3.146207245640e+03
2893 -3.146202535080e+03
2894 -3.146197829365e+03
2895 -3.146193135121e+03
2896 -3.146188458901e+03
2897 -3.146183807177e+03
2898 -3.146179186345e+03
2899 -3.146174602724e+03
2900 -3.146170062560e+03
2901 -3.146165567136e+03
2902 -3.146161132377e+03
2903 -3.146156759439e+03
2904 -3.146152454337e+03
2905 -3.146148223054e+03
2906 -3.146144071537e+03
2907 -3.146140005704e+03
2908 -3.146136031447e+03
2909 -3.146132154624e+03
2910 -3.146128381050e+03
2911 -3.146124707876e+03
2912 -3.146121158023e+03
2913 -3.146117728449e+03
2914 -3.146114424610e+03
2915 -3.146111251797e+03
2916 -3.146108215102e+03
2917 -3.146105319380e+03
2918 -3.146102569205e+03
2919 -3.146099968834e+03
2920 -3.146097522168e+03
2921 -3.146095219951e+03
2922 -3.146093090831e+03
2923 -3.146091124675e+03
2924 -3.146089323678e+03
2925 -3.146087689561e+03
2926 -3.146086223570e+03
2927 -3.146084926474e+03
2928 -3.146083798579e+03
2929 -3.146082839738e+03
2930 -3.146082049369e+03
2931 -3.146081415063e+03
2932 -3.146080958329e+03
2933 -3.146080666017e+03
2934 -3.146080536111e+03
2935 -3.146080566327e+03
2936 -3.146080754133e+03
2937 -3.146081096785e+03
2938 -3.146081591346e+03
2939 -3.146082234696e+03
2940 -3.146083023539e+03
2941 -3.146083949097e+03
2942 -3.146085018358e+03
2943 -3.146086222116e+03
2944 -3.146087556289e+03
2945 -3.146089016552e+03
2946 -3.146090598322e+03
2947 -3.146092296741e+03
2948 -3.146094106662e+03
2949 -3.146096022643e+03
2950 -3.146098038940e+03
2951 -3.146100149525e+03
2952 -3.146102348074e+03
2953 -3.146104627954e+03
2954 -3.146106982294e+03
2955 -3.146109403988e+03
2956 -3.146111885719e+03
2957 -3.146114419997e+03
2958 -3.146116999193e+03
2959 -3.146119615579e+03
2960 -3.146122261366e+03
2961 -3.146124930205e+03
2962 -3.146127611423e+03
2963 -3.146130298716e+03
2964 -3.146132984438e+03
2965 -3.146135661054e+03
2966 -3.146138321162e+03
2967 -3.146140957510e+03
2968 -3.146143563005e+03
2969 -3.146146130720e+03
2970 -3.146148653896e+03
2971 -3.146151126594e+03
2972 -3.146153541097e+03
2973 -3.146155891766e+03
2974 -3.146158172482e+03
2975 -3.146160377272e+03
2976 -3.146162500301e+03
2977 -3.146164535879e+03
2978 -3.146166478451e+03
2979 -3.146168322607e+03
2980 -3.146170063086e+03
2981 -3.146171694779e+03
2982 -3.146173212785e+03
2983 -3.146174612339e+03
2984 -3.146175888905e+03
2985 -3.146177038166e+03
2986 -3.146178056048e+03
2987 -3.146178938737e+03
2988 -3.146179682695e+03
2989 -3.146180284678e+03
2990 -3.146180741751e+03
2991 -3.146181050017e+03
2992 -3.146181209744e+03
2993 -3.146181217682e+03
2994 -3.146181072193e+03
2995 -3.146180771971e+03
2996 -3.146180316023e+03
2997 -3.146179703670e+03
2998 -3.146178934534e+03
2999 -3.146178008522e+03
3000 -3.146176925821e+03
3001 -3.146175682014e+03
3002 -3.146174287553e+03
3003 -3.146172738521e+03
3004 -3.146171036118e+03
3005 -3.146169181792e+03
3006 -3.146167177231e+03
3007 -3.146165024372e+03
3008 -3.146162725408e+03
3009 -3.146160282798e+03
3010 -3.146157699281e+03
3011 -3.146154968488e+03
3012 -3.146152112552e+03
3013 -3.146149125735e+03
3014 -3.146146012028e+03
3015 -3.146142775764e+03
3016 -3.146139421624e+03
3017 -3.146135954638e+03
3018 -3.146132380176e+03
3019 -3.146128703945e+03
3020 -3.146124931973e+03
3021 -3.146121059402e+03
3022 -3.146117115193e+03
3023 -3.146113095024e+03
3024 -3.146109005960e+03
3025 -3.146104855256e+03
3026 -3.146100650314e+03
3027 -3.146096398652e+03
3028 -3.146092107876e+03
3029 -3.146087785646e+03
3030 -3.146083439653e+03
3031 -3.146079070081e+03
3032 -3.146074699647e+03
3033 -3.146070328491e+03
3034 -3.146065964230e+03
3035 -3.146061614425e+03
3036 -3.146057286572e+03
3037 -3.146052988092e+03
3038 -3.146048726323e+03
3039 -3.146044508506e+03
3040 -3.146040341787e+03
3041 -3.146036233422e+03
3042 -3.146032189901e+03
3043 -3.146028218238e+03
3044 -3.146024325121e+03
3045 -3.146020517111e+03
3046 -3.146016800645e+03
3047 -3.146013182022e+03
3048 -3.146009667403e+03
3049 -3.146006262793e+03
3050 -3.146002974028e+03
3051 -3.145999813607e+03
3052 -3.145996773271e+03
3053 -3.145993865066e+03
3054 -3.145991093927e+03
3055 -3.145988464499e+03
3056 -3.145985981099e+03
3057 -3.145983647684e+03
3058 -3.145981467826e+03
3059 -3.145979444673e+03
3060 -3.145977580925e+03
3061 -3.145975885743e+03
3062 -3.145974346979e+03
3063 -3.145972972780e+03
3064 -3.145971763845e+03
3065 -3.145970720357e+03
3066 -3.145969842000e+03
3067 -3.145969127983e+03
3068 -3.145968577075e+03
3069 -3.145968187642e+03
3070 -3.145967957701e+03
3071 -3.145967885268e+03
3072 -3.145967967204e+03
3073 -3.145968201070e+03
3074 -3.145968583974e+03
3075 -3.145969112910e+03
3076 -3.145969784791e+03
3077 -3.145970596472e+03
3078 -3.145971544767e+03
3079 -3.145972626457e+03
3080 -3.145973838288e+03
3081 -3.145975170684e+03
3082 -3.145976632827e+03
3083 -3.145978215003e+03
3084 -3.145979913653e+03
3085 -3.145981725080e+03
3086 -3.145983645415e+03
3087 -3.145985670587e+03
3088 -3.145987796304e+03
3089 -3.145990018025e+03
3090 -3.145992330945e+03
3091 -3.145994723682e+03
3092 -3.145997203479e+03
3093 -3.145999758405e+03
3094 -3.146002382554e+03
3095 -3.146005069765e+03
3096 -3.146007813639e+03
3097 -3.146010607568e+03
3098 -3.146013444768e+03
3099 -3.146016318309e+03
3100 -3.146019221160e+03
3101 -3.146022145567e+03
3102 -3.146025085724e+03
3103 -3.146028033857e+03
3104 -3.146030982900e+03
3105 -3.146033925856e+03
3106 -3.146036855819e+03
3107 -3.146039765992e+03
3108 -3.146042649694e+03
3109 -3.146045500360e+03
3110 -3.146048311539e+03
3111 -3.146051080411e+03
3112 -3.146053793676e+03
3113 -3.146056448692e+03
3114 -3.146059039369e+03
3115 -3.146061559689e+03
3116 -3.146064003696e+03
3117 -3.146066365508e+03
3118 -3.146068639319e+03
3119 -3.146070819419e+03
3120 -3.146072900210e+03
3121 -3.146074878216e+03
3122 -3.146076744203e+03
3123 -3.146078495056e+03
3124 -3.146080125928e+03
3125 -3.146081632235e+03
3126 -3.146083009687e+03
3127 -3.146084254313e+03
3128 -3.146085362479e+03
3129 -3.146086330901e+03
3130 -3.146087156656e+03
3131 -3.146087835314e+03
3132 -3.146088368406e+03
3133 -3.146088752201e+03
3134 -3.146088985176e+03
3135 -3.146089066132e+03
3136 -3.146088994175e+03
3137 -3.146088768694e+03
3138 -3.146088389351e+03
3139 -3.146087856057e+03
3140 -3.146087168959e+03
3141 -3.146086324841e+03
3142 -3.146085331468e+03
3143 -3.146084186039e+03
3144 -3.146082889550e+03
3145 -3.146081443206e+03
3146 -3.146079848422e+03
3147 -3.146078106834e+03
3148 -3.146076220308e+03
3149 -3.146074190958e+03
3150 -3.146072021158e+03
3151 -3.146069709998e+03
3152 -3.146067267562e+03
3153 -3.146064693547e+03
3154 -3.146061991546e+03
3155 -3.146059165496e+03
3156 -3.146056219681e+03
3157 -3.146053158735e+03
3158 -3.146049987629e+03
3159 -3.146046711663e+03
3160 -3.146043336442e+03
3161 -3.146039863235e+03
3162 -3.146036307384e+03
3163 -3.146032670595e+03
3164 -3.146028959346e+03
3165 -3.146025180235e+03
3166 -3.146021339936e+03
3167 -3.146017445159e+03
3168 -3.146013502621e+03
3169 -3.146009519014e+03
3170 -3.146005500989e+03
3171 -3.146001448384e+03
3172 -3.145997381245e+03
3173 -3.145993299284e+03
3174 -3.145989208918e+03
3175 -3.145985116526e+03
3176 -3.145981028461e+03
3177 -3.145976951069e+03
3178 -3.145972890698e+03
3179 -3.145968853717e+03
3180 -3.145964846522e+03
3181 -3.145960868484e+03
3182 -3.145956940187e+03
3183 -3.145953061054e+03
3184 -3.145949237597e+03
3185 -3.145945476331e+03
3186 -3.145941783767e+03
3187 -3.145938166385e+03
3188 -3.145934630609e+03
3189 -3.145931182784e+03
3190 -3.145927829141e+03
3191 -3.145924571526e+03
3192 -3.145921424349e+03
3193 -3.145918389037e+03
3194 -3.145915471031e+03
3195 -3.145912675485e+03
3196 -3.145910007237e+03
3197 -3.145907470779e+03
3198 -3.145905070232e+03
3199 -3.145902809324e+03
3200 -3.145900691372e+03
3201 -3.145898718752e+03
3202 -3.145896895027e+03
3203 -3.145895221708e+03
3204 -3.145893700453e+03
3205 -3.145892332538e+03
3206 -3.145891118878e+03
3207 -3.145890060066e+03
3208 -3.145889156406e+03
3209 -3.145888407957e+03
3210 -3.145887814570e+03
3211 -3.145887376666e+03
3212 -3.145887092356e+03
3213 -3.145886961791e+03
3214 -3.145886984322e+03
3215 -3.145887159211e+03
3216 -3.145887485626e+03
3217 -3.145887962622e+03
3218 -3.145888589118e+03
3219 -3.145889363865e+03
3220 -3.145890285401e+03
3221 -3.145891350856e+03
3222 -3.145892560565e+03
3223 -3.145893911010e+03
3224 -3.145895399483e+03
3225 -3.145897022876e+03
3226 -3.145898777658e+03
3227 -3.145900659860e+03
3228 -3.145902665071e+03
3229 -3.145904788444e+03
3230 -3.145907024709e+03
3231 -3.145909364643e+03
3232 -3.145911809335e+03
3233 -3.145914348846e+03
3234 -3.145916976520e+03
3235 -3.145919685454e+03
3236 -3.145922468542e+03
3237 -3.145925318521e+03
3238 -3.145928228008e+03
3239 -3.145931189542e+03
3240 -3.145934195612e+03
3241 -3.145937235391e+03
3242 -3.145940307990e+03
3243 -3.145943402604e+03
3244 -3.145946511791e+03
3245 -3.145949628169e+03
3246 -3.145952744415e+03
3247 -3.145955853269e+03
3248 -3.145958947536e+03
3249 -3.145962020075e+03
3250 -3.145965063803e+03
3251 -3.145968071988e+03
3252 -3.145971037073e+03
3253 -3.145973952420e+03
3254 -3.145976811173e+03
3255 -3.145979606555e+03
3256 -3.145982331887e+03
3257 -3.145984980602e+03
3258 -3.145987546283e+03
3259 -3.145990022682e+03
3260 -3.145992403757e+03
3261 -3.145994687769e+03
3262 -3.145996861064e+03
3263 -3.145998922466e+03
3264 -3.146000867072e+03
3265 -3.146002690335e+03
3266 -3.146004388081e+03
3267 -3.146005956520e+03
3268 -3.146007392253e+03
3269 -3.146008692273e+03
3270 -3.146009853954e+03
3271 -3.146010878296e+03
3272 -3.146011756898e+03
3273 -3.146012491440e+03
3274 -3.146013080669e+03
3275 -3.146013523623e+03
3276 -3.146013819609e+03
3277 -3.146013968184e+03
3278 -3.146013969135e+03
3279 -3.146013822469e+03
3280 -3.146013528398e+03
3281 -3.146013085472e+03
3282 -3.146012498031e+03
3283 -3.146011765016e+03
3284 -3.146010887438e+03
3285 -3.146009866524e+03
3286 -3.146008703727e+03
3287 -3.146007400745e+03
3288 -3.146005959535e+03
3289 -3.146004382333e+03
3290 -3.146002671675e+03
3291 -3.146000825453e+03
3292 -3.145998856772e+03
3293 -3.145996764191e+03
3294 -3.145994551585e+03
3295 -3.145992223178e+03
3296 -3.145989783542e+03
3297 -3.145987237580e+03
3298 -3.145984590515e+03
3299 -3.145981847858e+03
3300 -3.145979015385e+03
3301 -3.145976096672e+03
3302 -3.145973102764e+03
3303 -3.145970037556e+03
3304 -3.145966907483e+03
3305 -3.145963719043e+03
3306 -3.145960478757e+03
3307 -3.145957193139e+03
3308 -3.145953868657e+03
3309 -3.145950511719e+03
3310 -3.145947128647e+03
3311 -3.145943727836e+03
3312 -3.145940311084e+03
3313 -3.145936886569e+03
3314 -3.145933460212e+03
3315 -3.145930037840e+03
3316 -3.145926625196e+03
3317 -3.145923227947e+03
3318 -3.145919851692e+03
3319 -3.145916501969e+03
3320 -3.145913184260e+03
3321 -3.145909906802e+03
3322 -3.145906669333e+03
3323 -3.145903479957e+03
3324 -3.145900343891e+03
3325 -3.145897266268e+03
3326 -3.145894252114e+03
3327 -3.145891306344e+03
3328 -3.145888433739e+03
3329 -3.145885638929e+03
3330 -3.145882926378e+03
3331 -3.145880299426e+03
3332 -3.145877764008e+03
3333 -3.145875323016e+03
3334 -3.145872980023e+03
3335 -3.145870738320e+03
3336 -3.145868600899e+03
3337 -3.145866570430e+03
3338 -3.145864649254e+03
3339 -3.145862839379e+03
3340 -3.145861142479e+03
3341 -3.145859557128e+03
3342 -3.145858089944e+03
3343 -3.145856738931e+03
3344 -3.145855504640e+03
3345 -3.145854387424e+03
3346 -3.145853387486e+03
3347 -3.145852504921e+03
3348 -3.145851739768e+03
3349 -3.145851092046e+03
3350 -3.145850561795e+03
3351 -3.145850150043e+03
3352 -3.145849855053e+03
3353 -3.145849677984e+03
3354 -3.145849619108e+03
3355 -3.145849678728e+03
3356 -3.145849857133e+03
3357 -3.145850154548e+03
3358 -3.145850571073e+03
3359 -3.145851106609e+03
3360 -3.145851760796e+03
3361 -3.145852540041e+03
3362 -3.145853429022e+03
3363 -3.145854433311e+03
3364 -3.145855550874e+03
3365 -3.145856779166e+03
3366 -3.145858115120e+03
3367 -3.145859555159e+03
3368 -3.145861095222e+03
3369 -3.145862730803e+03
3370 -3.145864457001e+03
3371 -3.145866279017e+03
3372 -3.145868170455e+03
3373 -3.145870136072e+03
3374 -3.145872170036e+03
3375 -3.145874266448e+03
3376 -3.145876419402e+03
3377 -3.145878623039e+03
3378 -3.145880871590e+03
3379 -3.145883159411e+03
3380 -3.145885481015e+03
3381 -3.145887840313e+03
3382 -3.145890213682e+03
3383 -3.145892605403e+03
3384 -3.145895010677e+03
3385 -3.145897424858e+03
3386 -3.145899843430e+03
3387 -3.145902261980e+03
3388 -3.145904676172e+03
3389 -3.145907081719e+03
3390 -3.145909474352e+03
3391 -3.145911856277e+03
3392 -3.145914210221e+03
3393 -3.145916538317e+03
3394 -3.145918836153e+03
3395 -3.145921099254e+03
3396 -3.145923323079e+03
3397 -3.145925503033e+03
3398 -3.145927634474e+03
3399 -3.145929712737e+03
3400 -3.145931733155e+03
3401 -3.145933695949e+03
3402 -3.145935586789e+03
3403 -3.145937406019e+03
3404 -3.145939149221e+03
3405 -3.145940812106e+03
3406 -3.145942390535e+03
3407 -3.145943880535e+03
3408 -3.145945278316e+03
3409 -3.145946580277e+03
3410 -3.145947783010e+03
3411 -3.145948888022e+03
3412 -3.145949882835e+03
3413 -3.145950769309e+03
3414 -3.145951544750e+03
3415 -3.145952206615e+03
3416 -3.145952752506e+03
3417 -3.145953180156e+03
3418 -3.145953487433e+03
3419 -3.145953672337e+03
3420 -3.145953733012e+03
3421 -3.145953672482e+03
3422 -3.145953479772e+03
3423 -3.145953158273e+03
3424 -3.145952706884e+03
3425 -3.145952124765e+03
3426 -3.145951411368e+03
3427 -3.145950566474e+03
3428 -3.145949590227e+03
3429 -3.145948483156e+03
3430 -3.145947246208e+03
3431 -3.145945884055e+03
3432 -3.145944391940e+03
3433 -3.145942775416e+03
3434 -3.145941037193e+03
3435 -3.145939180414e+03
3436 -3.145937208633e+03
3437 -3.145935125790e+03
3438 -3.145932936180e+03
3439 -3.145930644419e+03
3440 -3.145928255399e+03
3441 -3.145925774927e+03
3442 -3.145923207009e+03
3443 -3.145920557791e+03
3444 -3.145917832884e+03
3445 -3.145915037985e+03
3446 -3.145912178844e+03
3447 -3.145909261237e+03
3448 -3.145906290949e+03
3449 -3.145903273751e+03
3450 -3.145900215392e+03
3451 -3.145897120512e+03
3452 -3.145893996985e+03
3453 -3.145890849372e+03
3454 -3.145887683315e+03
3455 -3.145884504442e+03
3456 -3.145881318383e+03
3457 -3.145878130774e+03
3458 -3.145874947273e+03
3459 -3.145871773560e+03
3460 -3.145868615341e+03
3461 -3.145865478233e+03
3462 -3.145862368233e+03
3463 -3.145859290945e+03
3464 -3.145856252085e+03
3465 -3.145853257319e+03
3466 -3.145850312225e+03
3467 -3.145847422260e+03
3468 -3.145844592722e+03
3469 -3.145841828708e+03
3470 -3.145839135079e+03
3471 -3.145836518761e+03
3472 -3.145833979383e+03
3473 -3.145831523222e+03
3474 -3.145829153887e+03
3475 -3.145826874641e+03
3476 -3.145824688390e+03
3477 -3.145822597704e+03
3478 -3.145820604833e+03
3479 -3.145818711740e+03
3480 -3.145816920134e+03
3481 -3.145815234103e+03
3482 -3.145813649856e+03
3483 -3.145812171195e+03
3484 -3.145810799303e+03
3485 -3.145809535347e+03
3486 -3.145808380522e+03
3487 -3.145807336069e+03
3488 -3.145806403301e+03
3489 -3.145805583596e+03
3490 -3.145804878388e+03
3491 -3.145804288563e+03
3492 -3.145803816769e+03
3493 -3.145803463799e+03
3494 -3.145803230930e+03
3495 -3.145803119250e+03
3496 -3.145803129587e+03
3497 -3.145803262433e+03
3498 -3.145803517876e+03
3499 -3.145803895537e+03
3500 -3.145804394514e+03
3501 -3.145805009604e+03
3502 -3.145805746274e+03
3503 -3.145806598130e+03
3504 -3.145807561973e+03
3505 -3.145808634064e+03
3506 -3.145809810180e+03
3507 -3.145811085673e+03
3508 -3.145812455554e+03
3509 -3.145813914570e+03
3510 -3.145815457298e+03
3511 -3.145817074821e+03
3512 -3.145818768465e+03
3513 -3.145820529366e+03
3514 -3.145822352224e+03
3515 -3.145824231932e+03
3516 -3.145826163604e+03
3517 -3.145828142604e+03
3518 -3.145830164546e+03
3519 -3.145832225287e+03
3520 -3.145834320908e+03
3521 -3.145836446630e+03
3522 -3.145838600989e+03
3523 -3.145840779447e+03
3524 -3.145842978594e+03
3525 -3.145845195034e+03
3526 -3.145847425343e+03
3527 -3.145849666027e+03
3528 -3.145851913491e+03
3529 -3.145854164012e+03
3530 -3.145856413716e+03
3531 -3.145858657742e+03
3532 -3.145860893576e+03
3533 -3.145863116032e+03
3534 -3.145865320629e+03
3535 -3.145867502776e+03
3536 -3.145869657795e+03
3537 -3.145871780955e+03
3538 -3.145873867509e+03
3539 -3.145875912730e+03
3540 -3.145877911947e+03
3541 -3.145879857608e+03
3542 -3.145881751199e+03
3543 -3.145883585429e+03
3544 -3.145885356153e+03
3545 -3.145887059410e+03
3546 -3.145888691434e+03
3547 -3.145890248656e+03
3548 -3.145891727700e+03
3549 -3.145893125376e+03
3550 -3.145894438671e+03
3551 -3.145895661137e+03
3552 -3.145896797246e+03
3553 -3.145897840809e+03
3554 -3.145898789340e+03
3555 -3.145899640447e+03
3556 -3.145900391818e+03
3557 -3.145901041218e+03
3558 -3.145901586491e+03
3559 -3.145902025562e+03
3560 -3.145902356455e+03
3561 -3.145902575178e+03
3562 -3.145902684273e+03
3563 -3.145902680047e+03
3564 -3.145902561141e+03
3565 -3.145902326424e+03
3566 -3.145901975024e+03
3567 -3.145901506359e+03
3568 -3.145900920159e+03
3569 -3.145900216492e+03
3570 -3.145899395772e+03
3571 -3.145898457231e+03
3572 -3.145897405105e+03
3573 -3.145896239334e+03
3574 -3.145894961762e+03
3575 -3.145893574561e+03
3576 -3.145892080216e+03
3577 -3.145890481496e+03
3578 -3.145888781425e+03
3579 -3.145886983247e+03
3580 -3.145885090400e+03
3581 -3.145883103499e+03
3582 -3.145881032222e+03
3583 -3.145878877391e+03
3584 -3.145876642882e+03
3585 -3.145874332614e+03
3586 -3.145871950533e+03
3587 -3.145869500606e+03
3588 -3.145866986814e+03
3589 -3.145864413157e+03
3590 -3.145861783669e+03
3591 -3.145859098588e+03
3592 -3.145856369772e+03
3593 -3.145853597625e+03
3594 -3.145850786534e+03
3595 -3.145847941048e+03
3596 -3.145845065900e+03
3597 -3.145842166029e+03
3598 -3.145839246598e+03
3599 -3.145836312996e+03
3600 -3.145833370838e+03
3601 -3.145830425007e+03
3602 -3.145827483397e+03
3603 -3.145824551208e+03
3604 -3.145821634685e+03
3605 -3.145818740114e+03
3606 -3.145815873759e+03
3607 -3.145813041795e+03
3608 -3.145810250246e+03
3609 -3.145807504919e+03
3610 -3.145804811351e+03
3611 -3.145802179100e+03
3612 -3.145799604334e+03
3613 -3.145797095865e+03
3614 -3.145794657769e+03
3615 -3.145792293722e+03
3616 -3.145790007023e+03
3617 -3.145787800616e+03
3618 -3.145785677135e+03
3619 -3.145783638948e+03
3620 -3.145781688223e+03
3621 -3.145779835410e+03
3622 -3.145778065583e+03
3623 -3.145776389098e+03
3624 -3.145774807902e+03
3625 -3.145773324014e+03
3626 -3.145771939548e+03
3627 -3.145770656727e+03
3628 -3.145769477877e+03
3629 -3.145768405403e+03
3630 -3.145767441746e+03
3631 -3.145766598968e+03
3632 -3.145765860107e+03
3633 -3.145765236977e+03
3634 -3.145764731481e+03
3635 -3.145764345177e+03
3636 -3.145764079193e+03
3637 -3.145763934157e+03
3638 -3.145763910127e+03
3639 -3.145764006557e+03
3640 -3.145764222269e+03
3641 -3.145764563792e+03
3642 -3.145765012016e+03
3643 -3.145765572299e+03
3644 -3.145766241145e+03
3645 -3.145767014627e+03
3646 -3.145767888478e+03
3647 -3.145768858187e+03
3648 -3.145769919099e+03
3649 -3.145771066517e+03
3650 -3.145772295790e+03
3651 -3.145773609263e+03
3652 -3.145774988873e+03
3653 -3.145776437416e+03
3654 -3.145777951099e+03
3655 -3.145779526422e+03
3656 -3.145781160173e+03
3657 -3.145782849399e+03
3658 -3.145784591372e+03
3659 -3.145786383537e+03
3660 -3.145788223445e+03
3661 -3.145790116128e+03
3662 -3.145792044275e+03
3663 -3.145794012813e+03
3664 -3.145796019079e+03
3665 -3.145798060210e+03
3666 -3.145800133104e+03
3667 -3.145802234397e+03
3668 -3.145804360446e+03
3669 -3.145806507333e+03
3670 -3.145808670874e+03
3671 -3.145810856351e+03
3672 -3.145813039697e+03
3673 -3.145815225828e+03
3674 -3.145817409813e+03
3675 -3.145819586636e+03
3676 -3.145821751244e+03
3677 -3.145823898590e+03
3678 -3.145826023672e+03
3679 -3.145828121569e+03
3680 -3.145830187473e+03
3681 -3.145832227486e+03
3682 -3.145834215513e+03
3683 -3.145836157981e+03
3684 -3.145838050688e+03
3685 -3.145839889592e+03
3686 -3.145841670797e+03
3687 -3.145843390543e+03
3688 -3.145845045187e+03
3689 -3.145846631181e+03
3690 -3.145848145056e+03
3691 -3.145849591093e+03
3692 -3.145850950535e+03
3693 -3.145852227731e+03
3694 -3.145853419361e+03
3695 -3.145854522125e+03
3696 -3.145855532753e+03
3697 -3.145856448019e+03
3698 -3.145857264765e+03
3699 -3.145857979928e+03
3700 -3.145858590582e+03
3701 -3.145859096395e+03
3702 -3.145859489997e+03
3703 -3.145859771526e+03
3704 -3.145859939013e+03
3705 -3.145859990836e+03
3706 -3.145859925754e+03
3707 -3.145859742937e+03
3708 -3.145859441989e+03
3709 -3.145859022958e+03
3710 -3.145858486339e+03
3711 -3.145857833825e+03
3712 -3.145857065270e+03
3713 -3.145856183169e+03
3714 -3.145855189629e+03
3715 -3.145854087076e+03
3716 -3.145852878199e+03
3717 -3.145851565914e+03
3718 -3.145850153304e+03
3719 -3.145848643580e+03
3720 -3.145847040040e+03
3721 -3.145845350462e+03
3722 -3.145843569363e+03
3723 -3.145841704543e+03
3724 -3.145839759376e+03
3725 -3.145837737241e+03
3726 -3.145835641526e+03
3727 -3.145833475649e+03
3728 -3.145831243086e+03
3729 -3.145828947394e+03
3730 -3.145826592245e+03
3731 -3.145824189128e+03
3732 -3.145821726678e+03
3733 -3.145819216728e+03
3734 -3.145816663640e+03
3735 -3.145814071981e+03
3736 -3.145811446516e+03
3737 -3.145808792194e+03
3738 -3.145806114121e+03
3739 -3.145803417531e+03
3740 -3.145800707741e+03
3741 -3.145797994510e+03
3742 -3.145795274374e+03
3743 -3.145792556981e+03
3744 -3.145789847458e+03
3745 -3.145787150752e+03
3746 -3.145784471585e+03
3747 -3.145781814413e+03
3748 -3.145779183400e+03
3749 -3.145776582402e+03
3750 -3.145774014960e+03
3751 -3.145771481951e+03
3752 -3.145768991076e+03
3753 -3.145766542648e+03
3754 -3.145764139152e+03
3755 -3.145761782912e+03
3756 -3.145759476143e+03
3757 -3.145757221011e+03
3758 -3.145755019694e+03
3759 -3.145752874437e+03
3760 -3.145750787603e+03
3761 -3.145748757724e+03
3762 -3.145746795562e+03
3763 -3.145744900061e+03
3764 -3.145743074428e+03
3765 -3.145741322111e+03
3766 -3.145739646784e+03
3767 -3.145738052313e+03
3768 -3.145736542711e+03
3769 -3.145735122074e+03
3770 -3.145733794514e+03
3771 -3.145732565055e+03
3772 -3.145731435635e+03
3773 -3.145730410861e+03
3774 -3.145729494039e+03
3775 -3.145728688058e+03
3776 -3.145727995313e+03
3777 -3.145727417649e+03
3778 -3.145726956310e+03
3779 -3.145726611914e+03
3780 -3.145726384440e+03
3781 -3.145726278236e+03
3782 -3.145726282076e+03
3783 -3.145726399157e+03
3784 -3.145726627202e+03
3785 -3.145726963527e+03
3786 -3.145727405126e+03
3787 -3.145727948763e+03
3788 -3.145728591062e+03
3789 -3.145729328591e+03
3790 -3.145730157942e+03
3791 -3.145731077031e+03
3792 -3.145732080221e+03
3793 -3.145733165728e+03
3794 -3.145734330733e+03
3795 -3.145735572606e+03
3796 -3.145736888885e+03
3797 -3.145738277245e+03
3798 -3.145739735442e+03
3799 -3.145741261261e+03
3800 -3.145742852444e+03
3801 -3.145744499120e+03
3802 -3.145746213749e+03
3803 -3.145747986032e+03
3804 -3.145749812884e+03
3805 -3.145751690882e+03
3806 -3.145753616245e+03
3807 -3.145755584823e+03
3808 -3.145757592107e+03
3809 -3.145759633254e+03
3810 -3.145761703128e+03
3811 -3.145763784404e+03
3812 -3.145765895408e+03
3813 -3.145768018533e+03
3814 -3.145770148071e+03
3815 -3.145772278340e+03
3816 -3.145774403755e+03
3817 -3.145776518885e+03
3818 -3.145778618498e+03
3819 -3.145780697605e+03
3820 -3.145782751479e+03
3821 -3.145784766766e+03
3822 -3.145786757102e+03
3823 -3.145788709668e+03
3824 -3.145790620795e+03
3825 -3.145792487026e+03
3826 -3.145794305080e+03
3827 -3.145796071809e+03
3828 -3.145797784165e+03
3829 -3.145799439147e+03
3830 -3.145801033770e+03
3831 -3.145802562391e+03
3832 -3.145804027257e+03
3833 -3.145805422597e+03
3834 -3.145806745225e+03
3835 -3.145807991887e+03
3836 -3.145809159271e+03
3837 -3.145810244038e+03
3838 -3.145811242850e+03
3839 -3.145812152418e+03
3840 -3.145812969547e+03
3841 -3.145813693215e+03
3842 -3.145814316541e+03
3843 -3.145814838948e+03
3844 -3.145815258148e+03
3845 -3.145815572198e+03
3846 -3.145815779532e+03
3847 -3.145815878982e+03
3848 -3.145815869791e+03
3849 -3.145815751611e+03
3850 -3.145815524490e+03
3851 -3.145815191513e+03
3852 -3.145814748122e+03
3853 -3.145814198030e+03
3854 -3.145813542547e+03
3855 -3.145812783186e+03
3856 -3.145811921611e+03
3857 -3.145810959599e+03
3858 -3.145809898996e+03
3859 -3.145808741686e+03
3860 -3.145807489576e+03
3861 -3.145806145628e+03
3862 -3.145804709697e+03
3863 -3.145803184775e+03
