1 9.442675589900e-08
2 9.442675589900e-08
3 9.442675589900e-08
4 9.442675589900e-08
5 9.442675589900e-08
6 9.442675589900e-08
7 9.442675589900e-08
8 9.442675589900e-08
9 9.442675589900e-08
10 9.442675589900e-08
11 3.774764538024e-07
12 3.774764538024e-07
13 3.774764538024e-07
14 3.774764538024e-07
15 3.774764538024e-07
16 3.774764538024e-07
17 3.774764538024e-07
18 3.774764538024e-07
19 3.774764538024e-07
20 3.774764538024e-07
21 8.480840826416e-07
22 8.480840826416e-07
23 8.480840826416e-07
24 8.480840826416e-07
25 8.480840826416e-07
26 8.480840826416e-07
27 8.480840826416e-07
28 8.480840826416e-07
29 8.480840826416e-07
30 8.480840826416e-07
31 1.504144192227e-06
32 1.504144192227e-06
33 1.504144192227e-06
34 1.504144192227e-06
35 1.504144192227e-06
36 1.504144192227e-06
37 1.504144192227e-06
38 1.504144192227e-06
39 1.504144192227e-06
40 1.504144192227e-06
41 2.342718668793e-06
42 2.342718668793e-06
43 2.342718668793e-06
44 2.342718668793e-06
45 2.342718668793e-06
46 2.342718668793e-06
47 2.342718668793e-06
48 2.342718668793e-06
49 2.342718668793e-06
50 2.342718668793e-06
51 3.360546907638e-06
52 3.360546907638e-06
53 3.360546907638e-06
54 3.360546907638e-06
55 3.360546907638e-06
56 3.360546907638e-06
57 3.360546907638e-06
58 3.360546907638e-06
59 3.360546907638e-06
60 3.360546907638e-06
61 4.556773901849e-06
62 4.556773901849e-06
63 4.556773901849e-06
64 4.556773901849e-06
65 4.556773901849e-06
66 4.556773901849e-06
67 4.556773901849e-06
68 4.556773901849e-06
69 4.556773901849e-06
70 4.556773901849e-06
71 5.936115226306e-06
72 5.936115226306e-06
73 5.936115226306e-06
74 5.936115226306e-06
75 5.936115226306e-06
76 5.936115226306e-06
77 5.936115226306e-06
78 5.936115226306e-06
79 5.936115226306e-06
80 5.936115226306e-06
81 7.507631841261e-06
82 7.507631841261e-06
83 7.507631841261e-06
84 7.507631841261e-06
85 7.507631841261e-06
86 7.507631841261e-06
87 7.507631841261e-06
88 7.507631841261e-06
89 7.507631841261e-06
90 7.507631841261e-06
91 9.280668395289e-06
92 9.280668395289e-06
93 9.280668395289e-06
94 9.280668395289e-06
95 9.280668395289e-06
96 9.280668395289e-06
97 9.280668395289e-06
98 9.280668395289e-06
99 9.280668395289e-06
100 9.280668395289e-06
101 1.126357312716e-05
102 1.126357312716e-05
103 1.126357312716e-05
104 1.126357312716e-05
105 1.126357312716e-05
106 1.126357312716e-05
107 1.126357312716e-05
108 1.126357312716e-05
109 1.126357312716e-05
110 1.126357312716e-05
111 1.346410594200e-05
112 1.346410594200e-05
113 1.346410594200e-05
114 1.346410594200e-05
115 1.346410594200e-05
116 1.346410594200e-05
117 1.346410594200e-05
118 1.346410594200e-05
119 1.346410594200e-05
120 1.346410594200e-05
121 1.588640958703e-05
122 1.588640958703e-05
123 1.588640958703e-05
124 1.588640958703e-05
125 1.588640958703e-05
126 1.588640958703e-05
127 1.588640958703e-05
128 1.588640958703e-05
129 1.588640958703e-05
130 1.588640958703e-05
131 1.852813689587e-05
132 1.852813689587e-05
133 1.852813689587e-05
134 1.852813689587e-05
135 1.852813689587e-05
136 1.852813689587e-05
137 1.852813689587e-05
138 1.852813689587e-05
139 1.852813689587e-05
140 1.852813689587e-05
141 2.137952973026e-05
142 2.137952973026e-05
143 2.137952973026e-05
144 2.137952973026e-05
145 2.137952973026e-05
146 2.137952973026e-05
147 2.137952973026e-05
148 2.137952973026e-05
149 2.137952973026e-05
150 2.137952973026e-05
151 2.442220067332e-05
152 2.442220067332e-05
153 2.442220067332e-05
154 2.442220067332e-05
155 2.442220067332e-05
156 2.442220067332e-05
157 2.442220067332e-05
158 2.442220067332e-05
159 2.442220067332e-05
160 2.442220067332e-05
161 2.763050947589e-05
162 2.763050947589e-05
163 2.763050947589e-05
164 2.763050947589e-05
165 2.763050947589e-05
166 2.763050947589e-05
167 2.763050947589e-05
168 2.763050947589e-05
169 2.763050947589e-05
170 2.763050947589e-05
171 3.098200248098e-05
172 3.098200248098e-05
173 3.098200248098e-05
174 3.098200248098e-05
175 3.098200248098e-05
176 3.098200248098e-05
177 3.098200248098e-05
178 3.098200248098e-05
179 3.098200248098e-05
180 3.098200248098e-05
181 3.446748326072e-05
182 3.446748326072e-05
183 3.446748326072e-05
184 3.446748326072e-05
185 3.446748326072e-05
186 3.446748326072e-05
187 3.446748326072e-05
188 3.446748326072e-05
189 3.446748326072e-05
190 3.446748326072e-05
191 3.808964985118e-05
192 3.808964985118e-05
193 3.808964985118e-05
194 3.808964985118e-05
195 3.808964985118e-05
196 3.808964985118e-05
197 3.808964985118e-05
198 3.808964985118e-05
199 3.808964985118e-05
200 3.808964985118e-05
201 4.185962887599e-05
202 4.185962887599e-05
203 4.185962887599e-05
204 4.185962887599e-05
205 4.185962887599e-05
206 4.185962887599e-05
207 4.185962887599e-05
208 4.185962887599e-05
209 4.185962887599e-05
210 4.185962887599e-05
211 4.580089907619e-05
212 4.580089907619e-05
213 4.580089907619e-05
214 4.580089907619e-05
215 4.580089907619e-05
216 4.580089907619e-05
217 4.580089907619e-05
218 4.580089907619e-05
219 4.580089907619e-05
220 4.580089907619e-05
221 4.995155815941e-05
222 4.995155815941e-05
223 4.995155815941e-05
224 4.995155815941e-05
225 4.995155815941e-05
226 4.995155815941e-05
227 4.995155815941e-05
228 4.995155815941e-05
229 4.995155815941e-05
230 4.995155815941e-05
231 5.435706868723e-05
232 5.435706868723e-05
233 5.435706868723e-05
234 5.435706868723e-05
235 5.435706868723e-05
236 5.435706868723e-05
237 5.435706868723e-05
238 5.435706868723e-05
239 5.435706868723e-05
240 5.435706868723e-05
241 5.906504703110e-05
242 5.906504703110e-05
243 5.906504703110e-05
244 5.906504703110e-05
245 5.906504703110e-05
246 5.906504703110e-05
247 5.906504703110e-05
248 5.906504703110e-05
249 5.906504703110e-05
250 5.906504703110e-05
251 6.412275264147e-05
252 6.412275264147e-05
253 6.412275264147e-05
254 6.412275264147e-05
255 6.412275264147e-05
256 6.412275264147e-05
257 6.412275264147e-05
258 6.412275264147e-05
259 6.412275264147e-05
260 6.412275264147e-05
261 6.957042921706e-05
262 6.957042921706e-05
263 6.957042921706e-05
264 6.957042921706e-05
265 6.957042921706e-05
266 6.957042921706e-05
267 6.957042921706e-05
268 6.957042921706e-05
269 6.957042921706e-05
270 6.957042921706e-05
271 7.543672982211e-05
272 7.543672982211e-05
273 7.543672982211e-05
274 7.543672982211e-05
275 7.543672982211e-05
276 7.543672982211e-05
277 7.543672982211e-05
278 7.543672982211e-05
279 7.543672982211e-05
280 7.543672982211e-05
281 8.174184590432e-05
282 8.174184590432e-05
283 8.174184590432e-05
284 8.174184590432e-05
285 8.174184590432e-05
286 8.174184590432e-05
287 8.174184590432e-05
288 8.174184590432e-05
289 8.174184590432e-05
290 8.174184590432e-05
291 8.849934736042e-05
292 8.849934736042e-05
293 8.849934736042e-05
294 8.849934736042e-05
295 8.849934736042e-05
296 8.849934736042e-05
297 8.849934736042e-05
298 8.849934736042e-05
299 8.849934736042e-05
300 8.849934736042e-05
301 9.570435927372e-05
302 9.570435927372e-05
303 9.570435927372e-05
304 9.570435927372e-05
305 9.570435927372e-05
306 9.570435927372e-05
307 9.570435927372e-05
308 9.570435927372e-05
309 9.570435927372e-05
310 9.570435927372e-05
311 1.033280555111e-04
312 1.033280555111e-04
313 1.033280555111e-04
314 1.033280555111e-04
315 1.033280555111e-04
316 1.033280555111e-04
317 1.033280555111e-04
318 1.033280555111e-04
319 1.033280555111e-04
320 1.033280555111e-04
321 1.113254404867e-04
322 1.113254404867e-04
323 1.113254404867e-04
324 1.113254404867e-04
325 1.113254404867e-04
326 1.113254404867e-04
327 1.113254404867e-04
328 1.113254404867e-04
329 1.113254404867e-04
330 1.113254404867e-04
331 1.196432397739e-04
332 1.196432397739e-04
333 1.196432397739e-04
334 1.196432397739e-04
335 1.196432397739e-04
336 1.196432397739e-04
337 1.196432397739e-04
338 1.196432397739e-04
339 1.196432397739e-04
340 1.196432397739e-04
341 1.282167430093e-04
342 1.282167430093e-04
343 1.282167430093e-04
344 1.282167430093e-04
345 1.282167430093e-04
346 1.282167430093e-04
347 1.282167430093e-04
348 1.282167430093e-04
349 1.282167430093e-04
350 1.282167430093e-04
351 1.369739421636e-04
352 1.369739421636e-04
353 1.369739421636e-04
354 1.369739421636e-04
355 1.369739421636e-04
356 1.369739421636e-04
357 1.369739421636e-04
358 1.369739421636e-04
359 1.369739421636e-04
360 1.369739421636e-04
361 1.458496427963e-04
362 1.458496427963e-04
363 1.458496427963e-04
364 1.458496427963e-04
365 1.458496427963e-04
366 1.458496427963e-04
367 1.458496427963e-04
368 1.458496427963e-04
369 1.458496427963e-04
370 1.458496427963e-04
371 1.547931485616e-04
372 1.547931485616e-04
373 1.547931485616e-04
374 1.547931485616e-04
375 1.547931485616e-04
376 1.547931485616e-04
377 1.547931485616e-04
378 1.547931485616e-04
379 1.547931485616e-04
380 1.547931485616e-04
381 1.637725187592e-04
382 1.637725187592e-04
383 1.637725187592e-04
384 1.637725187592e-04
385 1.637725187592e-04
386 1.637725187592e-04
387 1.637725187592e-04
388 1.637725187592e-04
389 1.637725187592e-04
390 1.637725187592e-04
391 1.727837268216e-04
392 1.727837268216e-04
393 1.727837268216e-04
394 1.727837268216e-04
395 1.727837268216e-04
396 1.727837268216e-04
397 1.727837268216e-04
398 1.727837268216e-04
399 1.727837268216e-04
400 1.727837268216e-04
401 1.818486569507e-04
402 1.818486569507e-04
403 1.818486569507e-04
404 1.818486569507e-04
405 1.818486569507e-04
406 1.818486569507e-04
407 1.818486569507e-04
408 1.818486569507e-04
409 1.818486569507e-04
410 1.818486569507e-04
411 1.909957428545e-04
412 1.909957428545e-04
413 1.909957428545e-04
414 1.909957428545e-04
415 1.909957428545e-04
416 1.909957428545e-04
417 1.909957428545e-04
418 1.909957428545e-04
419 1.909957428545e-04
420 1.909957428545e-04
421 2.002498948251e-04
422 2.002498948251e-04
423 2.002498948251e-04
424 2.002498948251e-04
425 2.002498948251e-04
426 2.002498948251e-04
427 2.002498948251e-04
428 2.002498948251e-04
429 2.002498948251e-04
430 2.002498948251e-04
431 2.096450582562e-04
432 2.096450582562e-04
433 2.096450582562e-04
434 2.096450582562e-04
435 2.096450582562e-04
436 2.096450582562e-04
437 2.096450582562e-04
438 2.096450582562e-04
439 2.096450582562e-04
440 2.096450582562e-04
441 2.192276237583e-04
442 2.192276237583e-04
443 2.192276237583e-04
444 2.192276237583e-04
445 2.192276237583e-04
446 2.192276237583e-04
447 2.192276237583e-04
448 2.192276237583e-04
449 2.192276237583e-04
450 2.192276237583e-04
451 2.290413632979e-04
452 2.290413632979e-04
453 2.290413632979e-04
454 2.290413632979e-04
455 2.290413632979e-04
456 2.290413632979e-04
457 2.290413632979e-04
458 2.290413632979e-04
459 2.290413632979e-04
460 2.290413632979e-04
461 2.391229641723e-04
462 2.391229641723e-04
463 2.391229641723e-04
464 2.391229641723e-04
465 2.391229641723e-04
466 2.391229641723e-04
467 2.391229641723e-04
468 2.391229641723e-04
469 2.391229641723e-04
470 2.391229641723e-04
471 2.495224209988e-04
472 2.495224209988e-04
473 2.495224209988e-04
474 2.495224209988e-04
475 2.495224209988e-04
476 2.495224209988e-04
477 2.495224209988e-04
478 2.495224209988e-04
479 2.495224209988e-04
480 2.495224209988e-04
481 2.603106973376e-04
482 2.603106973376e-04
483 2.603106973376e-04
484 2.603106973376e-04
485 2.603106973376e-04
486 2.603106973376e-04
487 2.603106973376e-04
488 2.603106973376e-04
489 2.603106973376e-04
490 2.603106973376e-04
491 2.715792867285e-04
492 2.715792867285e-04
493 2.715792867285e-04
494 2.715792867285e-04
495 2.715792867285e-04
496 2.715792867285e-04
497 2.715792867285e-04
498 2.715792867285e-04
499 2.715792867285e-04
500 2.715792867285e-04
501 2.834370120664e-04
502 2.834370120664e-04
503 2.834370120664e-04
504 2.834370120664e-04
505 2.834370120664e-04
506 2.834370120664e-04
507 2.834370120664e-04
508 2.834370120664e-04
509 2.834370120664e-04
510 2.834370120664e-04
511 2.959901623646e-04
512 2.959901623646e-04
513 2.959901623646e-04
514 2.959901623646e-04
515 2.959901623646e-04
516 2.959901623646e-04
517 2.959901623646e-04
518 2.959901623646e-04
519 2.959901623646e-04
520 2.959901623646e-04
521 3.093149971440e-04
522 3.093149971440e-04
523 3.093149971440e-04
524 3.093149971440e-04
525 3.093149971440e-04
526 3.093149971440e-04
527 3.093149971440e-04
528 3.093149971440e-04
529 3.093149971440e-04
530 3.093149971440e-04
531 3.234646491928e-04
532 3.234646491928e-04
533 3.234646491928e-04
534 3.234646491928e-04
535 3.234646491928e-04
536 3.234646491928e-04
537 3.234646491928e-04
538 3.234646491928e-04
539 3.234646491928e-04
540 3.234646491928e-04
541 3.385040419757e-04
542 3.385040419757e-04
543 3.385040419757e-04
544 3.385040419757e-04
545 3.385040419757e-04
546 3.385040419757e-04
547 3.385040419757e-04
548 3.385040419757e-04
549 3.385040419757e-04
550 3.385040419757e-04
551 3.545178620312e-04
552 3.545178620312e-04
553 3.545178620312e-04
554 3.545178620312e-04
555 3.545178620312e-04
556 3.545178620312e-04
557 3.545178620312e-04
558 3.545178620312e-04
559 3.545178620312e-04
560 3.545178620312e-04
561 3.715668359830e-04
562 3.715668359830e-04
563 3.715668359830e-04
564 3.715668359830e-04
565 3.715668359830e-04
566 3.715668359830e-04
567 3.715668359830e-04
568 3.715668359830e-04
569 3.715668359830e-04
570 3.715668359830e-04
571 3.896415283666e-04
572 3.896415283666e-04
573 3.896415283666e-04
574 3.896415283666e-04
575 3.896415283666e-04
576 3.896415283666e-04
577 3.896415283666e-04
578 3.896415283666e-04
579 3.896415283666e-04
580 3.896415283666e-04
581 4.086352130049e-04
582 4.086352130049e-04
583 4.086352130049e-04
584 4.086352130049e-04
585 4.086352130049e-04
586 4.086352130049e-04
587 4.086352130049e-04
588 4.086352130049e-04
589 4.086352130049e-04
590 4.086352130049e-04
591 4.283425129408e-04
592 4.283425129408e-04
593 4.283425129408e-04
594 4.283425129408e-04
595 4.283425129408e-04
596 4.283425129408e-04
597 4.283425129408e-04
598 4.283425129408e-04
599 4.283425129408e-04
600 4.283425129408e-04
601 4.484763069279e-04
602 4.484763069279e-04
603 4.484763069279e-04
604 4.484763069279e-04
605 4.484763069279e-04
606 4.484763069279e-04
607 4.484763069279e-04
608 4.484763069279e-04
609 4.484763069279e-04
610 4.484763069279e-04
611 4.687201954692e-04
612 4.687201954692e-04
613 4.687201954692e-04
614 4.687201954692e-04
615 4.687201954692e-04
616 4.687201954692e-04
617 4.687201954692e-04
618 4.687201954692e-04
619 4.687201954692e-04
620 4.687201954692e-04
621 4.887802293562e-04
622 4.887802293562e-04
623 4.887802293562e-04
624 4.887802293562e-04
625 4.887802293562e-04
626 4.887802293562e-04
627 4.887802293562e-04
628 4.887802293562e-04
629 4.887802293562e-04
630 4.887802293562e-04
631 5.084114653825e-04
632 5.084114653825e-04
633 5.084114653825e-04
634 5.084114653825e-04
635 5.084114653825e-04
636 5.084114653825e-04
637 5.084114653825e-04
638 5.084114653825e-04
639 5.084114653825e-04
640 5.084114653825e-04
641 5.274589146526e-04
642 5.274589146526e-04
643 5.274589146526e-04
644 5.274589146526e-04
645 5.274589146526e-04
646 5.274589146526e-04
647 5.274589146526e-04
648 5.274589146526e-04
649 5.274589146526e-04
650 5.274589146526e-04
651 5.459083595813e-04
652 5.459083595813e-04
653 5.459083595813e-04
654 5.459083595813e-04
655 5.459083595813e-04
656 5.459083595813e-04
657 5.459083595813e-04
658 5.459083595813e-04
659 5.459083595813e-04
660 5.459083595813e-04
661 5.638856452988e-04
662 5.638856452988e-04
663 5.638856452988e-04
664 5.638856452988e-04
665 5.638856452988e-04
666 5.638856452988e-04
667 5.638856452988e-04
668 5.638856452988e-04
669 5.638856452988e-04
670 5.638856452988e-04
671 5.815877333141e-04
672 5.815877333141e-04
673 5.815877333141e-04
674 5.815877333141e-04
675 5.815877333141e-04
676 5.815877333141e-04
677 5.815877333141e-04
678 5.815877333141e-04
679 5.815877333141e-04
680 5.815877333141e-04
681 5.992180353068e-04
682 5.992180353068e-04
683 5.992180353068e-04
684 5.992180353068e-04
685 5.992180353068e-04
686 5.992180353068e-04
687 5.992180353068e-04
688 5.992180353068e-04
689 5.992180353068e-04
690 5.992180353068e-04
691 6.169394558168e-04
692 6.169394558168e-04
693 6.169394558168e-04
694 6.169394558168e-04
695 6.169394558168e-04
696 6.169394558168e-04
697 6.169394558168e-04
698 6.169394558168e-04
699 6.169394558168e-04
700 6.169394558168e-04
701 6.348760338274e-04
702 6.348760338274e-04
703 6.348760338274e-04
704 6.348760338274e-04
705 6.348760338274e-04
706 6.348760338274e-04
707 6.348760338274e-04
708 6.348760338274e-04
709 6.348760338274e-04
710 6.348760338274e-04
711 6.531429223512e-04
712 6.531429223512e-04
713 6.531429223512e-04
714 6.531429223512e-04
715 6.531429223512e-04
716 6.531429223512e-04
717 6.531429223512e-04
718 6.531429223512e-04
719 6.531429223512e-04
720 6.531429223512e-04
721 6.718808157570e-04
722 6.718808157570e-04
723 6.718808157570e-04
724 6.718808157570e-04
725 6.718808157570e-04
726 6.718808157570e-04
727 6.718808157570e-04
728 6.718808157570e-04
729 6.718808157570e-04
730 6.718808157570e-04
731 6.912114050212e-04
732 6.912114050212e-04
733 6.912114050212e-04
734 6.912114050212e-04
735 6.912114050212e-04
736 6.912114050212e-04
737 6.912114050212e-04
738 6.912114050212e-04
739 6.912114050212e-04
740 6.912114050212e-04
741 7.111385085560e-04
742 7.111385085560e-04
743 7.111385085560e-04
744 7.111385085560e-04
745 7.111385085560e-04
746 7.111385085560e-04
747 7.111385085560e-04
748 7.111385085560e-04
749 7.111385085560e-04
750 7.111385085560e-04
751 7.315509508359e-04
752 7.315509508359e-04
753 7.315509508359e-04
754 7.315509508359e-04
755 7.315509508359e-04
756 7.315509508359e-04
757 7.315509508359e-04
758 7.315509508359e-04
759 7.315509508359e-04
760 7.315509508359e-04
761 7.523647098072e-04
762 7.523647098072e-04
763 7.523647098072e-04
764 7.523647098072e-04
765 7.523647098072e-04
766 7.523647098072e-04
767 7.523647098072e-04
768 7.523647098072e-04
769 7.523647098072e-04
770 7.523647098072e-04
771 7.736593131129e-04
772 7.736593131129e-04
773 7.736593131129e-04
774 7.736593131129e-04
775 7.736593131129e-04
776 7.736593131129e-04
777 7.736593131129e-04
778 7.736593131129e-04
779 7.736593131129e-04
780 7.736593131129e-04
781 7.956659380547e-04
782 7.956659380547e-04
783 7.956659380547e-04
784 7.956659380547e-04
785 7.956659380547e-04
786 7.956659380547e-04
787 7.956659380547e-04
788 7.956659380547e-04
789 7.956659380547e-04
790 7.956659380547e-04
791 8.186225480234e-04
792 8.186225480234e-04
793 8.186225480234e-04
794 8.186225480234e-04
795 8.186225480234e-04
796 8.186225480234e-04
797 8.186225480234e-04
798 8.186225480234e-04
799 8.186225480234e-04
800 8.186225480234e-04
801 8.425799734778e-04
802 8.425799734778e-04
803 8.425799734778e-04
804 8.425799734778e-04
805 8.425799734778e-04
806 8.425799734778e-04
807 8.425799734778e-04
808 8.425799734778e-04
809 8.425799734778e-04
810 8.425799734778e-04
811 8.673224395602e-04
812 8.673224395602e-04
813 8.673224395602e-04
814 8.673224395602e-04
815 8.673224395602e-04
816 8.673224395602e-04
817 8.673224395602e-04
818 8.673224395602e-04
819 8.673224395602e-04
820 8.673224395602e-04
821 8.925164306232e-04
822 8.925164306232e-04
823 8.925164306232e-04
824 8.925164306232e-04
825 8.925164306232e-04
826 8.925164306232e-04
827 8.925164306232e-04
828 8.925164306232e-04
829 8.925164306232e-04
830 8.925164306232e-04
831 9.180032067091e-04
832 9.180032067091e-04
833 9.180032067091e-04
834 9.180032067091e-04
835 9.180032067091e-04
836 9.180032067091e-04
837 9.180032067091e-04
838 9.180032067091e-04
839 9.180032067091e-04
840 9.180032067091e-04
841 9.439419490137e-04
842 9.439419490137e-04
843 9.439419490137e-04
844 9.439419490137e-04
845 9.439419490137e-04
846 9.439419490137e-04
847 9.439419490137e-04
848 9.439419490137e-04
849 9.439419490137e-04
850 9.439419490137e-04
851 9.706671769292e-04
852 9.706671769292e-04
853 9.706671769292e-04
854 9.706671769292e-04
855 9.706671769292e-04
856 9.706671769292e-04
857 9.706671769292e-04
858 9.706671769292e-04
859 9.706671769292e-04
860 9.706671769292e-04
861 9.983801851321e-04
862 9.983801851321e-04
863 9.983801851321e-04
864 9.983801851321e-04
865 9.983801851321e-04
866 9.983801851321e-04
867 9.983801851321e-04
868 9.983801851321e-04
869 9.983801851321e-04
870 9.983801851321e-04
871 1.026948577467e-03
872 1.026948577467e-03
873 1.026948577467e-03
874 1.026948577467e-03
875 1.026948577467e-03
876 1.026948577467e-03
877 1.026948577467e-03
878 1.026948577467e-03
879 1.026948577467e-03
880 1.026948577467e-03
881 1.055951042004e-03
882 1.055951042004e-03
883 1.055951042004e-03
884 1.055951042004e-03
885 1.055951042004e-03
886 1.055951042004e-03
887 1.055951042004e-03
888 1.055951042004e-03
889 1.055951042004e-03
890 1.055951042004e-03
891 1.084881140360e-03
892 1.084881140360e-03
893 1.084881140360e-03
894 1.084881140360e-03
895 1.084881140360e-03
896 1.084881140360e-03
897 1.084881140360e-03
898 1.084881140360e-03
899 1.084881140360e-03
900 1.084881140360e-03
901 1.113346694707e-03
902 1.113346694707e-03
903 1.113346694707e-03
904 1.113346694707e-03
905 1.113346694707e-03
906 1.113346694707e-03
907 1.113346694707e-03
908 1.113346694707e-03
909 1.113346694707e-03
910 1.113346694707e-03
911 1.141138016169e-03
912 1.141138016169e-03
913 1.141138016169e-03
914 1.141138016169e-03
915 1.141138016169e-03
916 1.141138016169e-03
917 1.141138016169e-03
918 1.141138016169e-03
919 1.141138016169e-03
920 1.141138016169e-03
921 1.168179449251e-03
922 1.168179449251e-03
923 1.168179449251e-03
924 1.168179449251e-03
925 1.168179449251e-03
926 1.168179449251e-03
927 1.168179449251e-03
928 1.168179449251e-03
929 1.168179449251e-03
930 1.168179449251e-03
931 1.194497332606e-03
932 1.194497332606e-03
933 1.194497332606e-03
934 1.194497332606e-03
935 1.194497332606e-03
936 1.194497332606e-03
937 1.194497332606e-03
938 1.194497332606e-03
939 1.194497332606e-03
940 1.194497332606e-03
941 1.220257355452e-03
942 1.220257355452e-03
943 1.220257355452e-03
944 1.220257355452e-03
945 1.220257355452e-03
946 1.220257355452e-03
947 1.220257355452e-03
948 1.220257355452e-03
949 1.220257355452e-03
950 1.220257355452e-03
951 1.245746363291e-03
952 1.245746363291e-03
953 1.245746363291e-03
954 1.245746363291e-03
955 1.245746363291e-03
956 1.245746363291e-03
957 1.245746363291e-03
958 1.245746363291e-03
959 1.245746363291e-03
960 1.245746363291e-03
961 1.271140458002e-03
962 1.271140458002e-03
963 1.271140458002e-03
964 1.271140458002e-03
965 1.271140458002e-03
966 1.271140458002e-03
967 1.271140458002e-03
968 1.271140458002e-03
969 1.271140458002e-03
970 1.271140458002e-03
971 1.296403364923e-03
972 1.296403364923e-03
973 1.296403364923e-03
974 1.296403364923e-03
975 1.296403364923e-03
976 1.296403364923e-03
977 1.296403364923e-03
978 1.296403364923e-03
979 1.296403364923e-03
980 1.296403364923e-03
981 1.321391232401e-03
982 1.321391232401e-03
983 1.321391232401e-03
984 1.321391232401e-03
985 1.321391232401e-03
986 1.321391232401e-03
987 1.321391232401e-03
988 1.321391232401e-03
989 1.321391232401e-03
990 1.321391232401e-03
991 1.346229820342e-03
992 1.346229820342e-03
993 1.346229820342e-03
994 1.346229820342e-03
995 1.346229820342e-03
996 1.346229820342e-03
997 1.346229820342e-03
998 1.346229820342e-03
999 1.346229820342e-03
1000 1.346229820342e-03
1001 1.371457294644e-03
1002 1.371457294644e-03
1003 1.371457294644e-03
1004 1.371457294644e-03
1005 1.371457294644e-03
1006 1.371457294644e-03
1007 1.371457294644e-03
1008 1.371457294644e-03
1009 1.371457294644e-03
1010 1.371457294644e-03
1011 1.397671062582e-03
1012 1.397671062582e-03
1013 1.397671062582e-03
1014 1.397671062582e-03
1015 1.397671062582e-03
1016 1.397671062582e-03
1017 1.397671062582e-03
1018 1.397671062582e-03
1019 1.397671062582e-03
1020 1.397671062582e-03
1021 1.424861414391e-03
1022 1.424861414391e-03
1023 1.424861414391e-03
1024 1.424861414391e-03
1025 1.424861414391e-03
1026 1.424861414391e-03
1027 1.424861414391e-03
1028 1.424861414391e-03
1029 1.424861414391e-03
1030 1.424861414391e-03
1031 1.452179270354e-03
1032 1.452179270354e-03
1033 1.452179270354e-03
1034 1.452179270354e-03
1035 1.452179270354e-03
1036 1.452179270354e-03
1037 1.452179270354e-03
1038 1.452179270354e-03
1039 1.452179270354e-03
1040 1.452179270354e-03
1041 1.478603827396e-03
1042 1.478603827396e-03
1043 1.478603827396e-03
1044 1.478603827396e-03
1045 1.478603827396e-03
1046 1.478603827396e-03
1047 1.478603827396e-03
1048 1.478603827396e-03
1049 1.478603827396e-03
1050 1.478603827396e-03
1051 1.504034685904e-03
1052 1.504034685904e-03
1053 1.504034685904e-03
1054 1.504034685904e-03
1055 1.504034685904e-03
1056 1.504034685904e-03
1057 1.504034685904e-03
1058 1.504034685904e-03
1059 1.504034685904e-03
1060 1.504034685904e-03
1061 1.529673250261e-03
1062 1.529673250261e-03
1063 1.529673250261e-03
1064 1.529673250261e-03
1065 1.529673250261e-03
1066 1.529673250261e-03
1067 1.529673250261e-03
1068 1.529673250261e-03
1069 1.529673250261e-03
1070 1.529673250261e-03
1071 1.557106440420e-03
1072 1.557106440420e-03
1073 1.557106440420e-03
1074 1.557106440420e-03
1075 1.557106440420e-03
1076 1.557106440420e-03
1077 1.557106440420e-03
1078 1.557106440420e-03
1079 1.557106440420e-03
1080 1.557106440420e-03
1081 1.586926162632e-03
1082 1.586926162632e-03
1083 1.586926162632e-03
1084 1.586926162632e-03
1085 1.586926162632e-03
1086 1.586926162632e-03
1087 1.586926162632e-03
1088 1.586926162632e-03
1089 1.586926162632e-03
1090 1.586926162632e-03
1091 1.618260024515e-03
1092 1.618260024515e-03
1093 1.618260024515e-03
1094 1.618260024515e-03
1095 1.618260024515e-03
1096 1.618260024515e-03
1097 1.618260024515e-03
1098 1.618260024515e-03
1099 1.618260024515e-03
1100 1.618260024515e-03
1101 1.649651602926e-03
1102 1.649651602926e-03
1103 1.649651602926e-03
1104 1.649651602926e-03
1105 1.649651602926e-03
1106 1.649651602926e-03
1107 1.649651602926e-03
1108 1.649651602926e-03
1109 1.649651602926e-03
1110 1.649651602926e-03
1111 1.680363363073e-03
1112 1.680363363073e-03
1113 1.680363363073e-03
1114 1.680363363073e-03
1115 1.680363363073e-03
1116 1.680363363073e-03
1117 1.680363363073e-03
1118 1.680363363073e-03
1119 1.680363363073e-03
1120 1.680363363073e-03
1121 1.710864239796e-03
1122 1.710864239796e-03
1123 1.710864239796e-03
1124 1.710864239796e-03
1125 1.710864239796e-03
1126 1.710864239796e-03
1127 1.710864239796e-03
1128 1.710864239796e-03
1129 1.710864239796e-03
1130 1.710864239796e-03
1131 1.742194146436e-03
1132 1.742194146436e-03
1133 1.742194146436e-03
1134 1.742194146436e-03
1135 1.742194146436e-03
1136 1.742194146436e-03
1137 1.742194146436e-03
1138 1.742194146436e-03
1139 1.742194146436e-03
1140 1.742194146436e-03
1141 1.774979573888e-03
1142 1.774979573888e-03
1143 1.774979573888e-03
1144 1.774979573888e-03
1145 1.774979573888e-03
1146 1.774979573888e-03
1147 1.774979573888e-03
1148 1.774979573888e-03
1149 1.774979573888e-03
1150 1.774979573888e-03
1151 1.809050966714e-03
1152 1.809050966714e-03
1153 1.809050966714e-03
1154 1.809050966714e-03
1155 1.809050966714e-03
1156 1.809050966714e-03
1157 1.809050966714e-03
1158 1.809050966714e-03
1159 1.809050966714e-03
1160 1.809050966714e-03
1161 1.843872855180e-03
1162 1.843872855180e-03
1163 1.843872855180e-03
1164 1.843872855180e-03
1165 1.843872855180e-03
1166 1.843872855180e-03
1167 1.843872855180e-03
1168 1.843872855180e-03
1169 1.843872855180e-03
1170 1.843872855180e-03
1171 1.879099129749e-03
1172 1.879099129749e-03
1173 1.879099129749e-03
1174 1.879099129749e-03
1175 1.879099129749e-03
1176 1.879099129749e-03
1177 1.879099129749e-03
1178 1.879099129749e-03
1179 1.879099129749e-03
1180 1.879099129749e-03
1181 1.914551433740e-03
1182 1.914551433740e-03
1183 1.914551433740e-03
1184 1.914551433740e-03
1185 1.914551433740e-03
1186 1.914551433740e-03
1187 1.914551433740e-03
1188 1.914551433740e-03
1189 1.914551433740e-03
1190 1.914551433740e-03
1191 1.949835430712e-03
1192 1.949835430712e-03
1193 1.949835430712e-03
1194 1.949835430712e-03
1195 1.949835430712e-03
1196 1.949835430712e-03
1197 1.949835430712e-03
1198 1.949835430712e-03
1199 1.949835430712e-03
1200 1.949835430712e-03
1201 1.984322288166e-03
1202 1.984322288166e-03
1203 1.984322288166e-03
1204 1.984322288166e-03
1205 1.984322288166e-03
1206 1.984322288166e-03
1207 1.984322288166e-03
1208 1.984322288166e-03
1209 1.984322288166e-03
1210 1.984322288166e-03
1211 2.017619667122e-03
1212 2.017619667122e-03
1213 2.017619667122e-03
1214 2.017619667122e-03
1215 2.017619667122e-03
1216 2.017619667122e-03
1217 2.017619667122e-03
1218 2.017619667122e-03
1219 2.017619667122e-03
1220 2.017619667122e-03
1221 2.049832927045e-03
1222 2.049832927045e-03
1223 2.049832927045e-03
1224 2.049832927045e-03
1225 2.049832927045e-03
1226 2.049832927045e-03
1227 2.049832927045e-03
1228 2.049832927045e-03
1229 2.049832927045e-03
1230 2.049832927045e-03
1231 2.081154768318e-03
1232 2.081154768318e-03
1233 2.081154768318e-03
1234 2.081154768318e-03
1235 2.081154768318e-03
1236 2.081154768318e-03
1237 2.081154768318e-03
1238 2.081154768318e-03
1239 2.081154768318e-03
1240 2.081154768318e-03
1241 2.111292834355e-03
1242 2.111292834355e-03
1243 2.111292834355e-03
1244 2.111292834355e-03
1245 2.111292834355e-03
1246 2.111292834355e-03
1247 2.111292834355e-03
1248 2.111292834355e-03
1249 2.111292834355e-03
1250 2.111292834355e-03
1251 2.139665256829e-03
1252 2.139665256829e-03
1253 2.139665256829e-03
1254 2.139665256829e-03
1255 2.139665256829e-03
1256 2.139665256829e-03
1257 2.139665256829e-03
1258 2.139665256829e-03
1259 2.139665256829e-03
1260 2.139665256829e-03
1261 2.166515404864e-03
1262 2.166515404864e-03
1263 2.166515404864e-03
1264 2.166515404864e-03
1265 2.166515404864e-03
1266 2.166515404864e-03
1267 2.166515404864e-03
1268 2.166515404864e-03
1269 2.166515404864e-03
1270 2.166515404864e-03
1271 2.193635062622e-03
1272 2.193635062622e-03
1273 2.193635062622e-03
1274 2.193635062622e-03
1275 2.193635062622e-03
1276 2.193635062622e-03
1277 2.193635062622e-03
1278 2.193635062622e-03
1279 2.193635062622e-03
1280 2.193635062622e-03
1281 2.223234089191e-03
1282 2.223234089191e-03
1283 2.223234089191e-03
1284 2.223234089191e-03
1285 2.223234089191e-03
1286 2.223234089191e-03
1287 2.223234089191e-03
1288 2.223234089191e-03
1289 2.223234089191e-03
1290 2.223234089191e-03
1291 2.255647952364e-03
1292 2.255647952364e-03
1293 2.255647952364e-03
1294 2.255647952364e-03
1295 2.255647952364e-03
1296 2.255647952364e-03
1297 2.255647952364e-03
1298 2.255647952364e-03
1299 2.255647952364e-03
1300 2.255647952364e-03
1301 2.288507961492e-03
1302 2.288507961492e-03
1303 2.288507961492e-03
1304 2.288507961492e-03
1305 2.288507961492e-03
1306 2.288507961492e-03
1307 2.288507961492e-03
1308 2.288507961492e-03
1309 2.288507961492e-03
1310 2.288507961492e-03
1311 2.318853659592e-03
1312 2.318853659592e-03
1313 2.318853659592e-03
1314 2.318853659592e-03
1315 2.318853659592e-03
1316 2.318853659592e-03
1317 2.318853659592e-03
1318 2.318853659592e-03
1319 2.318853659592e-03
1320 2.318853659592e-03
1321 2.346297721737e-03
1322 2.346297721737e-03
1323 2.346297721737e-03
1324 2.346297721737e-03
1325 2.346297721737e-03
1326 2.346297721737e-03
1327 2.346297721737e-03
1328 2.346297721737e-03
1329 2.346297721737e-03
1330 2.346297721737e-03
1331 2.373812580002e-03
1332 2.373812580002e-03
1333 2.373812580002e-03
1334 2.373812580002e-03
1335 2.373812580002e-03
1336 2.373812580002e-03
1337 2.373812580002e-03
1338 2.373812580002e-03
1339 2.373812580002e-03
1340 2.373812580002e-03
1341 2.405139175456e-03
1342 2.405139175456e-03
1343 2.405139175456e-03
1344 2.405139175456e-03
1345 2.405139175456e-03
1346 2.405139175456e-03
1347 2.405139175456e-03
1348 2.405139175456e-03
1349 2.405139175456e-03
1350 2.405139175456e-03
1351 2.441404242215e-03
1352 2.441404242215e-03
1353 2.441404242215e-03
1354 2.441404242215e-03
1355 2.441404242215e-03
1356 2.441404242215e-03
1357 2.441404242215e-03
1358 2.441404242215e-03
1359 2.441404242215e-03
1360 2.441404242215e-03
1361 2.480289507541e-03
1362 2.480289507541e-03
1363 2.480289507541e-03
1364 2.480289507541e-03
1365 2.480289507541e-03
1366 2.480289507541e-03
1367 2.480289507541e-03
1368 2.480289507541e-03
1369 2.480289507541e-03
1370 2.480289507541e-03
1371 2.518489245055e-03
1372 2.518489245055e-03
1373 2.518489245055e-03
1374 2.518489245055e-03
1375 2.518489245055e-03
1376 2.518489245055e-03
1377 2.518489245055e-03
1378 2.518489245055e-03
1379 2.518489245055e-03
1380 2.518489245055e-03
1381 2.554659563432e-03
1382 2.554659563432e-03
1383 2.554659563432e-03
1384 2.554659563432e-03
1385 2.554659563432e-03
1386 2.554659563432e-03
1387 2.554659563432e-03
1388 2.554659563432e-03
1389 2.554659563432e-03
1390 2.554659563432e-03
1391 2.589764696550e-03
1392 2.589764696550e-03
1393 2.589764696550e-03
1394 2.589764696550e-03
1395 2.589764696550e-03
1396 2.589764696550e-03
1397 2.589764696550e-03
1398 2.589764696550e-03
1399 2.589764696550e-03
1400 2.589764696550e-03
1401 2.625089646817e-03
1402 2.625089646817e-03
1403 2.625089646817e-03
1404 2.625089646817e-03
1405 2.625089646817e-03
1406 2.625089646817e-03
1407 2.625089646817e-03
1408 2.625089646817e-03
1409 2.625089646817e-03
1410 2.625089646817e-03
1411 2.660754757085e-03
1412 2.660754757085e-03
1413 2.660754757085e-03
1414 2.660754757085e-03
1415 2.660754757085e-03
1416 2.660754757085e-03
1417 2.660754757085e-03
1418 2.660754757085e-03
1419 2.660754757085e-03
1420 2.660754757085e-03
1421 2.696324381852e-03
1422 2.696324381852e-03
1423 2.696324381852e-03
1424 2.696324381852e-03
1425 2.696324381852e-03
1426 2.696324381852e-03
1427 2.696324381852e-03
1428 2.696324381852e-03
1429 2.696324381852e-03
1430 2.696324381852e-03
1431 2.732253897567e-03
1432 2.732253897567e-03
1433 2.732253897567e-03
1434 2.732253897567e-03
1435 2.732253897567e-03
1436 2.732253897567e-03
1437 2.732253897567e-03
1438 2.732253897567e-03
1439 2.732253897567e-03
1440 2.732253897567e-03
1441 2.769842528313e-03
1442 2.769842528313e-03
1443 2.769842528313e-03
1444 2.769842528313e-03
1445 2.769842528313e-03
1446 2.769842528313e-03
1447 2.769842528313e-03
1448 2.769842528313e-03
1449 2.769842528313e-03
1450 2.769842528313e-03
1451 2.809471742317e-03
1452 2.809471742317e-03
1453 2.809471742317e-03
1454 2.809471742317e-03
1455 2.809471742317e-03
1456 2.809471742317e-03
1457 2.809471742317e-03
1458 2.809471742317e-03
1459 2.809471742317e-03
1460 2.809471742317e-03
1461 2.849377149248e-03
1462 2.849377149248e-03
1463 2.849377149248e-03
1464 2.849377149248e-03
1465 2.849377149248e-03
1466 2.849377149248e-03
1467 2.849377149248e-03
1468 2.849377149248e-03
1469 2.849377149248e-03
1470 2.849377149248e-03
1471 2.886758260550e-03
1472 2.886758260550e-03
1473 2.886758260550e-03
1474 2.886758260550e-03
1475 2.886758260550e-03
1476 2.886758260550e-03
1477 2.886758260550e-03
1478 2.886758260550e-03
1479 2.886758260550e-03
1480 2.886758260550e-03
1481 2.920145200767e-03
1482 2.920145200767e-03
1483 2.920145200767e-03
1484 2.920145200767e-03
1485 2.920145200767e-03
1486 2.920145200767e-03
1487 2.920145200767e-03
1488 2.920145200767e-03
1489 2.920145200767e-03
1490 2.920145200767e-03
1491 2.950361677388e-03
1492 2.950361677388e-03
1493 2.950361677388e-03
1494 2.950361677388e-03
1495 2.950361677388e-03
1496 2.950361677388e-03
1497 2.950361677388e-03
1498 2.950361677388e-03
1499 2.950361677388e-03
1500 2.950361677388e-03
1501 2.978963059599e-03
1502 2.978963059599e-03
1503 2.978963059599e-03
1504 2.978963059599e-03
1505 2.978963059599e-03
1506 2.978963059599e-03
1507 2.978963059599e-03
1508 2.978963059599e-03
1509 2.978963059599e-03
1510 2.978963059599e-03
1511 3.006028860607e-03
1512 3.006028860607e-03
1513 3.006028860607e-03
1514 3.006028860607e-03
1515 3.006028860607e-03
1516 3.006028860607e-03
1517 3.006028860607e-03
1518 3.006028860607e-03
1519 3.006028860607e-03
1520 3.006028860607e-03
1521 3.030178803687e-03
1522 3.030178803687e-03
1523 3.030178803687e-03
1524 3.030178803687e-03
1525 3.030178803687e-03
1526 3.030178803687e-03
1527 3.030178803687e-03
1528 3.030178803687e-03
1529 3.030178803687e-03
1530 3.030178803687e-03
1531 3.051137664434e-03
1532 3.051137664434e-03
1533 3.051137664434e-03
1534 3.051137664434e-03
1535 3.051137664434e-03
1536 3.051137664434e-03
1537 3.051137664434e-03
1538 3.051137664434e-03
1539 3.051137664434e-03
1540 3.051137664434e-03
1541 3.071702998217e-03
1542 3.071702998217e-03
1543 3.071702998217e-03
1544 3.071702998217e-03
1545 3.071702998217e-03
1546 3.071702998217e-03
1547 3.071702998217e-03
1548 3.071702998217e-03
1549 3.071702998217e-03
1550 3.071702998217e-03
1551 3.095882510030e-03
1552 3.095882510030e-03
1553 3.095882510030e-03
1554 3.095882510030e-03
1555 3.095882510030e-03
1556 3.095882510030e-03
1557 3.095882510030e-03
1558 3.095882510030e-03
1559 3.095882510030e-03
1560 3.095882510030e-03
1561 3.124353341698e-03
1562 3.124353341698e-03
1563 3.124353341698e-03
1564 3.124353341698e-03
1565 3.124353341698e-03
1566 3.124353341698e-03
1567 3.124353341698e-03
1568 3.124353341698e-03
1569 3.124353341698e-03
1570 3.124353341698e-03
1571 3.152565500649e-03
1572 3.152565500649e-03
1573 3.152565500649e-03
1574 3.152565500649e-03
1575 3.152565500649e-03
1576 3.152565500649e-03
1577 3.152565500649e-03
1578 3.152565500649e-03
1579 3.152565500649e-03
1580 3.152565500649e-03
1581 3.174691820682e-03
1582 3.174691820682e-03
1583 3.174691820682e-03
1584 3.174691820682e-03
1585 3.174691820682e-03
1586 3.174691820682e-03
1587 3.174691820682e-03
1588 3.174691820682e-03
1589 3.174691820682e-03
1590 3.174691820682e-03
1591 3.189696493139e-03
1592 3.189696493139e-03
1593 3.189696493139e-03
1594 3.189696493139e-03
1595 3.189696493139e-03
1596 3.189696493139e-03
1597 3.189696493139e-03
1598 3.189696493139e-03
1599 3.189696493139e-03
1600 3.189696493139e-03
1601 3.202833145342e-03
1602 3.202833145342e-03
1603 3.202833145342e-03
1604 3.202833145342e-03
1605 3.202833145342e-03
1606 3.202833145342e-03
1607 3.202833145342e-03
1608 3.202833145342e-03
1609 3.202833145342e-03
1610 3.202833145342e-03
1611 3.221078825949e-03
1612 3.221078825949e-03
1613 3.221078825949e-03
1614 3.221078825949e-03
1615 3.221078825949e-03
1616 3.221078825949e-03
1617 3.221078825949e-03
1618 3.221078825949e-03
1619 3.221078825949e-03
1620 3.221078825949e-03
1621 3.247224824401e-03
1622 3.247224824401e-03
1623 3.247224824401e-03
1624 3.247224824401e-03
1625 3.247224824401e-03
1626 3.247224824401e-03
1627 3.247224824401e-03
1628 3.247224824401e-03
1629 3.247224824401e-03
1630 3.247224824401e-03
1631 3.278269053664e-03
1632 3.278269053664e-03
1633 3.278269053664e-03
1634 3.278269053664e-03
1635 3.278269053664e-03
1636 3.278269053664e-03
1637 3.278269053664e-03
1638 3.278269053664e-03
1639 3.278269053664e-03
1640 3.278269053664e-03
1641 3.309367907176e-03
1642 3.309367907176e-03
1643 3.309367907176e-03
1644 3.309367907176e-03
1645 3.309367907176e-03
1646 3.309367907176e-03
1647 3.309367907176e-03
1648 3.309367907176e-03
1649 3.309367907176e-03
1650 3.309367907176e-03
1651 3.338619229359e-03
1652 3.338619229359e-03
1653 3.338619229359e-03
1654 3.338619229359e-03
1655 3.338619229359e-03
1656 3.338619229359e-03
1657 3.338619229359e-03
1658 3.338619229359e-03
1659 3.338619229359e-03
1660 3.338619229359e-03
1661 3.367239738642e-03
1662 3.367239738642e-03
1663 3.367239738642e-03
1664 3.367239738642e-03
1665 3.367239738642e-03
1666 3.367239738642e-03
1667 3.367239738642e-03
1668 3.367239738642e-03
1669 3.367239738642e-03
1670 3.367239738642e-03
1671 3.396074610865e-03
1672 3.396074610865e-03
1673 3.396074610865e-03
1674 3.396074610865e-03
1675 3.396074610865e-03
1676 3.396074610865e-03
1677 3.396074610865e-03
1678 3.396074610865e-03
1679 3.396074610865e-03
1680 3.396074610865e-03
1681 3.423859460542e-03
1682 3.423859460542e-03
1683 3.423859460542e-03
1684 3.423859460542e-03
1685 3.423859460542e-03
1686 3.423859460542e-03
1687 3.423859460542e-03
1688 3.423859460542e-03
1689 3.423859460542e-03
1690 3.423859460542e-03
1691 3.449420259281e-03
1692 3.449420259281e-03
1693 3.449420259281e-03
1694 3.449420259281e-03
1695 3.449420259281e-03
1696 3.449420259281e-03
1697 3.449420259281e-03
1698 3.449420259281e-03
1699 3.449420259281e-03
1700 3.449420259281e-03
1701 3.474403594434e-03
1702 3.474403594434e-03
1703 3.474403594434e-03
1704 3.474403594434e-03
1705 3.474403594434e-03
1706 3.474403594434e-03
1707 3.474403594434e-03
1708 3.474403594434e-03
1709 3.474403594434e-03
1710 3.474403594434e-03
1711 3.502209166977e-03
1712 3.502209166977e-03
1713 3.502209166977e-03
1714 3.502209166977e-03
1715 3.502209166977e-03
1716 3.502209166977e-03
1717 3.502209166977e-03
1718 3.502209166977e-03
1719 3.502209166977e-03
1720 3.502209166977e-03
1721 3.533847255839e-03
1722 3.533847255839e-03
1723 3.533847255839e-03
1724 3.533847255839e-03
1725 3.533847255839e-03
1726 3.533847255839e-03
1727 3.533847255839e-03
1728 3.533847255839e-03
1729 3.533847255839e-03
1730 3.533847255839e-03
1731 3.565948359897e-03
1732 3.565948359897e-03
1733 3.565948359897e-03
1734 3.565948359897e-03
1735 3.565948359897e-03
1736 3.565948359897e-03
1737 3.565948359897e-03
1738 3.565948359897e-03
1739 3.565948359897e-03
1740 3.565948359897e-03
1741 3.593756449884e-03
1742 3.593756449884e-03
1743 3.593756449884e-03
1744 3.593756449884e-03
1745 3.593756449884e-03
1746 3.593756449884e-03
1747 3.593756449884e-03
1748 3.593756449884e-03
1749 3.593756449884e-03
1750 3.593756449884e-03
1751 3.615572183345e-03
1752 3.615572183345e-03
1753 3.615572183345e-03
1754 3.615572183345e-03
1755 3.615572183345e-03
1756 3.615572183345e-03
1757 3.615572183345e-03
1758 3.615572183345e-03
1759 3.615572183345e-03
1760 3.615572183345e-03
1761 3.633647765200e-03
1762 3.633647765200e-03
1763 3.633647765200e-03
1764 3.633647765200e-03
1765 3.633647765200e-03
1766 3.633647765200e-03
1767 3.633647765200e-03
1768 3.633647765200e-03
1769 3.633647765200e-03
1770 3.633647765200e-03
1771 3.650879952024e-03
1772 3.650879952024e-03
1773 3.650879952024e-03
1774 3.650879952024e-03
1775 3.650879952024e-03
1776 3.650879952024e-03
1777 3.650879952024e-03
1778 3.650879952024e-03
1779 3.650879952024e-03
1780 3.650879952024e-03
1781 3.667034435069e-03
1782 3.667034435069e-03
1783 3.667034435069e-03
1784 3.667034435069e-03
1785 3.667034435069e-03
1786 3.667034435069e-03
1787 3.667034435069e-03
1788 3.667034435069e-03
1789 3.667034435069e-03
1790 3.667034435069e-03
1791 3.678925013556e-03
1792 3.678925013556e-03
1793 3.678925013556e-03
1794 3.678925013556e-03
1795 3.678925013556e-03
1796 3.678925013556e-03
1797 3.678925013556e-03
1798 3.678925013556e-03
1799 3.678925013556e-03
1800 3.678925013556e-03
1801 3.684772754396e-03
1802 3.684772754396e-03
1803 3.684772754396e-03
1804 3.684772754396e-03
1805 3.684772754396e-03
1806 3.684772754396e-03
1807 3.684772754396e-03
1808 3.684772754396e-03
1809 3.684772754396e-03
1810 3.684772754396e-03
1811 3.687594931530e-03
1812 3.687594931530e-03
1813 3.687594931530e-03
1814 3.687594931530e-03
1815 3.687594931530e-03
1816 3.687594931530e-03
1817 3.687594931530e-03
1818 3.687594931530e-03
1819 3.687594931530e-03
1820 3.687594931530e-03
1821 3.693038944390e-03
1822 3.693038944390e-03
1823 3.693038944390e-03
1824 3.693038944390e-03
1825 3.693038944390e-03
1826 3.693038944390e-03
1827 3.693038944390e-03
1828 3.693038944390e-03
1829 3.693038944390e-03
1830 3.693038944390e-03
1831 3.703383791252e-03
1832 3.703383791252e-03
1833 3.703383791252e-03
1834 3.703383791252e-03
1835 3.703383791252e-03
1836 3.703383791252e-03
1837 3.703383791252e-03
1838 3.703383791252e-03
1839 3.703383791252e-03
1840 3.703383791252e-03
1841 3.714514385137e-03
1842 3.714514385137e-03
1843 3.714514385137e-03
1844 3.714514385137e-03
1845 3.714514385137e-03
1846 3.714514385137e-03
1847 3.714514385137e-03
1848 3.714514385137e-03
1849 3.714514385137e-03
1850 3.714514385137e-03
1851 3.720203409113e-03
1852 3.720203409113e-03
1853 3.720203409113e-03
1854 3.720203409113e-03
1855 3.720203409113e-03
1856 3.720203409113e-03
1857 3.720203409113e-03
1858 3.720203409113e-03
1859 3.720203409113e-03
1860 3.720203409113e-03
1861 3.719064470114e-03
1862 3.719064470114e-03
1863 3.719064470114e-03
1864 3.719064470114e-03
1865 3.719064470114e-03
1866 3.719064470114e-03
1867 3.719064470114e-03
1868 3.719064470114e-03
1869 3.719064470114e-03
1870 3.719064470114e-03
1871 3.716026845298e-03
1872 3.716026845298e-03
1873 3.716026845298e-03
1874 3.716026845298e-03
1875 3.716026845298e-03
1876 3.716026845298e-03
1877 3.716026845298e-03
1878 3.716026845298e-03
1879 3.716026845298e-03
1880 3.716026845298e-03
1881 3.717448641268e-03
1882 3.717448641268e-03
1883 3.717448641268e-03
1884 3.717448641268e-03
1885 3.717448641268e-03
1886 3.717448641268e-03
1887 3.717448641268e-03
1888 3.717448641268e-03
1889 3.717448641268e-03
1890 3.717448641268e-03
1891 3.725742997737e-03
1892 3.725742997737e-03
1893 3.725742997737e-03
1894 3.725742997737e-03
1895 3.725742997737e-03
1896 3.725742997737e-03
1897 3.725742997737e-03
1898 3.725742997737e-03
1899 3.725742997737e-03
1900 3.725742997737e-03
1901 3.738421871780e-03
1902 3.738421871780e-03
1903 3.738421871780e-03
1904 3.738421871780e-03
1905 3.738421871780e-03
1906 3.738421871780e-03
1907 3.738421871780e-03
1908 3.738421871780e-03
1909 3.738421871780e-03
1910 3.738421871780e-03
1911 3.751781833785e-03
1912 3.751781833785e-03
1913 3.751781833785e-03
1914 3.751781833785e-03
1915 3.751781833785e-03
1916 3.751781833785e-03
1917 3.751781833785e-03
1918 3.751781833785e-03
1919 3.751781833785e-03
1920 3.751781833785e-03
1921 3.764841842042e-03
1922 3.764841842042e-03
1923 3.764841842042e-03
1924 3.764841842042e-03
1925 3.764841842042e-03
1926 3.764841842042e-03
1927 3.764841842042e-03
1928 3.764841842042e-03
1929 3.764841842042e-03
1930 3.764841842042e-03
1931 3.778806396445e-03
1932 3.778806396445e-03
1933 3.778806396445e-03
1934 3.778806396445e-03
1935 3.778806396445e-03
1936 3.778806396445e-03
1937 3.778806396445e-03
1938 3.778806396445e-03
1939 3.778806396445e-03
1940 3.778806396445e-03
1941 3.793672786162e-03
1942 3.793672786162e-03
1943 3.793672786162e-03
1944 3.793672786162e-03
1945 3.793672786162e-03
1946 3.793672786162e-03
1947 3.793672786162e-03
1948 3.793672786162e-03
1949 3.793672786162e-03
1950 3.793672786162e-03
1951 3.807720319799e-03
1952 3.807720319799e-03
1953 3.807720319799e-03
1954 3.807720319799e-03
1955 3.807720319799e-03
1956 3.807720319799e-03
1957 3.807720319799e-03
1958 3.807720319799e-03
1959 3.807720319799e-03
1960 3.807720319799e-03
1961 3.820766888658e-03
1962 3.820766888658e-03
1963 3.820766888658e-03
1964 3.820766888658e-03
1965 3.820766888658e-03
1966 3.820766888658e-03
1967 3.820766888658e-03
1968 3.820766888658e-03
1969 3.820766888658e-03
1970 3.820766888658e-03
1971 3.836231211218e-03
1972 3.836231211218e-03
1973 3.836231211218e-03
1974 3.836231211218e-03
1975 3.836231211218e-03
1976 3.836231211218e-03
1977 3.836231211218e-03
1978 3.836231211218e-03
1979 3.836231211218e-03
1980 3.836231211218e-03
1981 3.858178743404e-03
1982 3.858178743404e-03
1983 3.858178743404e-03
1984 3.858178743404e-03
1985 3.858178743404e-03
1986 3.858178743404e-03
1987 3.858178743404e-03
1988 3.858178743404e-03
1989 3.858178743404e-03
1990 3.858178743404e-03
1991 3.885950653899e-03
1992 3.885950653899e-03
1993 3.885950653899e-03
1994 3.885950653899e-03
1995 3.885950653899e-03
1996 3.885950653899e-03
1997 3.885950653899e-03
1998 3.885950653899e-03
1999 3.885950653899e-03
2000 3.885950653899e-03
2001 3.913264622543e-03
2002 3.913264622543e-03
2003 3.913264622543e-03
2004 3.913264622543e-03
2005 3.913264622543e-03
2006 3.913264622543e-03
2007 3.913264622543e-03
2008 3.913264622543e-03
2009 3.913264622543e-03
2010 3.913264622543e-03
2011 3.934074927799e-03
2012 3.934074927799e-03
2013 3.934074927799e-03
2014 3.934074927799e-03
2015 3.934074927799e-03
2016 3.934074927799e-03
2017 3.934074927799e-03
2018 3.934074927799e-03
2019 3.934074927799e-03
2020 3.934074927799e-03
2021 3.948101741863e-03
2022 3.948101741863e-03
2023 3.948101741863e-03
2024 3.948101741863e-03
2025 3.948101741863e-03
2026 3.948101741863e-03
2027 3.948101741863e-03
2028 3.948101741863e-03
2029 3.948101741863e-03
2030 3.948101741863e-03
2031 3.959346390419e-03
2032 3.959346390419e-03
2033 3.959346390419e-03
2034 3.959346390419e-03
2035 3.959346390419e-03
2036 3.959346390419e-03
2037 3.959346390419e-03
2038 3.959346390419e-03
2039 3.959346390419e-03
2040 3.959346390419e-03
2041 3.970452993201e-03
2042 3.970452993201e-03
2043 3.970452993201e-03
2044 3.970452993201e-03
2045 3.970452993201e-03
2046 3.970452993201e-03
2047 3.970452993201e-03
2048 3.970452993201e-03
2049 3.970452993201e-03
2050 3.970452993201e-03
2051 3.979561794548e-03
2052 3.979561794548e-03
2053 3.979561794548e-03
2054 3.979561794548e-03
2055 3.979561794548e-03
2056 3.979561794548e-03
2057 3.979561794548e-03
2058 3.979561794548e-03
2059 3.979561794548e-03
2060 3.979561794548e-03
2061 3.982619552936e-03
2062 3.982619552936e-03
2063 3.982619552936e-03
2064 3.982619552936e-03
2065 3.982619552936e-03
2066 3.982619552936e-03
2067 3.982619552936e-03
2068 3.982619552936e-03
2069 3.982619552936e-03
2070 3.982619552936e-03
2071 3.978335560392e-03
2072 3.978335560392e-03
2073 3.978335560392e-03
2074 3.978335560392e-03
2075 3.978335560392e-03
2076 3.978335560392e-03
2077 3.978335560392e-03
2078 3.978335560392e-03
2079 3.978335560392e-03
2080 3.978335560392e-03
2081 3.969956914164e-03
2082 3.969956914164e-03
2083 3.969956914164e-03
2084 3.969956914164e-03
2085 3.969956914164e-03
2086 3.969956914164e-03
2087 3.969956914164e-03
2088 3.969956914164e-03
2089 3.969956914164e-03
2090 3.969956914164e-03
2091 3.961724764879e-03
2092 3.961724764879e-03
2093 3.961724764879e-03
2094 3.961724764879e-03
2095 3.961724764879e-03
2096 3.961724764879e-03
2097 3.961724764879e-03
2098 3.961724764879e-03
2099 3.961724764879e-03
2100 3.961724764879e-03
2101 3.954431088073e-03
2102 3.954431088073e-03
2103 3.954431088073e-03
2104 3.954431088073e-03
2105 3.954431088073e-03
2106 3.954431088073e-03
2107 3.954431088073e-03
2108 3.954431088073e-03
2109 3.954431088073e-03
2110 3.954431088073e-03
2111 3.944966094201e-03
2112 3.944966094201e-03
2113 3.944966094201e-03
2114 3.944966094201e-03
2115 3.944966094201e-03
2116 3.944966094201e-03
2117 3.944966094201e-03
2118 3.944966094201e-03
2119 3.944966094201e-03
2120 3.944966094201e-03
2121 3.930624363934e-03
2122 3.930624363934e-03
2123 3.930624363934e-03
2124 3.930624363934e-03
2125 3.930624363934e-03
2126 3.930624363934e-03
2127 3.930624363934e-03
2128 3.930624363934e-03
2129 3.930624363934e-03
2130 3.930624363934e-03
2131 3.913143775949e-03
2132 3.913143775949e-03
2133 3.913143775949e-03
2134 3.913143775949e-03
2135 3.913143775949e-03
2136 3.913143775949e-03
2137 3.913143775949e-03
2138 3.913143775949e-03
2139 3.913143775949e-03
2140 3.913143775949e-03
2141 3.896863968266e-03
2142 3.896863968266e-03
2143 3.896863968266e-03
2144 3.896863968266e-03
2145 3.896863968266e-03
2146 3.896863968266e-03
2147 3.896863968266e-03
2148 3.896863968266e-03
2149 3.896863968266e-03
2150 3.896863968266e-03
2151 3.883513725213e-03
2152 3.883513725213e-03
2153 3.883513725213e-03
2154 3.883513725213e-03
2155 3.883513725213e-03
2156 3.883513725213e-03
2157 3.883513725213e-03
2158 3.883513725213e-03
2159 3.883513725213e-03
2160 3.883513725213e-03
2161 3.871340885886e-03
2162 3.871340885886e-03
2163 3.871340885886e-03
2164 3.871340885886e-03
2165 3.871340885886e-03
2166 3.871340885886e-03
2167 3.871340885886e-03
2168 3.871340885886e-03
2169 3.871340885886e-03
2170 3.871340885886e-03
2171 3.859606101184e-03
2172 3.859606101184e-03
2173 3.859606101184e-03
2174 3.859606101184e-03
2175 3.859606101184e-03
2176 3.859606101184e-03
2177 3.859606101184e-03
2178 3.859606101184e-03
2179 3.859606101184e-03
2180 3.859606101184e-03
2181 3.851152048938e-03
2182 3.851152048938e-03
2183 3.851152048938e-03
2184 3.851152048938e-03
2185 3.851152048938e-03
2186 3.851152048938e-03
2187 3.851152048938e-03
2188 3.851152048938e-03
2189 3.851152048938e-03
2190 3.851152048938e-03
2191 3.849269816357e-03
2192 3.849269816357e-03
2193 3.849269816357e-03
2194 3.849269816357e-03
2195 3.849269816357e-03
2196 3.849269816357e-03
2197 3.849269816357e-03
2198 3.849269816357e-03
2199 3.849269816357e-03
2200 3.849269816357e-03
2201 3.852953142932e-03
2202 3.852953142932e-03
2203 3.852953142932e-03
2204 3.852953142932e-03
2205 3.852953142932e-03
2206 3.852953142932e-03
2207 3.852953142932e-03
2208 3.852953142932e-03
2209 3.852953142932e-03
2210 3.852953142932e-03
2211 3.856682443214e-03
2212 3.856682443214e-03
2213 3.856682443214e-03
2214 3.856682443214e-03
2215 3.856682443214e-03
2216 3.856682443214e-03
2217 3.856682443214e-03
2218 3.856682443214e-03
2219 3.856682443214e-03
2220 3.856682443214e-03
2221 3.856357093991e-03
2222 3.856357093991e-03
2223 3.856357093991e-03
2224 3.856357093991e-03
2225 3.856357093991e-03
2226 3.856357093991e-03
2227 3.856357093991e-03
2228 3.856357093991e-03
2229 3.856357093991e-03
2230 3.856357093991e-03
2231 3.854742316388e-03
2232 3.854742316388e-03
2233 3.854742316388e-03
2234 3.854742316388e-03
2235 3.854742316388e-03
2236 3.854742316388e-03
2237 3.854742316388e-03
2238 3.854742316388e-03
2239 3.854742316388e-03
2240 3.854742316388e-03
2241 3.858946015785e-03
2242 3.858946015785e-03
2243 3.858946015785e-03
2244 3.858946015785e-03
2245 3.858946015785e-03
2246 3.858946015785e-03
2247 3.858946015785e-03
2248 3.858946015785e-03
2249 3.858946015785e-03
2250 3.858946015785e-03
2251 3.872322348154e-03
2252 3.872322348154e-03
2253 3.872322348154e-03
2254 3.872322348154e-03
2255 3.872322348154e-03
2256 3.872322348154e-03
2257 3.872322348154e-03
2258 3.872322348154e-03
2259 3.872322348154e-03
2260 3.872322348154e-03
2261 3.889813076925e-03
2262 3.889813076925e-03
2263 3.889813076925e-03
2264 3.889813076925e-03
2265 3.889813076925e-03
2266 3.889813076925e-03
2267 3.889813076925e-03
2268 3.889813076925e-03
2269 3.889813076925e-03
2270 3.889813076925e-03
2271 3.902167285058e-03
2272 3.902167285058e-03
2273 3.902167285058e-03
2274 3.902167285058e-03
2275 3.902167285058e-03
2276 3.902167285058e-03
2277 3.902167285058e-03
2278 3.902167285058e-03
2279 3.902167285058e-03
2280 3.902167285058e-03
2281 3.905277224370e-03
2282 3.905277224370e-03
2283 3.905277224370e-03
2284 3.905277224370e-03
2285 3.905277224370e-03
2286 3.905277224370e-03
2287 3.905277224370e-03
2288 3.905277224370e-03
2289 3.905277224370e-03
2290 3.905277224370e-03
2291 3.904057596976e-03
2292 3.904057596976e-03
2293 3.904057596976e-03
2294 3.904057596976e-03
2295 3.904057596976e-03
2296 3.904057596976e-03
2297 3.904057596976e-03
2298 3.904057596976e-03
2299 3.904057596976e-03
2300 3.904057596976e-03
2301 3.905819283508e-03
2302 3.905819283508e-03
2303 3.905819283508e-03
2304 3.905819283508e-03
2305 3.905819283508e-03
2306 3.905819283508e-03
2307 3.905819283508e-03
2308 3.905819283508e-03
2309 3.905819283508e-03
2310 3.905819283508e-03
2311 3.911220802440e-03
2312 3.911220802440e-03
2313 3.911220802440e-03
2314 3.911220802440e-03
2315 3.911220802440e-03
2316 3.911220802440e-03
2317 3.911220802440e-03
2318 3.911220802440e-03
2319 3.911220802440e-03
2320 3.911220802440e-03
2321 3.913864388746e-03
2322 3.913864388746e-03
2323 3.913864388746e-03
2324 3.913864388746e-03
2325 3.913864388746e-03
2326 3.913864388746e-03
2327 3.913864388746e-03
2328 3.913864388746e-03
2329 3.913864388746e-03
2330 3.913864388746e-03
2331 3.908321838667e-03
2332 3.908321838667e-03
2333 3.908321838667e-03
2334 3.908321838667e-03
2335 3.908321838667e-03
2336 3.908321838667e-03
2337 3.908321838667e-03
2338 3.908321838667e-03
2339 3.908321838667e-03
2340 3.908321838667e-03
2341 3.895905745095e-03
2342 3.895905745095e-03
2343 3.895905745095e-03
2344 3.895905745095e-03
2345 3.895905745095e-03
2346 3.895905745095e-03
2347 3.895905745095e-03
2348 3.895905745095e-03
2349 3.895905745095e-03
2350 3.895905745095e-03
2351 3.881384553652e-03
2352 3.881384553652e-03
2353 3.881384553652e-03
2354 3.881384553652e-03
2355 3.881384553652e-03
2356 3.881384553652e-03
2357 3.881384553652e-03
2358 3.881384553652e-03
2359 3.881384553652e-03
2360 3.881384553652e-03
2361 3.865575611661e-03
2362 3.865575611661e-03
2363 3.865575611661e-03
2364 3.865575611661e-03
2365 3.865575611661e-03
2366 3.865575611661e-03
2367 3.865575611661e-03
2368 3.865575611661e-03
2369 3.865575611661e-03
2370 3.865575611661e-03
2371 3.844094242759e-03
2372 3.844094242759e-03
2373 3.844094242759e-03
2374 3.844094242759e-03
2375 3.844094242759e-03
2376 3.844094242759e-03
2377 3.844094242759e-03
2378 3.844094242759e-03
2379 3.844094242759e-03
2380 3.844094242759e-03
2381 3.814157623942e-03
2382 3.814157623942e-03
2383 3.814157623942e-03
2384 3.814157623942e-03
2385 3.814157623942e-03
2386 3.814157623942e-03
2387 3.814157623942e-03
2388 3.814157623942e-03
2389 3.814157623942e-03
2390 3.814157623942e-03
2391 3.779880537383e-03
2392 3.779880537383e-03
2393 3.779880537383e-03
2394 3.779880537383e-03
2395 3.779880537383e-03
2396 3.779880537383e-03
2397 3.779880537383e-03
2398 3.779880537383e-03
2399 3.779880537383e-03
2400 3.779880537383e-03
2401 3.748699981712e-03
2402 3.748699981712e-03
2403 3.748699981712e-03
2404 3.748699981712e-03
2405 3.748699981712e-03
2406 3.748699981712e-03
2407 3.748699981712e-03
2408 3.748699981712e-03
2409 3.748699981712e-03
2410 3.748699981712e-03
2411 3.723080331810e-03
2412 3.723080331810e-03
2413 3.723080331810e-03
2414 3.723080331810e-03
2415 3.723080331810e-03
2416 3.723080331810e-03
2417 3.723080331810e-03
2418 3.723080331810e-03
2419 3.723080331810e-03
2420 3.723080331810e-03
2421 3.697385237579e-03
2422 3.697385237579e-03
2423 3.697385237579e-03
2424 3.697385237579e-03
2425 3.697385237579e-03
2426 3.697385237579e-03
2427 3.697385237579e-03
2428 3.697385237579e-03
2429 3.697385237579e-03
2430 3.697385237579e-03
2431 3.664690013243e-03
2432 3.664690013243e-03
2433 3.664690013243e-03
2434 3.664690013243e-03
2435 3.664690013243e-03
2436 3.664690013243e-03
2437 3.664690013243e-03
2438 3.664690013243e-03
2439 3.664690013243e-03
2440 3.664690013243e-03
2441 3.626399805678e-03
2442 3.626399805678e-03
2443 3.626399805678e-03
2444 3.626399805678e-03
2445 3.626399805678e-03
2446 3.626399805678e-03
2447 3.626399805678e-03
2448 3.626399805678e-03
2449 3.626399805678e-03
2450 3.626399805678e-03
2451 3.592468123524e-03
2452 3.592468123524e-03
2453 3.592468123524e-03
2454 3.592468123524e-03
2455 3.592468123524e-03
2456 3.592468123524e-03
2457 3.592468123524e-03
2458 3.592468123524e-03
2459 3.592468123524e-03
2460 3.592468123524e-03
2461 3.570957659246e-03
2462 3.570957659246e-03
2463 3.570957659246e-03
2464 3.570957659246e-03
2465 3.570957659246e-03
2466 3.570957659246e-03
2467 3.570957659246e-03
2468 3.570957659246e-03
2469 3.570957659246e-03
2470 3.570957659246e-03
2471 3.558672082074e-03
2472 3.558672082074e-03
2473 3.558672082074e-03
2474 3.558672082074e-03
2475 3.558672082074e-03
2476 3.558672082074e-03
2477 3.558672082074e-03
2478 3.558672082074e-03
2479 3.558672082074e-03
2480 3.558672082074e-03
2481 3.544394840646e-03
2482 3.544394840646e-03
2483 3.544394840646e-03
2484 3.544394840646e-03
2485 3.544394840646e-03
2486 3.544394840646e-03
2487 3.544394840646e-03
2488 3.544394840646e-03
2489 3.544394840646e-03
2490 3.544394840646e-03
2491 3.521893829370e-03
2492 3.521893829370e-03
2493 3.521893829370e-03
2494 3.521893829370e-03
2495 3.521893829370e-03
2496 3.521893829370e-03
2497 3.521893829370e-03
2498 3.521893829370e-03
2499 3.521893829370e-03
2500 3.521893829370e-03
2501 3.496969730228e-03
2502 3.496969730228e-03
2503 3.496969730228e-03
2504 3.496969730228e-03
2505 3.496969730228e-03
2506 3.496969730228e-03
2507 3.496969730228e-03
2508 3.496969730228e-03
2509 3.496969730228e-03
2510 3.496969730228e-03
2511 3.480129974314e-03
2512 3.480129974314e-03
2513 3.480129974314e-03
2514 3.480129974314e-03
2515 3.480129974314e-03
2516 3.480129974314e-03
2517 3.480129974314e-03
2518 3.480129974314e-03
2519 3.480129974314e-03
2520 3.480129974314e-03
2521 3.474458696889e-03
2522 3.474458696889e-03
2523 3.474458696889e-03
2524 3.474458696889e-03
2525 3.474458696889e-03
2526 3.474458696889e-03
2527 3.474458696889e-03
2528 3.474458696889e-03
2529 3.474458696889e-03
2530 3.474458696889e-03
2531 3.472851038266e-03
2532 3.472851038266e-03
2533 3.472851038266e-03
2534 3.472851038266e-03
2535 3.472851038266e-03
2536 3.472851038266e-03
2537 3.472851038266e-03
2538 3.472851038266e-03
2539 3.472851038266e-03
2540 3.472851038266e-03
2541 3.466755278859e-03
2542 3.466755278859e-03
2543 3.466755278859e-03
2544 3.466755278859e-03
2545 3.466755278859e-03
2546 3.466755278859e-03
2547 3.466755278859e-03
2548 3.466755278859e-03
2549 3.466755278859e-03
2550 3.466755278859e-03
2551 3.455092945221e-03
2552 3.455092945221e-03
2553 3.455092945221e-03
2554 3.455092945221e-03
2555 3.455092945221e-03
2556 3.455092945221e-03
2557 3.455092945221e-03
2558 3.455092945221e-03
2559 3.455092945221e-03
2560 3.455092945221e-03
2561 3.443005998579e-03
2562 3.443005998579e-03
2563 3.443005998579e-03
2564 3.443005998579e-03
2565 3.443005998579e-03
2566 3.443005998579e-03
2567 3.443005998579e-03
2568 3.443005998579e-03
2569 3.443005998579e-03
2570 3.443005998579e-03
2571 3.433628321226e-03
2572 3.433628321226e-03
2573 3.433628321226e-03
2574 3.433628321226e-03
2575 3.433628321226e-03
2576 3.433628321226e-03
2577 3.433628321226e-03
2578 3.433628321226e-03
2579 3.433628321226e-03
2580 3.433628321226e-03
2581 3.424048483125e-03
2582 3.424048483125e-03
2583 3.424048483125e-03
2584 3.424048483125e-03
2585 3.424048483125e-03
2586 3.424048483125e-03
2587 3.424048483125e-03
2588 3.424048483125e-03
2589 3.424048483125e-03
2590 3.424048483125e-03
2591 3.409970763107e-03
2592 3.409970763107e-03
2593 3.409970763107e-03
2594 3.409970763107e-03
2595 3.409970763107e-03
2596 3.409970763107e-03
2597 3.409970763107e-03
2598 3.409970763107e-03
2599 3.409970763107e-03
2600 3.409970763107e-03
2601 3.391592396222e-03
2602 3.391592396222e-03
2603 3.391592396222e-03
2604 3.391592396222e-03
2605 3.391592396222e-03
2606 3.391592396222e-03
2607 3.391592396222e-03
2608 3.391592396222e-03
2609 3.391592396222e-03
2610 3.391592396222e-03
2611 3.372762967245e-03
2612 3.372762967245e-03
2613 3.372762967245e-03
2614 3.372762967245e-03
2615 3.372762967245e-03
2616 3.372762967245e-03
2617 3.372762967245e-03
2618 3.372762967245e-03
2619 3.372762967245e-03
2620 3.372762967245e-03
2621 3.354875238876e-03
2622 3.354875238876e-03
2623 3.354875238876e-03
2624 3.354875238876e-03
2625 3.354875238876e-03
2626 3.354875238876e-03
2627 3.354875238876e-03
2628 3.354875238876e-03
2629 3.354875238876e-03
2630 3.354875238876e-03
2631 3.333206132696e-03
2632 3.333206132696e-03
2633 3.333206132696e-03
2634 3.333206132696e-03
2635 3.333206132696e-03
2636 3.333206132696e-03
2637 3.333206132696e-03
2638 3.333206132696e-03
2639 3.333206132696e-03
2640 3.333206132696e-03
2641 3.301386994747e-03
2642 3.301386994747e-03
2643 3.301386994747e-03
2644 3.301386994747e-03
2645 3.301386994747e-03
2646 3.301386994747e-03
2647 3.301386994747e-03
2648 3.301386994747e-03
2649 3.301386994747e-03
2650 3.301386994747e-03
2651 3.259314568795e-03
2652 3.259314568795e-03
2653 3.259314568795e-03
2654 3.259314568795e-03
2655 3.259314568795e-03
2656 3.259314568795e-03
2657 3.259314568795e-03
2658 3.259314568795e-03
2659 3.259314568795e-03
2660 3.259314568795e-03
2661 3.214051069178e-03
2662 3.214051069178e-03
2663 3.214051069178e-03
2664 3.214051069178e-03
2665 3.214051069178e-03
2666 3.214051069178e-03
2667 3.214051069178e-03
2668 3.214051069178e-03
2669 3.214051069178e-03
2670 3.214051069178e-03
2671 3.172409431629e-03
2672 3.172409431629e-03
2673 3.172409431629e-03
2674 3.172409431629e-03
2675 3.172409431629e-03
2676 3.172409431629e-03
2677 3.172409431629e-03
2678 3.172409431629e-03
2679 3.172409431629e-03
2680 3.172409431629e-03
2681 3.133982962871e-03
2682 3.133982962871e-03
2683 3.133982962871e-03
2684 3.133982962871e-03
2685 3.133982962871e-03
2686 3.133982962871e-03
2687 3.133982962871e-03
2688 3.133982962871e-03
2689 3.133982962871e-03
2690 3.133982962871e-03
2691 3.092514904535e-03
2692 3.092514904535e-03
2693 3.092514904535e-03
2694 3.092514904535e-03
2695 3.092514904535e-03
2696 3.092514904535e-03
2697 3.092514904535e-03
2698 3.092514904535e-03
2699 3.092514904535e-03
2700 3.092514904535e-03
2701 3.044584146629e-03
2702 3.044584146629e-03
2703 3.044584146629e-03
2704 3.044584146629e-03
2705 3.044584146629e-03
2706 3.044584146629e-03
2707 3.044584146629e-03
2708 3.044584146629e-03
2709 3.044584146629e-03
2710 3.044584146629e-03
2711 2.994943143103e-03
2712 2.994943143103e-03
2713 2.994943143103e-03
2714 2.994943143103e-03
2715 2.994943143103e-03
2716 2.994943143103e-03
2717 2.994943143103e-03
2718 2.994943143103e-03
2719 2.994943143103e-03
2720 2.994943143103e-03
2721 2.951439115482e-03
2722 2.951439115482e-03
2723 2.951439115482e-03
2724 2.951439115482e-03
2725 2.951439115482e-03
2726 2.951439115482e-03
2727 2.951439115482e-03
2728 2.951439115482e-03
2729 2.951439115482e-03
2730 2.951439115482e-03
2731 2.916326639067e-03
2732 2.916326639067e-03
2733 2.916326639067e-03
2734 2.916326639067e-03
2735 2.916326639067e-03
2736 2.916326639067e-03
2737 2.916326639067e-03
2738 2.916326639067e-03
2739 2.916326639067e-03
2740 2.916326639067e-03
2741 2.884981418381e-03
2742 2.884981418381e-03
2743 2.884981418381e-03
2744 2.884981418381e-03
2745 2.884981418381e-03
2746 2.884981418381e-03
2747 2.884981418381e-03
2748 2.884981418381e-03
2749 2.884981418381e-03
2750 2.884981418381e-03
2751 2.852304549386e-03
2752 2.852304549386e-03
2753 2.852304549386e-03
2754 2.852304549386e-03
2755 2.852304549386e-03
2756 2.852304549386e-03
2757 2.852304549386e-03
2758 2.852304549386e-03
2759 2.852304549386e-03
2760 2.852304549386e-03
2761 2.818012850464e-03
2762 2.818012850464e-03
2763 2.818012850464e-03
2764 2.818012850464e-03
2765 2.818012850464e-03
2766 2.818012850464e-03
2767 2.818012850464e-03
2768 2.818012850464e-03
2769 2.818012850464e-03
2770 2.818012850464e-03
2771 2.785388037034e-03
2772 2.785388037034e-03
2773 2.785388037034e-03
2774 2.785388037034e-03
2775 2.785388037034e-03
2776 2.785388037034e-03
2777 2.785388037034e-03
2778 2.785388037034e-03
2779 2.785388037034e-03
2780 2.785388037034e-03
2781 2.755971736795e-03
2782 2.755971736795e-03
2783 2.755971736795e-03
2784 2.755971736795e-03
2785 2.755971736795e-03
2786 2.755971736795e-03
2787 2.755971736795e-03
2788 2.755971736795e-03
2789 2.755971736795e-03
2790 2.755971736795e-03
2791 2.727497742885e-03
2792 2.727497742885e-03
2793 2.727497742885e-03
2794 2.727497742885e-03
2795 2.727497742885e-03
2796 2.727497742885e-03
2797 2.727497742885e-03
2798 2.727497742885e-03
2799 2.727497742885e-03
2800 2.727497742885e-03
2801 2.698386691195e-03
2802 2.698386691195e-03
2803 2.698386691195e-03
2804 2.698386691195e-03
2805 2.698386691195e-03
2806 2.698386691195e-03
2807 2.698386691195e-03
2808 2.698386691195e-03
2809 2.698386691195e-03
2810 2.698386691195e-03
2811 2.671824058427e-03
2812 2.671824058427e-03
2813 2.671824058427e-03
2814 2.671824058427e-03
2815 2.671824058427e-03
2816 2.671824058427e-03
2817 2.671824058427e-03
2818 2.671824058427e-03
2819 2.671824058427e-03
2820 2.671824058427e-03
2821 2.652479296615e-03
2822 2.652479296615e-03
2823 2.652479296615e-03
2824 2.652479296615e-03
2825 2.652479296615e-03
2826 2.652479296615e-03
2827 2.652479296615e-03
2828 2.652479296615e-03
2829 2.652479296615e-03
2830 2.652479296615e-03
2831 2.639867820618e-03
2832 2.639867820618e-03
2833 2.639867820618e-03
2834 2.639867820618e-03
2835 2.639867820618e-03
2836 2.639867820618e-03
2837 2.639867820618e-03
2838 2.639867820618e-03
2839 2.639867820618e-03
2840 2.639867820618e-03
2841 2.627345217468e-03
2842 2.627345217468e-03
2843 2.627345217468e-03
2844 2.627345217468e-03
2845 2.627345217468e-03
2846 2.627345217468e-03
2847 2.627345217468e-03
2848 2.627345217468e-03
2849 2.627345217468e-03
2850 2.627345217468e-03
2851 2.608943083674e-03
2852 2.608943083674e-03
2853 2.608943083674e-03
2854 2.608943083674e-03
2855 2.608943083674e-03
2856 2.608943083674e-03
2857 2.608943083674e-03
2858 2.608943083674e-03
2859 2.608943083674e-03
2860 2.608943083674e-03
2861 2.586270317518e-03
2862 2.586270317518e-03
2863 2.586270317518e-03
2864 2.586270317518e-03
2865 2.586270317518e-03
2866 2.586270317518e-03
2867 2.586270317518e-03
2868 2.586270317518e-03
2869 2.586270317518e-03
2870 2.586270317518e-03
2871 2.566646983963e-03
2872 2.566646983963e-03
2873 2.566646983963e-03
2874 2.566646983963e-03
2875 2.566646983963e-03
2876 2.566646983963e-03
2877 2.566646983963e-03
2878 2.566646983963e-03
2879 2.566646983963e-03
2880 2.566646983963e-03
2881 2.554234046555e-03
2882 2.554234046555e-03
2883 2.554234046555e-03
2884 2.554234046555e-03
2885 2.554234046555e-03
2886 2.554234046555e-03
2887 2.554234046555e-03
2888 2.554234046555e-03
2889 2.554234046555e-03
2890 2.554234046555e-03
2891 2.544641883873e-03
2892 2.544641883873e-03
2893 2.544641883873e-03
2894 2.544641883873e-03
2895 2.544641883873e-03
2896 2.544641883873e-03
2897 2.544641883873e-03
2898 2.544641883873e-03
2899 2.544641883873e-03
2900 2.544641883873e-03
2901 2.529916537266e-03
2902 2.529916537266e-03
2903 2.529916537266e-03
2904 2.529916537266e-03
2905 2.529916537266e-03
2906 2.529916537266e-03
2907 2.529916537266e-03
2908 2.529916537266e-03
2909 2.529916537266e-03
2910 2.529916537266e-03
2911 2.507840094883e-03
2912 2.507840094883e-03
2913 2.507840094883e-03
2914 2.507840094883e-03
2915 2.507840094883e-03
2916 2.507840094883e-03
2917 2.507840094883e-03
2918 2.507840094883e-03
2919 2.507840094883e-03
2920 2.507840094883e-03
2921 2.483488850581e-03
2922 2.483488850581e-03
2923 2.483488850581e-03
2924 2.483488850581e-03
2925 2.483488850581e-03
2926 2.483488850581e-03
2927 2.483488850581e-03
2928 2.483488850581e-03
2929 2.483488850581e-03
2930 2.483488850581e-03
2931 2.461258356491e-03
2932 2.461258356491e-03
2933 2.461258356491e-03
2934 2.461258356491e-03
2935 2.461258356491e-03
2936 2.461258356491e-03
2937 2.461258356491e-03
2938 2.461258356491e-03
2939 2.461258356491e-03
2940 2.461258356491e-03
2941 2.438030049009e-03
2942 2.438030049009e-03
2943 2.438030049009e-03
2944 2.438030049009e-03
2945 2.438030049009e-03
2946 2.438030049009e-03
2947 2.438030049009e-03
2948 2.438030049009e-03
2949 2.438030049009e-03
2950 2.438030049009e-03
2951 2.407188236366e-03
2952 2.407188236366e-03
2953 2.407188236366e-03
2954 2.407188236366e-03
2955 2.407188236366e-03
2956 2.407188236366e-03
2957 2.407188236366e-03
2958 2.407188236366e-03
2959 2.407188236366e-03
2960 2.407188236366e-03
2961 2.368338664379e-03
2962 2.368338664379e-03
2963 2.368338664379e-03
2964 2.368338664379e-03
2965 2.368338664379e-03
2966 2.368338664379e-03
2967 2.368338664379e-03
2968 2.368338664379e-03
2969 2.368338664379e-03
2970 2.368338664379e-03
2971 2.329008875310e-03
2972 2.329008875310e-03
2973 2.329008875310e-03
2974 2.329008875310e-03
2975 2.329008875310e-03
2976 2.329008875310e-03
2977 2.329008875310e-03
2978 2.329008875310e-03
2979 2.329008875310e-03
2980 2.329008875310e-03
2981 2.296220038559e-03
2982 2.296220038559e-03
2983 2.296220038559e-03
2984 2.296220038559e-03
2985 2.296220038559e-03
2986 2.296220038559e-03
2987 2.296220038559e-03
2988 2.296220038559e-03
2989 2.296220038559e-03
2990 2.296220038559e-03
2991 2.269001130831e-03
2992 2.269001130831e-03
2993 2.269001130831e-03
2994 2.269001130831e-03
2995 2.269001130831e-03
2996 2.269001130831e-03
2997 2.269001130831e-03
2998 2.269001130831e-03
2999 2.269001130831e-03
3000 2.269001130831e-03
3001 2.240583689396e-03
3002 2.240583689396e-03
3003 2.240583689396e-03
3004 2.240583689396e-03
3005 2.240583689396e-03
3006 2.240583689396e-03
3007 2.240583689396e-03
3008 2.240583689396e-03
3009 2.240583689396e-03
3010 2.240583689396e-03
3011 2.207210507947e-03
3012 2.207210507947e-03
3013 2.207210507947e-03
3014 2.207210507947e-03
3015 2.207210507947e-03
3016 2.207210507947e-03
3017 2.207210507947e-03
3018 2.207210507947e-03
3019 2.207210507947e-03
3020 2.207210507947e-03
3021 2.172519995774e-03
3022 2.172519995774e-03
3023 2.172519995774e-03
3024 2.172519995774e-03
3025 2.172519995774e-03
3026 2.172519995774e-03
3027 2.172519995774e-03
3028 2.172519995774e-03
3029 2.172519995774e-03
3030 2.172519995774e-03
3031 2.142540496398e-03
3032 2.142540496398e-03
3033 2.142540496398e-03
3034 2.142540496398e-03
3035 2.142540496398e-03
3036 2.142540496398e-03
3037 2.142540496398e-03
3038 2.142540496398e-03
3039 2.142540496398e-03
3040 2.142540496398e-03
3041 2.117878024235e-03
3042 2.117878024235e-03
3043 2.117878024235e-03
3044 2.117878024235e-03
3045 2.117878024235e-03
3046 2.117878024235e-03
3047 2.117878024235e-03
3048 2.117878024235e-03
3049 2.117878024235e-03
3050 2.117878024235e-03
3051 2.092467094275e-03
3052 2.092467094275e-03
3053 2.092467094275e-03
3054 2.092467094275e-03
3055 2.092467094275e-03
3056 2.092467094275e-03
3057 2.092467094275e-03
3058 2.092467094275e-03
3059 2.092467094275e-03
3060 2.092467094275e-03
3061 2.060886231950e-03
3062 2.060886231950e-03
3063 2.060886231950e-03
3064 2.060886231950e-03
3065 2.060886231950e-03
3066 2.060886231950e-03
3067 2.060886231950e-03
3068 2.060886231950e-03
3069 2.060886231950e-03
3070 2.060886231950e-03
3071 2.025862928868e-03
3072 2.025862928868e-03
3073 2.025862928868e-03
3074 2.025862928868e-03
3075 2.025862928868e-03
3076 2.025862928868e-03
3077 2.025862928868e-03
3078 2.025862928868e-03
3079 2.025862928868e-03
3080 2.025862928868e-03
3081 1.996180072830e-03
3082 1.996180072830e-03
3083 1.996180072830e-03
3084 1.996180072830e-03
3085 1.996180072830e-03
3086 1.996180072830e-03
3087 1.996180072830e-03
3088 1.996180072830e-03
3089 1.996180072830e-03
3090 1.996180072830e-03
3091 1.976836456534e-03
3092 1.976836456534e-03
3093 1.976836456534e-03
3094 1.976836456534e-03
3095 1.976836456534e-03
3096 1.976836456534e-03
3097 1.976836456534e-03
3098 1.976836456534e-03
3099 1.976836456534e-03
3100 1.976836456534e-03
3101 1.963495024673e-03
3102 1.963495024673e-03
3103 1.963495024673e-03
3104 1.963495024673e-03
3105 1.963495024673e-03
3106 1.963495024673e-03
3107 1.963495024673e-03
3108 1.963495024673e-03
3109 1.963495024673e-03
3110 1.963495024673e-03
3111 1.948214893273e-03
3112 1.948214893273e-03
3113 1.948214893273e-03
3114 1.948214893273e-03
3115 1.948214893273e-03
3116 1.948214893273e-03
3117 1.948214893273e-03
3118 1.948214893273e-03
3119 1.948214893273e-03
3120 1.948214893273e-03
3121 1.929072629987e-03
3122 1.929072629987e-03
3123 1.929072629987e-03
3124 1.929072629987e-03
3125 1.929072629987e-03
3126 1.929072629987e-03
3127 1.929072629987e-03
3128 1.929072629987e-03
3129 1.929072629987e-03
3130 1.929072629987e-03
3131 1.911561858729e-03
3132 1.911561858729e-03
3133 1.911561858729e-03
3134 1.911561858729e-03
3135 1.911561858729e-03
3136 1.911561858729e-03
3137 1.911561858729e-03
3138 1.911561858729e-03
3139 1.911561858729e-03
3140 1.911561858729e-03
3141 1.900961875574e-03
3142 1.900961875574e-03
3143 1.900961875574e-03
3144 1.900961875574e-03
3145 1.900961875574e-03
3146 1.900961875574e-03
3147 1.900961875574e-03
3148 1.900961875574e-03
3149 1.900961875574e-03
3150 1.900961875574e-03
3151 1.895130020416e-03
3152 1.895130020416e-03
3153 1.895130020416e-03
3154 1.895130020416e-03
3155 1.895130020416e-03
3156 1.895130020416e-03
3157 1.895130020416e-03
3158 1.895130020416e-03
3159 1.895130020416e-03
3160 1.895130020416e-03
3161 1.886745284530e-03
3162 1.886745284530e-03
3163 1.886745284530e-03
3164 1.886745284530e-03
3165 1.886745284530e-03
3166 1.886745284530e-03
3167 1.886745284530e-03
3168 1.886745284530e-03
3169 1.886745284530e-03
3170 1.886745284530e-03
3171 1.872599294811e-03
3172 1.872599294811e-03
3173 1.872599294811e-03
3174 1.872599294811e-03
3175 1.872599294811e-03
3176 1.872599294811e-03
3177 1.872599294811e-03
3178 1.872599294811e-03
3179 1.872599294811e-03
3180 1.872599294811e-03
3181 1.857114590746e-03
3182 1.857114590746e-03
3183 1.857114590746e-03
3184 1.857114590746e-03
3185 1.857114590746e-03
3186 1.857114590746e-03
3187 1.857114590746e-03
3188 1.857114590746e-03
3189 1.857114590746e-03
3190 1.857114590746e-03
3191 1.845662521167e-03
3192 1.845662521167e-03
3193 1.845662521167e-03
3194 1.845662521167e-03
3195 1.845662521167e-03
3196 1.845662521167e-03
3197 1.845662521167e-03
3198 1.845662521167e-03
3199 1.845662521167e-03
3200 1.845662521167e-03
3201 1.837220293805e-03
3202 1.837220293805e-03
3203 1.837220293805e-03
3204 1.837220293805e-03
3205 1.837220293805e-03
3206 1.837220293805e-03
3207 1.837220293805e-03
3208 1.837220293805e-03
3209 1.837220293805e-03
3210 1.837220293805e-03
3211 1.825229324964e-03
3212 1.825229324964e-03
3213 1.825229324964e-03
3214 1.825229324964e-03
3215 1.825229324964e-03
3216 1.825229324964e-03
3217 1.825229324964e-03
3218 1.825229324964e-03
3219 1.825229324964e-03
3220 1.825229324964e-03
3221 1.804681987456e-03
3222 1.804681987456e-03
3223 1.804681987456e-03
3224 1.804681987456e-03
3225 1.804681987456e-03
3226 1.804681987456e-03
3227 1.804681987456e-03
3228 1.804681987456e-03
3229 1.804681987456e-03
3230 1.804681987456e-03
3231 1.776957661956e-03
3232 1.776957661956e-03
3233 1.776957661956e-03
3234 1.776957661956e-03
3235 1.776957661956e-03
3236 1.776957661956e-03
3237 1.776957661956e-03
3238 1.776957661956e-03
3239 1.776957661956e-03
3240 1.776957661956e-03
3241 1.747695368052e-03
3242 1.747695368052e-03
3243 1.747695368052e-03
3244 1.747695368052e-03
3245 1.747695368052e-03
3246 1.747695368052e-03
3247 1.747695368052e-03
3248 1.747695368052e-03
3249 1.747695368052e-03
3250 1.747695368052e-03
3251 1.720667938630e-03
3252 1.720667938630e-03
3253 1.720667938630e-03
3254 1.720667938630e-03
3255 1.720667938630e-03
3256 1.720667938630e-03
3257 1.720667938630e-03
3258 1.720667938630e-03
3259 1.720667938630e-03
3260 1.720667938630e-03
3261 1.695227009996e-03
3262 1.695227009996e-03
3263 1.695227009996e-03
3264 1.695227009996e-03
3265 1.695227009996e-03
3266 1.695227009996e-03
3267 1.695227009996e-03
3268 1.695227009996e-03
3269 1.695227009996e-03
3270 1.695227009996e-03
3271 1.669476829913e-03
3272 1.669476829913e-03
3273 1.669476829913e-03
3274 1.669476829913e-03
3275 1.669476829913e-03
3276 1.669476829913e-03
3277 1.669476829913e-03
3278 1.669476829913e-03
3279 1.669476829913e-03
3280 1.669476829913e-03
3281 1.643646762407e-03
3282 1.643646762407e-03
3283 1.643646762407e-03
3284 1.643646762407e-03
3285 1.643646762407e-03
3286 1.643646762407e-03
3287 1.643646762407e-03
3288 1.643646762407e-03
3289 1.643646762407e-03
3290 1.643646762407e-03
3291 1.619558021167e-03
3292 1.619558021167e-03
3293 1.619558021167e-03
3294 1.619558021167e-03
3295 1.619558021167e-03
3296 1.619558021167e-03
3297 1.619558021167e-03
3298 1.619558021167e-03
3299 1.619558021167e-03
3300 1.619558021167e-03
3301 1.597699578856e-03
3302 1.597699578856e-03
3303 1.597699578856e-03
3304 1.597699578856e-03
3305 1.597699578856e-03
3306 1.597699578856e-03
3307 1.597699578856e-03
3308 1.597699578856e-03
3309 1.597699578856e-03
3310 1.597699578856e-03
3311 1.575672619844e-03
3312 1.575672619844e-03
3313 1.575672619844e-03
3314 1.575672619844e-03
3315 1.575672619844e-03
3316 1.575672619844e-03
3317 1.575672619844e-03
3318 1.575672619844e-03
3319 1.575672619844e-03
3320 1.575672619844e-03
3321 1.550768358328e-03
3322 1.550768358328e-03
3323 1.550768358328e-03
3324 1.550768358328e-03
3325 1.550768358328e-03
3326 1.550768358328e-03
3327 1.550768358328e-03
3328 1.550768358328e-03
3329 1.550768358328e-03
3330 1.550768358328e-03
3331 1.524118398257e-03
3332 1.524118398257e-03
3333 1.524118398257e-03
3334 1.524118398257e-03
3335 1.524118398257e-03
3336 1.524118398257e-03
3337 1.524118398257e-03
3338 1.524118398257e-03
3339 1.524118398257e-03
3340 1.524118398257e-03
3341 1.500317765044e-03
3342 1.500317765044e-03
3343 1.500317765044e-03
3344 1.500317765044e-03
3345 1.500317765044e-03
3346 1.500317765044e-03
3347 1.500317765044e-03
3348 1.500317765044e-03
3349 1.500317765044e-03
3350 1.500317765044e-03
3351 1.482200945273e-03
3352 1.482200945273e-03
3353 1.482200945273e-03
3354 1.482200945273e-03
3355 1.482200945273e-03
3356 1.482200945273e-03
3357 1.482200945273e-03
3358 1.482200945273e-03
3359 1.482200945273e-03
3360 1.482200945273e-03
3361 1.467421294893e-03
3362 1.467421294893e-03
3363 1.467421294893e-03
3364 1.467421294893e-03
3365 1.467421294893e-03
3366 1.467421294893e-03
3367 1.467421294893e-03
3368 1.467421294893e-03
3369 1.467421294893e-03
3370 1.467421294893e-03
3371 1.451728217993e-03
3372 1.451728217993e-03
3373 1.451728217993e-03
3374 1.451728217993e-03
3375 1.451728217993e-03
3376 1.451728217993e-03
3377 1.451728217993e-03
3378 1.451728217993e-03
3379 1.451728217993e-03
3380 1.451728217993e-03
3381 1.434432222776e-03
3382 1.434432222776e-03
3383 1.434432222776e-03
3384 1.434432222776e-03
3385 1.434432222776e-03
3386 1.434432222776e-03
3387 1.434432222776e-03
3388 1.434432222776e-03
3389 1.434432222776e-03
3390 1.434432222776e-03
3391 1.418366420978e-03
3392 1.418366420978e-03
3393 1.418366420978e-03
3394 1.418366420978e-03
3395 1.418366420978e-03
3396 1.418366420978e-03
3397 1.418366420978e-03
3398 1.418366420978e-03
3399 1.418366420978e-03
3400 1.418366420978e-03
3401 1.405140854731e-03
3402 1.405140854731e-03
3403 1.405140854731e-03
3404 1.405140854731e-03
3405 1.405140854731e-03
3406 1.405140854731e-03
3407 1.405140854731e-03
3408 1.405140854731e-03
3409 1.405140854731e-03
3410 1.405140854731e-03
3411 1.392957815409e-03
3412 1.392957815409e-03
3413 1.392957815409e-03
3414 1.392957815409e-03
3415 1.392957815409e-03
3416 1.392957815409e-03
3417 1.392957815409e-03
3418 1.392957815409e-03
3419 1.392957815409e-03
3420 1.392957815409e-03
3421 1.380122207046e-03
3422 1.380122207046e-03
3423 1.380122207046e-03
3424 1.380122207046e-03
3425 1.380122207046e-03
3426 1.380122207046e-03
3427 1.380122207046e-03
3428 1.380122207046e-03
3429 1.380122207046e-03
3430 1.380122207046e-03
3431 1.368622019718e-03
3432 1.368622019718e-03
3433 1.368622019718e-03
3434 1.368622019718e-03
3435 1.368622019718e-03
3436 1.368622019718e-03
3437 1.368622019718e-03
3438 1.368622019718e-03
3439 1.368622019718e-03
3440 1.368622019718e-03
3441 1.361669073518e-03
3442 1.361669073518e-03
3443 1.361669073518e-03
3444 1.361669073518e-03
3445 1.361669073518e-03
3446 1.361669073518e-03
3447 1.361669073518e-03
3448 1.361669073518e-03
3449 1.361669073518e-03
3450 1.361669073518e-03
3451 1.358202770258e-03
3452 1.358202770258e-03
3453 1.358202770258e-03
3454 1.358202770258e-03
3455 1.358202770258e-03
3456 1.358202770258e-03
3457 1.358202770258e-03
3458 1.358202770258e-03
3459 1.358202770258e-03
3460 1.358202770258e-03
3461 1.352307527678e-03
3462 1.352307527678e-03
3463 1.352307527678e-03
3464 1.352307527678e-03
3465 1.352307527678e-03
3466 1.352307527678e-03
3467 1.352307527678e-03
3468 1.352307527678e-03
3469 1.352307527678e-03
3470 1.352307527678e-03
3471 1.339588075846e-03
3472 1.339588075846e-03
3473 1.339588075846e-03
3474 1.339588075846e-03
3475 1.339588075846e-03
3476 1.339588075846e-03
3477 1.339588075846e-03
3478 1.339588075846e-03
3479 1.339588075846e-03
3480 1.339588075846e-03
3481 1.322437144747e-03
3482 1.322437144747e-03
3483 1.322437144747e-03
3484 1.322437144747e-03
3485 1.322437144747e-03
3486 1.322437144747e-03
3487 1.322437144747e-03
3488 1.322437144747e-03
3489 1.322437144747e-03
3490 1.322437144747e-03
3491 1.306931468226e-03
3492 1.306931468226e-03
3493 1.306931468226e-03
3494 1.306931468226e-03
3495 1.306931468226e-03
3496 1.306931468226e-03
3497 1.306931468226e-03
3498 1.306931468226e-03
3499 1.306931468226e-03
3500 1.306931468226e-03
3501 1.295592992599e-03
3502 1.295592992599e-03
3503 1.295592992599e-03
3504 1.295592992599e-03
3505 1.295592992599e-03
3506 1.295592992599e-03
3507 1.295592992599e-03
3508 1.295592992599e-03
3509 1.295592992599e-03
3510 1.295592992599e-03
3511 1.284474696329e-03
3512 1.284474696329e-03
3513 1.284474696329e-03
3514 1.284474696329e-03
3515 1.284474696329e-03
3516 1.284474696329e-03
3517 1.284474696329e-03
3518 1.284474696329e-03
3519 1.284474696329e-03
3520 1.284474696329e-03
3521 1.267408217307e-03
3522 1.267408217307e-03
3523 1.267408217307e-03
3524 1.267408217307e-03
3525 1.267408217307e-03
3526 1.267408217307e-03
3527 1.267408217307e-03
3528 1.267408217307e-03
3529 1.267408217307e-03
3530 1.267408217307e-03
3531 1.243088416920e-03
3532 1.243088416920e-03
3533 1.243088416920e-03
3534 1.243088416920e-03
3535 1.243088416920e-03
3536 1.243088416920e-03
3537 1.243088416920e-03
3538 1.243088416920e-03
3539 1.243088416920e-03
3540 1.243088416920e-03
3541 1.217258314335e-03
3542 1.217258314335e-03
3543 1.217258314335e-03
3544 1.217258314335e-03
3545 1.217258314335e-03
3546 1.217258314335e-03
3547 1.217258314335e-03
3548 1.217258314335e-03
3549 1.217258314335e-03
3550 1.217258314335e-03
3551 1.196634470805e-03
3552 1.196634470805e-03
3553 1.196634470805e-03
3554 1.196634470805e-03
3555 1.196634470805e-03
3556 1.196634470805e-03
3557 1.196634470805e-03
3558 1.196634470805e-03
3559 1.196634470805e-03
3560 1.196634470805e-03
3561 1.181500263158e-03
3562 1.181500263158e-03
3563 1.181500263158e-03
3564 1.181500263158e-03
3565 1.181500263158e-03
3566 1.181500263158e-03
3567 1.181500263158e-03
3568 1.181500263158e-03
3569 1.181500263158e-03
3570 1.181500263158e-03
3571 1.165987106953e-03
3572 1.165987106953e-03
3573 1.165987106953e-03
3574 1.165987106953e-03
3575 1.165987106953e-03
3576 1.165987106953e-03
3577 1.165987106953e-03
3578 1.165987106953e-03
3579 1.165987106953e-03
3580 1.165987106953e-03
3581 1.145630353779e-03
3582 1.145630353779e-03
3583 1.145630353779e-03
3584 1.145630353779e-03
3585 1.145630353779e-03
3586 1.145630353779e-03
3587 1.145630353779e-03
3588 1.145630353779e-03
3589 1.145630353779e-03
3590 1.145630353779e-03
3591 1.122811831551e-03
3592 1.122811831551e-03
3593 1.122811831551e-03
3594 1.122811831551e-03
3595 1.122811831551e-03
3596 1.122811831551e-03
3597 1.122811831551e-03
3598 1.122811831551e-03
3599 1.122811831551e-03
3600 1.122811831551e-03
3601 1.103181747804e-03
3602 1.103181747804e-03
3603 1.103181747804e-03
3604 1.103181747804e-03
3605 1.103181747804e-03
3606 1.103181747804e-03
3607 1.103181747804e-03
3608 1.103181747804e-03
3609 1.103181747804e-03
3610 1.103181747804e-03
3611 1.087942689285e-03
3612 1.087942689285e-03
3613 1.087942689285e-03
3614 1.087942689285e-03
3615 1.087942689285e-03
3616 1.087942689285e-03
3617 1.087942689285e-03
3618 1.087942689285e-03
3619 1.087942689285e-03
3620 1.087942689285e-03
3621 1.072157986983e-03
3622 1.072157986983e-03
3623 1.072157986983e-03
3624 1.072157986983e-03
3625 1.072157986983e-03
3626 1.072157986983e-03
3627 1.072157986983e-03
3628 1.072157986983e-03
3629 1.072157986983e-03
3630 1.072157986983e-03
3631 1.051879407421e-03
3632 1.051879407421e-03
3633 1.051879407421e-03
3634 1.051879407421e-03
3635 1.051879407421e-03
3636 1.051879407421e-03
3637 1.051879407421e-03
3638 1.051879407421e-03
3639 1.051879407421e-03
3640 1.051879407421e-03
3641 1.030231324244e-03
3642 1.030231324244e-03
3643 1.030231324244e-03
3644 1.030231324244e-03
3645 1.030231324244e-03
3646 1.030231324244e-03
3647 1.030231324244e-03
3648 1.030231324244e-03
3649 1.030231324244e-03
3650 1.030231324244e-03
3651 1.014101413349e-03
3652 1.014101413349e-03
3653 1.014101413349e-03
3654 1.014101413349e-03
3655 1.014101413349e-03
3656 1.014101413349e-03
3657 1.014101413349e-03
3658 1.014101413349e-03
3659 1.014101413349e-03
3660 1.014101413349e-03
3661 1.006389462283e-03
3662 1.006389462283e-03
3663 1.006389462283e-03
3664 1.006389462283e-03
3665 1.006389462283e-03
3666 1.006389462283e-03
3667 1.006389462283e-03
3668 1.006389462283e-03
3669 1.006389462283e-03
3670 1.006389462283e-03
3671 1.002700240394e-03
3672 1.002700240394e-03
3673 1.002700240394e-03
3674 1.002700240394e-03
3675 1.002700240394e-03
3676 1.002700240394e-03
3677 1.002700240394e-03
3678 1.002700240394e-03
3679 1.002700240394e-03
3680 1.002700240394e-03
3681 9.962976505814e-04
3682 9.962976505814e-04
3683 9.962976505814e-04
3684 9.962976505814e-04
3685 9.962976505814e-04
3686 9.962976505814e-04
3687 9.962976505814e-04
3688 9.962976505814e-04
3689 9.962976505814e-04
3690 9.962976505814e-04
3691 9.861123107723e-04
3692 9.861123107723e-04
3693 9.861123107723e-04
3694 9.861123107723e-04
3695 9.861123107723e-04
3696 9.861123107723e-04
3697 9.861123107723e-04
3698 9.861123107723e-04
3699 9.861123107723e-04
3700 9.861123107723e-04
3701 9.779119717119e-04
3702 9.779119717119e-04
3703 9.779119717119e-04
3704 9.779119717119e-04
3705 9.779119717119e-04
3706 9.779119717119e-04
3707 9.779119717119e-04
3708 9.779119717119e-04
3709 9.779119717119e-04
3710 9.779119717119e-04
3711 9.768907754896e-04
3712 9.768907754896e-04
3713 9.768907754896e-04
3714 9.768907754896e-04
3715 9.768907754896e-04
3716 9.768907754896e-04
3717 9.768907754896e-04
3718 9.768907754896e-04
3719 9.768907754896e-04
3720 9.768907754896e-04
3721 9.814561569409e-04
3722 9.814561569409e-04
3723 9.814561569409e-04
3724 9.814561569409e-04
3725 9.814561569409e-04
3726 9.814561569409e-04
3727 9.814561569409e-04
3728 9.814561569409e-04
3729 9.814561569409e-04
3730 9.814561569409e-04
3731 9.857591765732e-04
3732 9.857591765732e-04
3733 9.857591765732e-04
3734 9.857591765732e-04
3735 9.857591765732e-04
3736 9.857591765732e-04
3737 9.857591765732e-04
3738 9.857591765732e-04
3739 9.857591765732e-04
3740 9.857591765732e-04
3741 9.861526385024e-04
3742 9.861526385024e-04
3743 9.861526385024e-04
3744 9.861526385024e-04
3745 9.861526385024e-04
3746 9.861526385024e-04
3747 9.861526385024e-04
3748 9.861526385024e-04
3749 9.861526385024e-04
3750 9.861526385024e-04
3751 9.833950038251e-04
3752 9.833950038251e-04
3753 9.833950038251e-04
3754 9.833950038251e-04
3755 9.833950038251e-04
3756 9.833950038251e-04
3757 9.833950038251e-04
3758 9.833950038251e-04
3759 9.833950038251e-04
3760 9.833950038251e-04
