1 -3.112858429372e+03
2 -3.112858429365e+03
3 -3.112858429311e+03
4 -3.112858429133e+03
5 -3.112858428719e+03
6 -3.112858427929e+03
7 -3.112858426600e+03
8 -3.112858424551e+03
9 -3.112858421585e+03
10 -3.112858417496e+03
11 -3.112858412347e+03
12 -3.112858405340e+03
13 -3.112858396512e+03
14 -3.112858385596e+03
15 -3.112858372303e+03
16 -3.112858356318e+03
17 -3.112858337296e+03
18 -3.112858314862e+03
19 -3.112858288613e+03
20 -3.112858258117e+03
21 -3.112858223391e+03
22 -3.112858183022e+03
23 -3.112858137002e+03
24 -3.112858084847e+03
25 -3.112858026078e+03
26 -3.112857960228e+03
27 -3.112857886848e+03
28 -3.112857805507e+03
29 -3.112857715798e+03
30 -3.112857617340e+03
31 -3.112857510426e+03
32 -3.112857393404e+03
33 -3.112857266604e+03
34 -3.112857129712e+03
35 -3.112856982422e+03
36 -3.112856824433e+03
37 -3.112856655442e+03
38 -3.112856475150e+03
39 -3.112856283257e+03
40 -3.112856079469e+03
41 -3.112855864337e+03
42 -3.112855635912e+03
43 -3.112855394786e+03
44 -3.112855140738e+03
45 -3.112854873589e+03
46 -3.112854593203e+03
47 -3.112854299496e+03
48 -3.112853992436e+03
49 -3.112853672049e+03
50 -3.112853338410e+03
51 -3.112852992661e+03
52 -3.112852632931e+03
53 -3.112852260434e+03
54 -3.112851875394e+03
55 -3.112851478048e+03
56 -3.112851068649e+03
57 -3.112850647458e+03
58 -3.112850214743e+03
59 -3.112849770787e+03
60 -3.112849315887e+03
61 -3.112848851561e+03
62 -3.112848375769e+03
63 -3.112847890094e+03
64 -3.112847394965e+03
65 -3.112846890856e+03
66 -3.112846378287e+03
67 -3.112845857824e+03
68 -3.112845330072e+03
69 -3.112844795674e+03
70 -3.112844255301e+03
71 -3.112843711024e+03
72 -3.112843160793e+03
73 -3.112842606696e+03
74 -3.112842049443e+03
75 -3.112841489737e+03
76 -3.112840928269e+03
77 -3.112840365726e+03
78 -3.112839802782e+03
79 -3.112839240109e+03
80 -3.112838678380e+03
81 -3.112838119842e+03
82 -3.112837562042e+03
83 -3.112837007246e+03
84 -3.112836456164e+03
85 -3.112835909512e+03
86 -3.112835368014e+03
87 -3.112834832394e+03
88 -3.112834303367e+03
89 -3.112833781640e+03
90 -3.112833267898e+03
91 -3.112832764571e+03
92 -3.112832268752e+03
93 -3.112831782809e+03
94 -3.112831307306e+03
95 -3.112830842773e+03
96 -3.112830389704e+03
97 -3.112829948560e+03
98 -3.112829519771e+03
99 -3.112829103737e+03
100 -3.112828700828e+03
101 -3.112828313367e+03
102 -3.112827937710e+03
103 -3.112827576125e+03
104 -3.112827228869e+03
105 -3.112826896165e+03
106 -3.112826578206e+03
107 -3.112826275143e+03
108 -3.112825987091e+03
109 -3.112825714119e+03
110 -3.112825456256e+03
111 -3.112825215683e+03
112 -3.112824987941e+03
113 -3.112824775122e+03
114 -3.112824577077e+03
115 -3.112824393613e+03
116 -3.112824224496e+03
117 -3.112824069452e+03
118 -3.112823928168e+03
119 -3.112823800295e+03
120 -3.112823685444e+03
121 -3.112823585612e+03
122 -3.112823495496e+03
123 -3.112823417022e+03
124 -3.112823349660e+03
125 -3.112823292844e+03
126 -3.112823245975e+03
127 -3.112823208417e+03
128 -3.112823179505e+03
129 -3.112823158536e+03
130 -3.112823144778e+03
131 -3.112823140106e+03
132 -3.112823138446e+03
133 -3.112823141620e+03
134 -3.112823148783e+03
135 -3.112823159071e+03
136 -3.112823171602e+03
137 -3.112823185476e+03
138 -3.112823199782e+03
139 -3.112823213593e+03
140 -3.112823225973e+03
141 -3.112823238827e+03
142 -3.112823245494e+03
143 -3.112823247863e+03
144 -3.112823244961e+03
145 -3.112823235810e+03
146 -3.112823219430e+03
147 -3.112823194840e+03
148 -3.112823161064e+03
149 -3.112823117128e+03
150 -3.112823062070e+03
151 -3.112822997980e+03
152 -3.112822917837e+03
153 -3.112822823763e+03
154 -3.112822714855e+03
155 -3.112822590231e+03
156 -3.112822449029e+03
157 -3.112822290408e+03
158 -3.112822113549e+03
159 -3.112821917657e+03
160 -3.112821701959e+03
161 -3.112821468915e+03
162 -3.112821211391e+03
163 -3.112820931904e+03
164 -3.112820629794e+03
165 -3.112820304437e+03
166 -3.112819955245e+03
167 -3.112819581675e+03
168 -3.112819183222e+03
169 -3.112818759431e+03
170 -3.112818309893e+03
171 -3.112817837595e+03
172 -3.112817335530e+03
173 -3.112816806783e+03
174 -3.112816251144e+03
175 -3.112815668446e+03
176 -3.112815058576e+03
177 -3.112814421469e+03
178 -3.112813757105e+03
179 -3.112813065517e+03
180 -3.112812346781e+03
181 -3.112811604504e+03
182 -3.112810831901e+03
183 -3.112810032674e+03
184 -3.112809207093e+03
185 -3.112808355479e+03
186 -3.112807478204e+03
187 -3.112806575691e+03
188 -3.112805648419e+03
189 -3.112804696923e+03
190 -3.112803721790e+03
191 -3.112802727276e+03
192 -3.112801706855e+03
193 -3.112800664885e+03
194 -3.112799602160e+03
195 -3.112798519518e+03
196 -3.112797417839e+03
197 -3.112796298040e+03
198 -3.112795161073e+03
199 -3.112794007923e+03
200 -3.112792839609e+03
201 -3.112791660934e+03
202 -3.112790465462e+03
203 -3.112789258053e+03
204 -3.112788039840e+03
205 -3.112786811979e+03
206 -3.112785575653e+03
207 -3.112784332068e+03
208 -3.112783082454e+03
209 -3.112781828063e+03
210 -3.112780570165e+03
211 -3.112779313975e+03
212 -3.112778052944e+03
213 -3.112776792311e+03
214 -3.112775533393e+03
215 -3.112774277514e+03
216 -3.112773025992e+03
217 -3.112771780140e+03
218 -3.112770541262e+03
219 -3.112769310649e+03
220 -3.112768089574e+03
221 -3.112766883426e+03
222 -3.112765685172e+03
223 -3.112764500153e+03
224 -3.112763329553e+03
225 -3.112762174526e+03
226 -3.112761036194e+03
227 -3.112759915653e+03
228 -3.112758813962e+03
229 -3.112757732149e+03
230 -3.112756671208e+03
231 -3.112755636484e+03
232 -3.112754620126e+03
233 -3.112753627405e+03
234 -3.112752659162e+03
235 -3.112751716193e+03
236 -3.112750799247e+03
237 -3.112749909018e+03
238 -3.112749046146e+03
239 -3.112748211207e+03
240 -3.112747404716e+03
241 -3.112746631807e+03
242 -3.112745883483e+03
243 -3.112745164746e+03
244 -3.112744475839e+03
245 -3.112743816939e+03
246 -3.112743188156e+03
247 -3.112742589538e+03
248 -3.112742021066e+03
249 -3.112741482661e+03
250 -3.112740974181e+03
251 -3.112740500461e+03
252 -3.112740051159e+03
253 -3.112739630992e+03
254 -3.112739239575e+03
255 -3.112738876464e+03
256 -3.112738541152e+03
257 -3.112738233072e+03
258 -3.112737951590e+03
259 -3.112737696012e+03
260 -3.112737465577e+03
261 -3.112737264893e+03
262 -3.112737082207e+03
263 -3.112736922004e+03
264 -3.112736783278e+03
265 -3.112736664969e+03
266 -3.112736565964e+03
267 -3.112736485102e+03
268 -3.112736421178e+03
269 -3.112736372946e+03
270 -3.112736339119e+03
271 -3.112736324233e+03
272 -3.112736315217e+03
273 -3.112736316546e+03
274 -3.112736326803e+03
275 -3.112736344548e+03
276 -3.112736368314e+03
277 -3.112736396612e+03
278 -3.112736427930e+03
279 -3.112736460739e+03
280 -3.112736493491e+03
281 -3.112736530927e+03
282 -3.112736558871e+03
283 -3.112736582050e+03
284 -3.112736598883e+03
285 -3.112736607793e+03
286 -3.112736607204e+03
287 -3.112736595556e+03
288 -3.112736571297e+03
289 -3.112736532893e+03
290 -3.112736478826e+03
291 -3.112736414360e+03
292 -3.112736324504e+03
293 -3.112736214570e+03
294 -3.112736083139e+03
295 -3.112735928820e+03
296 -3.112735750254e+03
297 -3.112735546118e+03
298 -3.112735315131e+03
299 -3.112735056049e+03
300 -3.112734767678e+03
301 -3.112734456080e+03
302 -3.112734105750e+03
303 -3.112733722865e+03
304 -3.112733306452e+03
305 -3.112732855604e+03
306 -3.112732369479e+03
307 -3.112731847302e+03
308 -3.112731288363e+03
309 -3.112730692023e+03
310 -3.112730057707e+03
311 -3.112729392529e+03
312 -3.112728680799e+03
313 -3.112727929763e+03
314 -3.112727139114e+03
315 -3.112726308610e+03
316 -3.112725438084e+03
317 -3.112724527444e+03
318 -3.112723576676e+03
319 -3.112722585849e+03
320 -3.112721555117e+03
321 -3.112720492708e+03
322 -3.112719382962e+03
323 -3.112718234281e+03
324 -3.112717047157e+03
325 -3.112715822163e+03
326 -3.112714559951e+03
327 -3.112713261247e+03
328 -3.112711926849e+03
329 -3.112710557628e+03
330 -3.112709154520e+03
331 -3.112707726831e+03
332 -3.112706259011e+03
333 -3.112704760493e+03
334 -3.112703232460e+03
335 -3.112701676155e+03
336 -3.112700092878e+03
337 -3.112698483989e+03
338 -3.112696850906e+03
339 -3.112695195103e+03
340 -3.112693518111e+03
341 -3.112691830068e+03
342 -3.112690115500e+03
343 -3.112688384646e+03
344 -3.112686639232e+03
345 -3.112684881018e+03
346 -3.112683111799e+03
347 -3.112681333398e+03
348 -3.112679547654e+03
349 -3.112677756426e+03
350 -3.112675961583e+03
351 -3.112674173728e+03
352 -3.112672377274e+03
353 -3.112670582826e+03
354 -3.112668792253e+03
355 -3.112667007416e+03
356 -3.112665230167e+03
357 -3.112663462348e+03
358 -3.112661705789e+03
359 -3.112659962307e+03
360 -3.112658233699e+03
361 -3.112656530589e+03
362 -3.112654837041e+03
363 -3.112653163621e+03
364 -3.112651512016e+03
365 -3.112649883866e+03
366 -3.112648280761e+03
367 -3.112646704237e+03
368 -3.112645155765e+03
369 -3.112643636753e+03
370 -3.112642148543e+03
371 -3.112640701318e+03
372 -3.112639278461e+03
373 -3.112637890021e+03
374 -3.112636537067e+03
375 -3.112635220603e+03
376 -3.112633941563e+03
377 -3.112632700812e+03
378 -3.112631499142e+03
379 -3.112630337272e+03
380 -3.112629215837e+03
381 -3.112628144342e+03
382 -3.112627105359e+03
383 -3.112626108215e+03
384 -3.112625153198e+03
385 -3.112624240503e+03
386 -3.112623370231e+03
387 -3.112622542388e+03
388 -3.112621756887e+03
389 -3.112621013552e+03
390 -3.112620312116e+03
391 -3.112619661208e+03
392 -3.112619042425e+03
393 -3.112618464232e+03
394 -3.112617926033e+03
395 -3.112617427155e+03
396 -3.112616966849e+03
397 -3.112616544291e+03
398 -3.112616158579e+03
399 -3.112615808737e+03
400 -3.112615493713e+03
401 -3.112615221425e+03
402 -3.112614972580e+03
403 -3.112614754950e+03
404 -3.112614567189e+03
405 -3.112614407886e+03
406 -3.112614275568e+03
407 -3.112614168699e+03
408 -3.112614085691e+03
409 -3.112614024903e+03
410 -3.112613984644e+03
411 -3.112613972319e+03
412 -3.112613967886e+03
413 -3.112613978669e+03
414 -3.112614002830e+03
415 -3.112614038495e+03
416 -3.112614083767e+03
417 -3.112614136724e+03
418 -3.112614195420e+03
419 -3.112614257892e+03
420 -3.112614322158e+03
421 -3.112614395474e+03
422 -3.112614457334e+03
423 -3.112614514977e+03
424 -3.112614566390e+03
425 -3.112614609561e+03
426 -3.112614642490e+03
427 -3.112614663183e+03
428 -3.112614669667e+03
429 -3.112614659987e+03
430 -3.112614632211e+03
431 -3.112614593835e+03
432 -3.112614524188e+03
433 -3.112614430824e+03
434 -3.112614311938e+03
435 -3.112614165760e+03
436 -3.112613990564e+03
437 -3.112613784666e+03
438 -3.112613546430e+03
439 -3.112613274271e+03
440 -3.112612966659e+03
441 -3.112612631714e+03
442 -3.112612248846e+03
443 -3.112611826305e+03
444 -3.112611362820e+03
445 -3.112610857195e+03
446 -3.112610308315e+03
447 -3.112609715142e+03
448 -3.112609076720e+03
449 -3.112608392175e+03
450 -3.112607660716e+03
451 -3.112606891453e+03
452 -3.112606064114e+03
453 -3.112605187969e+03
454 -3.112604262551e+03
455 -3.112603287475e+03
456 -3.112602262443e+03
457 -3.112601187246e+03
458 -3.112600061765e+03
459 -3.112598885977e+03
460 -3.112597659958e+03
461 -3.112596393970e+03
462 -3.112595068118e+03
463 -3.112593692865e+03
464 -3.112592268690e+03
465 -3.112590796177e+03
466 -3.112589276004e+03
467 -3.112587708948e+03
468 -3.112586095879e+03
469 -3.112584437755e+03
470 -3.112582735618e+03
471 -3.112581000992e+03
472 -3.112579214286e+03
473 -3.112577387174e+03
474 -3.112575521004e+03
475 -3.112573617203e+03
476 -3.112571677265e+03
477 -3.112569702760e+03
478 -3.112567695330e+03
479 -3.112565656691e+03
480 -3.112563588629e+03
481 -3.112561503779e+03
482 -3.112559382519e+03
483 -3.112557237611e+03
484 -3.112555071105e+03
485 -3.112552885103e+03
486 -3.112550681756e+03
487 -3.112548463253e+03
488 -3.112546231819e+03
489 -3.112543989704e+03
490 -3.112541739179e+03
491 -3.112539493772e+03
492 -3.112537233293e+03
493 -3.112534971282e+03
494 -3.112532710040e+03
495 -3.112530451866e+03
496 -3.112528199057e+03
497 -3.112525953904e+03
498 -3.112523718687e+03
499 -3.112521495681e+03
500 -3.112519287144e+03
501 -3.112517107145e+03
502 -3.112514934258e+03
503 -3.112512782503e+03
504 -3.112510654043e+03
505 -3.112508551003e+03
506 -3.112506475458e+03
507 -3.112504429431e+03
508 -3.112502414882e+03
509 -3.112500433701e+03
510 -3.112498487708e+03
511 -3.112496591161e+03
512 -3.112494720689e+03
513 -3.112492890387e+03
514 -3.112491101755e+03
515 -3.112489356203e+03
516 -3.112487655060e+03
517 -3.112485999567e+03
518 -3.112484390874e+03
519 -3.112482830045e+03
520 -3.112481318048e+03
521 -3.112479869050e+03
522 -3.112478457253e+03
523 -3.112477096630e+03
524 -3.112475787767e+03
525 -3.112474531143e+03
526 -3.112473327135e+03
527 -3.112472176010e+03
528 -3.112471077926e+03
529 -3.112470032928e+03
530 -3.112469040948e+03
531 -3.112468115923e+03
532 -3.112467229321e+03
533 -3.112466394860e+03
534 -3.112465612026e+03
535 -3.112464880203e+03
536 -3.112464198666e+03
537 -3.112463566589e+03
538 -3.112462983045e+03
539 -3.112462447011e+03
540 -3.112461957365e+03
541 -3.112461527912e+03
542 -3.112461127311e+03
543 -3.112460769190e+03
544 -3.112460452072e+03
545 -3.112460174398e+03
546 -3.112459934533e+03
547 -3.112459730762e+03
548 -3.112459561289e+03
549 -3.112459424237e+03
550 -3.112459317661e+03
551 -3.112459255542e+03
552 -3.112459203792e+03
553 -3.112459176268e+03
554 -3.112459170766e+03
555 -3.112459185029e+03
556 -3.112459216750e+03
557 -3.112459263581e+03
558 -3.112459323130e+03
559 -3.112459392974e+03
560 -3.112459470656e+03
561 -3.112459570739e+03
562 -3.112459656625e+03
563 -3.112459742835e+03
564 -3.112459826827e+03
565 -3.112459906055e+03
566 -3.112459977969e+03
567 -3.112460040021e+03
568 -3.112460089665e+03
569 -3.112460124365e+03
570 -3.112460141593e+03
571 -3.112460156914e+03
572 -3.112460131690e+03
573 -3.112460081539e+03
574 -3.112460004030e+03
575 -3.112459896774e+03
576 -3.112459757421e+03
577 -3.112459583667e+03
578 -3.112459373265e+03
579 -3.112459124019e+03
580 -3.112458833799e+03
581 -3.112458519530e+03
582 -3.112458141229e+03
583 -3.112457715971e+03
584 -3.112457241914e+03
585 -3.112456717299e+03
586 -3.112456140454e+03
587 -3.112455509795e+03
588 -3.112454823833e+03
589 -3.112454081175e+03
590 -3.112453280527e+03
591 -3.112452440402e+03
592 -3.112451520309e+03
593 -3.112450538982e+03
594 -3.112449495562e+03
595 -3.112448389310e+03
596 -3.112447219609e+03
597 -3.112445985969e+03
598 -3.112444688026e+03
599 -3.112443325549e+03
600 -3.112441898436e+03
601 -3.112440426833e+03
602 -3.112438870665e+03
603 -3.112437250343e+03
604 -3.112435566287e+03
605 -3.112433819048e+03
606 -3.112432009301e+03
607 -3.112430137851e+03
608 -3.112428205627e+03
609 -3.112426213685e+03
610 -3.112424163206e+03
611 -3.112422075708e+03
612 -3.112419912194e+03
613 -3.112417694431e+03
614 -3.112415424093e+03
615 -3.112413102976e+03
616 -3.112410732993e+03
617 -3.112408316172e+03
618 -3.112405854655e+03
619 -3.112403350688e+03
620 -3.112400806620e+03
621 -3.112398244899e+03
622 -3.112395628040e+03
623 -3.112392978658e+03
624 -3.112390299434e+03
625 -3.112387593114e+03
626 -3.112384862500e+03
627 -3.112382110450e+03
628 -3.112379339868e+03
629 -3.112376553702e+03
630 -3.112373754940e+03
631 -3.112370966162e+03
632 -3.112368151311e+03
633 -3.112365333022e+03
634 -3.112362514395e+03
635 -3.112359698542e+03
636 -3.112356888579e+03
637 -3.112354087620e+03
638 -3.112351298767e+03
639 -3.112348525099e+03
640 -3.112345769666e+03
641 -3.112343054432e+03
642 -3.112340344453e+03
643 -3.112337661585e+03
644 -3.112335008668e+03
645 -3.112332388470e+03
646 -3.112329803679e+03
647 -3.112327256900e+03
648 -3.112324750650e+03
649 -3.112322287351e+03
650 -3.112319869331e+03
651 -3.112317517168e+03
652 -3.112315196305e+03
653 -3.112312927112e+03
654 -3.112310711510e+03
655 -3.112308551314e+03
656 -3.112306448226e+03
657 -3.112304403828e+03
658 -3.112302419582e+03
659 -3.112300496820e+03
660 -3.112298636744e+03
661 -3.112296858292e+03
662 -3.112295126649e+03
663 -3.112293460463e+03
664 -3.112291860368e+03
665 -3.112290326856e+03
666 -3.112288860268e+03
667 -3.112287460805e+03
668 -3.112286128520e+03
669 -3.112284863331e+03
670 -3.112283665020e+03
671 -3.112282550845e+03
672 -3.112281485125e+03
673 -3.112280484860e+03
674 -3.112279549336e+03
675 -3.112278677721e+03
676 -3.112277869068e+03
677 -3.112277122311e+03
678 -3.112276436258e+03
679 -3.112275809596e+03
680 -3.112275240890e+03
681 -3.112274746143e+03
682 -3.112274288598e+03
683 -3.112273884038e+03
684 -3.112273530581e+03
685 -3.112273226242e+03
686 -3.112272968951e+03
687 -3.112272756548e+03
688 -3.112272586781e+03
689 -3.112272457324e+03
690 -3.112272365776e+03
691 -3.112272327343e+03
692 -3.112272304155e+03
693 -3.112272311281e+03
694 -3.112272346071e+03
695 -3.112272405822e+03
696 -3.112272487781e+03
697 -3.112272589150e+03
698 -3.112272707086e+03
699 -3.112272838710e+03
700 -3.112272981107e+03
701 -3.112273149242e+03
702 -3.112273304311e+03
703 -3.112273461217e+03
704 -3.112273616953e+03
705 -3.112273768508e+03
706 -3.112273912868e+03
707 -3.112274047023e+03
708 -3.112274167970e+03
709 -3.112274272719e+03
710 -3.112274358301e+03
711 -3.112274440044e+03
712 -3.112274478485e+03
713 -3.112274489004e+03
714 -3.112274468748e+03
715 -3.112274414912e+03
716 -3.112274324736e+03
717 -3.112274195511e+03
718 -3.112274024591e+03
719 -3.112273809391e+03
720 -3.112273547397e+03
721 -3.112273254944e+03
722 -3.112272892147e+03
723 -3.112272475500e+03
724 -3.112272002829e+03
725 -3.112271472061e+03
726 -3.112270881228e+03
727 -3.112270228467e+03
728 -3.112269512027e+03
729 -3.112268730270e+03
730 -3.112267881677e+03
731 -3.112266984221e+03
732 -3.112265997886e+03
733 -3.112264940883e+03
734 -3.112263812191e+03
735 -3.112262610926e+03
736 -3.112261336341e+03
737 -3.112259987837e+03
738 -3.112258564959e+03
739 -3.112257067409e+03
740 -3.112255495042e+03
741 -3.112253867846e+03
742 -3.112252146060e+03
743 -3.112250349980e+03
744 -3.112248480104e+03
745 -3.112246537087e+03
746 -3.112244521747e+03
747 -3.112242435056e+03
748 -3.112240278143e+03
749 -3.112238052283e+03
750 -3.112235758902e+03
751 -3.112233420019e+03
752 -3.112230996451e+03
753 -3.112228510483e+03
754 -3.112225964095e+03
755 -3.112223359404e+03
756 -3.112220698659e+03
757 -3.112217984244e+03
758 -3.112215218671e+03
759 -3.112212404586e+03
760 -3.112209544758e+03
761 -3.112206662918e+03
762 -3.112203720411e+03
763 -3.112200741173e+03
764 -3.112197728415e+03
765 -3.112194685434e+03
766 -3.112191615600e+03
767 -3.112188522349e+03
768 -3.112185409165e+03
769 -3.112182279578e+03
770 -3.112179137145e+03
771 -3.112176006749e+03
772 -3.112172849408e+03
773 -3.112169690012e+03
774 -3.112166532174e+03
775 -3.112163379503e+03
776 -3.112160235601e+03
777 -3.112157104058e+03
778 -3.112153988443e+03
779 -3.112150892300e+03
780 -3.112147819139e+03
781 -3.112144794418e+03
782 -3.112141777587e+03
783 -3.112138793975e+03
784 -3.112135846864e+03
785 -3.112132939454e+03
786 -3.112130074848e+03
787 -3.112127256047e+03
788 -3.112124485941e+03
789 -3.112121767297e+03
790 -3.112119102757e+03
791 -3.112116517758e+03
792 -3.112113968831e+03
793 -3.112111481125e+03
794 -3.112109056730e+03
795 -3.112106697592e+03
796 -3.112104405513e+03
797 -3.112102182145e+03
798 -3.112100028996e+03
799 -3.112097947425e+03
800 -3.112095938643e+03
801 -3.112094027638e+03
802 -3.112092167493e+03
803 -3.112090382889e+03
804 -3.112088674442e+03
805 -3.112087042622e+03
806 -3.112085487740e+03
807 -3.112084009957e+03
808 -3.112082609275e+03
809 -3.112081285542e+03
810 -3.112080038450e+03
811 -3.112078892234e+03
812 -3.112077796854e+03
813 -3.112076776221e+03
814 -3.112075829395e+03
815 -3.112074955290e+03
816 -3.112074152687e+03
817 -3.112073420242e+03
818 -3.112072756480e+03
819 -3.112072159802e+03
820 -3.112071628502e+03
821 -3.112071185930e+03
822 -3.112070779816e+03
823 -3.112070433272e+03
824 -3.112070144142e+03
825 -3.112069910172e+03
826 -3.112069729005e+03
827 -3.112069598190e+03
828 -3.112069515180e+03
829 -3.112069477339e+03
830 -3.112069481941e+03
831 -3.112069551655e+03
832 -3.112069632654e+03
833 -3.112069747449e+03
834 -3.112069893021e+03
835 -3.112070066294e+03
836 -3.112070264136e+03
837 -3.112070483356e+03
838 -3.112070720711e+03
839 -3.112070972914e+03
840 -3.112071236646e+03
841 -3.112071534514e+03
842 -3.112071811297e+03
843 -3.112072089564e+03
844 -3.112072365936e+03
845 -3.112072637024e+03
846 -3.112072899437e+03
847 -3.112073149779e+03
848 -3.112073384666e+03
849 -3.112073600724e+03
850 -3.112073794603e+03
851 -3.112073989724e+03
852 -3.112074129325e+03
853 -3.112074236887e+03
854 -3.112074309211e+03
855 -3.112074343151e+03
856 -3.112074335626e+03
857 -3.112074283617e+03
858 -3.112074184182e+03
859 -3.112074034458e+03
860 -3.112073831665e+03
861 -3.112073600854e+03
862 -3.112073283977e+03
863 -3.112072906269e+03
864 -3.112072465352e+03
865 -3.112071958963e+03
866 -3.112071384965e+03
867 -3.112070741344e+03
868 -3.112070026222e+03
869 -3.112069237859e+03
870 -3.112068374661e+03
871 -3.112067463768e+03
872 -3.112066446735e+03
873 -3.112065350997e+03
874 -3.112064175584e+03
875 -3.112062919692e+03
876 -3.112061582687e+03
877 -3.112060164108e+03
878 -3.112058663667e+03
879 -3.112057081254e+03
880 -3.112055416935e+03
881 -3.112053699952e+03
882 -3.112051872751e+03
883 -3.112049964913e+03
884 -3.112047977216e+03
885 -3.112045910620e+03
886 -3.112043766265e+03
887 -3.112041545469e+03
888 -3.112039249732e+03
889 -3.112036880731e+03
890 -3.112034440321e+03
891 -3.112031959421e+03
892 -3.112029382469e+03
893 -3.112026740696e+03
894 -3.112024036621e+03
895 -3.112021272916e+03
896 -3.112018452394e+03
897 -3.112015578003e+03
898 -3.112012652816e+03
899 -3.112009680026e+03
900 -3.112006662934e+03
901 -3.112003633327e+03
902 -3.112000537955e+03
903 -3.111997408764e+03
904 -3.111994249413e+03
905 -3.111991063640e+03
906 -3.111987855244e+03
907 -3.111984628087e+03
908 -3.111981386079e+03
909 -3.111978133175e+03
910 -3.111974873361e+03
911 -3.111971638312e+03
912 -3.111968376735e+03
913 -3.111965120285e+03
914 -3.111961872956e+03
915 -3.111958638718e+03
916 -3.111955421496e+03
917 -3.111952225167e+03
918 -3.111949053546e+03
919 -3.111945910382e+03
920 -3.111942799344e+03
921 -3.111939750903e+03
922 -3.111936714818e+03
923 -3.111933721343e+03
924 -3.111930773771e+03
925 -3.111927875285e+03
926 -3.111925028947e+03
927 -3.111922237699e+03
928 -3.111919504349e+03
929 -3.111916831570e+03
930 -3.111914221893e+03
931 -3.111911703837e+03
932 -3.111909227391e+03
933 -3.111906820736e+03
934 -3.111904485784e+03
935 -3.111902224280e+03
936 -3.111900037801e+03
937 -3.111897927753e+03
938 -3.111895895369e+03
939 -3.111893941709e+03
940 -3.111892067661e+03
941 -3.111890299524e+03
942 -3.111888586727e+03
943 -3.111886955212e+03
944 -3.111885405212e+03
945 -3.111883936810e+03
946 -3.111882549936e+03
947 -3.111881244370e+03
948 -3.111880019749e+03
949 -3.111878875563e+03
950 -3.111877811161e+03
951 -3.111876851067e+03
952 -3.111875943730e+03
953 -3.111875113368e+03
954 -3.111874358771e+03
955 -3.111873678596e+03
956 -3.111873071366e+03
957 -3.111872535474e+03
958 -3.111872069193e+03
959 -3.111871670675e+03
960 -3.111871337959e+03
961 -3.111871094237e+03
962 -3.111870886844e+03
963 -3.111870738737e+03
964 -3.111870647553e+03
965 -3.111870610841e+03
966 -3.111870626067e+03
967 -3.111870690614e+03
968 -3.111870801790e+03
969 -3.111870956825e+03
970 -3.111871152871e+03
971 -3.111871412186e+03
972 -3.111871681455e+03
973 -3.111871982759e+03
974 -3.111872312969e+03
975 -3.111872668897e+03
976 -3.111873047303e+03
977 -3.111873444898e+03
978 -3.111873858349e+03
979 -3.111874284284e+03
980 -3.111874719298e+03
981 -3.111875184909e+03
982 -3.111875627792e+03
983 -3.111876069396e+03
984 -3.111876506247e+03
985 -3.111876934868e+03
986 -3.111877351790e+03
987 -3.111877753556e+03
988 -3.111878136724e+03
989 -3.111878497877e+03
990 -3.111878833624e+03
991 -3.111879165461e+03
992 -3.111879440402e+03
993 -3.111879679993e+03
994 -3.111879881015e+03
995 -3.111880040313e+03
996 -3.111880154799e+03
997 -3.111880221459e+03
998 -3.111880237364e+03
999 -3.111880199675e+03
1000 -3.111880105649e+03
1001 -3.111879977927e+03
1002 -3.111879763449e+03
1003 -3.111879485043e+03
1004 -3.111879140410e+03
1005 -3.111878727377e+03
1006 -3.111878243900e+03
1007 -3.111877688068e+03
1008 -3.111877058110e+03
1009 -3.111876352402e+03
1010 -3.111875569465e+03
1011 -3.111874734274e+03
1012 -3.111873793104e+03
1013 -3.111872771215e+03
1014 -3.111871667774e+03
1015 -3.111870482117e+03
1016 -3.111869213755e+03
1017 -3.111867862376e+03
1018 -3.111866427846e+03
1019 -3.111864910210e+03
1020 -3.111863309691e+03
1021 -3.111861653981e+03
1022 -3.111859889121e+03
1023 -3.111858043120e+03
1024 -3.111856116910e+03
1025 -3.111854111597e+03
1026 -3.111852028459e+03
1027 -3.111849868948e+03
1028 -3.111847634680e+03
1029 -3.111845327443e+03
1030 -3.111842949189e+03
1031 -3.111840529450e+03
1032 -3.111838015714e+03
1033 -3.111835437790e+03
1034 -3.111832798267e+03
1035 -3.111830099886e+03
1036 -3.111827345528e+03
1037 -3.111824538212e+03
1038 -3.111821681087e+03
1039 -3.111818777421e+03
1040 -3.111815830589e+03
1041 -3.111812870577e+03
1042 -3.111809847980e+03
1043 -3.111806792905e+03
1044 -3.111803709066e+03
1045 -3.111800600240e+03
1046 -3.111797470261e+03
1047 -3.111794323009e+03
1048 -3.111791162407e+03
1049 -3.111787992414e+03
1050 -3.111784817018e+03
1051 -3.111781665714e+03
1052 -3.111778491593e+03
1053 -3.111775324112e+03
1054 -3.111772167278e+03
1055 -3.111769025078e+03
1056 -3.111765901464e+03
1057 -3.111762800342e+03
1058 -3.111759725557e+03
1059 -3.111756680887e+03
1060 -3.111753670026e+03
1061 -3.111750722241e+03
1062 -3.111747789755e+03
1063 -3.111744901574e+03
1064 -3.111742060973e+03
1065 -3.111739271105e+03
1066 -3.111736534998e+03
1067 -3.111733855548e+03
1068 -3.111731235515e+03
1069 -3.111728677523e+03
1070 -3.111726184055e+03
1071 -3.111723784877e+03
1072 -3.111721427375e+03
1073 -3.111719140969e+03
1074 -3.111716927549e+03
1075 -3.111714788846e+03
1076 -3.111712726432e+03
1077 -3.111710741714e+03
1078 -3.111708835932e+03
1079 -3.111707010160e+03
1080 -3.111705265303e+03
1081 -3.111703631882e+03
1082 -3.111702050950e+03
1083 -3.111700552664e+03
1084 -3.111699137288e+03
1085 -3.111697804931e+03
1086 -3.111696555554e+03
1087 -3.111695388966e+03
1088 -3.111694304836e+03
1089 -3.111693302690e+03
1090 -3.111692381920e+03
1091 -3.111691573060e+03
1092 -3.111690812719e+03
1093 -3.111690131130e+03
1094 -3.111689527156e+03
1095 -3.111688999528e+03
1096 -3.111688546843e+03
1097 -3.111688167562e+03
1098 -3.111687860014e+03
1099 -3.111687622396e+03
1100 -3.111687452778e+03
1101 -3.111687380432e+03
1102 -3.111687340553e+03
1103 -3.111687362141e+03
1104 -3.111687442786e+03
1105 -3.111687579967e+03
1106 -3.111687771062e+03
1107 -3.111688013352e+03
1108 -3.111688304025e+03
1109 -3.111688640185e+03
1110 -3.111689018848e+03
1111 -3.111689467621e+03
1112 -3.111689922045e+03
1113 -3.111690409530e+03
1114 -3.111690926771e+03
1115 -3.111691470397e+03
1116 -3.111692036968e+03
1117 -3.111692622988e+03
1118 -3.111693224909e+03
1119 -3.111693839135e+03
1120 -3.111694462037e+03
1121 -3.111695120456e+03
1122 -3.111695749746e+03
1123 -3.111696376677e+03
1124 -3.111696997554e+03
1125 -3.111697608690e+03
1126 -3.111698206409e+03
1127 -3.111698787057e+03
1128 -3.111699347008e+03
1129 -3.111699882670e+03
1130 -3.111700390492e+03
1131 -3.111700898343e+03
1132 -3.111701340075e+03
1133 -3.111701743627e+03
1134 -3.111702105679e+03
1135 -3.111702422988e+03
1136 -3.111702692391e+03
1137 -3.111702910820e+03
1138 -3.111703075302e+03
1139 -3.111703182971e+03
1140 -3.111703231074e+03
1141 -3.111703249818e+03
1142 -3.111703171058e+03
1143 -3.111703025212e+03
1144 -3.111702810042e+03
1145 -3.111702523449e+03
1146 -3.111702163482e+03
1147 -3.111701728341e+03
1148 -3.111701216381e+03
1149 -3.111700626115e+03
1150 -3.111699956221e+03
1151 -3.111699239656e+03
1152 -3.111698407258e+03
1153 -3.111697492283e+03
1154 -3.111696494099e+03
1155 -3.111695412258e+03
1156 -3.111694246497e+03
1157 -3.111692996737e+03
1158 -3.111691663091e+03
1159 -3.111690245858e+03
1160 -3.111688745523e+03
1161 -3.111687197573e+03
1162 -3.111685533285e+03
1163 -3.111683788460e+03
1164 -3.111681964312e+03
1165 -3.111680062229e+03
1166 -3.111678083771e+03
1167 -3.111676030667e+03
1168 -3.111673904811e+03
1169 -3.111671708260e+03
1170 -3.111669443229e+03
1171 -3.111667147243e+03
1172 -3.111664752574e+03
1173 -3.111662296999e+03
1174 -3.111659783338e+03
1175 -3.111657214554e+03
1176 -3.111654593743e+03
1177 -3.111651924131e+03
1178 -3.111649209064e+03
1179 -3.111646452000e+03
1180 -3.111643656496e+03
1181 -3.111640861516e+03
1182 -3.111638000203e+03
1183 -3.111635111617e+03
1184 -3.111632199608e+03
1185 -3.111629268074e+03
1186 -3.111626320954e+03
1187 -3.111623362216e+03
1188 -3.111620395851e+03
1189 -3.111617425867e+03
1190 -3.111614456280e+03
1191 -3.111611526204e+03
1192 -3.111608569497e+03
1193 -3.111605625194e+03
1194 -3.111602697253e+03
1195 -3.111599789593e+03
1196 -3.111596906085e+03
1197 -3.111594050536e+03
1198 -3.111591226682e+03
1199 -3.111588438172e+03
1200 -3.111585688560e+03
1201 -3.111583015566e+03
1202 -3.111580354025e+03
1203 -3.111577741359e+03
1204 -3.111575180636e+03
1205 -3.111572674782e+03
1206 -3.111570226578e+03
1207 -3.111567838656e+03
1208 -3.111565513496e+03
1209 -3.111563253427e+03
1210 -3.111561060624e+03
1211 -3.111558970178e+03
1212 -3.111556917878e+03
1213 -3.111554938456e+03
1214 -3.111553033477e+03
1215 -3.111551204353e+03
1216 -3.111549452342e+03
1217 -3.111547778546e+03
1218 -3.111546183913e+03
1219 -3.111544669235e+03
1220 -3.111543235148e+03
1221 -3.111541914115e+03
1222 -3.111540642565e+03
1223 -3.111539452605e+03
1224 -3.111538344276e+03
1225 -3.111537317475e+03
1226 -3.111536371962e+03
1227 -3.111535507361e+03
1228 -3.111534723165e+03
1229 -3.111534018737e+03
1230 -3.111533393315e+03
1231 -3.111532877108e+03
1232 -3.111532406966e+03
1233 -3.111532012800e+03
1234 -3.111531693353e+03
1235 -3.111531447250e+03
1236 -3.111531272990e+03
1237 -3.111531168951e+03
1238 -3.111531133390e+03
1239 -3.111531164440e+03
1240 -3.111531260113e+03
1241 -3.111531448251e+03
1242 -3.111531666803e+03
1243 -3.111531943325e+03
1244 -3.111532275378e+03
1245 -3.111532660422e+03
1246 -3.111533095816e+03
1247 -3.111533578824e+03
1248 -3.111534106618e+03
1249 -3.111534676286e+03
1250 -3.111535284832e+03
1251 -3.111535957414e+03
1252 -3.111536634483e+03
1253 -3.111537340991e+03
1254 -3.111538073657e+03
1255 -3.111538829141e+03
1256 -3.111539604047e+03
1257 -3.111540394934e+03
1258 -3.111541198317e+03
1259 -3.111542010676e+03
1260 -3.111542828464e+03
1261 -3.111543674894e+03
1262 -3.111544492900e+03
1263 -3.111545305611e+03
1264 -3.111546109452e+03
1265 -3.111546900861e+03
1266 -3.111547676298e+03
1267 -3.111548432251e+03
1268 -3.111549165242e+03
1269 -3.111549871837e+03
1270 -3.111550548651e+03
1271 -3.111551219477e+03
1272 -3.111551826873e+03
1273 -3.111552394696e+03
1274 -3.111552919824e+03
1275 -3.111553399222e+03
1276 -3.111553829944e+03
1277 -3.111554209141e+03
1278 -3.111554534071e+03
1279 -3.111554802101e+03
1280 -3.111555010715e+03
1281 -3.111555187191e+03
1282 -3.111555269998e+03
1283 -3.111555286609e+03
1284 -3.111555235034e+03
1285 -3.111555113429e+03
1286 -3.111554920093e+03
1287 -3.111554653477e+03
1288 -3.111554312184e+03
1289 -3.111553894975e+03
1290 -3.111553400766e+03
1291 -3.111552861169e+03
1292 -3.111552210424e+03
1293 -3.111551480409e+03
1294 -3.111550670702e+03
1295 -3.111549781052e+03
1296 -3.111548811380e+03
1297 -3.111547761782e+03
1298 -3.111546632529e+03
1299 -3.111545424066e+03
1300 -3.111544137007e+03
1301 -3.111542805153e+03
1302 -3.111541363499e+03
1303 -3.111539846108e+03
1304 -3.111538254258e+03
1305 -3.111536589383e+03
1306 -3.111534853068e+03
1307 -3.111533047050e+03
1308 -3.111531173209e+03
1309 -3.111529233569e+03
1310 -3.111527230293e+03
1311 -3.111525196194e+03
1312 -3.111523072762e+03
1313 -3.111520893001e+03
1314 -3.111518659607e+03
1315 -3.111516375403e+03
1316 -3.111514043331e+03
1317 -3.111511666444e+03
1318 -3.111509247903e+03
1319 -3.111506790963e+03
1320 -3.111504298968e+03
1321 -3.111501802937e+03
1322 -3.111499251241e+03
1323 -3.111496674939e+03
1324 -3.111494077620e+03
1325 -3.111491462911e+03
1326 -3.111488834470e+03
1327 -3.111486195975e+03
1328 -3.111483551117e+03
1329 -3.111480903594e+03
1330 -3.111478257101e+03
1331 -3.111475642965e+03
1332 -3.111473009662e+03
1333 -3.111470388388e+03
1334 -3.111467782754e+03
1335 -3.111465196327e+03
1336 -3.111462632627e+03
1337 -3.111460095112e+03
1338 -3.111457587169e+03
1339 -3.111455112108e+03
1340 -3.111452673150e+03
1341 -3.111450304818e+03
1342 -3.111447947410e+03
1343 -3.111445635145e+03
1344 -3.111443370806e+03
1345 -3.111441157049e+03
1346 -3.111438996400e+03
1347 -3.111436891254e+03
1348 -3.111434843870e+03
1349 -3.111432856376e+03
1350 -3.111430930766e+03
1351 -3.111429105171e+03
1352 -3.111427308865e+03
1353 -3.111425579653e+03
1354 -3.111423919020e+03
1355 -3.111422328328e+03
1356 -3.111420808814e+03
1357 -3.111419361592e+03
1358 -3.111417987647e+03
1359 -3.111416687840e+03
1360 -3.111415462906e+03
1361 -3.111414352251e+03
1362 -3.111413278806e+03
1363 -3.111412281660e+03
1364 -3.111411361034e+03
1365 -3.111410517020e+03
1366 -3.111409749585e+03
1367 -3.111409058567e+03
1368 -3.111408443682e+03
1369 -3.111407904520e+03
1370 -3.111407440550e+03
1371 -3.111407089181e+03
1372 -3.111406773575e+03
1373 -3.111406530844e+03
1374 -3.111406359979e+03
1375 -3.111406259852e+03
1376 -3.111406229213e+03
1377 -3.111406266693e+03
1378 -3.111406370799e+03
1379 -3.111406539917e+03
1380 -3.111406772308e+03
1381 -3.111407102139e+03
1382 -3.111407455426e+03
1383 -3.111407866034e+03
1384 -3.111408331738e+03
1385 -3.111408850198e+03
1386 -3.111409418959e+03
1387 -3.111410035457e+03
1388 -3.111410697018e+03
1389 -3.111411400871e+03
1390 -3.111412144146e+03
1391 -3.111412958899e+03
1392 -3.111413772101e+03
1393 -3.111414615580e+03
1394 -3.111415486131e+03
1395 -3.111416380477e+03
1396 -3.111417295281e+03
1397 -3.111418227148e+03
1398 -3.111419172633e+03
1399 -3.111420128250e+03
1400 -3.111421090477e+03
1401 -3.111422091095e+03
1402 -3.111423055943e+03
1403 -3.111424016706e+03
1404 -3.111424969805e+03
1405 -3.111425911666e+03
1406 -3.111426838734e+03
1407 -3.111427747475e+03
1408 -3.111428634387e+03
1409 -3.111429496011e+03
1410 -3.111430328935e+03
1411 -3.111431165552e+03
1412 -3.111431931157e+03
1413 -3.111432658210e+03
1414 -3.111433343580e+03
1415 -3.111433984227e+03
1416 -3.111434577207e+03
1417 -3.111435119683e+03
1418 -3.111435608927e+03
1419 -3.111436042327e+03
1420 -3.111436417396e+03
1421 -3.111436767445e+03
1422 -3.111437018974e+03
1423 -3.111437205487e+03
1424 -3.111437325033e+03
1425 -3.111437375805e+03
1426 -3.111437356146e+03
1427 -3.111437264552e+03
1428 -3.111437099673e+03
1429 -3.111436860323e+03
1430 -3.111436545474e+03
1431 -3.111436190267e+03
1432 -3.111435722083e+03
1433 -3.111435176320e+03
1434 -3.111434552622e+03
1435 -3.111433850806e+03
1436 -3.111433070863e+03
1437 -3.111432212956e+03
1438 -3.111431277421e+03
1439 -3.111430264767e+03
1440 -3.111429175672e+03
1441 -3.111428048583e+03
1442 -3.111426809405e+03
1443 -3.111425496834e+03
1444 -3.111424112216e+03
1445 -3.111422657056e+03
1446 -3.111421133015e+03
1447 -3.111419541909e+03
1448 -3.111417885703e+03
1449 -3.111416166506e+03
1450 -3.111414386569e+03
1451 -3.111412587848e+03
1452 -3.111410693807e+03
1453 -3.111408746578e+03
1454 -3.111406748926e+03
1455 -3.111404703731e+03
1456 -3.111402613979e+03
1457 -3.111400482758e+03
1458 -3.111398313247e+03
1459 -3.111396108706e+03
1460 -3.111393872471e+03
1461 -3.111391647729e+03
1462 -3.111389358441e+03
1463 -3.111387047814e+03
1464 -3.111384719383e+03
1465 -3.111382376712e+03
1466 -3.111380023388e+03
1467 -3.111377663004e+03
1468 -3.111375299161e+03
1469 -3.111372935450e+03
1470 -3.111370575451e+03
1471 -3.111368259941e+03
1472 -3.111365918079e+03
1473 -3.111363590482e+03
1474 -3.111361280575e+03
1475 -3.111358991719e+03
1476 -3.111356727204e+03
1477 -3.111354490239e+03
1478 -3.111352283942e+03
1479 -3.111350111337e+03
1480 -3.111347975344e+03
1481 -3.111345911972e+03
1482 -3.111343857619e+03
1483 -3.111341847981e+03
1484 -3.111339885526e+03
1485 -3.111337972605e+03
1486 -3.111336111447e+03
1487 -3.111334304163e+03
1488 -3.111332552742e+03
1489 -3.111330859052e+03
1490 -3.111329224839e+03
1491 -3.111327681716e+03
1492 -3.111326171300e+03
1493 -3.111324724869e+03
1494 -3.111323343678e+03
1495 -3.111322028861e+03
1496 -3.111320781426e+03
1497 -3.111319602262e+03
1498 -3.111318492137e+03
1499 -3.111317451704e+03
1500 -3.111316481502e+03
1501 -3.111315610301e+03
1502 -3.111314781829e+03
1503 -3.111314024557e+03
1504 -3.111313338599e+03
1505 -3.111312723969e+03
1506 -3.111312180576e+03
1507 -3.111311708233e+03
1508 -3.111311306647e+03
1509 -3.111310975423e+03
1510 -3.111310714063e+03
1511 -3.111310548769e+03
1512 -3.111310425311e+03
1513 -3.111310369587e+03
1514 -3.111310380667e+03
1515 -3.111310457517e+03
1516 -3.111310598985e+03
1517 -3.111310803814e+03
1518 -3.111311070629e+03
1519 -3.111311397945e+03
1520 -3.111311784167e+03
1521 -3.111312251516e+03
1522 -3.111312750412e+03
1523 -3.111313302761e+03
1524 -3.111313906528e+03
1525 -3.111314559571e+03
1526 -3.111315259644e+03
1527 -3.111316004399e+03
1528 -3.111316791384e+03
1529 -3.111317618049e+03
1530 -3.111318481750e+03
1531 -3.111319400552e+03
1532 -3.111320330117e+03
1533 -3.111321288234e+03
1534 -3.111322271903e+03
1535 -3.111323278054e+03
1536 -3.111324303545e+03
1537 -3.111325345173e+03
1538 -3.111326399682e+03
1539 -3.111327463770e+03
1540 -3.111328534099e+03
1541 -3.111329627795e+03
1542 -3.111330700597e+03
1543 -3.111331769501e+03
1544 -3.111332831115e+03
1545 -3.111333882058e+03
1546 -3.111334918971e+03
1547 -3.111335938519e+03
1548 -3.111336937405e+03
1549 -3.111337912374e+03
1550 -3.111338860225e+03
1551 -3.111339801996e+03
1552 -3.111340686351e+03
1553 -3.111341534366e+03
1554 -3.111342343121e+03
1555 -3.111343109787e+03
1556 -3.111343831629e+03
1557 -3.111344506018e+03
1558 -3.111345130433e+03
1559 -3.111345702466e+03
1560 -3.111346219831e+03
1561 -3.111346708907e+03
1562 -3.111347110671e+03
1563 -3.111347451662e+03
1564 -3.111347730108e+03
1565 -3.111347944372e+03
1566 -3.111348092956e+03
1567 -3.111348174502e+03
1568 -3.111348187797e+03
1569 -3.111348131770e+03
1570 -3.111348005498e+03
1571 -3.111347836553e+03
1572 -3.111347567722e+03
1573 -3.111347226782e+03
1574 -3.111346813416e+03
1575 -3.111346327465e+03
1576 -3.111345768922e+03
1577 -3.111345137938e+03
1578 -3.111344434815e+03
1579 -3.111343660009e+03
1580 -3.111342814127e+03
1581 -3.111341920237e+03
1582 -3.111340934723e+03
1583 -3.111339880836e+03
1584 -3.111338759764e+03
1585 -3.111337572834e+03
1586 -3.111336321512e+03
1587 -3.111335007398e+03
1588 -3.111333632224e+03
1589 -3.111332197852e+03
1590 -3.111330706267e+03
1591 -3.111329174799e+03
1592 -3.111327575348e+03
1593 -3.111325925352e+03
1594 -3.111324227250e+03
1595 -3.111322483583e+03
1596 -3.111320696983e+03
1597 -3.111318870167e+03
1598 -3.111317005930e+03
1599 -3.111315107135e+03
1600 -3.111313176708e+03
1601 -3.111311230980e+03
1602 -3.111309246396e+03
1603 -3.111307239244e+03
1604 -3.111305212621e+03
1605 -3.111303169645e+03
1606 -3.111301113453e+03
1607 -3.111299047196e+03
1608 -3.111296974030e+03
1609 -3.111294897112e+03
1610 -3.111292819590e+03
1611 -3.111290763015e+03
1612 -3.111288693794e+03
1613 -3.111286633305e+03
1614 -3.111284584594e+03
1615 -3.111282550670e+03
1616 -3.111280534486e+03
1617 -3.111278538939e+03
1618 -3.111276566861e+03
1619 -3.111274621013e+03
1620 -3.111272704082e+03
1621 -3.111270844875e+03
1622 -3.111268993629e+03
1623 -3.111267178871e+03
1624 -3.111265402958e+03
1625 -3.111263668164e+03
1626 -3.111261976682e+03
1627 -3.111260330620e+03
1628 -3.111258732008e+03
1629 -3.111257182795e+03
1630 -3.111255684851e+03
1631 -3.111254270894e+03
1632 -3.111252880858e+03
1633 -3.111251547183e+03
1634 -3.111250271391e+03
1635 -3.111249054906e+03
1636 -3.111247899052e+03
1637 -3.111246805052e+03
1638 -3.111245774025e+03
1639 -3.111244806983e+03
1640 -3.111243904834e+03
1641 -3.111243099213e+03
1642 -3.111242329238e+03
1643 -3.111241626242e+03
1644 -3.111240990713e+03
1645 -3.111240423040e+03
1646 -3.111239923507e+03
1647 -3.111239492294e+03
1648 -3.111239129475e+03
1649 -3.111238835014e+03
1650 -3.111238608763e+03
1651 -3.111238479376e+03
1652 -3.111238388715e+03
1653 -3.111238365097e+03
1654 -3.111238407886e+03
1655 -3.111238516313e+03
1656 -3.111238689480e+03
1657 -3.111238926353e+03
1658 -3.111239225765e+03
1659 -3.111239586418e+03
1660 -3.111240006878e+03
1661 -3.111240513923e+03
1662 -3.111241049259e+03
1663 -3.111241639321e+03
1664 -3.111242282167e+03
1665 -3.111242975737e+03
1666 -3.111243717853e+03
1667 -3.111244506228e+03
1668 -3.111245338462e+03
1669 -3.111246212051e+03
1670 -3.111247124391e+03
1671 -3.111248101478e+03
1672 -3.111249083206e+03
1673 -3.111250095304e+03
1674 -3.111251134811e+03
1675 -3.111252198695e+03
1676 -3.111253283859e+03
1677 -3.111254387148e+03
1678 -3.111255505362e+03
1679 -3.111256635259e+03
1680 -3.111257773569e+03
1681 -3.111258944807e+03
1682 -3.111260090153e+03
1683 -3.111261234015e+03
1684 -3.111262373098e+03
1685 -3.111263504124e+03
1686 -3.111264623838e+03
1687 -3.111265729020e+03
1688 -3.111266816487e+03
1689 -3.111267883103e+03
1690 -3.111268925786e+03
1691 -3.111269967199e+03
1692 -3.111270953098e+03
1693 -3.111271906180e+03
1694 -3.111272823626e+03
1695 -3.111273702698e+03
1696 -3.111274540743e+03
1697 -3.111275335199e+03
1698 -3.111276083602e+03
1699 -3.111276783588e+03
1700 -3.111277432901e+03
1701 -3.111278054545e+03
1702 -3.111278596305e+03
1703 -3.111279081317e+03
1704 -3.111279507799e+03
1705 -3.111279874099e+03
1706 -3.111280178698e+03
1707 -3.111280420211e+03
1708 -3.111280597394e+03
1709 -3.111280709142e+03
1710 -3.111280754494e+03
1711 -3.111280760569e+03
1712 -3.111280670946e+03
1713 -3.111280512936e+03
1714 -3.111280286178e+03
1715 -3.111279990465e+03
1716 -3.111279625748e+03
1717 -3.111279192130e+03
1718 -3.111278689874e+03
1719 -3.111278119393e+03
1720 -3.111277481255e+03
1721 -3.111276807866e+03
1722 -3.111276036824e+03
1723 -3.111275200719e+03
1724 -3.111274300702e+03
1725 -3.111273338066e+03
1726 -3.111272314236e+03
1727 -3.111271230769e+03
1728 -3.111270089349e+03
1729 -3.111268891783e+03
1730 -3.111267639997e+03
1731 -3.111266368107e+03
1732 -3.111265014219e+03
1733 -3.111263612552e+03
1734 -3.111262165454e+03
1735 -3.111260675364e+03
1736 -3.111259144810e+03
1737 -3.111257576393e+03
1738 -3.111255972789e+03
1739 -3.111254336737e+03
1740 -3.111252671031e+03
1741 -3.111251006240e+03
1742 -3.111249289914e+03
1743 -3.111247552585e+03
1744 -3.111245797203e+03
1745 -3.111244026738e+03
1746 -3.111242244174e+03
1747 -3.111240452506e+03
1748 -3.111238654731e+03
1749 -3.111236853842e+03
1750 -3.111235052823e+03
1751 -3.111233276332e+03
1752 -3.111231484041e+03
1753 -3.111229700443e+03
1754 -3.111227928413e+03
1755 -3.111226170784e+03
1756 -3.111224430337e+03
1757 -3.111222709796e+03
1758 -3.111221011823e+03
1759 -3.111219339011e+03
1760 -3.111217693883e+03
1761 -3.111216096804e+03
1762 -3.111214514401e+03
1763 -3.111212966768e+03
1764 -3.111211456097e+03
1765 -3.111209984498e+03
1766 -3.111208553995e+03
1767 -3.111207166524e+03
1768 -3.111205823938e+03
1769 -3.111204528002e+03
1770 -3.111203280396e+03
1771 -3.111202099773e+03
1772 -3.111200953622e+03
1773 -3.111199860306e+03
1774 -3.111198821143e+03
1775 -3.111197837355e+03
1776 -3.111196910069e+03
1777 -3.111196040313e+03
1778 -3.111195229018e+03
1779 -3.111194477017e+03
1780 -3.111193785043e+03
1781 -3.111193169714e+03
1782 -3.111192599715e+03
1783 -3.111192091360e+03
1784 -3.111191644991e+03
1785 -3.111191260859e+03
1786 -3.111190939117e+03
1787 -3.111190679827e+03
1788 -3.111190482951e+03
1789 -3.111190348358e+03
1790 -3.111190275821e+03
1791 -3.111190276751e+03
1792 -3.111190327357e+03
1793 -3.111190438731e+03
1794 -3.111190610235e+03
1795 -3.111190841119e+03
1796 -3.111191130525e+03
1797 -3.111191477481e+03
1798 -3.111191880896e+03
1799 -3.111192339565e+03
1800 -3.111192852165e+03
1801 -3.111193422981e+03
1802 -3.111194039138e+03
1803 -3.111194704564e+03
1804 -3.111195417482e+03
1805 -3.111196176004e+03
1806 -3.111196978138e+03
1807 -3.111197821789e+03
1808 -3.111198704763e+03
1809 -3.111199624770e+03
1810 -3.111200579430e+03
1811 -3.111201568993e+03
1812 -3.111202585600e+03
1813 -3.111203629212e+03
1814 -3.111204697134e+03
1815 -3.111205786610e+03
1816 -3.111206894829e+03
1817 -3.111208018934e+03
1818 -3.111209156033e+03
1819 -3.111210303205e+03
1820 -3.111211457508e+03
1821 -3.111212621363e+03
1822 -3.111213781200e+03
1823 -3.111214939312e+03
1824 -3.111216092762e+03
1825 -3.111217238634e+03
1826 -3.111218374041e+03
1827 -3.111219496129e+03
1828 -3.111220602084e+03
1829 -3.111221689142e+03
1830 -3.111222754588e+03
1831 -3.111223806089e+03
1832 -3.111224820538e+03
1833 -3.111225805607e+03
1834 -3.111226758849e+03
1835 -3.111227677897e+03
1836 -3.111228560467e+03
1837 -3.111229404361e+03
1838 -3.111230207477e+03
1839 -3.111230967806e+03
1840 -3.111231683438e+03
1841 -3.111232363742e+03
1842 -3.111232984784e+03
1843 -3.111233556024e+03
1844 -3.111234075975e+03
1845 -3.111234543264e+03
1846 -3.111234956631e+03
1847 -3.111235314932e+03
1848 -3.111235617136e+03
1849 -3.111235862335e+03
1850 -3.111236049733e+03
1851 -3.111236184470e+03
1852 -3.111236254490e+03
1853 -3.111236265047e+03
1854 -3.111236215825e+03
1855 -3.111236106632e+03
1856 -3.111235937392e+03
1857 -3.111235708150e+03
1858 -3.111235419068e+03
1859 -3.111235070425e+03
1860 -3.111234662613e+03
1861 -3.111234195182e+03
1862 -3.111233670784e+03
1863 -3.111233089055e+03
1864 -3.111232450820e+03
1865 -3.111231757004e+03
1866 -3.111231008631e+03
1867 -3.111230206824e+03
1868 -3.111229352797e+03
1869 -3.111228447858e+03
1870 -3.111227493402e+03
1871 -3.111226488085e+03
1872 -3.111225439264e+03
1873 -3.111224345623e+03
1874 -3.111223208888e+03
1875 -3.111222030856e+03
1876 -3.111220813397e+03
1877 -3.111219558446e+03
1878 -3.111218268001e+03
1879 -3.111216944120e+03
1880 -3.111215588915e+03
1881 -3.111214206155e+03
1882 -3.111212794976e+03
1883 -3.111211359103e+03
1884 -3.111209900830e+03
1885 -3.111208422491e+03
1886 -3.111206926450e+03
1887 -3.111205415101e+03
1888 -3.111203890863e+03
1889 -3.111202356175e+03
1890 -3.111200813493e+03
1891 -3.111199273671e+03
1892 -3.111197722542e+03
1893 -3.111196170835e+03
1894 -3.111194621025e+03
1895 -3.111193075581e+03
1896 -3.111191536964e+03
1897 -3.111190007618e+03
1898 -3.111188489968e+03
1899 -3.111186986415e+03
1900 -3.111185499332e+03
1901 -3.111184043667e+03
1902 -3.111182596619e+03
1903 -3.111181172926e+03
1904 -3.111179774796e+03
1905 -3.111178404390e+03
1906 -3.111177063815e+03
1907 -3.111175755126e+03
1908 -3.111174480318e+03
1909 -3.111173241328e+03
1910 -3.111172040030e+03
1911 -3.111170891352e+03
1912 -3.111169770912e+03
1913 -3.111168693374e+03
1914 -3.111167660330e+03
1915 -3.111166673297e+03
1916 -3.111165733708e+03
1917 -3.111164842915e+03
1918 -3.111164002184e+03
1919 -3.111163212691e+03
1920 -3.111162475526e+03
1921 -3.111161804387e+03
1922 -3.111161174878e+03
1923 -3.111160600400e+03
1924 -3.111160081668e+03
1925 -3.111159619304e+03
1926 -3.111159213829e+03
1927 -3.111158865667e+03
1928 -3.111158575141e+03
1929 -3.111158342470e+03
1930 -3.111158167770e+03
1931 -3.111158064659e+03
1932 -3.111158005919e+03
1933 -3.111158004850e+03
1934 -3.111158061133e+03
1935 -3.111158174340e+03
1936 -3.111158343930e+03
1937 -3.111158569246e+03
1938 -3.111158849517e+03
1939 -3.111159183856e+03
1940 -3.111159571259e+03
1941 -3.111160025221e+03
1942 -3.111160515373e+03
1943 -3.111161054881e+03
1944 -3.111161642286e+03
1945 -3.111162276015e+03
1946 -3.111162954389e+03
1947 -3.111163675623e+03
1948 -3.111164437827e+03
1949 -3.111165239014e+03
1950 -3.111166077102e+03
1951 -3.111166963871e+03
1952 -3.111167869253e+03
1953 -3.111168804770e+03
1954 -3.111169768015e+03
1955 -3.111170756518e+03
1956 -3.111171767749e+03
1957 -3.111172799132e+03
1958 -3.111173848043e+03
1959 -3.111174911828e+03
1960 -3.111175987803e+03
1961 -3.111177086364e+03
1962 -3.111178178691e+03
1963 -3.111179275066e+03
1964 -3.111180372767e+03
1965 -3.111181469081e+03
1966 -3.111182561306e+03
1967 -3.111183646760e+03
1968 -3.111184722781e+03
1969 -3.111185786738e+03
1970 -3.111186836034e+03
1971 -3.111187883731e+03
1972 -3.111188896172e+03
1973 -3.111189886414e+03
1974 -3.111190852049e+03
1975 -3.111191790727e+03
1976 -3.111192700165e+03
1977 -3.111193578148e+03
1978 -3.111194422535e+03
1979 -3.111195231263e+03
1980 -3.111196002353e+03
1981 -3.111196756046e+03
1982 -3.111197446364e+03
1983 -3.111198093627e+03
1984 -3.111198696217e+03
1985 -3.111199252613e+03
1986 -3.111199761397e+03
1987 -3.111200221251e+03
1988 -3.111200630967e+03
1989 -3.111200989444e+03
1990 -3.111201295693e+03
1991 -3.111201576767e+03
1992 -3.111201776153e+03
1993 -3.111201921030e+03
1994 -3.111202010872e+03
1995 -3.111202045269e+03
1996 -3.111202023930e+03
1997 -3.111201946682e+03
1998 -3.111201813470e+03
1999 -3.111201624352e+03
2000 -3.111201379503e+03
2001 -3.111201106604e+03
2002 -3.111200751370e+03
2003 -3.111200341590e+03
2004 -3.111199877871e+03
2005 -3.111199360923e+03
2006 -3.111198791555e+03
2007 -3.111198170675e+03
2008 -3.111197499281e+03
2009 -3.111196778466e+03
2010 -3.111196009408e+03
2011 -3.111195214177e+03
2012 -3.111194352626e+03
2013 -3.111193446870e+03
2014 -3.111192498410e+03
2015 -3.111191508818e+03
2016 -3.111190479736e+03
2017 -3.111189412871e+03
2018 -3.111188309990e+03
2019 -3.111187172922e+03
2020 -3.111186003548e+03
2021 -3.111184817742e+03
2022 -3.111183589729e+03
2023 -3.111182335368e+03
2024 -3.111181056737e+03
2025 -3.111179755962e+03
2026 -3.111178435207e+03
2027 -3.111177096674e+03
2028 -3.111175742600e+03
2029 -3.111174375253e+03
2030 -3.111172996925e+03
2031 -3.111171621026e+03
2032 -3.111170227807e+03
2033 -3.111168830596e+03
2034 -3.111167431739e+03
2035 -3.111166033586e+03
2036 -3.111164638482e+03
2037 -3.111163248762e+03
2038 -3.111161866746e+03
2039 -3.111160494733e+03
2040 -3.111159134998e+03
2041 -3.111157800712e+03
2042 -3.111156472332e+03
2043 -3.111155162850e+03
2044 -3.111153874394e+03
2045 -3.111152609042e+03
2046 -3.111151368825e+03
2047 -3.111150155719e+03
2048 -3.111148971645e+03
2049 -3.111147818463e+03
2050 -3.111146697974e+03
2051 -3.111145620858e+03
2052 -3.111144570988e+03
2053 -3.111143558806e+03
2054 -3.111142585828e+03
2055 -3.111141653498e+03
2056 -3.111140763175e+03
2057 -3.111139916139e+03
2058 -3.111139113582e+03
2059 -3.111138356612e+03
2060 -3.111137646253e+03
2061 -3.111136986382e+03
2062 -3.111136372069e+03
2063 -3.111135806919e+03
2064 -3.111135291615e+03
2065 -3.111134826759e+03
2066 -3.111134412873e+03
2067 -3.111134050397e+03
2068 -3.111133739696e+03
2069 -3.111133481051e+03
2070 -3.111133274665e+03
2071 -3.111133116309e+03
2072 -3.111133014833e+03
2073 -3.111132965721e+03
2074 -3.111132968834e+03
2075 -3.111133023937e+03
2076 -3.111133130702e+03
2077 -3.111133288702e+03
2078 -3.111133497409e+03
2079 -3.111133756194e+03
2080 -3.111134064322e+03
2081 -3.111134412519e+03
2082 -3.111134816832e+03
2083 -3.111135267650e+03
2084 -3.111135763811e+03
2085 -3.111136304044e+03
2086 -3.111136886975e+03
2087 -3.111137511122e+03
2088 -3.111138174898e+03
2089 -3.111138876621e+03
2090 -3.111139614506e+03
2091 -3.111140378371e+03
2092 -3.111141183001e+03
2093 -3.111142017918e+03
2094 -3.111142881004e+03
2095 -3.111143770074e+03
2096 -3.111144682881e+03
2097 -3.111145617121e+03
2098 -3.111146570443e+03
2099 -3.111147540453e+03
2100 -3.111148524725e+03
2101 -3.111149513414e+03
2102 -3.111150518946e+03
2103 -3.111151531319e+03
2104 -3.111152548038e+03
2105 -3.111153566613e+03
2106 -3.111154584562e+03
2107 -3.111155599425e+03
2108 -3.111156608763e+03
2109 -3.111157610173e+03
2110 -3.111158601292e+03
2111 -3.111159570259e+03
2112 -3.111160534012e+03
2113 -3.111161480673e+03
2114 -3.111162408089e+03
2115 -3.111163314170e+03
2116 -3.111164196891e+03
2117 -3.111165054293e+03
2118 -3.111165884490e+03
2119 -3.111166685667e+03
2120 -3.111167456080e+03
2121 -3.111168179700e+03
2122 -3.111168883783e+03
2123 -3.111169552331e+03
2124 -3.111170183909e+03
2125 -3.111170777163e+03
2126 -3.111171330817e+03
2127 -3.111171843679e+03
2128 -3.111172314633e+03
2129 -3.111172742651e+03
2130 -3.111173126782e+03
2131 -3.111173448737e+03
2132 -3.111173742682e+03
2133 -3.111173990374e+03
2134 -3.111174191181e+03
2135 -3.111174344553e+03
2136 -3.111174450017e+03
2137 -3.111174507176e+03
2138 -3.111174515711e+03
2139 -3.111174475381e+03
2140 -3.111174386018e+03
2141 -3.111174231400e+03
2142 -3.111174043893e+03
2143 -3.111173807308e+03
2144 -3.111173521779e+03
2145 -3.111173187519e+03
2146 -3.111172804813e+03
2147 -3.111172374023e+03
2148 -3.111171895586e+03
2149 -3.111171370015e+03
2150 -3.111170797896e+03
2151 -3.111170166741e+03
2152 -3.111169503709e+03
2153 -3.111168796338e+03
2154 -3.111168045512e+03
2155 -3.111167252187e+03
2156 -3.111166417394e+03
2157 -3.111165542234e+03
2158 -3.111164627883e+03
2159 -3.111163675588e+03
2160 -3.111162686667e+03
2161 -3.111161650525e+03
2162 -3.111160592721e+03
2163 -3.111159502675e+03
2164 -3.111158381986e+03
2165 -3.111157232323e+03
2166 -3.111156055414e+03
2167 -3.111154853050e+03
2168 -3.111153627077e+03
2169 -3.111152379394e+03
2170 -3.111151111946e+03
2171 -3.111149815089e+03
2172 -3.111148514240e+03
2173 -3.111147199698e+03
2174 -3.111145873553e+03
2175 -3.111144537920e+03
2176 -3.111143194936e+03
2177 -3.111141846756e+03
2178 -3.111140495554e+03
2179 -3.111139143512e+03
2180 -3.111137792823e+03
2181 -3.111136437194e+03
2182 -3.111135095928e+03
2183 -3.111133762605e+03
2184 -3.111132439412e+03
2185 -3.111131128525e+03
2186 -3.111129832100e+03
2187 -3.111128552267e+03
2188 -3.111127291126e+03
2189 -3.111126050742e+03
2190 -3.111124833135e+03
2191 -3.111123638207e+03
2192 -3.111122472146e+03
2193 -3.111121334631e+03
2194 -3.111120227479e+03
2195 -3.111119152451e+03
2196 -3.111118111246e+03
2197 -3.111117105505e+03
2198 -3.111116136808e+03
2199 -3.111115206671e+03
2200 -3.111114316546e+03
2201 -3.111113471186e+03
2202 -3.111112665258e+03
2203 -3.111111903268e+03
2204 -3.111111186371e+03
2205 -3.111110515645e+03
2206 -3.111109892078e+03
2207 -3.111109316567e+03
2208 -3.111108789918e+03
2209 -3.111108312838e+03
2210 -3.111107885936e+03
2211 -3.111107513090e+03
2212 -3.111107188051e+03
2213 -3.111106914394e+03
2214 -3.111106692312e+03
2215 -3.111106521889e+03
2216 -3.111106403101e+03
2217 -3.111106335810e+03
2218 -3.111106319769e+03
2219 -3.111106354614e+03
2220 -3.111106439867e+03
2221 -3.111106574295e+03
2222 -3.111106758552e+03
2223 -3.111106991086e+03
2224 -3.111107270955e+03
2225 -3.111107597107e+03
2226 -3.111107968375e+03
2227 -3.111108383482e+03
2228 -3.111108841047e+03
2229 -3.111109339587e+03
2230 -3.111109877520e+03
2231 -3.111110451360e+03
2232 -3.111111063055e+03
2233 -3.111111708874e+03
2234 -3.111112386912e+03
2235 -3.111113095202e+03
2236 -3.111113831721e+03
2237 -3.111114594401e+03
2238 -3.111115381137e+03
2239 -3.111116189790e+03
2240 -3.111117018198e+03
2241 -3.111117868354e+03
2242 -3.111118729788e+03
2243 -3.111119604387e+03
2244 -3.111120489934e+03
2245 -3.111121384208e+03
2246 -3.111122284986e+03
2247 -3.111123190048e+03
2248 -3.111124097179e+03
2249 -3.111125004171e+03
2250 -3.111125908835e+03
2251 -3.111126822493e+03
2252 -3.111127716084e+03
2253 -3.111128600899e+03
2254 -3.111129474847e+03
2255 -3.111130335876e+03
2256 -3.111131181972e+03
2257 -3.111132011169e+03
2258 -3.111132821541e+03
2259 -3.111133611213e+03
2260 -3.111134378360e+03
2261 -3.111135138895e+03
2262 -3.111135855804e+03
2263 -3.111136545017e+03
2264 -3.111137204918e+03
2265 -3.111137833950e+03
2266 -3.111138430618e+03
2267 -3.111138993492e+03
2268 -3.111139521212e+03
2269 -3.111140012488e+03
2270 -3.111140466105e+03
2271 -3.111140893473e+03
2272 -3.111141268545e+03
2273 -3.111141602795e+03
2274 -3.111141895334e+03
2275 -3.111142145359e+03
2276 -3.111142352152e+03
2277 -3.111142515084e+03
2278 -3.111142633608e+03
2279 -3.111142707265e+03
2280 -3.111142735680e+03
2281 -3.111142721788e+03
2282 -3.111142659041e+03
2283 -3.111142550436e+03
2284 -3.111142395932e+03
2285 -3.111142195573e+03
2286 -3.111141949483e+03
2287 -3.111141657871e+03
2288 -3.111141321023e+03
2289 -3.111140939308e+03
2290 -3.111140513174e+03
2291 -3.111140041928e+03
2292 -3.111139528725e+03
2293 -3.111138972919e+03
2294 -3.111138375266e+03
2295 -3.111137736598e+03
2296 -3.111137057818e+03
2297 -3.111136339901e+03
2298 -3.111135583892e+03
2299 -3.111134790904e+03
2300 -3.111133962116e+03
2301 -3.111133100431e+03
2302 -3.111132203958e+03
2303 -3.111131275627e+03
2304 -3.111130316877e+03
2305 -3.111129329213e+03
2306 -3.111128314200e+03
2307 -3.111127273461e+03
2308 -3.111126208674e+03
2309 -3.111125121570e+03
2310 -3.111124013933e+03
2311 -3.111122892822e+03
2312 -3.111121749734e+03
2313 -3.111120591714e+03
2314 -3.111119420701e+03
2315 -3.111118238663e+03
2316 -3.111117047592e+03
2317 -3.111115849500e+03
2318 -3.111114646415e+03
2319 -3.111113440378e+03
2320 -3.111112233437e+03
2321 -3.111111030137e+03
2322 -3.111109827642e+03
2323 -3.111108630406e+03
2324 -3.111107440473e+03
2325 -3.111106259877e+03
2326 -3.111105090636e+03
2327 -3.111103934742e+03
2328 -3.111102794161e+03
2329 -3.111101670821e+03
2330 -3.111100566608e+03
2331 -3.111099477734e+03
2332 -3.111098417313e+03
2333 -3.111097381358e+03
2334 -3.111096371524e+03
2335 -3.111095389398e+03
2336 -3.111094436496e+03
2337 -3.111093514266e+03
2338 -3.111092624085e+03
2339 -3.111091767259e+03
2340 -3.111090945025e+03
2341 -3.111090146141e+03
2342 -3.111089396614e+03
2343 -3.111088684978e+03
2344 -3.111088012188e+03
2345 -3.111087379129e+03
2346 -3.111086786606e+03
2347 -3.111086235348e+03
2348 -3.111085726000e+03
2349 -3.111085259123e+03
2350 -3.111084835188e+03
2351 -3.111084440108e+03
2352 -3.111084103211e+03
2353 -3.111083810129e+03
2354 -3.111083560967e+03
2355 -3.111083355737e+03
2356 -3.111083194361e+03
2357 -3.111083076667e+03
2358 -3.111083002395e+03
2359 -3.111082971198e+03
2360 -3.111082982635e+03
2361 -3.111083020404e+03
2362 -3.111083115551e+03
2363 -3.111083251495e+03
2364 -3.111083427448e+03
2365 -3.111083642539e+03
2366 -3.111083895810e+03
2367 -3.111084186224e+03
2368 -3.111084512663e+03
2369 -3.111084873929e+03
2370 -3.111085268755e+03
2371 -3.111085674285e+03
2372 -3.111086132241e+03
2373 -3.111086619534e+03
2374 -3.111087134635e+03
2375 -3.111087675963e+03
2376 -3.111088241889e+03
2377 -3.111088830744e+03
2378 -3.111089440827e+03
2379 -3.111090070405e+03
2380 -3.111090717728e+03
2381 -3.111091350995e+03
2382 -3.111092028591e+03
2383 -3.111092718601e+03
2384 -3.111093419240e+03
2385 -3.111094128727e+03
2386 -3.111094845291e+03
2387 -3.111095567168e+03
2388 -3.111096292609e+03
2389 -3.111097019883e+03
2390 -3.111097747275e+03
2391 -3.111098438695e+03
2392 -3.111099161376e+03
2393 -3.111099879181e+03
2394 -3.111100590503e+03
2395 -3.111101293771e+03
2396 -3.111101987447e+03
2397 -3.111102670034e+03
2398 -3.111103340076e+03
2399 -3.111103996158e+03
2400 -3.111104636909e+03
2401 -3.111105229718e+03
2402 -3.111105835958e+03
2403 -3.111106423007e+03
2404 -3.111106989665e+03
2405 -3.111107534772e+03
2406 -3.111108057211e+03
2407 -3.111108555905e+03
2408 -3.111109029820e+03
2409 -3.111109477961e+03
2410 -3.111109899375e+03
2411 -3.111110267509e+03
2412 -3.111110632875e+03
2413 -3.111110968905e+03
2414 -3.111111274816e+03
2415 -3.111111549864e+03
2416 -3.111111793350e+03
2417 -3.111112004612e+03
2418 -3.111112183036e+03
2419 -3.111112328046e+03
2420 -3.111112439106e+03
2421 -3.111112490105e+03
2422 -3.111112531924e+03
2423 -3.111112538440e+03
2424 -3.111112509286e+03
2425 -3.111112444138e+03
2426 -3.111112342717e+03
2427 -3.111112204788e+03
2428 -3.111112030167e+03
2429 -3.111111818717e+03
2430 -3.111111570352e+03
2431 -3.111111252496e+03
2432 -3.111110930343e+03
2433 -3.111110571336e+03
2434 -3.111110175605e+03
2435 -3.111109743336e+03
2436 -3.111109274774e+03
2437 -3.111108770220e+03
2438 -3.111108230031e+03
2439 -3.111107654627e+03
2440 -3.111107044485e+03
2441 -3.111106362035e+03
2442 -3.111105684177e+03
2443 -3.111104973378e+03
2444 -3.111104230359e+03
2445 -3.111103455904e+03
2446 -3.111102650860e+03
2447 -3.111101816136e+03
2448 -3.111100952705e+03
2449 -3.111100061599e+03
2450 -3.111099143916e+03
2451 -3.111098167035e+03
2452 -3.111097199814e+03
2453 -3.111096209660e+03
2454 -3.111095197901e+03
2455 -3.111094165920e+03
2456 -3.111093115152e+03
2457 -3.111092047079e+03
2458 -3.111090963231e+03
2459 -3.111089865179e+03
2460 -3.111088754533e+03
2461 -3.111087611486e+03
2462 -3.111086480719e+03
2463 -3.111085342381e+03
2464 -3.111084198201e+03
2465 -3.111083049925e+03
2466 -3.111081899313e+03
2467 -3.111080748134e+03
2468 -3.111079598163e+03
2469 -3.111078451173e+03
2470 -3.111077308929e+03
2471 -3.111076160790e+03
2472 -3.111075033378e+03
2473 -3.111073915912e+03
2474 -3.111072810076e+03
2475 -3.111071717523e+03
2476 -3.111070639870e+03
2477 -3.111069578694e+03
2478 -3.111068535528e+03
2479 -3.111067511861e+03
2480 -3.111066509133e+03
2481 -3.111065514144e+03
2482 -3.111064557484e+03
2483 -3.111063625757e+03
2484 -3.111062720182e+03
2485 -3.111061841918e+03
2486 -3.111060992062e+03
2487 -3.111060171643e+03
2488 -3.111059381622e+03
2489 -3.111058622890e+03
2490 -3.111057896261e+03
2491 -3.111057179523e+03
2492 -3.111056519301e+03
2493 -3.111055893154e+03
2494 -3.111055301582e+03
2495 -3.111054745005e+03
2496 -3.111054223764e+03
2497 -3.111053738120e+03
2498 -3.111053288258e+03
2499 -3.111052874285e+03
2500 -3.111052496233e+03
2501 -3.111052128678e+03
2502 -3.111051822322e+03
2503 -3.111051551535e+03
2504 -3.111051316057e+03
2505 -3.111051115558e+03
2506 -3.111050949643e+03
2507 -3.111050817846e+03
2508 -3.111050719640e+03
2509 -3.111050654434e+03
2510 -3.111050621577e+03
2511 -3.111050603188e+03
2512 -3.111050632908e+03
2513 -3.111050692686e+03
2514 -3.111050781662e+03
2515 -3.111050898928e+03
2516 -3.111051043538e+03
2517 -3.111051214507e+03
2518 -3.111051410818e+03
2519 -3.111051631424e+03
2520 -3.111051875251e+03
2521 -3.111052135395e+03
2522 -3.111052422417e+03
2523 -3.111052729308e+03
2524 -3.111053054920e+03
2525 -3.111053398087e+03
2526 -3.111053757637e+03
2527 -3.111054132382e+03
2528 -3.111054521127e+03
2529 -3.111054922669e+03
2530 -3.111055335794e+03
2531 -3.111055757713e+03
2532 -3.111056190400e+03
2533 -3.111056630983e+03
2534 -3.111057078217e+03
2535 -3.111057530851e+03
2536 -3.111057987624e+03
2537 -3.111058447268e+03
2538 -3.111058908506e+03
2539 -3.111059370051e+03
2540 -3.111059830608e+03
2541 -3.111060282926e+03
2542 -3.111060737657e+03
2543 -3.111061187468e+03
2544 -3.111061631037e+03
2545 -3.111062067036e+03
2546 -3.111062494136e+03
2547 -3.111062911006e+03
2548 -3.111063316319e+03
2549 -3.111063708750e+03
2550 -3.111064086982e+03
2551 -3.111064438217e+03
2552 -3.111064784208e+03
2553 -3.111065112115e+03
2554 -3.111065420674e+03
2555 -3.111065708644e+03
2556 -3.111065974808e+03
2557 -3.111066217972e+03
2558 -3.111066436974e+03
2559 -3.111066630683e+03
2560 -3.111066798001e+03
2561 -3.111066925906e+03
2562 -3.111067037376e+03
2563 -3.111067119390e+03
2564 -3.111067171009e+03
2565 -3.111067191338e+03
2566 -3.111067179529e+03
2567 -3.111067134781e+03
2568 -3.111067056346e+03
2569 -3.111066943525e+03
2570 -3.111066795676e+03
2571 -3.111066602856e+03
2572 -3.111066383324e+03
2573 -3.111066127171e+03
2574 -3.111065833986e+03
2575 -3.111065503418e+03
2576 -3.111065135179e+03
2577 -3.111064729045e+03
2578 -3.111064284862e+03
2579 -3.111063802538e+03
2580 -3.111063282055e+03
2581 -3.111062713790e+03
2582 -3.111062117297e+03
2583 -3.111061483021e+03
2584 -3.111060811236e+03
2585 -3.111060102296e+03
2586 -3.111059356633e+03
2587 -3.111058574760e+03
2588 -3.111057757272e+03
2589 -3.111056904848e+03
2590 -3.111056018249e+03
2591 -3.111055084066e+03
2592 -3.111054131819e+03
2593 -3.111053148198e+03
2594 -3.111052134309e+03
2595 -3.111051091340e+03
2596 -3.111050020565e+03
2597 -3.111048923339e+03
2598 -3.111047801094e+03
2599 -3.111046655341e+03
2600 -3.111045487660e+03
2601 -3.111044281133e+03
2602 -3.111043074668e+03
2603 -3.111041851405e+03
2604 -3.111040613164e+03
2605 -3.111039361810e+03
2606 -3.111038099244e+03
2607 -3.111036827396e+03
2608 -3.111035548222e+03
2609 -3.111034263690e+03
2610 -3.111032975779e+03
2611 -3.111031667523e+03
2612 -3.111030378843e+03
2613 -3.111029092703e+03
2614 -3.111027811049e+03
2615 -3.111026535807e+03
2616 -3.111025268873e+03
2617 -3.111024012114e+03
2618 -3.111022767356e+03
2619 -3.111021536383e+03
2620 -3.111020320932e+03
2621 -3.111019104802e+03
2622 -3.111017925448e+03
2623 -3.111016766497e+03
2624 -3.111015629451e+03
2625 -3.111014515744e+03
2626 -3.111013426742e+03
2627 -3.111012363736e+03
2628 -3.111011327942e+03
2629 -3.111010320499e+03
2630 -3.111009342465e+03
2631 -3.111008373265e+03
2632 -3.111007456965e+03
2633 -3.111006572770e+03
2634 -3.111005721414e+03
2635 -3.111004903549e+03
2636 -3.111004119748e+03
2637 -3.111003370502e+03
2638 -3.111002656221e+03
2639 -3.111001977234e+03
2640 -3.111001333788e+03
2641 -3.111000694394e+03
2642 -3.111000122503e+03
2643 -3.110999586404e+03
2644 -3.110999086012e+03
2645 -3.110998621162e+03
2646 -3.110998191608e+03
2647 -3.110997797024e+03
2648 -3.110997437006e+03
2649 -3.110997111077e+03
2650 -3.110996818690e+03
2651 -3.110996517282e+03
2652 -3.110996290128e+03
2653 -3.110996094490e+03
2654 -3.110995929581e+03
2655 -3.110995794566e+03
2656 -3.110995688567e+03
2657 -3.110995610665e+03
2658 -3.110995559909e+03
2659 -3.110995535313e+03
2660 -3.110995535868e+03
2661 -3.110995515300e+03
2662 -3.110995563091e+03
2663 -3.110995632873e+03
2664 -3.110995723566e+03
2665 -3.110995834081e+03
2666 -3.110995963328e+03
2667 -3.110996110214e+03
2668 -3.110996273654e+03
2669 -3.110996452567e+03
2670 -3.110996645887e+03
2671 -3.110996810837e+03
2672 -3.110997029877e+03
2673 -3.110997260196e+03
2674 -3.110997500782e+03
2675 -3.110997750636e+03
2676 -3.110998008774e+03
2677 -3.110998274224e+03
2678 -3.110998546026e+03
2679 -3.110998823230e+03
2680 -3.110999104892e+03
2681 -3.110999351520e+03
2682 -3.110999639363e+03
2683 -3.110999928871e+03
2684 -3.111000219118e+03
2685 -3.111000509176e+03
2686 -3.111000798116e+03
2687 -3.111001085001e+03
2688 -3.111001368891e+03
2689 -3.111001648836e+03
2690 -3.111001923876e+03
2691 -3.111002151451e+03
2692 -3.111002413812e+03
2693 -3.111002668320e+03
2694 -3.111002913963e+03
2695 -3.111003149717e+03
2696 -3.111003374540e+03
2697 -3.111003587374e+03
2698 -3.111003787143e+03
2699 -3.111003972754e+03
2700 -3.111004143099e+03
2701 -3.111004249074e+03
2702 -3.111004385539e+03
2703 -3.111004503325e+03
2704 -3.111004601273e+03
2705 -3.111004678217e+03
2706 -3.111004732986e+03
2707 -3.111004764411e+03
2708 -3.111004771321e+03
2709 -3.111004752554e+03
2710 -3.111004706955e+03
2711 -3.111004583810e+03
2712 -3.111004481177e+03
2713 -3.111004348346e+03
2714 -3.111004184237e+03
2715 -3.111003987804e+03
2716 -3.111003758033e+03
2717 -3.111003493952e+03
2718 -3.111003194633e+03
2719 -3.111002859196e+03
2720 -3.111002486819e+03
2721 -3.111002033412e+03
2722 -3.111001584979e+03
2723 -3.111001097518e+03
2724 -3.111000570475e+03
2725 -3.111000003375e+03
2726 -3.110999395823e+03
2727 -3.110998747510e+03
2728 -3.110998058215e+03
2729 -3.110997327806e+03
2730 -3.110996556245e+03
2731 -3.110995708693e+03
2732 -3.110994855148e+03
2733 -3.110993960902e+03
2734 -3.110993026297e+03
2735 -3.110992051773e+03
2736 -3.110991037866e+03
2737 -3.110989985207e+03
2738 -3.110988894525e+03
2739 -3.110987766643e+03
2740 -3.110986602478e+03
2741 -3.110985371845e+03
2742 -3.110984138295e+03
2743 -3.110982871757e+03
2744 -3.110981573499e+03
2745 -3.110980244875e+03
2746 -3.110978887309e+03
2747 -3.110977502302e+03
2748 -3.110976091416e+03
2749 -3.110974656279e+03
2750 -3.110973198572e+03
2751 -3.110971687342e+03
2752 -3.110970189804e+03
2753 -3.110968675033e+03
2754 -3.110967144896e+03
2755 -3.110965601291e+03
2756 -3.110964046154e+03
2757 -3.110962481445e+03
2758 -3.110960909149e+03
2759 -3.110959331272e+03
2760 -3.110957749830e+03
2761 -3.110956132361e+03
2762 -3.110954549924e+03
2763 -3.110952970001e+03
2764 -3.110951394610e+03
2765 -3.110949825756e+03
2766 -3.110948265421e+03
2767 -3.110946715565e+03
2768 -3.110945178113e+03
2769 -3.110943654956e+03
2770 -3.110942147938e+03
2771 -3.110940625901e+03
2772 -3.110939156553e+03
2773 -3.110937708580e+03
2774 -3.110936283613e+03
2775 -3.110934883221e+03
2776 -3.110933508906e+03
2777 -3.110932162102e+03
2778 -3.110930844167e+03
2779 -3.110929556388e+03
2780 -3.110928299971e+03
2781 -3.110927046245e+03
2782 -3.110925855882e+03
2783 -3.110924699999e+03
2784 -3.110923579464e+03
2785 -3.110922495054e+03
2786 -3.110921447453e+03
2787 -3.110920437252e+03
2788 -3.110919464947e+03
2789 -3.110918530938e+03
2790 -3.110917635536e+03
2791 -3.110916750140e+03
2792 -3.110915932549e+03
2793 -3.110915153952e+03
2794 -3.110914414317e+03
2795 -3.110913713535e+03
2796 -3.110913051428e+03
2797 -3.110912427753e+03
2798 -3.110911842210e+03
2799 -3.110911294441e+03
2800 -3.110910784038e+03
2801 -3.110910281181e+03
2802 -3.110909844126e+03
2803 -3.110909442936e+03
2804 -3.110909077029e+03
2805 -3.110908745784e+03
2806 -3.110908448545e+03
2807 -3.110908184618e+03
2808 -3.110907953279e+03
2809 -3.110907753769e+03
2810 -3.110907585295e+03
2811 -3.110907420336e+03
2812 -3.110907311460e+03
2813 -3.110907231052e+03
2814 -3.110907178192e+03
2815 -3.110907151925e+03
2816 -3.110907151259e+03
2817 -3.110907175163e+03
2818 -3.110907222571e+03
2819 -3.110907292374e+03
2820 -3.110907383424e+03
2821 -3.110907475168e+03
2822 -3.110907605129e+03
2823 -3.110907752639e+03
2824 -3.110907916381e+03
2825 -3.110908094997e+03
2826 -3.110908287085e+03
2827 -3.110908491204e+03
2828 -3.110908705869e+03
2829 -3.110908929561e+03
2830 -3.110909160719e+03
2831 -3.110909385204e+03
2832 -3.110909626520e+03
2833 -3.110909870421e+03
2834 -3.110910115221e+03
2835 -3.110910359207e+03
2836 -3.110910600642e+03
2837 -3.110910837771e+03
2838 -3.110911068820e+03
2839 -3.110911292003e+03
2840 -3.110911505524e+03
2841 -3.110911695143e+03
2842 -3.110911883976e+03
2843 -3.110912057735e+03
2844 -3.110912214621e+03
2845 -3.110912352848e+03
2846 -3.110912470642e+03
2847 -3.110912566248e+03
2848 -3.110912637936e+03
2849 -3.110912684001e+03
2850 -3.110912702770e+03
2851 -3.110912674249e+03
2852 -3.110912633611e+03
2853 -3.110912560899e+03
2854 -3.110912454615e+03
2855 -3.110912313314e+03
2856 -3.110912135611e+03
2857 -3.110911920183e+03
2858 -3.110911665773e+03
2859 -3.110911371198e+03
2860 -3.110911035348e+03
2861 -3.110910634475e+03
2862 -3.110910213113e+03
2863 -3.110909747638e+03
2864 -3.110909237284e+03
2865 -3.110908681375e+03
2866 -3.110908079336e+03
2867 -3.110907430696e+03
2868 -3.110906735087e+03
2869 -3.110905992252e+03
2870 -3.110905202050e+03
2871 -3.110904344697e+03
2872 -3.110903459840e+03
2873 -3.110902527890e+03
2874 -3.110901549182e+03
2875 -3.110900524174e+03
2876 -3.110899453451e+03
2877 -3.110898337719e+03
2878 -3.110897177813e+03
2879 -3.110895974690e+03
2880 -3.110894729430e+03
2881 -3.110893430646e+03
2882 -3.110892104879e+03
2883 -3.110890740932e+03
2884 -3.110889340351e+03
2885 -3.110887904789e+03
2886 -3.110886436003e+03
2887 -3.110884935843e+03
2888 -3.110883406249e+03
2889 -3.110881849241e+03
2890 -3.110880266916e+03
2891 -3.110878651684e+03
2892 -3.110877025303e+03
2893 -3.110875380252e+03
2894 -3.110873718842e+03
2895 -3.110872043415e+03
2896 -3.110870356339e+03
2897 -3.110868660002e+03
2898 -3.110866956798e+03
2899 -3.110865249126e+03
2900 -3.110863539379e+03
2901 -3.110861815136e+03
2902 -3.110860108401e+03
2903 -3.110858406680e+03
2904 -3.110856712283e+03
2905 -3.110855027481e+03
2906 -3.110853354503e+03
2907 -3.110851695525e+03
2908 -3.110850052666e+03
2909 -3.110848427977e+03
2910 -3.110846823441e+03
2911 -3.110845218903e+03
2912 -3.110843660322e+03
2913 -3.110842127345e+03
2914 -3.110840621607e+03
2915 -3.110839144642e+03
2916 -3.110837697883e+03
2917 -3.110836282658e+03
2918 -3.110834900186e+03
2919 -3.110833551577e+03
2920 -3.110832237827e+03
2921 -3.110830935561e+03
2922 -3.110829694111e+03
2923 -3.110828489848e+03
2924 -3.110827323326e+03
2925 -3.110826194991e+03
2926 -3.110825105184e+03
2927 -3.110824054148e+03
2928 -3.110823042027e+03
2929 -3.110822068877e+03
2930 -3.110821134663e+03
2931 -3.110820217136e+03
2932 -3.110819360425e+03
2933 -3.110818542093e+03
2934 -3.110817761819e+03
2935 -3.110817019222e+03
2936 -3.110816313872e+03
2937 -3.110815645290e+03
2938 -3.110815012960e+03
2939 -3.110814416329e+03
2940 -3.110813854812e+03
2941 -3.110813304607e+03
2942 -3.110812811513e+03
2943 -3.110812351637e+03
2944 -3.110811924310e+03
2945 -3.110811528847e+03
2946 -3.110811164547e+03
2947 -3.110810830703e+03
2948 -3.110810526593e+03
2949 -3.110810251491e+03
2950 -3.110810004657e+03
2951 -3.110809754458e+03
2952 -3.110809561957e+03
2953 -3.110809395461e+03
2954 -3.110809254195e+03
2955 -3.110809137372e+03
2956 -3.110809044191e+03
2957 -3.110808973838e+03
2958 -3.110808925481e+03
2959 -3.110808898272e+03
2960 -3.110808891344e+03
2961 -3.110808864843e+03
2962 -3.110808895823e+03
2963 -3.110808944358e+03
2964 -3.110809009493e+03
2965 -3.110809090249e+03
2966 -3.110809185617e+03
2967 -3.110809294565e+03
2968 -3.110809416028e+03
2969 -3.110809548911e+03
2970 -3.110809692091e+03
2971 -3.110809804943e+03
2972 -3.110809965235e+03
2973 -3.110810132254e+03
2974 -3.110810304744e+03
2975 -3.110810481419e+03
2976 -3.110810660958e+03
2977 -3.110810842013e+03
2978 -3.110811023203e+03
2979 -3.110811203123e+03
2980 -3.110811380339e+03
2981 -3.110811520516e+03
2982 -3.110811687960e+03
2983 -3.110811848263e+03
2984 -3.110811999908e+03
2985 -3.110812141365e+03
2986 -3.110812271090e+03
2987 -3.110812387529e+03
2988 -3.110812489126e+03
2989 -3.110812574317e+03
2990 -3.110812641543e+03
2991 -3.110812662037e+03
2992 -3.110812688700e+03
2993 -3.110812692748e+03
2994 -3.110812672653e+03
2995 -3.110812626902e+03
2996 -3.110812554001e+03
2997 -3.110812452480e+03
2998 -3.110812320892e+03
2999 -3.110812157818e+03
3000 -3.110811961875e+03
3001 -3.110811703409e+03
3002 -3.110811437745e+03
3003 -3.110811135281e+03
3004 -3.110810794796e+03
3005 -3.110810415121e+03
3006 -3.110809995142e+03
3007 -3.110809533807e+03
3008 -3.110809030125e+03
3009 -3.110808483179e+03
3010 -3.110807892122e+03
3011 -3.110807222996e+03
3012 -3.110806541529e+03
3013 -3.110805813904e+03
3014 -3.110805039618e+03
3015 -3.110804218263e+03
3016 -3.110803349533e+03
3017 -3.110802433230e+03
3018 -3.110801469263e+03
3019 -3.110800457656e+03
3020 -3.110799398552e+03
3021 -3.110798257715e+03
3022 -3.110797104554e+03
3023 -3.110795905055e+03
3024 -3.110794659852e+03
3025 -3.110793369704e+03
3026 -3.110792035496e+03
3027 -3.110790658233e+03
3028 -3.110789239039e+03
3029 -3.110787779152e+03
3030 -3.110786279924e+03
3031 -3.110784712991e+03
3032 -3.110783139592e+03
3033 -3.110781531522e+03
3034 -3.110779890528e+03
3035 -3.110778218437e+03
3036 -3.110776517152e+03
3037 -3.110774788645e+03
3038 -3.110773034949e+03
3039 -3.110771258150e+03
3040 -3.110769460380e+03
3041 -3.110767619230e+03
3042 -3.110765786098e+03
3043 -3.110763938582e+03
3044 -3.110762078916e+03
3045 -3.110760209341e+03
3046 -3.110758332095e+03
3047 -3.110756449408e+03
3048 -3.110754563492e+03
3049 -3.110752676534e+03
3050 -3.110750790690e+03
3051 -3.110748882642e+03
3052 -3.110747005369e+03
3053 -3.110745135414e+03
3054 -3.110743274741e+03
3055 -3.110741425253e+03
3056 -3.110739588790e+03
3057 -3.110737767129e+03
3058 -3.110735961975e+03
3059 -3.110734174968e+03
3060 -3.110732407678e+03
3061 -3.110730629888e+03
3062 -3.110728906492e+03
3063 -3.110727207107e+03
3064 -3.110725533036e+03
3065 -3.110723885514e+03
3066 -3.110722265718e+03
3067 -3.110720674768e+03
3068 -3.110719113726e+03
3069 -3.110717583602e+03
3070 -3.110716085356e+03
3071 -3.110714584661e+03
3072 -3.110713152867e+03
3073 -3.110711755542e+03
3074 -3.110710393464e+03
3075 -3.110709067372e+03
3076 -3.110707777965e+03
3077 -3.110706525907e+03
3078 -3.110705311827e+03
3079 -3.110704136317e+03
3080 -3.110702999934e+03
3081 -3.110701873285e+03
3082 -3.110700816689e+03
3083 -3.110699800658e+03
3084 -3.110698825587e+03
3085 -3.110697891826e+03
3086 -3.110696999675e+03
3087 -3.110696149378e+03
3088 -3.110695341125e+03
3089 -3.110694575047e+03
3090 -3.110693851211e+03
3091 -3.110693150071e+03
3092 -3.110692510673e+03
3093 -3.110691913310e+03
3094 -3.110691357770e+03
3095 -3.110690843761e+03
3096 -3.110690370918e+03
3097 -3.110689938791e+03
3098 -3.110689546850e+03
3099 -3.110689194479e+03
3100 -3.110688880981e+03
3101 -3.110688592071e+03
3102 -3.110688353890e+03
3103 -3.110688151960e+03
3104 -3.110687985232e+03
3105 -3.110687852569e+03
3106 -3.110687752746e+03
3107 -3.110687684451e+03
3108 -3.110687646284e+03
3109 -3.110687636762e+03
3110 -3.110687654317e+03
3111 -3.110687681923e+03
3112 -3.110687748619e+03
3113 -3.110687837208e+03
3114 -3.110687945814e+03
3115 -3.110688072491e+03
3116 -3.110688215224e+03
3117 -3.110688371942e+03
3118 -3.110688540515e+03
3119 -3.110688718760e+03
3120 -3.110688904452e+03
3121 -3.110689076150e+03
3122 -3.110689269913e+03
3123 -3.110689464225e+03
3124 -3.110689656737e+03
3125 -3.110689845083e+03
3126 -3.110690026889e+03
3127 -3.110690199777e+03
3128 -3.110690361373e+03
3129 -3.110690509311e+03
3130 -3.110690641240e+03
3131 -3.110690737332e+03
3132 -3.110690830294e+03
3133 -3.110690900333e+03
3134 -3.110690945206e+03
3135 -3.110690962713e+03
3136 -3.110690950700e+03
3137 -3.110690907061e+03
3138 -3.110690829745e+03
3139 -3.110690716763e+03
3140 -3.110690566190e+03
3141 -3.110690365586e+03
3142 -3.110690134380e+03
3143 -3.110689860253e+03
3144 -3.110689541590e+03
3145 -3.110689176871e+03
3146 -3.110688764670e+03
3147 -3.110688303663e+03
3148 -3.110687792631e+03
3149 -3.110687230471e+03
3150 -3.110686616195e+03
3151 -3.110685943059e+03
3152 -3.110685222125e+03
3153 -3.110684446869e+03
3154 -3.110683616824e+03
3155 -3.110682731662e+03
3156 -3.110681791203e+03
3157 -3.110680795413e+03
3158 -3.110679744411e+03
3159 -3.110678638468e+03
3160 -3.110677478011e+03
3161 -3.110676255116e+03
3162 -3.110674987579e+03
3163 -3.110673667747e+03
3164 -3.110672296669e+03
3165 -3.110670875545e+03
3166 -3.110669405720e+03
3167 -3.110667888681e+03
3168 -3.110666326054e+03
3169 -3.110664719591e+03
3170 -3.110663071170e+03
3171 -3.110661368459e+03
3172 -3.110659642239e+03
3173 -3.110657880355e+03
3174 -3.110656085098e+03
3175 -3.110654258842e+03
3176 -3.110652404034e+03
3177 -3.110650523184e+03
3178 -3.110648618856e+03
3179 -3.110646693656e+03
3180 -3.110644750224e+03
3181 -3.110642775544e+03
3182 -3.110640803672e+03
3183 -3.110638821583e+03
3184 -3.110636831947e+03
3185 -3.110634837414e+03
3186 -3.110632840609e+03
3187 -3.110630844117e+03
3188 -3.110628850480e+03
3189 -3.110626862183e+03
3190 -3.110624881653e+03
3191 -3.110622899617e+03
3192 -3.110620941634e+03
3193 -3.110618998252e+03
3194 -3.110617071587e+03
3195 -3.110615163658e+03
3196 -3.110613276394e+03
3197 -3.110611411623e+03
3198 -3.110609571070e+03
3199 -3.110607756357e+03
3200 -3.110605968996e+03
3201 -3.110604201797e+03
3202 -3.110602473267e+03
3203 -3.110600775979e+03
3204 -3.110599111016e+03
3205 -3.110597479354e+03
3206 -3.110595881875e+03
3207 -3.110594319366e+03
3208 -3.110592792523e+03
3209 -3.110591301963e+03
3210 -3.110589848224e+03
3211 -3.110588419655e+03
3212 -3.110587040914e+03
3213 -3.110585700218e+03
3214 -3.110584397865e+03
3215 -3.110583134108e+03
3216 -3.110581909165e+03
3217 -3.110580723218e+03
3218 -3.110579576423e+03
3219 -3.110578468907e+03
3220 -3.110577400774e+03
3221 -3.110576351462e+03
3222 -3.110575362322e+03
3223 -3.110574412741e+03
3224 -3.110573502729e+03
3225 -3.110572632272e+03
3226 -3.110571801327e+03
3227 -3.110571009822e+03
3228 -3.110570257652e+03
3229 -3.110569544677e+03
3230 -3.110568870724e+03
3231 -3.110568207794e+03
3232 -3.110567611201e+03
3233 -3.110567052860e+03
3234 -3.110566532430e+03
3235 -3.110566049519e+03
3236 -3.110565603688e+03
3237 -3.110565194447e+03
3238 -3.110564821256e+03
3239 -3.110564483520e+03
3240 -3.110564180593e+03
3241 -3.110563882473e+03
3242 -3.110563647004e+03
3243 -3.110563444064e+03
3244 -3.110563272776e+03
3245 -3.110563132202e+03
3246 -3.110563021343e+03
3247 -3.110562939137e+03
3248 -3.110562884461e+03
3249 -3.110562856127e+03
3250 -3.110562852886e+03
3251 -3.110562846364e+03
3252 -3.110562889325e+03
3253 -3.110562953262e+03
3254 -3.110563036687e+03
3255 -3.110563138054e+03
3256 -3.110563255764e+03
3257 -3.110563388169e+03
3258 -3.110563533569e+03
3259 -3.110563690219e+03
3260 -3.110563856332e+03
3261 -3.110564004598e+03
3262 -3.110564184129e+03
3263 -3.110564367531e+03
3264 -3.110564552879e+03
3265 -3.110564738220e+03
3266 -3.110564921580e+03
3267 -3.110565100967e+03
3268 -3.110565274376e+03
3269 -3.110565439790e+03
3270 -3.110565595189e+03
3271 -3.110565712773e+03
3272 -3.110565842081e+03
3273 -3.110565955312e+03
3274 -3.110566050460e+03
3275 -3.110566125530e+03
3276 -3.110566178546e+03
3277 -3.110566207552e+03
3278 -3.110566210616e+03
3279 -3.110566185835e+03
3280 -3.110566131340e+03
3281 -3.110566019492e+03
3282 -3.110565900126e+03
3283 -3.110565745685e+03
3284 -3.110565554480e+03
3285 -3.110565324884e+03
3286 -3.110565055331e+03
3287 -3.110564744326e+03
3288 -3.110564390453e+03
3289 -3.110563992376e+03
3290 -3.110563548849e+03
3291 -3.110563034728e+03
3292 -3.110562496961e+03
3293 -3.110561910599e+03
3294 -3.110561274811e+03
3295 -3.110560588881e+03
3296 -3.110559852218e+03
3297 -3.110559064353e+03
3298 -3.110558224950e+03
3299 -3.110557333798e+03
3300 -3.110556390826e+03
3301 -3.110555374405e+03
3302 -3.110554328121e+03
3303 -3.110553230595e+03
3304 -3.110552082286e+03
3305 -3.110550883779e+03
3306 -3.110549635787e+03
3307 -3.110548339143e+03
3308 -3.110546994796e+03
3309 -3.110545603806e+03
3310 -3.110544167339e+03
3311 -3.110542664852e+03
3312 -3.110541141333e+03
3313 -3.110539576397e+03
3314 -3.110537971564e+03
3315 -3.110536328422e+03
3316 -3.110534648626e+03
3317 -3.110532933887e+03
3318 -3.110531185966e+03
3319 -3.110529406668e+03
3320 -3.110527597837e+03
3321 -3.110525736680e+03
3322 -3.110523874450e+03
3323 -3.110521988387e+03
3324 -3.110520080430e+03
3325 -3.110518152529e+03
3326 -3.110516206644e+03
3327 -3.110514244736e+03
3328 -3.110512268762e+03
3329 -3.110510280678e+03
3330 -3.110508282426e+03
3331 -3.110506249511e+03
3332 -3.110504236717e+03
3333 -3.110502219499e+03
3334 -3.110500199732e+03
3335 -3.110498179270e+03
3336 -3.110496159945e+03
3337 -3.110494143561e+03
3338 -3.110492131897e+03
3339 -3.110490126705e+03
3340 -3.110488129708e+03
3341 -3.110486118987e+03
3342 -3.110484143470e+03
3343 -3.110482181159e+03
3344 -3.110480233670e+03
3345 -3.110478302598e+03
3346 -3.110476389514e+03
3347 -3.110474495967e+03
3348 -3.110472623486e+03
3349 -3.110470773584e+03
3350 -3.110468947752e+03
3351 -3.110467129455e+03
3352 -3.110465356214e+03
3353 -3.110463611422e+03
3354 -3.110461896508e+03
3355 -3.110460212883e+03
3356 -3.110458561939e+03
3357 -3.110456945048e+03
3358 -3.110455363559e+03
3359 -3.110453818791e+03
3360 -3.110452312033e+03
3361 -3.110450829744e+03
3362 -3.110449402739e+03
3363 -3.110448017344e+03
3364 -3.110446674651e+03
3365 -3.110445375691e+03
3366 -3.110444121422e+03
3367 -3.110442912728e+03
3368 -3.110441750410e+03
3369 -3.110440635184e+03
3370 -3.110439567675e+03
3371 -3.110438532605e+03
3372 -3.110437562047e+03
3373 -3.110436640496e+03
3374 -3.110435768177e+03
3375 -3.110434945210e+03
3376 -3.110434171607e+03
3377 -3.110433447271e+03
3378 -3.110432771996e+03
3379 -3.110432145469e+03
3380 -3.110431567269e+03
3381 -3.110431019396e+03
3382 -3.110430536173e+03
3383 -3.110430099380e+03
3384 -3.110429708185e+03
3385 -3.110429361654e+03
3386 -3.110429058756e+03
3387 -3.110428798365e+03
3388 -3.110428579261e+03
3389 -3.110428400131e+03
3390 -3.110428259569e+03
3391 -3.110428139840e+03
3392 -3.110428071843e+03
3393 -3.110428037661e+03
3394 -3.110428035535e+03
3395 -3.110428063624e+03
3396 -3.110428120004e+03
3397 -3.110428202673e+03
3398 -3.110428309551e+03
3399 -3.110428438486e+03
3400 -3.110428587256e+03
3401 -3.110428740224e+03
3402 -3.110428921745e+03
3403 -3.110429116057e+03
3404 -3.110429320705e+03
3405 -3.110429533184e+03
3406 -3.110429750950e+03
3407 -3.110429971425e+03
3408 -3.110430192001e+03
3409 -3.110430410049e+03
3410 -3.110430622922e+03
3411 -3.110430815735e+03
3412 -3.110431010308e+03
3413 -3.110431191751e+03
3414 -3.110431357425e+03
3415 -3.110431504717e+03
3416 -3.110431631034e+03
3417 -3.110431733823e+03
3418 -3.110431810566e+03
3419 -3.110431858795e+03
3420 -3.110431876095e+03
3421 -3.110431847286e+03
3422 -3.110431795740e+03
3423 -3.110431706405e+03
3424 -3.110431577141e+03
3425 -3.110431405894e+03
3426 -3.110431190701e+03
3427 -3.110430929694e+03
3428 -3.110430621106e+03
3429 -3.110430263278e+03
3430 -3.110429854663e+03
3431 -3.110429382368e+03
3432 -3.110428868035e+03
3433 -3.110428299006e+03
3434 -3.110427674237e+03
3435 -3.110426992825e+03
3436 -3.110426254008e+03
3437 -3.110425457173e+03
3438 -3.110424601855e+03
3439 -3.110423687740e+03
3440 -3.110422714673e+03
3441 -3.110421675716e+03
3442 -3.110420584927e+03
3443 -3.110419435655e+03
3444 -3.110418228369e+03
3445 -3.110416963694e+03
3446 -3.110415642409e+03
3447 -3.110414265445e+03
3448 -3.110412833880e+03
3449 -3.110411348935e+03
3450 -3.110409811975e+03
3451 -3.110408220982e+03
3452 -3.110406584657e+03
3453 -3.110404901202e+03
3454 -3.110403172495e+03
3455 -3.110401400525e+03
3456 -3.110399587389e+03
3457 -3.110397735285e+03
3458 -3.110395846502e+03
3459 -3.110393923413e+03
3460 -3.110391968470e+03
3461 -3.110389978150e+03
3462 -3.110387967152e+03
3463 -3.110385932029e+03
3464 -3.110383875453e+03
3465 -3.110381800132e+03
3466 -3.110379708801e+03
3467 -3.110377604208e+03
3468 -3.110375489107e+03
3469 -3.110373366253e+03
3470 -3.110371238388e+03
3471 -3.110369095262e+03
3472 -3.110366965529e+03
3473 -3.110364838848e+03
3474 -3.110362717825e+03
3475 -3.110360605012e+03
3476 -3.110358502897e+03
3477 -3.110356413899e+03
3478 -3.110354340358e+03
3479 -3.110352284531e+03
3480 -3.110350248585e+03
3481 -3.110348217123e+03
3482 -3.110346227080e+03
3483 -3.110344262849e+03
3484 -3.110342326215e+03
3485 -3.110340418861e+03
3486 -3.110338542379e+03
3487 -3.110336698263e+03
3488 -3.110334887922e+03
3489 -3.110333112673e+03
3490 -3.110331373756e+03
3491 -3.110329656483e+03
3492 -3.110327993641e+03
3493 -3.110326370392e+03
3494 -3.110324787690e+03
3495 -3.110323246426e+03
3496 -3.110321747438e+03
3497 -3.110320291505e+03
3498 -3.110318879356e+03
3499 -3.110317511670e+03
3500 -3.110316189072e+03
3501 -3.110314900496e+03
3502 -3.110313669758e+03
3503 -3.110312485676e+03
3504 -3.110311348665e+03
3505 -3.110310259081e+03
3506 -3.110309217223e+03
3507 -3.110308223325e+03
3508 -3.110307277561e+03
3509 -3.110306380040e+03
3510 -3.110305530801e+03
3511 -3.110304718467e+03
3512 -3.110303965641e+03
3513 -3.110303260801e+03
3514 -3.110302603699e+03
3515 -3.110301994016e+03
3516 -3.110301431352e+03
3517 -3.110300915232e+03
3518 -3.110300445100e+03
3519 -3.110300020326e+03
3520 -3.110299640196e+03
3521 -3.110299286712e+03
3522 -3.110298993419e+03
3523 -3.110298742168e+03
3524 -3.110298531934e+03
3525 -3.110298361617e+03
3526 -3.110298230041e+03
3527 -3.110298135954e+03
3528 -3.110298078031e+03
3529 -3.110298054873e+03
3530 -3.110298065010e+03
3531 -3.110298082511e+03
3532 -3.110298154538e+03
3533 -3.110298255040e+03
3534 -3.110298382276e+03
3535 -3.110298534444e+03
3536 -3.110298709683e+03
3537 -3.110298906074e+03
3538 -3.110299121644e+03
3539 -3.110299354373e+03
3540 -3.110299602193e+03
3541 -3.110299837133e+03
3542 -3.110300108770e+03
3543 -3.110300389077e+03
3544 -3.110300675860e+03
3545 -3.110300966903e+03
3546 -3.110301259980e+03
3547 -3.110301552856e+03
3548 -3.110301843297e+03
3549 -3.110302129074e+03
3550 -3.110302407968e+03
3551 -3.110302657140e+03
3552 -3.110302915679e+03
3553 -3.110303160790e+03
3554 -3.110303390342e+03
3555 -3.110303602239e+03
3556 -3.110303794417e+03
3557 -3.110303964852e+03
3558 -3.110304111559e+03
3559 -3.110304232600e+03
3560 -3.110304326080e+03
3561 -3.110304375024e+03
3562 -3.110304407903e+03
3563 -3.110304407839e+03
3564 -3.110304373143e+03
3565 -3.110304302189e+03
3566 -3.110304193409e+03
3567 -3.110304045302e+03
3568 -3.110303856432e+03
3569 -3.110303625436e+03
3570 -3.110303351025e+03
3571 -3.110303016497e+03
3572 -3.110302651715e+03
3573 -3.110302240139e+03
3574 -3.110301780817e+03
3575 -3.110301272896e+03
3576 -3.110300715620e+03
3577 -3.110300108337e+03
3578 -3.110299450504e+03
3579 -3.110298741687e+03
3580 -3.110297981565e+03
3581 -3.110297149619e+03
3582 -3.110296286391e+03
3583 -3.110295371599e+03
3584 -3.110294405390e+03
3585 -3.110293388032e+03
3586 -3.110292319908e+03
3587 -3.110291201514e+03
3588 -3.110290033459e+03
3589 -3.110288816459e+03
3590 -3.110287551336e+03
3591 -3.110286216273e+03
3592 -3.110284857762e+03
3593 -3.110283454184e+03
3594 -3.110282006740e+03
3595 -3.110280516717e+03
3596 -3.110278985481e+03
3597 -3.110277414476e+03
3598 -3.110275805216e+03
3599 -3.110274159283e+03
3600 -3.110272478324e+03
3601 -3.110270744569e+03
3602 -3.110268998732e+03
3603 -3.110267223150e+03
3604 -3.110265419686e+03
3605 -3.110263590240e+03
3606 -3.110261736755e+03
3607 -3.110259861201e+03
3608 -3.110257965580e+03
3609 -3.110256051910e+03
3610 -3.110254122229e+03
3611 -3.110252163584e+03
3612 -3.110250208045e+03
3613 -3.110248242655e+03
3614 -3.110246269468e+03
3615 -3.110244290532e+03
3616 -3.110242307886e+03
3617 -3.110240323552e+03
3618 -3.110238339540e+03
3619 -3.110236357836e+03
3620 -3.110234380408e+03
3621 -3.110232393688e+03
3622 -3.110230430626e+03
3623 -3.110228477584e+03
3624 -3.110226536420e+03
3625 -3.110224608963e+03
3626 -3.110222697010e+03
3627 -3.110220802325e+03
3628 -3.110218926644e+03
3629 -3.110217071667e+03
3630 -3.110215239065e+03
3631 -3.110213410443e+03
3632 -3.110211627492e+03
3633 -3.110209871741e+03
3634 -3.110208144741e+03
3635 -3.110206448006e+03
3636 -3.110204783023e+03
3637 -3.110203151243e+03
3638 -3.110201554086e+03
3639 -3.110199992933e+03
3640 -3.110198469127e+03
3641 -3.110196962480e+03
3642 -3.110195517227e+03
3643 -3.110194113077e+03
3644 -3.110192751174e+03
3645 -3.110191432609e+03
3646 -3.110190158405e+03
3647 -3.110188929519e+03
3648 -3.110187746837e+03
3649 -3.110186611167e+03
3650 -3.110185523239e+03
3651 -3.110184467639e+03
3652 -3.110183477057e+03
3653 -3.110182535883e+03
3654 -3.110181644486e+03
3655 -3.110180803142e+03
3656 -3.110180012027e+03
3657 -3.110179271218e+03
3658 -3.110178580690e+03
3659 -3.110177940320e+03
3660 -3.110177349882e+03
3661 -3.110176801326e+03
3662 -3.110176309691e+03
3663 -3.110175866698e+03
3664 -3.110175471713e+03
3665 -3.110175123999e+03
3666 -3.110174822715e+03
3667 -3.110174566920e+03
3668 -3.110174355569e+03
3669 -3.110174187516e+03
3670 -3.110174061515e+03
3671 -3.110173972450e+03
3672 -3.110173926435e+03
3673 -3.110173918139e+03
3674 -3.110173945923e+03
3675 -3.110174008059e+03
3676 -3.110174102726e+03
3677 -3.110174228016e+03
3678 -3.110174381937e+03
3679 -3.110174562419e+03
3680 -3.110174767313e+03
3681 -3.110174987889e+03
3682 -3.110175234903e+03
3683 -3.110175499486e+03
3684 -3.110175779241e+03
3685 -3.110176071725e+03
3686 -3.110176374453e+03
3687 -3.110176684907e+03
3688 -3.110177000540e+03
3689 -3.110177318786e+03
3690 -3.110177637064e+03
3691 -3.110177942507e+03
3692 -3.110178253083e+03
3693 -3.110178555925e+03
3694 -3.110178848456e+03
3695 -3.110179128117e+03
3696 -3.110179392368e+03
3697 -3.110179638695e+03
3698 -3.110179864614e+03
3699 -3.110180067675e+03
3700 -3.110180245465e+03
3701 -3.110180387394e+03
3702 -3.110180507593e+03
3703 -3.110180595559e+03
3704 -3.110180649076e+03
3705 -3.110180665990e+03
3706 -3.110180644210e+03
3707 -3.110180581716e+03
3708 -3.110180476564e+03
3709 -3.110180326888e+03
3710 -3.110180130912e+03
3711 -3.110179885978e+03
3712 -3.110179592462e+03
3713 -3.110179247891e+03
3714 -3.110178850890e+03
3715 -3.110178400202e+03
3716 -3.110177894689e+03
3717 -3.110177333341e+03
3718 -3.110176715278e+03
3719 -3.110176039756e+03
3720 -3.110175306170e+03
3721 -3.110174518700e+03
3722 -3.110173667772e+03
3723 -3.110172757836e+03
3724 -3.110171788870e+03
3725 -3.110170761006e+03
3726 -3.110169674523e+03
3727 -3.110168529851e+03
3728 -3.110167327566e+03
3729 -3.110166068393e+03
3730 -3.110164753202e+03
3731 -3.110163387360e+03
3732 -3.110161963354e+03
3733 -3.110160486801e+03
3734 -3.110158959136e+03
3735 -3.110157381928e+03
3736 -3.110155756881e+03
3737 -3.110154085826e+03
3738 -3.110152370721e+03
3739 -3.110150613646e+03
3740 -3.110148816796e+03
3741 -3.110146982848e+03
3742 -3.110145113520e+03
3743 -3.110143211656e+03
3744 -3.110141279862e+03
3745 -3.110139320828e+03
3746 -3.110137337320e+03
3747 -3.110135332167e+03
3748 -3.110133308256e+03
3749 -3.110131268515e+03
3750 -3.110129215904e+03
3751 -3.110127150518e+03
3752 -3.110125081155e+03
3753 -3.110123007874e+03
3754 -3.110120933639e+03
3755 -3.110118861387e+03
3756 -3.110116794015e+03
3757 -3.110114734367e+03
3758 -3.110112685226e+03
3759 -3.110110649305e+03
3760 -3.110108629235e+03
