0.044263	-0.090016
0.044259	-0.090012
0.044245	-0.089996
0.044212	-0.089961
0.044154	-0.089898
0.044064	-0.089800
0.043935	-0.089660
0.043760	-0.089470
0.043532	-0.089223
0.043246	-0.088913
0.042895	-0.088533
0.042474	-0.088077
0.041977	-0.087539
0.041399	-0.086914
0.040737	-0.086198
0.039986	-0.085385
0.039142	-0.084471
0.038204	-0.083454
0.037167	-0.082329
0.036031	-0.081094
0.034793	-0.079747
0.033451	-0.078286
0.032006	-0.076709
0.030456	-0.075015
0.028800	-0.073202
0.027040	-0.071271
0.025174	-0.069220
0.023205	-0.067051
0.021131	-0.064763
0.018955	-0.062357
0.016678	-0.059833
0.014301	-0.057193
0.011827	-0.054438
0.009258	-0.051571
0.006595	-0.048592
0.003843	-0.045505
0.001004	-0.042312
-0.001919	-0.039017
-0.004921	-0.035621
-0.007998	-0.032130
-0.011147	-0.028547
-0.014361	-0.024876
-0.017637	-0.021123
-0.020969	-0.017291
-0.024351	-0.013387
-0.027777	-0.009415
-0.031242	-0.005383
-0.034738	-0.001296
-0.038260	0.002839
-0.041800	0.007016
-0.045351	0.011228
-0.048906	0.015466
-0.052457	0.019723
-0.055996	0.023992
-0.059516	0.028265
-0.063009	0.032532
-0.066466	0.036787
-0.069878	0.041020
-0.073239	0.045222
-0.076539	0.049386
-0.079770	0.053503
-0.082924	0.057564
-0.085993	0.061561
-0.088970	0.065487
-0.091847	0.069332
-0.094618	0.073089
-0.097274	0.076751
-0.099810	0.080311
-0.102220	0.083762
-0.104498	0.087098
-0.106638	0.090311
-0.108636	0.093397
-0.110487	0.096350
-0.112187	0.099164
-0.113731	0.101836
-0.115117	0.104360
-0.116341	0.106732
-0.117400	0.108950
-0.118293	0.111010
-0.119018	0.112908
-0.119572	0.114642
-0.119956	0.116211
-0.120168	0.117612
-0.120208	0.118843
-0.120075	0.119905
-0.119771	0.120794
-0.119296	0.121512
-0.118651	0.122057
-0.117837	0.122429
-0.116855	0.122630
-0.115708	0.122658
-0.114396	0.122516
-0.112923	0.122202
-0.111291	0.121720
-0.109501	0.121070
-0.107558	0.120253
-0.105463	0.119273
-0.103222	0.118130
-0.100836	0.116827
-0.098310	0.115367
-0.095647	0.113752
-0.092854	0.111987
-0.089933	0.110075
-0.086890	0.108018
-0.083730	0.105823
-0.080459	0.103492
-0.077082	0.101030
-0.073606	0.098443
-0.070035	0.095735
-0.066376	0.092912
-0.062636	0.089978
-0.058821	0.086940
-0.054937	0.083802
-0.050991	0.080571
-0.046988	0.077252
-0.042936	0.073850
-0.038841	0.070372
-0.034709	0.066822
-0.030545	0.063206
-0.026357	0.059530
-0.022150	0.055798
-0.017929	0.052016
-0.013701	0.048188
-0.009470	0.044319
-0.005242	0.040413
-0.001021	0.036474
0.003188	0.032506
0.007382	0.028512
0.011556	0.024496
0.015708	0.020459
0.019834	0.016404
0.023933	0.012334
0.028001	0.008249
0.032036	0.004152
0.036038	0.000042
0.040004	-0.004078
0.043934	-0.008209
0.047826	-0.012350
0.051679	-0.016500
0.055494	-0.020661
0.059268	-0.024831
0.063003	-0.029012
0.066698	-0.033202
0.070352	-0.037403
0.073966	-0.041616
0.077539	-0.045839
0.081071	-0.050075
0.084564	-0.054323
0.088016	-0.058584
0.091428	-0.062859
0.094801	-0.067148
0.098134	-0.071451
0.101428	-0.075770
0.104683	-0.080105
0.107900	-0.084456
0.111080	-0.088825
0.114221	-0.093212
0.117326	-0.097617
0.120395	-0.102043
0.123428	-0.106489
0.126427	-0.110957
0.129391	-0.115448
0.132323	-0.119964
0.135224	-0.124505
0.138094	-0.129074
0.140936	-0.133673
0.143750	-0.138303
0.146539	-0.142967
0.149306	-0.147668
0.152051	-0.152407
0.154777	-0.157187
0.157486	-0.162011
0.160181	-0.166883
0.162864	-0.171805
0.165538	-0.176781
0.168205	-0.181812
0.170867	-0.186904
0.173527	-0.192057
0.176186	-0.197277
0.178847	-0.202564
0.181513	-0.207923
0.184184	-0.213356
0.186863	-0.218865
0.189550	-0.224453
0.192249	-0.230122
0.194959	-0.235873
0.197682	-0.241709
0.200419	-0.247630
0.203171	-0.253638
0.205937	-0.259733
0.208718	-0.265917
0.211514	-0.272190
0.214325	-0.278550
0.217150	-0.284999
0.219988	-0.291535
0.222838	-0.298158
0.225700	-0.304865
0.228572	-0.311656
0.231451	-0.318528
0.234338	-0.325480
0.237229	-0.332509
0.240123	-0.339611
0.243017	-0.346785
0.245911	-0.354027
0.248800	-0.361333
0.251683	-0.368700
0.254558	-0.376124
0.257421	-0.383600
0.260271	-0.391125
0.263103	-0.398692
0.265916	-0.406297
0.268705	-0.413935
0.271468	-0.421599
0.274200	-0.429284
0.276899	-0.436984
0.279560	-0.444691
0.282178	-0.452398
0.284751	-0.460099
0.287273	-0.467785
0.289739	-0.475449
0.292145	-0.483082
0.294486	-0.490675
0.296757	-0.498220
0.298953	-0.505708
0.301067	-0.513129
0.303096	-0.520473
0.305033	-0.527732
0.306873	-0.534895
0.308611	-0.541952
0.310240	-0.548894
0.311756	-0.555710
0.313154	-0.562391
0.314428	-0.568926
0.315573	-0.575307
0.316585	-0.581522
0.317459	-0.587565
0.318190	-0.593424
0.318774	-0.599092
0.319208	-0.604559
0.319487	-0.609818
0.319610	-0.614861
0.319574	-0.619681
0.319376	-0.624272
0.319016	-0.628627
0.318491	-0.632741
0.317803	-0.636610
0.316950	-0.640229
0.315934	-0.643594
0.314754	-0.646703
0.313413	-0.649552
0.311912	-0.652141
0.310254	-0.654467
0.308440	-0.656530
0.306473	-0.658329
0.304358	-0.659864
0.302096	-0.661136
0.299691	-0.662145
0.297147	-0.662894
0.294468	-0.663383
0.291657	-0.663614
0.288719	-0.663590
0.285657	-0.663313
0.282476	-0.662785
0.279180	-0.662010
0.275772	-0.660991
0.272257	-0.659730
0.268639	-0.658231
0.264921	-0.656498
0.261106	-0.654533
0.257200	-0.652341
0.253204	-0.649926
0.249122	-0.647290
0.244959	-0.644439
0.240716	-0.641375
0.236397	-0.638103
0.232005	-0.634628
0.227543	-0.630952
0.223013	-0.627082
0.218420	-0.623020
0.213766	-0.618773
0.209054	-0.614343
0.204287	-0.609737
0.199468	-0.604960
0.194600	-0.600015
0.189688	-0.594910
0.184734	-0.589649
0.179742	-0.584239
0.174717	-0.578684
0.169662	-0.572991
0.164581	-0.567166
0.159478	-0.561214
0.154357	-0.555143
0.149223	-0.548958
0.144079	-0.542665
0.138931	-0.536270
0.133782	-0.529780
0.128635	-0.523201
0.123496	-0.516538
0.118369	-0.509798
0.113257	-0.502985
0.108163	-0.496107
0.103093	-0.489168
0.098050	-0.482174
0.093037	-0.475131
0.088057	-0.468042
0.083115	-0.460915
0.078213	-0.453752
0.073355	-0.446560
0.068543	-0.439343
0.063781	-0.432105
0.059070	-0.424851
0.054414	-0.417584
0.049814	-0.410310
0.045274	-0.403031
0.040794	-0.395752
0.036377	-0.388477
0.032025	-0.381210
0.027740	-0.373953
0.023523	-0.366711
0.019376	-0.359487
0.015300	-0.352285
0.011297	-0.345107
0.007368	-0.337959
0.003514	-0.330842
-0.000262	-0.323760
-0.003961	-0.316717
-0.007581	-0.309716
-0.011121	-0.302759
-0.014580	-0.295851
-0.017958	-0.288993
-0.021254	-0.282189
-0.024467	-0.275442
-0.027599	-0.268753
-0.030648	-0.262126
-0.033616	-0.255562
-0.036502	-0.249064
-0.039307	-0.242634
-0.042034	-0.236272
-0.044681	-0.229981
-0.047252	-0.223761
-0.049747	-0.217615
-0.052169	-0.211542
-0.054518	-0.205544
-0.056798	-0.199622
-0.059010	-0.193775
-0.061157	-0.188004
-0.063240	-0.182311
-0.065262	-0.176693
-0.067225	-0.171153
-0.069132	-0.165690
-0.070984	-0.160304
-0.072784	-0.154996
-0.074533	-0.149765
-0.076233	-0.144613
-0.077884	-0.139540
-0.079488	-0.134548
-0.081045	-0.129637
-0.082555	-0.124809
-0.084017	-0.120066
-0.085430	-0.115410
-0.086793	-0.110845
-0.088104	-0.106373
-0.089361	-0.101997
-0.090561	-0.097722
-0.091701	-0.093550
-0.092779	-0.089487
-0.093790	-0.085535
-0.094731	-0.081701
-0.095598	-0.077989
-0.096385	-0.074404
-0.097089	-0.070952
-0.097705	-0.067639
-0.098227	-0.064471
-0.098651	-0.061452
-0.098972	-0.058590
-0.099184	-0.055891
-0.099283	-0.053359
-0.099263	-0.051002
-0.099120	-0.048824
-0.098849	-0.046831
-0.098446	-0.045028
-0.097906	-0.043420
-0.097225	-0.042012
-0.096399	-0.040809
-0.095424	-0.039815
-0.094298	-0.039033
-0.093018	-0.038467
-0.091580	-0.038120
-0.089981	-0.037995
-0.088221	-0.038094
-0.086296	-0.038419
-0.084206	-0.038972
-0.081949	-0.039753
-0.079523	-0.040763
-0.076928	-0.042004
-0.074164	-0.043474
-0.071229	-0.045174
-0.068124	-0.047102
-0.064849	-0.049259
-0.061405	-0.051643
-0.057792	-0.054252
-0.054012	-0.057084
-0.050065	-0.060137
-0.045954	-0.063408
-0.041680	-0.066895
-0.037247	-0.070595
-0.032655	-0.074503
-0.027909	-0.078618
-0.023011	-0.082934
-0.017965	-0.087447
-0.012776	-0.092154
-0.007446	-0.097048
-0.001981	-0.102125
0.003614	-0.107380
0.009334	-0.112806
0.015172	-0.118397
0.021124	-0.124147
0.027182	-0.130049
0.033340	-0.136096
0.039589	-0.142279
0.045923	-0.148592
0.052334	-0.155025
0.058813	-0.161571
0.065352	-0.168221
0.071942	-0.174966
0.078575	-0.181797
0.085241	-0.188705
0.091932	-0.195681
0.098639	-0.202715
0.105354	-0.209800
0.112067	-0.216925
0.118771	-0.224083
0.125457	-0.231265
0.132118	-0.238463
0.138746	-0.245669
0.145335	-0.252875
0.151877	-0.260075
0.158368	-0.267262
0.164800	-0.274431
0.171170	-0.281576
0.177473	-0.288692
0.183704	-0.295774
0.189861	-0.302820
0.195941	-0.309825
0.201941	-0.316787
0.207860	-0.323704
0.213696	-0.330574
0.219449	-0.337396
0.225118	-0.344170
0.230703	-0.350894
0.236206	-0.357571
0.241626	-0.364198
0.246965	-0.370778
0.252224	-0.377312
0.257405	-0.383799
0.262509	-0.390243
0.267538	-0.396644
0.272494	-0.403003
0.277378	-0.409322
0.282193	-0.415602
0.286939	-0.421844
0.291618	-0.428050
0.296231	-0.434219
0.300779	-0.440354
0.305263	-0.446453
0.309684	-0.452517
0.314043	-0.458547
0.318338	-0.464540
0.322570	-0.470498
0.326738	-0.476417
0.330842	-0.482298
0.334880	-0.488138
0.338852	-0.493936
0.342756	-0.499688
0.346591	-0.505394
0.350354	-0.511050
0.354044	-0.516654
0.357659	-0.522202
0.361197	-0.527693
0.364656	-0.533123
0.368035	-0.538491
0.371331	-0.543793
0.374544	-0.549027
0.377672	-0.554191
0.380715	-0.559284
0.383671	-0.564304
0.386541	-0.569249
0.389323	-0.574119
0.392020	-0.578913
0.394630	-0.583631
0.397155	-0.588273
0.399596	-0.592839
0.401955	-0.597330
0.404232	-0.601746
0.406429	-0.606088
0.408548	-0.610357
0.410591	-0.614555
0.412558	-0.618681
0.414451	-0.622737
0.416272	-0.626724
0.418022	-0.630642
0.419702	-0.634492
0.421312	-0.638272
0.422852	-0.641984
0.424323	-0.645626
0.425724	-0.649197
0.427054	-0.652695
0.428312	-0.656118
0.429496	-0.659463
0.430604	-0.662726
0.431633	-0.665904
0.432581	-0.668992
0.433444	-0.671984
0.434218	-0.674876
0.434899	-0.677661
0.435484	-0.680333
0.435969	-0.682885
0.436348	-0.685309
0.436617	-0.687598
0.436773	-0.689745
0.436810	-0.691742
0.436724	-0.693580
0.436513	-0.695252
0.436171	-0.696749
0.435696	-0.698065
0.435084	-0.699191
0.434333	-0.700120
0.433441	-0.700845
0.432406	-0.701359
0.431227	-0.701656
0.429902	-0.701729
0.428430	-0.701574
0.426813	-0.701183
0.425049	-0.700553
0.423139	-0.699680
0.421083	-0.698558
0.418883	-0.697185
0.416540	-0.695558
0.414055	-0.693673
0.411429	-0.691529
0.408663	-0.689122
0.405759	-0.686452
0.402718	-0.683518
0.399541	-0.680317
0.396229	-0.676849
0.392783	-0.673114
0.389205	-0.669111
0.385494	-0.664841
0.381651	-0.660303
0.377677	-0.655499
0.373572	-0.650430
0.369335	-0.645096
0.364969	-0.639500
0.360471	-0.633643
0.355843	-0.627528
0.351085	-0.621158
0.346198	-0.614537
0.341182	-0.607668
0.336038	-0.600557
0.330769	-0.593208
0.325375	-0.585628
0.319860	-0.577823
0.314227	-0.569802
0.308479	-0.561572
0.302621	-0.553142
0.296658	-0.544523
0.290596	-0.535726
0.284442	-0.526761
0.278202	-0.517642
0.271885	-0.508380
0.265499	-0.498990
0.259053	-0.489485
0.252556	-0.479880
0.246018	-0.470190
0.239449	-0.460430
0.232860	-0.450615
0.226260	-0.440761
0.219660	-0.430883
0.213070	-0.420996
0.206501	-0.411115
0.199963	-0.401256
0.193465	-0.391432
0.187017	-0.381657
0.180628	-0.371945
0.174305	-0.362308
0.168056	-0.352758
0.161889	-0.343306
0.155809	-0.333963
0.149823	-0.324738
0.143934	-0.315639
0.138148	-0.306673
0.132467	-0.297849
0.126895	-0.289170
0.121432	-0.280643
0.116079	-0.272270
0.110839	-0.264056
0.105710	-0.256003
0.100693	-0.248112
0.095786	-0.240385
0.090989	-0.232823
0.086301	-0.225425
0.081720	-0.218193
0.077246	-0.211125
0.072879	-0.204221
0.068616	-0.197481
0.064458	-0.190904
0.060405	-0.184490
0.056457	-0.178238
0.052614	-0.172148
0.048877	-0.166218
0.045248	-0.160450
0.041728	-0.154843
0.038320	-0.149398
0.035025	-0.144113
0.031846	-0.138991
0.028787	-0.134031
0.025849	-0.129234
0.023038	-0.124601
0.020356	-0.120133
0.017806	-0.115830
0.015393	-0.111694
0.013120	-0.107724
0.010989	-0.103923
0.009005	-0.100290
0.007170	-0.096825
0.005485	-0.093529
0.003954	-0.090400
0.002578	-0.087440
0.001357	-0.084646
0.000292	-0.082017
-0.000617	-0.079553
-0.001371	-0.077249
-0.001973	-0.075105
-0.002422	-0.073118
-0.002723	-0.071284
-0.002878	-0.069600
-0.002891	-0.068062
-0.002764	-0.066667
-0.002503	-0.065411
-0.002112	-0.064289
-0.001595	-0.063298
-0.000957	-0.062433
-0.000202	-0.061692
0.000665	-0.061068
0.001640	-0.060560
0.002717	-0.060164
0.003893	-0.059876
0.005164	-0.059693
0.006525	-0.059614
0.007974	-0.059635
0.009507	-0.059755
0.011120	-0.059973
0.012812	-0.060288
0.014581	-0.060699
0.016423	-0.061207
0.018339	-0.061811
0.020327	-0.062512
0.022387	-0.063313
0.024519	-0.064214
0.026722	-0.065218
0.028998	-0.066327
0.031348	-0.067544
0.033773	-0.068871
0.036274	-0.070312
0.038852	-0.071870
0.041510	-0.073547
0.044249	-0.075346
0.047070	-0.077270
0.049974	-0.079322
0.052962	-0.081502
0.056035	-0.083814
0.059193	-0.086257
0.062436	-0.088832
0.065764	-0.091540
0.069175	-0.094380
0.072668	-0.097351
0.076240	-0.100450
0.079890	-0.103677
0.083615	-0.107029
0.087410	-0.110502
0.091273	-0.114092
0.095199	-0.117795
0.099183	-0.121608
0.103220	-0.125524
0.107306	-0.129540
0.111435	-0.133649
0.115600	-0.137845
0.119796	-0.142122
0.124017	-0.146475
0.128256	-0.150896
0.132508	-0.155379
0.136764	-0.159916
0.141020	-0.164502
0.145267	-0.169129
0.149498	-0.173788
0.153708	-0.178474
0.157888	-0.183177
0.162032	-0.187890
0.166131	-0.192606
0.170180	-0.197316
0.174170	-0.202011
0.178093	-0.206684
0.181943	-0.211325
0.185711	-0.215927
0.189391	-0.220481
0.192974	-0.224978
0.196453	-0.229411
0.199821	-0.233770
0.203070	-0.238047
0.206195	-0.242235
0.209189	-0.246327
0.212047	-0.250316
0.214762	-0.254194
0.217331	-0.257958
0.219750	-0.261601
0.222015	-0.265120
0.224126	-0.268512
0.226082	-0.271775
0.227882	-0.274909
0.229529	-0.277913
0.231025	-0.280791
0.232374	-0.283544
0.233583	-0.286178
0.234659	-0.288699
0.235609	-0.291115
0.236445	-0.293434
0.237176	-0.295666
0.237817	-0.297825
0.238379	-0.299921
0.238878	-0.301971
0.239330	-0.303988
0.239752	-0.305989
0.240160	-0.307990
0.240572	-0.310010
0.241007	-0.312066
0.241482	-0.314176
0.242016	-0.316358
0.242627	-0.318632
0.243333	-0.321013
0.244150	-0.323521
0.245094	-0.326170
0.246181	-0.328978
0.247424	-0.331959
0.248836	-0.335126
0.250429	-0.338491
0.252211	-0.342066
0.254190	-0.345858
0.256374	-0.349876
0.258765	-0.354124
0.261367	-0.358607
0.264180	-0.363327
0.267203	-0.368283
0.270432	-0.373475
0.273865	-0.378899
0.277493	-0.384549
0.281310	-0.390419
0.285306	-0.396502
0.289471	-0.402787
0.293793	-0.409264
0.298261	-0.415922
0.302861	-0.422747
0.307579	-0.429727
0.312402	-0.436846
0.317316	-0.444091
0.322305	-0.451445
0.327357	-0.458895
0.332456	-0.466423
0.337590	-0.474016
0.342745	-0.481658
0.347907	-0.489332
0.353066	-0.497025
0.358208	-0.504722
0.363323	-0.512408
0.368401	-0.520068
0.373431	-0.527690
0.378404	-0.535260
0.383311	-0.542765
0.388145	-0.550192
0.392897	-0.557529
0.397560	-0.564762
0.402126	-0.571881
0.406590	-0.578873
0.410943	-0.585725
0.415181	-0.592427
0.419295	-0.598966
0.423280	-0.605331
0.427130	-0.611508
0.430836	-0.617486
0.434393	-0.623252
0.437794	-0.628794
0.441030	-0.634099
0.444096	-0.639155
0.446982	-0.643948
0.449682	-0.648466
0.452187	-0.652696
0.454489	-0.656626
0.456580	-0.660241
0.458452	-0.663531
0.460096	-0.666483
0.461504	-0.669085
0.462668	-0.671326
0.463581	-0.673196
0.464235	-0.674684
0.464622	-0.675782
0.464737	-0.676480
0.464573	-0.676772
0.464125	-0.676651
0.463387	-0.676112
0.462355	-0.675150
0.461026	-0.673763
0.459397	-0.671950
0.457466	-0.669708
0.455233	-0.667041
0.452697	-0.663949
0.449858	-0.660436
0.446719	-0.656507
0.443282	-0.652168
0.439551	-0.647425
0.435529	-0.642288
0.431222	-0.636766
0.426636	-0.630870
0.421777	-0.624610
0.416653	-0.617999
0.411271	-0.611051
0.405640	-0.603778
0.399769	-0.596197
0.393667	-0.588321
0.387345	-0.580168
0.380812	-0.571752
0.374080	-0.563091
0.367160	-0.554202
0.360063	-0.545103
0.352801	-0.535810
0.345386	-0.526343
0.337831	-0.516720
0.330147	-0.506959
0.322349	-0.497079
0.314449	-0.487099
0.306461	-0.477039
0.298398	-0.466918
0.290275	-0.456756
0.282106	-0.446572
0.273905	-0.436386
0.265686	-0.426219
0.257465	-0.416089
0.249257	-0.406018
0.241075	-0.396024
0.232936	-0.386126
0.224853	-0.376345
0.216841	-0.366699
0.208915	-0.357205
0.201088	-0.347883
0.193374	-0.338748
0.185786	-0.329816
0.178336	-0.321103
0.171035	-0.312623
0.163895	-0.304388
0.156925	-0.296411
0.150134	-0.288701
0.143530	-0.281267
0.137121	-0.274116
0.130910	-0.267254
0.124903	-0.260685
0.119104	-0.254412
0.113514	-0.248434
0.108135	-0.242751
0.102965	-0.237362
0.098006	-0.232261
0.093254	-0.227443
0.088708	-0.222903
0.084363	-0.218633
0.080217	-0.214623
0.076266	-0.210866
0.072504	-0.207351
0.068929	-0.204067
0.065535	-0.201005
0.062320	-0.198154
0.059279	-0.195503
0.056410	-0.193043
0.053711	-0.190763
0.051181	-0.188656
0.048818	-0.186713
0.046623	-0.184927
0.044599	-0.183293
0.042747	-0.181803
0.041070	-0.180456
0.039573	-0.179248
0.038261	-0.178177
0.037139	-0.177242
0.036214	-0.176442
0.035492	-0.175780
0.034981	-0.175255
0.034686	-0.174870
0.034615	-0.174626
0.034774	-0.174527
0.035169	-0.174573
0.035803	-0.174767
0.036682	-0.175109
0.037808	-0.175601
0.039181	-0.176242
0.040802	-0.177031
0.042667	-0.177965
0.044773	-0.179040
0.047115	-0.180251
0.049683	-0.181592
0.052467	-0.183053
0.055457	-0.184626
0.058637	-0.186298
0.061992	-0.188056
0.065504	-0.189887
0.069154	-0.191774
0.072920	-0.193700
0.076782	-0.195648
0.080715	-0.197598
0.084696	-0.199532
0.088700	-0.201430
0.092703	-0.203272
0.096681	-0.205038
0.100609	-0.206709
0.104464	-0.208266
0.108225	-0.209692
0.111868	-0.210970
0.115376	-0.212084
0.118730	-0.213023
0.121914	-0.213772
0.124915	-0.214324
0.127720	-0.214669
0.130322	-0.214803
0.132712	-0.214721
0.134885	-0.214421
0.136841	-0.213906
0.138578	-0.213178
0.140099	-0.212241
0.141408	-0.211102
0.142511	-0.209771
0.143415	-0.208256
0.144130	-0.206571
0.144666	-0.204728
0.145033	-0.202742
0.145246	-0.200626
0.145315	-0.198398
0.145255	-0.196073
0.145079	-0.193668
0.144800	-0.191199
0.144432	-0.188683
0.143987	-0.186136
0.143478	-0.183575
0.142916	-0.181014
0.142314	-0.178469
0.141681	-0.175954
0.141029	-0.173484
0.140367	-0.171071
0.139704	-0.168728
0.139051	-0.166467
0.138414	-0.164301
0.137802	-0.162239
0.137225	-0.160294
0.136690	-0.158475
0.136205	-0.156793
0.135778	-0.155259
0.135419	-0.153883
0.135136	-0.152675
0.134937	-0.151645
0.134833	-0.150803
0.134832	-0.150161
0.134943	-0.149727
0.135178	-0.149514
0.135547	-0.149532
0.136058	-0.149790
0.136723	-0.150300
0.137551	-0.151071
0.138553	-0.152114
0.139737	-0.153437
0.141114	-0.155050
0.142690	-0.156960
0.144475	-0.159174
0.146474	-0.161698
0.148693	-0.164537
0.151137	-0.167694
0.153808	-0.171171
0.156709	-0.174968
0.159839	-0.179084
0.163197	-0.183516
0.166781	-0.188260
0.170586	-0.193308
0.174607	-0.198654
0.178837	-0.204287
0.183268	-0.210196
0.187890	-0.216370
0.192693	-0.222795
0.197667	-0.229458
0.202800	-0.236342
0.208081	-0.243433
0.213497	-0.250716
0.219037	-0.258173
0.224690	-0.265790
0.230443	-0.273551
0.236286	-0.281440
0.242208	-0.289444
0.248198	-0.297546
0.254248	-0.305735
0.260348	-0.313997
0.266490	-0.322320
0.272665	-0.330692
0.278866	-0.339103
0.285085	-0.347542
0.291316	-0.356000
0.297550	-0.364466
0.303782	-0.372933
0.310005	-0.381391
0.316210	-0.389832
0.322391	-0.398247
0.328541	-0.406627
0.334650	-0.414964
0.340709	-0.423246
0.346710	-0.431466
0.352642	-0.439611
0.358492	-0.447669
0.364250	-0.455630
0.369901	-0.463478
0.375431	-0.471200
0.380824	-0.478780
0.386065	-0.486201
0.391135	-0.493447
0.396017	-0.500500
0.400690	-0.507340
0.405137	-0.513948
0.409335	-0.520304
0.413266	-0.526389
0.416908	-0.532181
0.420242	-0.537663
0.423248	-0.542814
0.425908	-0.547616
0.428205	-0.552055
0.430123	-0.556113
0.431648	-0.559779
0.432769	-0.563042
0.433477	-0.565893
0.433767	-0.568330
0.433637	-0.570349
0.433086	-0.571953
0.432121	-0.573148
0.430750	-0.573944
0.428986	-0.574354
0.426845	-0.574397
0.424348	-0.574092
0.421520	-0.573467
0.418390	-0.572550
0.414989	-0.571372
0.411352	-0.569970
0.407518	-0.568382
0.403527	-0.566646
0.399421	-0.564806
0.395244	-0.562903
0.391040	-0.560982
0.386856	-0.559085
0.382735	-0.557258
0.378722	-0.555541
0.374860	-0.553975
0.371191	-0.552601
0.367753	-0.551453
0.364583	-0.550567
0.361715	-0.549972
0.359178	-0.549696
0.356999	-0.549762
0.355200	-0.550190
0.353801	-0.550995
0.352815	-0.552189
0.352252	-0.553778
0.352118	-0.555765
0.352415	-0.558150
0.353140	-0.560926
0.354286	-0.564084
0.355842	-0.567612
0.357794	-0.571493
0.360125	-0.575708
0.362814	-0.580234
0.365837	-0.585047
0.369167	-0.590119
0.372777	-0.595422
0.376637	-0.600926
0.380716	-0.606598
0.384982	-0.612409
0.389401	-0.618325
0.393942	-0.624315
0.398573	-0.630347
0.403261	-0.636392
0.407975	-0.642419
0.412687	-0.648401
0.417366	-0.654311
0.421987	-0.660124
0.426523	-0.665817
0.430952	-0.671368
0.435250	-0.676758
0.439397	-0.681969
0.443375	-0.686984
0.447166	-0.691789
0.450755	-0.696371
0.454127	-0.700718
0.457270	-0.704821
0.460172	-0.708669
0.462822	-0.712256
0.465212	-0.715574
0.467332	-0.718617
0.469175	-0.721379
0.470735	-0.723856
0.472007	-0.726044
0.472985	-0.727939
0.473665	-0.729539
0.474046	-0.730841
0.474124	-0.731844
0.473900	-0.732547
0.473373	-0.732951
0.472545	-0.733055
0.471418	-0.732862
0.469995	-0.732374
0.468282	-0.731595
0.466282	-0.730528
0.464004	-0.729178
0.461455	-0.727552
0.458642	-0.725656
0.455576	-0.723497
0.452265	-0.721083
0.448721	-0.718423
0.444954	-0.715525
0.440976	-0.712398
0.436797	-0.709051
0.432429	-0.705495
0.427883	-0.701738
0.423170	-0.697788
0.418301	-0.693656
0.413286	-0.689348
0.408135	-0.684874
0.402856	-0.680239
0.397458	-0.675452
0.391949	-0.670518
0.386334	-0.665441
0.380622	-0.660228
0.374816	-0.654881
0.368922	-0.649405
0.362945	-0.643803
0.356888	-0.638077
0.350755	-0.632230
0.344549	-0.626264
0.338274	-0.620182
0.331934	-0.613987
0.325533	-0.607680
0.319074	-0.601265
0.312564	-0.594747
0.306008	-0.588129
0.299412	-0.581418
0.292785	-0.574619
0.286133	-0.567740
0.279468	-0.560788
0.272800	-0.553774
0.266140	-0.546709
0.259503	-0.539603
0.252901	-0.532470
0.246351	-0.525324
0.239869	-0.518179
0.233471	-0.511052
0.227175	-0.503958
0.221001	-0.496916
0.214966	-0.489942
0.209090	-0.483055
0.203392	-0.476273
0.197890	-0.469613
0.192604	-0.463092
0.187551	-0.456728
0.182747	-0.450537
0.178209	-0.444533
0.173950	-0.438730
0.169982	-0.433140
0.166317	-0.427774
0.162962	-0.422641
0.159925	-0.417746
0.157208	-0.413095
0.154814	-0.408691
0.152741	-0.404533
0.150985	-0.400619
0.149541	-0.396946
0.148399	-0.393506
0.147548	-0.390292
0.146975	-0.387291
0.146663	-0.384492
0.146595	-0.381880
0.146751	-0.379438
0.147108	-0.377149
0.147645	-0.374994
0.148336	-0.372953
0.149156	-0.371005
0.150079	-0.369129
0.151078	-0.367302
0.152128	-0.365503
0.153201	-0.363711
0.154271	-0.361903
0.155314	-0.360059
0.156304	-0.358159
0.157219	-0.356184
0.158036	-0.354117
0.158737	-0.351941
0.159302	-0.349642
0.159716	-0.347206
0.159965	-0.344622
0.160038	-0.341882
0.159925	-0.338977
0.159619	-0.335902
0.159117	-0.332654
0.158415	-0.329229
0.157515	-0.325629
0.156419	-0.321856
0.155131	-0.317911
0.153657	-0.313801
0.152005	-0.309532
0.150185	-0.305111
0.148208	-0.300547
0.146084	-0.295849
0.143829	-0.291030
0.141454	-0.286099
0.138974	-0.281071
0.136405	-0.275957
0.133760	-0.270772
0.131054	-0.265530
0.128303	-0.260245
0.125521	-0.254932
0.122723	-0.249605
0.119921	-0.244280
0.117130	-0.238971
0.114362	-0.233694
0.111630	-0.228464
0.108944	-0.223295
0.106316	-0.218202
0.103757	-0.213199
0.101276	-0.208300
0.098883	-0.203520
0.096586	-0.198872
0.094395	-0.194370
0.092319	-0.190027
0.090365	-0.185857
0.088542	-0.181871
0.086858	-0.178083
0.085321	-0.174505
0.083939	-0.171150
0.082722	-0.168030
0.081676	-0.165157
0.080810	-0.162542
0.080132	-0.160198
0.079651	-0.158135
0.079373	-0.156364
0.079307	-0.154897
0.079459	-0.153743
0.079836	-0.152912
0.080445	-0.152413
0.081290	-0.152254
0.082377	-0.152443
0.083710	-0.152987
0.085292	-0.153891
0.087126	-0.155159
0.089215	-0.156797
0.091559	-0.158806
0.094158	-0.161186
0.097012	-0.163939
0.100120	-0.167063
0.103480	-0.170555
0.107088	-0.174411
0.110941	-0.178627
0.115035	-0.183195
0.119366	-0.188109
0.123927	-0.193361
0.128714	-0.198940
0.133720	-0.204838
0.138939	-0.211042
0.144363	-0.217543
0.149986	-0.224327
0.155798	-0.231383
0.161794	-0.238698
0.167963	-0.246260
0.174298	-0.254055
0.180791	-0.262070
0.187431	-0.270294
0.194210	-0.278712
0.201118	-0.287312
0.208145	-0.296082
0.215281	-0.305008
0.222516	-0.314079
0.229839	-0.323281
0.237238	-0.332602
0.244702	-0.342029
0.252218	-0.351548
0.259774	-0.361147
0.267356	-0.370810
0.274950	-0.380523
0.282542	-0.390272
0.290115	-0.400040
0.297654	-0.409810
0.305142	-0.419565
0.312562	-0.429287
0.319896	-0.438956
0.327126	-0.448553
0.334234	-0.458058
0.341200	-0.467449
0.348006	-0.476705
0.354634	-0.485805
0.361065	-0.494726
0.367283	-0.503448
0.373271	-0.511950
0.379012	-0.520210
0.384493	-0.528209
0.389700	-0.535930
0.394623	-0.543354
0.399251	-0.550465
0.403577	-0.557252
0.407595	-0.563701
0.411304	-0.569803
0.414701	-0.575552
0.417789	-0.580942
0.420571	-0.585972
0.423054	-0.590642
0.425247	-0.594956
0.427162	-0.598919
0.428810	-0.602539
0.430208	-0.605828
0.431371	-0.608796
0.432318	-0.611460
0.433068	-0.613835
0.433642	-0.615939
0.434058	-0.617789
0.434339	-0.619406
0.434503	-0.620808
0.434571	-0.622015
0.434562	-0.623046
0.434492	-0.623920
0.434380	-0.624655
0.434238	-0.625267
0.434081	-0.625771
0.433918	-0.626181
0.433759	-0.626511
0.433610	-0.626769
0.433476	-0.626966
0.433361	-0.627108
0.433264	-0.627201
0.433184	-0.627250
0.433119	-0.627257
0.433065	-0.627224
0.433015	-0.627151
0.432964	-0.627037
0.432903	-0.626882
0.432823	-0.626685
0.432717	-0.626443
0.432576	-0.626154
0.432389	-0.625816
0.432149	-0.625430
0.431848	-0.624992
0.431478	-0.624505
0.431034	-0.623967
0.430509	-0.623382
0.429900	-0.622753
0.429205	-0.622083
0.428423	-0.621378
0.427557	-0.620646
0.426608	-0.619894
0.425583	-0.619132
0.424489	-0.618372
0.423333	-0.617624
0.422128	-0.616902
0.420886	-0.616221
0.419620	-0.615594
0.418346	-0.615037
0.417080	-0.614564
0.415840	-0.614193
0.414643	-0.613937
0.413506	-0.613810
0.412448	-0.613828
0.411485	-0.614002
0.410634	-0.614344
0.409909	-0.614863
0.409324	-0.615568
0.408892	-0.616464
0.408623	-0.617557
0.408525	-0.618849
0.408606	-0.620339
0.408870	-0.622027
0.409320	-0.623909
0.409957	-0.625979
0.410781	-0.628231
0.411789	-0.630656
0.412977	-0.633245
0.414341	-0.635986
0.415873	-0.638867
0.417569	-0.641875
0.419418	-0.644998
0.421413	-0.648221
0.423544	-0.651530
0.425802	-0.654910
0.428177	-0.658348
0.430659	-0.661828
0.433238	-0.665336
0.435904	-0.668859
0.438645	-0.672381
0.441451	-0.675891
0.444311	-0.679373
0.447215	-0.682814
0.450149	-0.686201
0.453102	-0.689520
0.456062	-0.692758
0.459015	-0.695899
0.461946	-0.698930
0.464842	-0.701835
0.467684	-0.704599
0.470457	-0.707205
0.473141	-0.709634
0.475717	-0.711869
0.478164	-0.713890
0.480460	-0.715677
0.482582	-0.717206
0.484505	-0.718457
0.486204	-0.719405
0.487654	-0.720027
0.488827	-0.720296
0.489696	-0.720189
0.490236	-0.719679
0.490418	-0.718742
0.490218	-0.717354
0.489610	-0.715490
0.488569	-0.713127
0.487074	-0.710245
0.485105	-0.706825
0.482642	-0.702850
0.479670	-0.698305
0.476176	-0.693180
0.472150	-0.687464
0.467586	-0.681155
0.462480	-0.674249
0.456832	-0.666750
0.450646	-0.658663
0.443929	-0.649998
0.436691	-0.640768
0.428946	-0.630990
0.420711	-0.620685
0.412006	-0.609875
0.402854	-0.598588
0.393278	-0.586853
0.383307	-0.574700
0.372970	-0.562165
0.362295	-0.549281
0.351316	-0.536086
0.340063	-0.522616
0.328569	-0.508909
0.316867	-0.495003
0.304989	-0.480936
0.292967	-0.466745
0.280831	-0.452465
0.268611	-0.438132
0.256337	-0.423780
0.244036	-0.409440
0.231735	-0.395142
0.219458	-0.380917
0.207229	-0.366791
0.195071	-0.352790
0.183006	-0.338937
0.171054	-0.325256
0.159234	-0.311767
0.147568	-0.298491
0.136072	-0.285447
0.124767	-0.272655
0.113672	-0.260132
0.102807	-0.247896
0.092190	-0.235967
0.081844	-0.224362
0.071790	-0.213100
0.062051	-0.202200
0.052649	-0.191683
0.043610	-0.181569
0.034959	-0.171879
0.026722	-0.162635
0.018927	-0.153860
0.011602	-0.145576
0.004773	-0.137807
-0.001530	-0.130577
-0.007279	-0.123907
-0.012448	-0.117822
-0.017009	-0.112342
-0.020937	-0.107490
-0.024209	-0.103285
-0.026802	-0.099745
-0.028697	-0.096886
-0.029878	-0.094721
-0.030329	-0.093262
-0.030040	-0.092515
-0.029005	-0.092487
-0.027220	-0.093178
-0.024686	-0.094586
-0.021407	-0.096704
-0.017395	-0.099522
-0.012662	-0.103027
-0.007227	-0.107199
-0.001113	-0.112016
0.005653	-0.117452
0.013039	-0.123479
0.021010	-0.130061
0.029526	-0.137164
0.038546	-0.144747
0.048022	-0.152768
0.057907	-0.161185
0.068150	-0.169950
0.078699	-0.179016
0.089500	-0.188336
0.100498	-0.197862
0.111639	-0.207544
0.122869	-0.217334
0.134133	-0.227186
0.145378	-0.237053
0.156554	-0.246891
0.167612	-0.256658
0.178505	-0.266313
0.189189	-0.275817
0.199624	-0.285137
0.209770	-0.294239
0.219595	-0.303094
0.229067	-0.311675
0.238160	-0.319958
0.246850	-0.327925
0.255116	-0.335555
0.262945	-0.342836
0.270321	-0.349755
0.277238	-0.356304
0.283688	-0.362475
0.289669	-0.368264
0.295181	-0.373671
0.300226	-0.378694
0.304810	-0.383336
0.308940	-0.387601
0.312624	-0.391493
0.315873	-0.395019
0.318700	-0.398187
0.321116	-0.401004
0.323135	-0.403480
0.324772	-0.405623
0.326042	-0.407445
0.326959	-0.408955
0.327538	-0.410164
0.327795	-0.411081
0.327745	-0.411719
0.327403	-0.412088
0.326783	-0.412199
0.325901	-0.412063
0.324771	-0.411691
0.323409	-0.411096
0.321829	-0.410290
0.320048	-0.409284
0.318080	-0.408094
0.315943	-0.406731
0.313652	-0.405212
0.311225	-0.403551
0.308680	-0.401764
0.306036	-0.399868
0.303310	-0.397882
0.300524	-0.395823
0.297697	-0.393711
0.294848	-0.391565
0.292000	-0.389406
0.289171	-0.387254
0.286383	-0.385130
0.283655	-0.383052
0.281007	-0.381043
0.278457	-0.379120
0.276022	-0.377302
0.273720	-0.375607
0.271565	-0.374051
0.269569	-0.372649
0.267746	-0.371413
0.266104	-0.370355
0.264652	-0.369483
0.263395	-0.368806
0.262338	-0.368328
0.261481	-0.368052
0.260826	-0.367980
0.260370	-0.368110
0.260110	-0.368439
0.260042	-0.368964
0.260159	-0.369678
0.260455	-0.370575
0.260922	-0.371646
0.261553	-0.372885
0.262340	-0.374281
0.263275	-0.375828
0.264351	-0.377518
0.265563	-0.379344
0.266906	-0.381299
0.268377	-0.383381
0.269973	-0.385586
0.271695	-0.387914
0.273544	-0.390366
0.275524	-0.392944
0.277640	-0.395656
0.279899	-0.398506
0.282310	-0.401506
0.284883	-0.404665
0.287629	-0.407996
0.290559	-0.411513
0.293687	-0.415228
0.297025	-0.419157
0.300585	-0.423315
0.304380	-0.427715
0.308420	-0.432371
0.312714	-0.437295
0.317270	-0.442498
0.322094	-0.447988
0.327189	-0.453771
0.332555	-0.459850
0.338191	-0.466227
0.344090	-0.472897
0.350244	-0.479856
0.356642	-0.487094
0.363269	-0.494598
0.370106	-0.502351
0.377133	-0.510335
0.384327	-0.518526
0.391660	-0.526898
0.399105	-0.535423
0.406630	-0.544070
0.414203	-0.552805
0.421791	-0.561594
0.429358	-0.570401
0.436871	-0.579187
0.444294	-0.587916
0.451591	-0.596549
0.458730	-0.605050
0.465678	-0.613383
0.472403	-0.621511
0.478876	-0.629404
0.485071	-0.637029
0.490965	-0.644360
0.496537	-0.651370
0.501769	-0.658040
0.506648	-0.664351
0.511165	-0.670290
0.515314	-0.675847
0.519094	-0.681017
0.522506	-0.685800
0.525556	-0.690197
0.528256	-0.694215
0.530617	-0.697867
0.532657	-0.701166
0.534395	-0.704128
0.535851	-0.706776
0.537050	-0.709129
0.538017	-0.711213
0.538776	-0.713053
0.539355	-0.714674
0.539778	-0.716102
0.540072	-0.717363
0.540259	-0.718481
0.540363	-0.719481
0.540403	-0.720382
0.540398	-0.721206
0.540364	-0.721969
0.540313	-0.722686
0.540255	-0.723369
0.540198	-0.724028
0.540145	-0.724669
0.540098	-0.725297
0.540057	-0.725913
0.540018	-0.726516
0.539975	-0.727105
0.539921	-0.727676
0.539849	-0.728223
0.539748	-0.728739
0.539609	-0.729217
0.539421	-0.729650
0.539174	-0.730031
0.538858	-0.730351
0.538466	-0.730605
0.537989	-0.730788
0.537421	-0.730893
0.536758	-0.730920
0.535997	-0.730864
0.535139	-0.730728
0.534183	-0.730511
0.533134	-0.730217
0.531997	-0.729850
0.530779	-0.729416
0.529487	-0.728922
0.528131	-0.728374
0.526722	-0.727782
0.525269	-0.727153
0.523785	-0.726495
0.522278	-0.725816
0.520759	-0.725123
0.519237	-0.724422
0.517719	-0.723716
0.516210	-0.723008
0.514715	-0.722299
0.513235	-0.721587
0.511770	-0.720870
0.510316	-0.720140
0.508869	-0.719390
0.507422	-0.718610
0.505964	-0.717789
0.504485	-0.716912
0.502973	-0.715965
0.501412	-0.714933
0.499788	-0.713798
0.498086	-0.712544
0.496289	-0.711155
0.494381	-0.709614
0.492349	-0.707905
0.490176	-0.706015
0.487852	-0.703931
0.485363	-0.701642
0.482701	-0.699140
0.479857	-0.696418
0.476825	-0.693471
0.473603	-0.690298
0.470188	-0.686898
0.466582	-0.683275
0.462786	-0.679432
0.458806	-0.675378
0.454648	-0.671119
0.450320	-0.666666
0.445831	-0.662031
0.441191	-0.657225
0.436411	-0.652261
0.431502	-0.647152
0.426476	-0.641911
0.421341	-0.636551
0.416109	-0.631081
0.410788	-0.625514
0.405385	-0.619858
0.399906	-0.614119
0.394355	-0.608304
0.388735	-0.602415
0.383045	-0.596454
0.377284	-0.590420
0.371447	-0.584309
0.365530	-0.578115
0.359526	-0.571833
0.353425	-0.565452
0.347217	-0.558962
0.340892	-0.552352
0.334437	-0.545609
0.327843	-0.538721
0.321096	-0.531675
0.314187	-0.524459
0.307105	-0.517061
0.299842	-0.509473
0.292391	-0.501687
0.284748	-0.493696
0.276912	-0.485499
0.268883	-0.477095
0.260665	-0.468489
0.252265	-0.459687
0.243695	-0.450701
0.234968	-0.441544
0.226100	-0.432235
0.217113	-0.422795
0.208029	-0.413248
0.198875	-0.403623
0.189678	-0.393950
0.180468	-0.384262
0.171278	-0.374592
0.162139	-0.364977
0.153087	-0.355454
0.144154	-0.346059
0.135374	-0.336828
0.126780	-0.327799
0.118404	-0.319005
0.110275	-0.310480
0.102424	-0.302254
0.094875	-0.294358
0.087653	-0.286816
0.080779	-0.279652
0.074273	-0.272887
0.068150	-0.266537
0.062425	-0.260617
0.057109	-0.255137
0.052210	-0.250106
0.047736	-0.245529
0.043690	-0.241408
0.040077	-0.237744
0.036897	-0.234536
0.034152	-0.231779
0.031840	-0.229468
0.029960	-0.227598
0.028511	-0.226159
0.027490	-0.225146
0.026897	-0.224549
0.026729	-0.224359
0.026986	-0.224569
0.027666	-0.225170
0.028769	-0.226155
0.030295	-0.227515
0.032245	-0.229245
0.034619	-0.231337
0.037417	-0.233785
0.040640	-0.236584
0.044287	-0.239727
0.048357	-0.243209
0.052848	-0.247022
0.057756	-0.251161
0.063075	-0.255616
0.068798	-0.260380
0.074915	-0.265440
0.081413	-0.270784
0.088276	-0.276399
0.095487	-0.282268
0.103023	-0.288372
0.110860	-0.294690
0.118970	-0.301199
0.127321	-0.307873
0.135880	-0.314683
0.144609	-0.321600
0.153471	-0.328591
0.162423	-0.335623
0.171424	-0.342660
0.180428	-0.349665
0.189393	-0.356602
0.198272	-0.363435
0.207022	-0.370126
0.215601	-0.376640
0.223966	-0.382942
0.232078	-0.389000
0.239900	-0.394783
0.247398	-0.400263
0.254544	-0.405417
0.261309	-0.410221
0.267672	-0.414659
0.273616	-0.418717
0.279127	-0.422386
0.284198	-0.425660
0.288826	-0.428539
0.293011	-0.431025
0.296760	-0.433128
0.300085	-0.434859
0.303000	-0.436233
0.305525	-0.437271
0.307683	-0.437995
0.309500	-0.438431
0.311005	-0.438608
0.312230	-0.438557
0.313208	-0.438309
0.313974	-0.437899
0.314563	-0.437361
0.315010	-0.436729
0.315352	-0.436037
0.315623	-0.435320
0.315856	-0.434610
0.316083	-0.433937
0.316333	-0.433331
0.316633	-0.432818
0.317007	-0.432422
0.317475	-0.432166
0.318055	-0.432066
0.318762	-0.432140
0.319605	-0.432399
0.320593	-0.432853
0.321729	-0.433509
0.323014	-0.434370
0.324447	-0.435439
0.326024	-0.436713
0.327737	-0.438191
0.329581	-0.439868
0.331545	-0.441739
0.333620	-0.443797
0.335796	-0.446035
0.338064	-0.448446
0.340413	-0.451025
0.342836	-0.453763
0.345326	-0.456657
0.347879	-0.459702
0.350489	-0.462895
0.353157	-0.466236
0.355884	-0.469723
0.358672	-0.473360
0.361528	-0.477149
0.364459	-0.481096
0.367474	-0.485207
0.370584	-0.489488
0.373804	-0.493949
0.377146	-0.498599
0.380625	-0.503446
0.384257	-0.508499
0.388056	-0.513769
0.392037	-0.519262
0.396215	-0.524986
0.400601	-0.530947
0.405206	-0.537149
0.410039	-0.543593
0.415105	-0.550280
0.420408	-0.557205
0.425947	-0.564363
0.431719	-0.571746
0.437717	-0.579341
0.443930	-0.587133
0.450344	-0.595104
0.456939	-0.603231
0.463696	-0.611492
0.470587	-0.619858
0.477586	-0.628299
0.484661	-0.636783
0.491779	-0.645275
0.498904	-0.653739
0.506001	-0.662138
0.513031	-0.670434
0.519956	-0.678588
0.526740	-0.686563
0.533345	-0.694320
0.539736	-0.701824
0.545879	-0.709041
0.551744	-0.715939
0.557303	-0.722488
0.562531	-0.728663
0.567407	-0.734441
0.571915	-0.739806
0.576043	-0.744742
0.579782	-0.749241
0.583129	-0.753299
0.586086	-0.756915
0.588659	-0.760096
0.590857	-0.762849
0.592695	-0.765190
0.594191	-0.767137
0.595365	-0.768710
0.596241	-0.769936
0.596846	-0.770841
0.597207	-0.771455
0.597352	-0.771810
0.597312	-0.771937
0.597114	-0.771870
0.596788	-0.771639
0.596359	-0.771276
0.595855	-0.770811
0.595298	-0.770272
0.594709	-0.769683
0.594105	-0.769068
0.593502	-0.768446
0.592912	-0.767833
0.592344	-0.767242
0.591801	-0.766683
0.591288	-0.766163
0.590802	-0.765684
0.590340	-0.765246
0.589895	-0.764847
0.589460	-0.764481
0.589023	-0.764141
0.588571	-0.763818
0.588092	-0.763500
0.587571	-0.763176
0.586992	-0.762832
0.586341	-0.762455
0.585601	-0.762031
0.584758	-0.761548
0.583796	-0.760992
0.582704	-0.760351
0.581466	-0.759613
0.580073	-0.758767
0.578513	-0.757803
0.576778	-0.756714
0.574860	-0.755491
0.572753	-0.754129
0.570454	-0.752622
0.567960	-0.750968
0.565270	-0.749163
0.562384	-0.747207
0.559307	-0.745101
0.556042	-0.742846
0.552596	-0.740446
0.548976	-0.737904
0.545194	-0.735229
0.541262	-0.732427
0.537193	-0.729507
0.533003	-0.726480
0.528709	-0.723359
0.524331	-0.720157
0.519889	-0.716890
0.515405	-0.713573
0.510903	-0.710224
0.506407	-0.706863
0.501941	-0.703507
0.497530	-0.700179
0.493201	-0.696898
0.488978	-0.693685
0.484886	-0.690561
0.480948	-0.687546
0.477188	-0.684661
0.473626	-0.681923
0.470282	-0.679352
0.467174	-0.676963
0.464317	-0.674771
0.461724	-0.672789
0.459406	-0.671028
0.457372	-0.669496
0.455626	-0.668200
0.454172	-0.667144
0.453009	-0.666328
0.452134	-0.665751
0.451544	-0.665409
0.451228	-0.665294
0.451176	-0.665397
0.451375	-0.665704
0.451807	-0.666200
0.452456	-0.666866
0.453297	-0.667681
0.454309	-0.668622
0.455464	-0.669661
0.456733	-0.670771
0.458085	-0.671919
0.459488	-0.673073
0.460905	-0.674198
0.462301	-0.675258
0.463636	-0.676214
0.464872	-0.677029
0.465969	-0.677662
0.466886	-0.678076
0.467583	-0.678232
0.468019	-0.678091
0.468156	-0.677616
0.467955	-0.676772
0.467380	-0.675527
0.466397	-0.673849
0.464974	-0.671711
0.463084	-0.669088
0.460700	-0.665959
0.457801	-0.662308
0.454371	-0.658120
0.450396	-0.653389
0.445868	-0.648109
0.440783	-0.642282
0.435144	-0.635913
0.428956	-0.629011
0.422230	-0.621592
0.414983	-0.613673
0.407235	-0.605278
0.399011	-0.596433
0.390342	-0.587168
0.381258	-0.577516
0.371798	-0.567512
0.362001	-0.557195
0.351908	-0.546603
0.341565	-0.535778
0.331015	-0.524761
0.320307	-0.513594
0.309486	-0.502319
0.298601	-0.490977
0.287697	-0.479609
0.276820	-0.468252
0.266014	-0.456946
0.255322	-0.445724
0.244782	-0.434622
0.234434	-0.423668
0.224312	-0.412893
0.214448	-0.402323
0.204871	-0.391981
0.195609	-0.381889
0.186684	-0.372065
0.178117	-0.362526
0.169925	-0.353287
0.162124	-0.344359
0.154725	-0.335753
0.147739	-0.327478
0.141171	-0.319539
0.135027	-0.311942
0.129309	-0.304692
0.124018	-0.297789
0.119152	-0.291237
0.114707	-0.285034
0.110679	-0.279180
0.107060	-0.273673
0.103843	-0.268510
0.101016	-0.263688
0.098569	-0.259201
0.096488	-0.255046
0.094761	-0.251214
0.093373	-0.247700
0.092307	-0.244496
0.091547	-0.241592
0.091077	-0.238980
0.090878	-0.236651
0.090933	-0.234593
0.091225	-0.232796
0.091736	-0.231249
0.092450	-0.229942
0.093351	-0.228863
0.094423	-0.228003
0.095654	-0.227351
0.097032	-0.226898
0.098546	-0.226637
0.100189	-0.226560
0.101954	-0.226662
0.103838	-0.226938
0.105840	-0.227387
0.107961	-0.228008
0.110205	-0.228800
0.112576	-0.229768
0.115084	-0.230915
0.117738	-0.232247
0.120549	-0.233770
0.123531	-0.235494
0.126698	-0.237427
0.130065	-0.239578
0.133646	-0.241959
0.137457	-0.244578
0.141513	-0.247447
0.145829	-0.250574
0.150417	-0.253969
0.155290	-0.257639
0.160458	-0.261590
0.165930	-0.265828
0.171713	-0.270357
0.177810	-0.275177
0.184223	-0.280290
0.190953	-0.285691
0.197995	-0.291377
0.205344	-0.297341
0.212989	-0.303573
0.220919	-0.310063
0.229119	-0.316795
0.237571	-0.323753
0.246253	-0.330919
0.255142	-0.338271
0.264211	-0.345786
0.273431	-0.353439
0.282770	-0.361203
0.292196	-0.369048
0.301673	-0.376944
0.311163	-0.384861
0.320630	-0.392767
0.330035	-0.400628
0.339339	-0.408413
0.348503	-0.416090
0.357492	-0.423628
0.366267	-0.430996
0.374795	-0.438168
0.383042	-0.445116
0.390978	-0.451817
0.398577	-0.458250
0.405815	-0.464398
0.412671	-0.470246
0.419130	-0.475784
0.425179	-0.481004
0.430810	-0.485904
0.436021	-0.490484
0.440812	-0.494750
0.445189	-0.498709
0.449162	-0.502374
0.452743	-0.505762
0.455952	-0.508891
0.458809	-0.511783
0.461339	-0.514464
0.463569	-0.516960
0.465529	-0.519299
0.467252	-0.521514
0.468769	-0.523633
0.470116	-0.525691
0.471329	-0.527719
0.472441	-0.529749
0.473490	-0.531812
0.474508	-0.533940
0.475530	-0.536161
0.476588	-0.538505
0.477713	-0.540996
0.478934	-0.543659
0.480277	-0.546517
0.481767	-0.549588
0.483426	-0.552890
0.485273	-0.556437
0.487325	-0.560241
0.489595	-0.564311
0.492095	-0.568652
0.494832	-0.573267
0.497809	-0.578155
0.501030	-0.583314
0.504491	-0.588736
0.508189	-0.594412
0.512115	-0.600331
0.516258	-0.606476
0.520604	-0.612830
0.525138	-0.619374
0.529839	-0.626085
0.534688	-0.632938
0.539662	-0.639910
0.544736	-0.646972
0.549884	-0.654097
0.555081	-0.661258
0.560299	-0.668425
0.565511	-0.675570
0.570690	-0.682666
0.575809	-0.689685
0.580842	-0.696601
0.585764	-0.703388
0.590549	-0.710023
0.595175	-0.716483
0.599620	-0.722745
0.603861	-0.728789
0.607878	-0.734597
0.611654	-0.740150
0.615169	-0.745431
0.618406	-0.750426
0.621349	-0.755118
0.623984	-0.759494
0.626294	-0.763541
0.628267	-0.767245
0.629889	-0.770594
0.631147	-0.773578
0.632030	-0.776185
0.632526	-0.778404
0.632625	-0.780227
0.632318	-0.781644
0.631596	-0.782648
0.630451	-0.783232
0.628879	-0.783392
0.626874	-0.783123
0.624433	-0.782424
0.621555	-0.781294
0.618242	-0.779737
0.614496	-0.777757
0.610324	-0.775362
0.605733	-0.772561
0.600735	-0.769368
0.595343	-0.765798
0.589575	-0.761871
0.583450	-0.757607
0.576992	-0.753031
0.570226	-0.748171
0.563180	-0.743055
0.555887	-0.737715
0.548379	-0.732185
0.540693	-0.726499
0.532866	-0.720695
0.524937	-0.714808
0.516946	-0.708877
0.508935	-0.702940
0.500945	-0.697034
0.493015	-0.691195
0.485188	-0.685460
0.477501	-0.679864
0.469993	-0.674438
0.462699	-0.669213
0.455654	-0.664218
0.448888	-0.659478
0.442430	-0.655017
0.436304	-0.650855
0.430532	-0.647007
0.425134	-0.643487
0.420122	-0.640307
0.415507	-0.637471
0.411298	-0.634983
0.407497	-0.632844
0.404104	-0.631050
0.401116	-0.629593
0.398527	-0.628466
0.396326	-0.627656
0.394503	-0.627149
0.393042	-0.626930
0.391929	-0.626980
0.391146	-0.627282
0.390675	-0.627815
0.390498	-0.628562
0.390596	-0.629502
0.390950	-0.630618
0.391542	-0.631891
0.392356	-0.633304
0.393374	-0.634844
0.394583	-0.636497
0.395968	-0.638251
0.397518	-0.640097
0.399223	-0.642028
0.401073	-0.644037
0.403062	-0.646122
0.405182	-0.648280
0.407431	-0.650510
0.409803	-0.652813
0.412297	-0.655190
0.414909	-0.657643
0.417639	-0.660173
0.420484	-0.662784
0.423443	-0.665475
0.426513	-0.668248
0.429691	-0.671102
0.432974	-0.674036
0.436357	-0.677046
0.439833	-0.680126
0.443394	-0.683268
0.447031	-0.686463
0.450730	-0.689697
0.454479	-0.692957
0.458261	-0.696223
0.462057	-0.699477
0.465849	-0.702696
0.469612	-0.705855
0.473324	-0.708928
0.476958	-0.711887
0.480487	-0.714701
0.483883	-0.717341
0.487117	-0.719776
0.490161	-0.721974
0.492984	-0.723905
0.495559	-0.725539
0.497858	-0.726847
0.499854	-0.727803
0.501523	-0.728381
0.502842	-0.728559
0.503791	-0.728319
0.504353	-0.727643
0.504512	-0.726520
0.504259	-0.724941
0.503584	-0.722899
0.502484	-0.720394
0.500959	-0.717428
0.499010	-0.714006
0.496645	-0.710139
0.493873	-0.705840
0.490707	-0.701123
0.487161	-0.696007
0.483255	-0.690512
0.479006	-0.684661
0.474437	-0.678478
0.469570	-0.671985
0.464426	-0.665208
0.459030	-0.658171
0.453404	-0.650897
0.447568	-0.643408
0.441544	-0.635727
0.435352	-0.627871
0.429007	-0.619859
0.422527	-0.611705
0.415924	-0.603424
0.409212	-0.595026
0.402400	-0.586521
0.395497	-0.577916
0.388510	-0.569219
0.381446	-0.560433
0.374309	-0.551564
0.367105	-0.542614
0.359838	-0.533587
0.352513	-0.524487
0.345134	-0.515319
0.337709	-0.506086
0.330243	-0.496796
0.322746	-0.487457
0.315227	-0.478078
0.307697	-0.468669
0.300171	-0.459246
0.292663	-0.449823
0.285191	-0.440416
0.277773	-0.431047
0.270430	-0.421735
0.263184	-0.412504
0.256059	-0.403378
0.249080	-0.394383
0.242271	-0.385544
0.235660	-0.376889
0.229273	-0.368445
0.223135	-0.360239
0.217272	-0.352297
0.211708	-0.344645
0.206468	-0.337307
0.201572	-0.330304
0.197041	-0.323657
0.192890	-0.317383
0.189135	-0.311496
0.185786	-0.306008
0.182852	-0.300927
0.180338	-0.296258
0.178246	-0.292002
0.176573	-0.288157
0.175315	-0.284719
0.174464	-0.281678
0.174008	-0.279024
0.173933	-0.276742
0.174224	-0.274817
0.174863	-0.273232
0.175830	-0.271967
0.177103	-0.271004
0.178662	-0.270321
0.180484	-0.269899
0.182547	-0.269719
0.184830	-0.269762
0.187312	-0.270013
0.189975	-0.270454
0.192800	-0.271075
0.195772	-0.271863
0.198877	-0.272810
0.202104	-0.273911
0.205445	-0.275163
0.208893	-0.276565
0.212445	-0.278118
0.216100	-0.279829
0.219859	-0.281701
0.223726	-0.283745
0.227707	-0.285970
0.231809	-0.288386
0.236041	-0.291007
0.240414	-0.293843
0.244938	-0.296907
0.249623	-0.300211
0.254480	-0.303764
0.259518	-0.307576
0.264745	-0.311654
0.270168	-0.316002
0.275790	-0.320623
0.281615	-0.325515
0.287640	-0.330675
0.293861	-0.336095
0.300272	-0.341764
0.306862	-0.347670
0.313616	-0.353793
0.320519	-0.360113
0.327549	-0.366608
0.334684	-0.373249
0.341898	-0.380008
0.349162	-0.386854
0.356446	-0.393754
0.363718	-0.400675
0.370946	-0.407580
0.378096	-0.414436
0.385134	-0.421208
0.392028	-0.427863
0.398746	-0.434368
0.405257	-0.440695
0.411534	-0.446816
0.417550	-0.452707
0.423285	-0.458347
0.428718	-0.463721
0.433835	-0.468816
0.438624	-0.473624
0.443078	-0.478141
0.447195	-0.482369
0.450974	-0.486312
0.454422	-0.489981
0.457547	-0.493389
0.460361	-0.496552
0.462879	-0.499492
0.465120	-0.502231
0.467103	-0.504794
0.468851	-0.507208
0.470386	-0.509502
0.471732	-0.511703
0.472914	-0.513841
0.473955	-0.515942
0.474879	-0.518036
0.475708	-0.520145
0.476462	-0.522296
0.477161	-0.524507
0.477822	-0.526800
0.478461	-0.529191
0.479093	-0.531693
0.479730	-0.534318
0.480382	-0.537074
0.481058	-0.539970
0.481767	-0.543007
0.482514	-0.546190
0.483306	-0.549516
0.484147	-0.552986
0.485041	-0.556595
0.485991	-0.560340
0.487001	-0.564214
0.488072	-0.568211
0.489206	-0.572323
0.490406	-0.576542
0.491673	-0.580860
0.493009	-0.585268
0.494413	-0.589757
0.495888	-0.594317
0.497434	-0.598940
0.499050	-0.603616
0.500737	-0.608335
0.502492	-0.613089
0.504316	-0.617867
0.506205	-0.622661
0.508156	-0.627462
0.510167	-0.632259
0.512231	-0.637045
0.514344	-0.641809
0.516500	-0.646542
0.518691	-0.651234
0.520910	-0.655876
0.523148	-0.660459
0.525395	-0.664972
0.527641	-0.669405
0.529876	-0.673748
0.532088	-0.677991
0.534264	-0.682122
0.536392	-0.686132
0.538458	-0.690008
0.540450	-0.693741
0.542353	-0.697318
0.544152	-0.700728
0.545834	-0.703959
0.547383	-0.706999
0.548783	-0.709837
0.550021	-0.712460
0.551080	-0.714856
0.551945	-0.717015
0.552601	-0.718924
0.553035	-0.720572
0.553230	-0.721949
0.553175	-0.723046
0.552857	-0.723854
0.552266	-0.724367
0.551391	-0.724578
0.550226	-0.724485
0.548765	-0.724087
0.547006	-0.723383
0.544949	-0.722378
0.542597	-0.721079
0.539956	-0.719493
0.537034	-0.717634
0.533846	-0.715517
0.530407	-0.713159
0.526735	-0.710582
0.522854	-0.707809
0.518788	-0.704866
0.514566	-0.701781
0.510217	-0.698584
0.505773	-0.695307
0.501268	-0.691981
0.496737	-0.688639
0.492215	-0.685316
0.487737	-0.682042
0.483338	-0.678850
0.479052	-0.675770
0.474913	-0.672832
0.470950	-0.670062
0.467195	-0.667485
0.463673	-0.665122
0.460408	-0.662994
0.457423	-0.661115
0.454736	-0.659500
0.452362	-0.658158
0.450313	-0.657096
0.448599	-0.656318
0.447226	-0.655826
0.446196	-0.655617
0.445512	-0.655690
0.445170	-0.656036
0.445166	-0.656650
0.445495	-0.657521
0.446148	-0.658640
0.447115	-0.659995
0.448386	-0.661574
0.449949	-0.663365
0.451792	-0.665356
0.453901	-0.667535
0.456265	-0.669889
0.458869	-0.672407
0.461701	-0.675078
0.464747	-0.677892
0.467994	-0.680839
0.471431	-0.683911
0.475045	-0.687099
0.478823	-0.690394
0.482754	-0.693791
0.486826	-0.697281
0.491027	-0.700859
0.495344	-0.704516
0.499766	-0.708247
0.504280	-0.712043
0.508872	-0.715897
0.513529	-0.719801
0.518235	-0.723744
0.522976	-0.727717
0.527735	-0.731709
0.532495	-0.735705
0.537237	-0.739694
0.541943	-0.743658
0.546591	-0.747582
0.551161	-0.751448
0.555631	-0.755236
0.559978	-0.758926
0.564179	-0.762496
0.568209	-0.765923
0.572045	-0.769185
0.575663	-0.772257
0.579038	-0.775115
0.582148	-0.777734
0.584970	-0.780090
0.587481	-0.782159
0.589662	-0.783919
0.591495	-0.785347
0.592961	-0.786424
0.594048	-0.787132
0.594742	-0.787453
0.595035	-0.787374
0.594920	-0.786885
0.594395	-0.785977
0.593459	-0.784647
0.592116	-0.782893
0.590373	-0.780718
0.588241	-0.778129
0.585733	-0.775135
0.582868	-0.771749
0.579664	-0.767989
0.576145	-0.763875
0.572337	-0.759430
0.568267	-0.754678
0.563964	-0.749648
0.559459	-0.744368
0.554782	-0.738869
0.549964	-0.733181
0.545037	-0.727336
0.540030	-0.721364
0.534973	-0.715295
0.529892	-0.709158
0.524813	-0.702981
0.519758	-0.696789
0.514750	-0.690605
0.509805	-0.684450
0.504939	-0.678345
0.500166	-0.672304
0.495494	-0.666342
0.490933	-0.660471
0.486486	-0.654701
0.482158	-0.649037
0.477948	-0.643486
0.473856	-0.638052
0.469878	-0.632735
0.466011	-0.627536
0.462250	-0.622455
0.458587	-0.617491
0.455015	-0.612641
0.451528	-0.607903
0.448117	-0.603274
0.444775	-0.598751
0.441492	-0.594332
0.438262	-0.590014
0.435077	-0.585795
0.431930	-0.581674
0.428815	-0.577648
0.425726	-0.573718
0.422658	-0.569882
0.419606	-0.566141
0.416567	-0.562495
0.413537	-0.558943
0.410513	-0.555487
0.407494	-0.552126
0.404475	-0.548860
0.401457	-0.545690
0.398436	-0.542614
0.395412	-0.539631
0.392382	-0.536739
0.389345	-0.533937
0.386300	-0.531220
0.383245	-0.528585
0.380179	-0.526028
0.377102	-0.523544
0.374011	-0.521127
0.370907	-0.518773
0.367791	-0.516475
0.364662	-0.514227
0.361523	-0.512024
0.358376	-0.509862
0.355225	-0.507735
0.352076	-0.505640
0.348934	-0.503574
0.345808	-0.501538
0.342708	-0.499529
0.339644	-0.497551
0.336630	-0.495607
0.333680	-0.493703
0.330809	-0.491844
0.328035	-0.490040
0.325377	-0.488302
0.322853	-0.486641
0.320485	-0.485071
0.318292	-0.483608
0.316298	-0.482266
0.314524	-0.481063
0.312991	-0.480018
0.311721	-0.479148
0.310736	-0.478472
0.310055	-0.478009
0.309700	-0.477779
0.309689	-0.477798
0.310039	-0.478084
0.310765	-0.478655
0.311883	-0.479526
0.313404	-0.480710
0.315339	-0.482221
0.317695	-0.484067
0.320476	-0.486259
0.323687	-0.488801
0.327325	-0.491697
0.331388	-0.494948
0.335870	-0.498551
0.340760	-0.502501
0.346045	-0.506791
0.351709	-0.511407
0.357733	-0.516336
0.364092	-0.521560
0.370761	-0.527058
0.377708	-0.532805
0.384900	-0.538773
0.392301	-0.544933
0.399870	-0.551252
0.407564	-0.557693
0.415338	-0.564220
0.423142	-0.570793
0.430928	-0.577370
0.438643	-0.583910
0.446235	-0.590370
0.453651	-0.596707
0.460837	-0.602880
0.467741	-0.608847
0.474314	-0.614569
0.480505	-0.620007
0.486269	-0.625127
0.491563	-0.629897
0.496349	-0.634289
0.500592	-0.638276
0.504263	-0.641839
0.507337	-0.644960
0.509796	-0.647628
0.511625	-0.649834
0.512817	-0.651576
0.513370	-0.652854
0.513287	-0.653673
0.512577	-0.654041
0.511251	-0.653973
0.509330	-0.653482
0.506833	-0.652589
0.503788	-0.651313
0.500222	-0.649679
0.496167	-0.647711
0.491657	-0.645436
0.486727	-0.642880
0.481414	-0.640070
0.475755	-0.637036
0.469789	-0.633804
0.463552	-0.630401
0.457083	-0.626854
0.450420	-0.623189
0.443600	-0.619432
0.436658	-0.615607
0.429630	-0.611736
0.422550	-0.607844
0.415452	-0.603950
0.408369	-0.600077
0.401332	-0.596244
0.394373	-0.592471
0.387523	-0.588776
0.380811	-0.585180
0.374267	-0.581699
0.367920	-0.578352
0.361799	-0.575158
0.355932	-0.572133
0.350348	-0.569297
0.345074	-0.566667
0.340139	-0.564262
0.335570	-0.562098
0.331392	-0.560193
0.327633	-0.558565
0.324316	-0.557231
0.321466	-0.556206
0.319105	-0.555505
0.317254	-0.555143
0.315931	-0.555134
0.315153	-0.555488
0.314934	-0.556217
0.315286	-0.557329
0.316218	-0.558832
0.317736	-0.560731
0.319845	-0.563032
0.322545	-0.565735
0.325835	-0.568844
0.329711	-0.572358
0.334169	-0.576276
0.339200	-0.580597
0.344795	-0.585318
0.350944	-0.590436
0.357636	-0.595948
0.364856	-0.601850
0.372594	-0.608140
0.380834	-0.614812
0.389563	-0.621865
0.398766	-0.629294
0.408428	-0.637096
0.418536	-0.645268
0.429073	-0.653807
0.440025	-0.662709
0.451375	-0.671969
0.463109	-0.681584
0.475207	-0.691547
0.487653	-0.701851
0.500428	-0.712488
0.513510	-0.723449
0.526877	-0.734720
0.540506	-0.746288
0.554369	-0.758135
0.568439	-0.770243
0.582684	-0.782590
0.597070	-0.795149
0.611562	-0.807894
0.626119	-0.820793
0.640700	-0.833812
0.655261	-0.846914
0.669754	-0.860058
0.684129	-0.873204
0.698333	-0.886304
0.712313	-0.899311
0.726012	-0.912175
0.739372	-0.924844
0.752334	-0.937265
0.764836	-0.949381
0.776820	-0.961138
0.788223	-0.972478
0.798985	-0.983344
0.809049	-0.993681
0.818356	-1.003431
0.826853	-1.012543
0.834489	-1.020964
0.841216	-1.028645
0.846994	-1.035542
0.851784	-1.041614
0.855557	-1.046827
0.858290	-1.051149
0.859968	-1.054559
0.860581	-1.057040
0.860132	-1.058582
0.858629	-1.059186
0.856090	-1.058858
0.852542	-1.057613
0.848021	-1.055474
0.842570	-1.052471
0.836240	-1.048644
0.829089	-1.044037
0.821183	-1.038704
0.812591	-1.032700
0.803389	-1.026090
0.793654	-1.018941
0.783469	-1.011321
0.772916	-1.003305
0.762077	-0.994966
0.751036	-0.986378
0.739873	-0.977615
0.728666	-0.968748
0.717491	-0.959847
0.706418	-0.950978
0.695514	-0.942203
0.684837	-0.933580
0.674442	-0.925161
0.664377	-0.916993
0.654684	-0.909117
0.645396	-0.901567
0.636541	-0.894373
0.628141	-0.887558
0.620209	-0.881136
0.612754	-0.875120
0.605778	-0.869513
0.599277	-0.864315
0.593243	-0.859520
0.587661	-0.855118
0.582516	-0.851093
0.577784	-0.847428
0.573442	-0.844100
0.569463	-0.841085
0.565817	-0.838357
0.562473	-0.835886
0.559401	-0.833645
0.556568	-0.831602
0.553943	-0.829728
0.551495	-0.827993
0.549193	-0.826369
0.547009	-0.824829
0.544917	-0.823346
0.542891	-0.821897
0.540909	-0.820461
0.538952	-0.819018
0.537002	-0.817551
0.535044	-0.816046
0.533067	-0.814492
0.531060	-0.812880
0.529019	-0.811203
0.526936	-0.809457
0.524812	-0.807639
0.522643	-0.805750
0.520433	-0.803791
0.518184	-0.801765
0.515898	-0.799674
0.513579	-0.797524
0.511233	-0.795319
0.508864	-0.793064
0.506476	-0.790765
0.504074	-0.788426
0.501661	-0.786052
0.499241	-0.783647
0.496815	-0.781215
0.494387	-0.778757
0.491956	-0.776277
0.489525	-0.773777
0.487093	-0.771259
0.484660	-0.768723
0.482227	-0.766171
0.479794	-0.763604
0.477359	-0.761024
0.474925	-0.758433
0.472493	-0.755833
0.470063	-0.753227
0.467638	-0.750618
0.465221	-0.748012
0.462816	-0.745413
0.460428	-0.742827
0.458063	-0.740260
0.455725	-0.737720
0.453422	-0.735214
0.451161	-0.732750
0.448950	-0.730337
0.446796	-0.727983
0.444706	-0.725696
0.442688	-0.723484
0.440749	-0.721354
0.438894	-0.719313
0.437128	-0.717365
0.435454	-0.715515
0.433872	-0.713763
0.432383	-0.712110
0.430981	-0.710553
0.429661	-0.709086
0.428413	-0.707701
0.427224	-0.706385
0.426076	-0.705123
0.424951	-0.703898
0.423824	-0.702686
0.422667	-0.701464
0.421452	-0.700202
0.420145	-0.698870
0.418710	-0.697435
0.417110	-0.695862
0.415308	-0.694114
0.413264	-0.692157
0.410941	-0.689952
0.408302	-0.687466
0.405311	-0.684665
0.401938	-0.681518
0.398155	-0.677998
0.393937	-0.674083
0.389269	-0.669754
0.384137	-0.664998
0.378538	-0.659810
0.372473	-0.654189
0.365952	-0.648141
0.358993	-0.641680
0.351618	-0.634825
0.343861	-0.627604
0.335759	-0.620048
0.327358	-0.612195
0.318708	-0.604090
0.309866	-0.595780
0.300891	-0.587316
0.291847	-0.578754
0.282799	-0.570149
0.273815	-0.561559
0.264963	-0.553042
0.256310	-0.544655
0.247921	-0.536454
0.239859	-0.528491
0.232183	-0.520817
0.224949	-0.513479
0.218207	-0.506517
0.212001	-0.499968
0.206369	-0.493864
0.201342	-0.488230
0.196944	-0.483085
0.193193	-0.478442
0.190096	-0.474310
0.187658	-0.470688
0.185872	-0.467572
0.184729	-0.464953
0.184209	-0.462815
0.184292	-0.461140
0.184949	-0.459904
0.186147	-0.459082
0.187853	-0.458645
0.190028	-0.458563
0.192633	-0.458804
0.195626	-0.459337
0.198967	-0.460130
0.202616	-0.461151
0.206532	-0.462373
0.210678	-0.463766
0.215019	-0.465307
0.219520	-0.466973
0.224153	-0.468745
0.228891	-0.470607
0.233711	-0.472548
0.238596	-0.474560
0.243531	-0.476638
0.248506	-0.478782
0.253515	-0.480996
0.258555	-0.483287
0.263629	-0.485664
0.268742	-0.488142
0.273901	-0.490736
0.279118	-0.493463
0.284405	-0.496344
0.289778	-0.499398
0.295253	-0.502647
0.300846	-0.506112
0.306576	-0.509815
0.312460	-0.513776
0.318517	-0.518016
0.324762	-0.522551
0.331213	-0.527401
0.337886	-0.532580
0.344795	-0.538103
0.351954	-0.543980
0.359376	-0.550223
0.367070	-0.556838
0.375049	-0.563833
0.383318	-0.571210
0.391885	-0.578971
0.400754	-0.587114
0.409927	-0.595637
0.419405	-0.604534
0.429185	-0.613796
0.439262	-0.623413
0.449629	-0.633369
0.460273	-0.643649
0.471181	-0.654232
0.482335	-0.665096
0.493715	-0.676216
0.505296	-0.687562
0.517051	-0.699103
0.528949	-0.710805
0.540955	-0.722631
0.553035	-0.734541
0.565147	-0.746495
0.577253	-0.758449
0.589308	-0.770359
0.601270	-0.782178
0.613092	-0.793860
0.624731	-0.805358
0.636141	-0.816626
0.647278	-0.827618
0.658100	-0.838289
0.668565	-0.848595
0.678635	-0.858495
0.688272	-0.867952
0.697443	-0.876927
0.706119	-0.885390
0.714272	-0.893311
0.721881	-0.900665
0.728926	-0.907431
0.735394	-0.913594
0.741275	-0.919143
0.746564	-0.924070
0.751261	-0.928375
0.755370	-0.932059
0.758900	-0.935133
0.761862	-0.937607
0.764273	-0.939499
0.766154	-0.940829
0.767526	-0.941621
0.768415	-0.941903
0.768851	-0.941706
0.768862	-0.941060
0.768480	-0.940001
0.767738	-0.938564
0.766669	-0.936784
0.765306	-0.934698
0.763682	-0.932343
0.761830	-0.929754
0.759782	-0.926964
0.757565	-0.924008
0.755210	-0.920915
0.752740	-0.917716
0.750178	-0.914434
0.747545	-0.911094
0.744855	-0.907715
0.742121	-0.904312
0.739350	-0.900898
0.736545	-0.897479
0.733705	-0.894060
0.730823	-0.890639
0.727889	-0.887211
0.724885	-0.883765
0.721793	-0.880289
0.718585	-0.876762
0.715235	-0.873164
0.711708	-0.869468
0.707969	-0.865648
0.703981	-0.861671
0.699703	-0.857505
0.695096	-0.853118
0.690120	-0.848475
0.684735	-0.843544
0.678905	-0.838292
0.672594	-0.832690
0.665774	-0.826711
0.658418	-0.820332
0.650506	-0.813537
0.642026	-0.806311
0.632971	-0.798649
0.623343	-0.790550
0.613151	-0.782022
0.602414	-0.773079
0.591158	-0.763743
0.579420	-0.754044
0.567243	-0.744019
0.554680	-0.733713
0.541791	-0.723176
0.528643	-0.712467
0.515308	-0.701647
0.501866	-0.690785
0.488398	-0.679951
0.474990	-0.669220
0.461730	-0.658667
0.448704	-0.648370
0.435999	-0.638402
0.423702	-0.628839
0.411892	-0.619751
0.400648	-0.611207
0.390042	-0.603268
0.380139	-0.595991
0.370997	-0.589429
0.362668	-0.583623
0.355193	-0.578610
0.348605	-0.574418
0.342928	-0.571066
0.338178	-0.568567
0.334361	-0.566922
0.331473	-0.566127
0.329502	-0.566167
0.328431	-0.567023
0.328230	-0.568666
0.328865	-0.571060
0.330297	-0.574166
0.332477	-0.577937
0.335355	-0.582321
0.338874	-0.587262
0.342975	-0.592704
0.347595	-0.598584
0.352671	-0.604839
0.358137	-0.611406
0.363927	-0.618220
0.369975	-0.625218
0.376218	-0.632337
0.382593	-0.639518
0.389040	-0.646702
0.395503	-0.653834
0.401928	-0.660865
0.408266	-0.667748
0.414474	-0.674440
0.420513	-0.680904
0.426348	-0.687109
0.431952	-0.693027
0.437300	-0.698637
0.442375	-0.703923
0.447165	-0.708872
0.451662	-0.713477
0.455864	-0.717737
0.459772	-0.721653
0.463393	-0.725230
0.466735	-0.728478
0.469813	-0.731406
0.472639	-0.734030
0.475233	-0.736363
0.477613	-0.738423
0.479798	-0.740226
0.481809	-0.741789
0.483666	-0.743130
0.485388	-0.744264
0.486994	-0.745207
0.488500	-0.745974
0.489924	-0.746576
0.491278	-0.747024
0.492576	-0.747330
0.493826	-0.747499
0.495037	-0.747539
0.496215	-0.747455
0.497364	-0.747249
0.498485	-0.746923
0.499580	-0.746480
0.500647	-0.745918
0.501683	-0.745237
0.502685	-0.744435
0.503649	-0.743512
0.504568	-0.742466
0.505438	-0.741294
0.506251	-0.739995
0.507000	-0.738569
0.507679	-0.737014
0.508281	-0.735329
0.508798	-0.733514
0.509223	-0.731570
0.509549	-0.729498
0.509769	-0.727298
0.509877	-0.724972
0.509864	-0.722523
0.509726	-0.719951
0.509456	-0.717260
0.509047	-0.714452
0.508496	-0.711529
0.507796	-0.708494
0.506944	-0.705349
0.505935	-0.702097
0.504766	-0.698738
0.503434	-0.695276
0.501938	-0.691711
0.500274	-0.688043
0.498442	-0.684275
0.496442	-0.680405
0.494273	-0.676434
0.491936	-0.672362
0.489432	-0.668187
0.486762	-0.663911
0.483930	-0.659533
0.480939	-0.655053
0.477793	-0.650474
0.474497	-0.645796
0.471057	-0.641024
0.467483	-0.636162
0.463782	-0.631218
0.459967	-0.626200
0.456049	-0.621119
0.452044	-0.615988
0.447968	-0.610824
0.443840	-0.605644
0.439680	-0.600471
0.435511	-0.595327
0.431356	-0.590239
0.427243	-0.585234
0.423199	-0.580344
0.419251	-0.575599
0.415431	-0.571034
0.411767	-0.566681
0.408290	-0.562576
0.405030	-0.558752
0.402018	-0.555244
0.399280	-0.552084
0.396845	-0.549304
0.394738	-0.546933
0.392981	-0.544996
0.391596	-0.543519
0.390599	-0.542519
0.390005	-0.542015
0.389823	-0.542016
0.390061	-0.542532
0.390721	-0.543562
0.391800	-0.545106
0.393293	-0.547155
0.395189	-0.549696
0.397473	-0.552712
0.400125	-0.556180
0.403123	-0.560072
0.406440	-0.564356
0.410047	-0.568998
0.413909	-0.573959
0.417993	-0.579196
0.422260	-0.584666
0.426673	-0.590323
0.431192	-0.596120
0.435778	-0.602011
0.440393	-0.607950
0.445000	-0.613890
0.449562	-0.619788
0.454046	-0.625604
0.458422	-0.631299
0.462663	-0.636838
0.466745	-0.642192
0.470651	-0.647335
0.474364	-0.652245
0.477876	-0.656907
0.481181	-0.661309
0.484278	-0.665445
0.487170	-0.669314
0.489866	-0.672920
0.492378	-0.676270
0.494720	-0.679376
0.496912	-0.682253
0.498972	-0.684919
0.500925	-0.687395
0.502793	-0.689700
0.504600	-0.691859
0.506369	-0.693894
0.508124	-0.695828
0.509886	-0.697681
0.511674	-0.699473
0.513505	-0.701224
0.515393	-0.702949
0.517349	-0.704660
0.519380	-0.706369
0.521489	-0.708083
0.523677	-0.709805
