1 -2.671658864141e+02
2 -2.671658864095e+02
3 -2.671658864017e+02
4 -2.671658863911e+02
5 -2.671658863775e+02
6 -2.671658863614e+02
7 -2.671658863427e+02
8 -2.671658863219e+02
9 -2.671658862991e+02
10 -2.671658862746e+02
11 -2.671658862488e+02
12 -2.671658862219e+02
13 -2.671658861943e+02
14 -2.671658861663e+02
15 -2.671658861384e+02
16 -2.671658861107e+02
17 -2.671658860838e+02
18 -2.671658860578e+02
19 -2.671658860332e+02
20 -2.671658860102e+02
21 -2.671658859891e+02
22 -2.671658859703e+02
23 -2.671658859539e+02
24 -2.671658859402e+02
25 -2.671658859294e+02
26 -2.671658859218e+02
27 -2.671658859174e+02
28 -2.671658859163e+02
29 -2.671658859189e+02
30 -2.671658859250e+02
31 -2.671658859348e+02
32 -2.671658859484e+02
33 -2.671658859657e+02
34 -2.671658859869e+02
35 -2.671658860118e+02
36 -2.671658860405e+02
37 -2.671658860729e+02
38 -2.671658861090e+02
39 -2.671658861487e+02
40 -2.671658861919e+02
41 -2.671658862385e+02
42 -2.671658862883e+02
43 -2.671658863414e+02
44 -2.671658863975e+02
45 -2.671658864566e+02
46 -2.671658865183e+02
47 -2.671658865827e+02
48 -2.671658866495e+02
49 -2.671658867186e+02
50 -2.671658867898e+02
51 -2.671658868628e+02
52 -2.671658869376e+02
53 -2.671658870140e+02
54 -2.671658870916e+02
55 -2.671658871704e+02
56 -2.671658872502e+02
57 -2.671658873307e+02
58 -2.671658874117e+02
59 -2.671658874930e+02
60 -2.671658875745e+02
61 -2.671658876559e+02
62 -2.671658877370e+02
63 -2.671658878176e+02
64 -2.671658878974e+02
65 -2.671658879765e+02
66 -2.671658880544e+02
67 -2.671658881311e+02
68 -2.671658882063e+02
69 -2.671658882799e+02
70 -2.671658883518e+02
71 -2.671658884218e+02
72 -2.671658884897e+02
73 -2.671658885554e+02
74 -2.671658886188e+02
75 -2.671658886799e+02
76 -2.671658887384e+02
77 -2.671658887944e+02
78 -2.671658888477e+02
79 -2.671658888983e+02
80 -2.671658889460e+02
81 -2.671658889910e+02
82 -2.671658890331e+02
83 -2.671658890724e+02
84 -2.671658891087e+02
85 -2.671658891421e+02
86 -2.671658891726e+02
87 -2.671658892002e+02
88 -2.671658892249e+02
89 -2.671658892467e+02
90 -2.671658892657e+02
91 -2.671658892818e+02
92 -2.671658892952e+02
93 -2.671658893060e+02
94 -2.671658893140e+02
95 -2.671658893196e+02
96 -2.671658893227e+02
97 -2.671658893235e+02
98 -2.671658893220e+02
99 -2.671658893184e+02
100 -2.671658893129e+02
101 -2.671658893057e+02
102 -2.671658892968e+02
103 -2.671658892865e+02
104 -2.671658892750e+02
105 -2.671658892625e+02
106 -2.671658892492e+02
107 -2.671658892355e+02
108 -2.671658892216e+02
109 -2.671658892077e+02
110 -2.671658891941e+02
111 -2.671658891812e+02
112 -2.671658891692e+02
113 -2.671658891585e+02
114 -2.671658891493e+02
115 -2.671658891420e+02
116 -2.671658891369e+02
117 -2.671658891343e+02
118 -2.671658891344e+02
119 -2.671658891376e+02
120 -2.671658891441e+02
121 -2.671658891541e+02
122 -2.671658891680e+02
123 -2.671658891858e+02
124 -2.671658892079e+02
125 -2.671658892342e+02
126 -2.671658892651e+02
127 -2.671658893005e+02
128 -2.671658893406e+02
129 -2.671658893854e+02
130 -2.671658894349e+02
131 -2.671658894891e+02
132 -2.671658895480e+02
133 -2.671658896116e+02
134 -2.671658896797e+02
135 -2.671658897523e+02
136 -2.671658898292e+02
137 -2.671658899103e+02
138 -2.671658899954e+02
139 -2.671658900844e+02
140 -2.671658901771e+02
141 -2.671658902734e+02
142 -2.671658903730e+02
143 -2.671658904757e+02
144 -2.671658905814e+02
145 -2.671658906899e+02
146 -2.671658908010e+02
147 -2.671658909146e+02
148 -2.671658910304e+02
149 -2.671658911484e+02
150 -2.671658912683e+02
151 -2.671658913901e+02
152 -2.671658915137e+02
153 -2.671658916389e+02
154 -2.671658917657e+02
155 -2.671658918941e+02
156 -2.671658920238e+02
157 -2.671658921550e+02
158 -2.671658922877e+02
159 -2.671658924217e+02
160 -2.671658925571e+02
161 -2.671658926940e+02
162 -2.671658928323e+02
163 -2.671658929722e+02
164 -2.671658931136e+02
165 -2.671658932566e+02
166 -2.671658934013e+02
167 -2.671658935478e+02
168 -2.671658936962e+02
169 -2.671658938464e+02
170 -2.671658939987e+02
171 -2.671658941531e+02
172 -2.671658943096e+02
173 -2.671658944683e+02
174 -2.671658946294e+02
175 -2.671658947927e+02
176 -2.671658949585e+02
177 -2.671658951268e+02
178 -2.671658952975e+02
179 -2.671658954706e+02
180 -2.671658956463e+02
181 -2.671658958244e+02
182 -2.671658960050e+02
183 -2.671658961880e+02
184 -2.671658963734e+02
185 -2.671658965610e+02
186 -2.671658967508e+02
187 -2.671658969427e+02
188 -2.671658971365e+02
189 -2.671658973321e+02
190 -2.671658975293e+02
191 -2.671658977281e+02
192 -2.671658979281e+02
193 -2.671658981292e+02
194 -2.671658983311e+02
195 -2.671658985337e+02
196 -2.671658987367e+02
197 -2.671658989399e+02
198 -2.671658991429e+02
199 -2.671658993455e+02
200 -2.671658995475e+02
201 -2.671658997486e+02
202 -2.671658999485e+02
203 -2.671659001468e+02
204 -2.671659003434e+02
205 -2.671659005378e+02
206 -2.671659007299e+02
207 -2.671659009193e+02
208 -2.671659011057e+02
209 -2.671659012889e+02
210 -2.671659014685e+02
211 -2.671659016442e+02
212 -2.671659018159e+02
213 -2.671659019831e+02
214 -2.671659021457e+02
215 -2.671659023034e+02
216 -2.671659024558e+02
217 -2.671659026028e+02
218 -2.671659027441e+02
219 -2.671659028794e+02
220 -2.671659030086e+02
221 -2.671659031314e+02
222 -2.671659032476e+02
223 -2.671659033570e+02
224 -2.671659034594e+02
225 -2.671659035547e+02
226 -2.671659036425e+02
227 -2.671659037229e+02
228 -2.671659037956e+02
229 -2.671659038605e+02
230 -2.671659039175e+02
231 -2.671659039665e+02
232 -2.671659040074e+02
233 -2.671659040401e+02
234 -2.671659040646e+02
235 -2.671659040809e+02
236 -2.671659040889e+02
237 -2.671659040885e+02
238 -2.671659040799e+02
239 -2.671659040631e+02
240 -2.671659040381e+02
241 -2.671659040049e+02
242 -2.671659039638e+02
243 -2.671659039147e+02
244 -2.671659038579e+02
245 -2.671659037935e+02
246 -2.671659037216e+02
247 -2.671659036425e+02
248 -2.671659035563e+02
249 -2.671659034634e+02
250 -2.671659033640e+02
251 -2.671659032584e+02
252 -2.671659031469e+02
253 -2.671659030299e+02
254 -2.671659029077e+02
255 -2.671659027807e+02
256 -2.671659026494e+02
257 -2.671659025142e+02
258 -2.671659023755e+02
259 -2.671659022339e+02
260 -2.671659020898e+02
261 -2.671659019439e+02
262 -2.671659017965e+02
263 -2.671659016483e+02
264 -2.671659014997e+02
265 -2.671659013515e+02
266 -2.671659012041e+02
267 -2.671659010580e+02
268 -2.671659009139e+02
269 -2.671659007723e+02
270 -2.671659006336e+02
271 -2.671659004985e+02
272 -2.671659003674e+02
273 -2.671659002408e+02
274 -2.671659001190e+02
275 -2.671659000026e+02
276 -2.671658998919e+02
277 -2.671658997873e+02
278 -2.671658996891e+02
279 -2.671658995976e+02
280 -2.671658995130e+02
281 -2.671658994355e+02
282 -2.671658993654e+02
283 -2.671658993028e+02
284 -2.671658992476e+02
285 -2.671658992001e+02
286 -2.671658991602e+02
287 -2.671658991279e+02
288 -2.671658991031e+02
289 -2.671658990857e+02
290 -2.671658990756e+02
291 -2.671658990725e+02
292 -2.671658990764e+02
293 -2.671658990868e+02
294 -2.671658991037e+02
295 -2.671658991266e+02
296 -2.671658991553e+02
297 -2.671658991894e+02
298 -2.671658992286e+02
299 -2.671658992724e+02
300 -2.671658993206e+02
301 -2.671658993727e+02
302 -2.671658994284e+02
303 -2.671658994871e+02
304 -2.671658995486e+02
305 -2.671658996124e+02
306 -2.671658996781e+02
307 -2.671658997452e+02
308 -2.671658998132e+02
309 -2.671658998818e+02
310 -2.671658999504e+02
311 -2.671659000184e+02
312 -2.671659000854e+02
313 -2.671659001508e+02
314 -2.671659002140e+02
315 -2.671659002744e+02
316 -2.671659003315e+02
317 -2.671659003848e+02
318 -2.671659004338e+02
319 -2.671659004779e+02
320 -2.671659005168e+02
321 -2.671659005500e+02
322 -2.671659005773e+02
323 -2.671659005982e+02
324 -2.671659006125e+02
325 -2.671659006197e+02
326 -2.671659006197e+02
327 -2.671659006121e+02
328 -2.671659005964e+02
329 -2.671659005726e+02
330 -2.671659005402e+02
331 -2.671659004993e+02
332 -2.671659004497e+02
333 -2.671659003914e+02
334 -2.671659003244e+02
335 -2.671659002488e+02
336 -2.671659001649e+02
337 -2.671659000729e+02
338 -2.671658999731e+02
339 -2.671658998657e+02
340 -2.671658997511e+02
341 -2.671658996296e+02
342 -2.671658995015e+02
343 -2.671658993671e+02
344 -2.671658992266e+02
345 -2.671658990805e+02
346 -2.671658989293e+02
347 -2.671658987734e+02
348 -2.671658986137e+02
349 -2.671658984507e+02
350 -2.671658982853e+02
351 -2.671658981183e+02
352 -2.671658979505e+02
353 -2.671658977824e+02
354 -2.671658976150e+02
355 -2.671658974489e+02
356 -2.671658972850e+02
357 -2.671658971243e+02
358 -2.671658969675e+02
359 -2.671658968157e+02
360 -2.671658966698e+02
361 -2.671658965307e+02
362 -2.671658963992e+02
363 -2.671658962759e+02
364 -2.671658961612e+02
365 -2.671658960555e+02
366 -2.671658959591e+02
367 -2.671658958725e+02
368 -2.671658957962e+02
369 -2.671658957310e+02
370 -2.671658956775e+02
371 -2.671658956364e+02
372 -2.671658956076e+02
373 -2.671658955913e+02
374 -2.671658955873e+02
375 -2.671658955960e+02
376 -2.671658956180e+02
377 -2.671658956540e+02
378 -2.671658957045e+02
379 -2.671658957699e+02
380 -2.671658958505e+02
381 -2.671658959466e+02
382 -2.671658960586e+02
383 -2.671658961873e+02
384 -2.671658963332e+02
385 -2.671658964967e+02
386 -2.671658966781e+02
387 -2.671658968774e+02
388 -2.671658970943e+02
389 -2.671658973284e+02
390 -2.671658975792e+02
391 -2.671658978462e+02
392 -2.671658981293e+02
393 -2.671658984284e+02
394 -2.671658987435e+02
395 -2.671658990749e+02
396 -2.671658994227e+02
397 -2.671658997869e+02
398 -2.671659001676e+02
399 -2.671659005647e+02
400 -2.671659009780e+02
401 -2.671659014076e+02
402 -2.671659018533e+02
403 -2.671659023149e+02
404 -2.671659027918e+02
405 -2.671659032834e+02
406 -2.671659037888e+02
407 -2.671659043069e+02
408 -2.671659048366e+02
409 -2.671659053771e+02
410 -2.671659059277e+02
411 -2.671659064878e+02
412 -2.671659070574e+02
413 -2.671659076362e+02
414 -2.671659082243e+02
415 -2.671659088214e+02
416 -2.671659094275e+02
417 -2.671659100421e+02
418 -2.671659106651e+02
419 -2.671659112960e+02
420 -2.671659119342e+02
421 -2.671659125790e+02
422 -2.671659132295e+02
423 -2.671659138846e+02
424 -2.671659145434e+02
425 -2.671659152051e+02
426 -2.671659158693e+02
427 -2.671659165355e+02
428 -2.671659172035e+02
429 -2.671659178732e+02
430 -2.671659185443e+02
431 -2.671659192163e+02
432 -2.671659198885e+02
433 -2.671659205599e+02
434 -2.671659212288e+02
435 -2.671659218937e+02
436 -2.671659225532e+02
437 -2.671659232063e+02
438 -2.671659238529e+02
439 -2.671659244934e+02
440 -2.671659251282e+02
441 -2.671659257579e+02
442 -2.671659263828e+02
443 -2.671659270035e+02
444 -2.671659276210e+02
445 -2.671659282365e+02
446 -2.671659288507e+02
447 -2.671659294640e+02
448 -2.671659300765e+02
449 -2.671659306878e+02
450 -2.671659312970e+02
451 -2.671659319033e+02
452 -2.671659325072e+02
453 -2.671659331089e+02
454 -2.671659337085e+02
455 -2.671659343063e+02
456 -2.671659349023e+02
457 -2.671659354968e+02
458 -2.671659360898e+02
459 -2.671659366817e+02
460 -2.671659372729e+02
461 -2.671659378639e+02
462 -2.671659384549e+02
463 -2.671659390455e+02
464 -2.671659396349e+02
465 -2.671659402223e+02
466 -2.671659408075e+02
467 -2.671659413901e+02
468 -2.671659419700e+02
469 -2.671659425473e+02
470 -2.671659431218e+02
471 -2.671659436937e+02
472 -2.671659442641e+02
473 -2.671659448351e+02
474 -2.671659454102e+02
475 -2.671659459921e+02
476 -2.671659465821e+02
477 -2.671659471791e+02
478 -2.671659477796e+02
479 -2.671659483813e+02
480 -2.671659489846e+02
481 -2.671659495886e+02
482 -2.671659501937e+02
483 -2.671659507998e+02
484 -2.671659514057e+02
485 -2.671659520102e+02
486 -2.671659526141e+02
487 -2.671659532199e+02
488 -2.671659538325e+02
489 -2.671659544565e+02
490 -2.671659550947e+02
491 -2.671659557451e+02
492 -2.671659564037e+02
493 -2.671659570655e+02
494 -2.671659577307e+02
495 -2.671659584055e+02
496 -2.671659590936e+02
497 -2.671659597799e+02
498 -2.671659604392e+02
499 -2.671659610725e+02
500 -2.671659617089e+02
501 -2.671659623702e+02
502 -2.671659630510e+02
503 -2.671659637357e+02
504 -2.671659644142e+02
505 -2.671659650836e+02
506 -2.671659657455e+02
507 -2.671659664016e+02
508 -2.671659670517e+02
509 -2.671659676945e+02
510 -2.671659683312e+02
511 -2.671659689674e+02
512 -2.671659696096e+02
513 -2.671659702607e+02
514 -2.671659709227e+02
515 -2.671659715983e+02
516 -2.671659722921e+02
517 -2.671659730112e+02
518 -2.671659737590e+02
519 -2.671659745249e+02
520 -2.671659752892e+02
521 -2.671659760411e+02
522 -2.671659767844e+02
523 -2.671659775246e+02
524 -2.671659782645e+02
525 -2.671659790057e+02
526 -2.671659797484e+02
527 -2.671659804911e+02
528 -2.671659812250e+02
529 -2.671659819364e+02
530 -2.671659826187e+02
531 -2.671659832758e+02
532 -2.671659839144e+02
533 -2.671659845385e+02
534 -2.671659851567e+02
535 -2.671659857786e+02
536 -2.671659864109e+02
537 -2.671659870580e+02
538 -2.671659877349e+02
539 -2.671659884245e+02
540 -2.671659891064e+02
541 -2.671659897730e+02
542 -2.671659904343e+02
543 -2.671659910870e+02
544 -2.671659917135e+02
545 -2.671659923123e+02
546 -2.671659928922e+02
547 -2.671659934539e+02
548 -2.671659939867e+02
549 -2.671659944879e+02
550 -2.671659949431e+02
551 -2.671659953397e+02
552 -2.671659957138e+02
553 -2.671659961227e+02
554 -2.671659965851e+02
555 -2.671659970610e+02
556 -2.671659974875e+02
557 -2.671659978550e+02
558 -2.671659982149e+02
559 -2.671659986252e+02
560 -2.671659991075e+02
561 -2.671659996350e+02
562 -2.671660001736e+02
563 -2.671660007067e+02
564 -2.671660012380e+02
565 -2.671660017639e+02
566 -2.671660022658e+02
567 -2.671660027344e+02
568 -2.671660031891e+02
569 -2.671660036474e+02
570 -2.671660041000e+02
571 -2.671660045344e+02
572 -2.671660049421e+02
573 -2.671660053092e+02
574 -2.671660056436e+02
575 -2.671660059634e+02
576 -2.671660062643e+02
577 -2.671660065538e+02
578 -2.671660068521e+02
579 -2.671660071536e+02
580 -2.671660074250e+02
581 -2.671660076563e+02
582 -2.671660078757e+02
583 -2.671660081076e+02
584 -2.671660083529e+02
585 -2.671660085956e+02
586 -2.671660088269e+02
587 -2.671660090441e+02
588 -2.671660092469e+02
589 -2.671660094341e+02
590 -2.671660096018e+02
591 -2.671660097511e+02
592 -2.671660098930e+02
593 -2.671660100318e+02
594 -2.671660101624e+02
595 -2.671660102940e+02
596 -2.671660104307e+02
597 -2.671660105642e+02
598 -2.671660106887e+02
599 -2.671660108103e+02
600 -2.671660109349e+02
601 -2.671660110658e+02
602 -2.671660112045e+02
603 -2.671660113396e+02
604 -2.671660114532e+02
605 -2.671660115545e+02
606 -2.671660116507e+02
607 -2.671660117426e+02
608 -2.671660118378e+02
609 -2.671660119341e+02
610 -2.671660120204e+02
611 -2.671660121018e+02
612 -2.671660122003e+02
613 -2.671660123317e+02
614 -2.671660124896e+02
615 -2.671660126489e+02
616 -2.671660127922e+02
617 -2.671660129268e+02
618 -2.671660130734e+02
619 -2.671660132250e+02
620 -2.671660133785e+02
621 -2.671660135640e+02
622 -2.671660137942e+02
623 -2.671660140100e+02
624 -2.671660141932e+02
625 -2.671660143599e+02
626 -2.671660145121e+02
627 -2.671660146488e+02
628 -2.671660147734e+02
629 -2.671660148840e+02
630 -2.671660149834e+02
631 -2.671660150652e+02
632 -2.671660151236e+02
633 -2.671660151755e+02
634 -2.671660152335e+02
635 -2.671660152926e+02
636 -2.671660153330e+02
637 -2.671660153540e+02
638 -2.671660153648e+02
639 -2.671660153706e+02
640 -2.671660153906e+02
641 -2.671660154135e+02
642 -2.671660154200e+02
643 -2.671660154097e+02
644 -2.671660153750e+02
645 -2.671660152979e+02
646 -2.671660151970e+02
647 -2.671660150930e+02
648 -2.671660149875e+02
649 -2.671660148793e+02
650 -2.671660147717e+02
651 -2.671660146525e+02
652 -2.671660145000e+02
653 -2.671660143059e+02
654 -2.671660140807e+02
655 -2.671660138368e+02
656 -2.671660135715e+02
657 -2.671660132832e+02
658 -2.671660129814e+02
659 -2.671660126797e+02
660 -2.671660123903e+02
661 -2.671660121115e+02
662 -2.671660118388e+02
663 -2.671660115650e+02
664 -2.671660112824e+02
665 -2.671660109951e+02
666 -2.671660107199e+02
667 -2.671660104730e+02
668 -2.671660102559e+02
669 -2.671660100472e+02
670 -2.671660098332e+02
671 -2.671660096310e+02
672 -2.671660094422e+02
673 -2.671660092551e+02
674 -2.671660090742e+02
675 -2.671660089106e+02
676 -2.671660087738e+02
677 -2.671660086552e+02
678 -2.671660085397e+02
679 -2.671660084366e+02
680 -2.671660083573e+02
681 -2.671660082921e+02
682 -2.671660082276e+02
683 -2.671660081559e+02
684 -2.671660080813e+02
685 -2.671660080215e+02
686 -2.671660079877e+02
687 -2.671660079807e+02
688 -2.671660079865e+02
689 -2.671660079996e+02
690 -2.671660080222e+02
691 -2.671660080590e+02
692 -2.671660081179e+02
693 -2.671660082013e+02
694 -2.671660083071e+02
695 -2.671660084289e+02
696 -2.671660085533e+02
697 -2.671660086644e+02
698 -2.671660087457e+02
699 -2.671660087948e+02
700 -2.671660088455e+02
701 -2.671660089271e+02
702 -2.671660090294e+02
703 -2.671660091304e+02
704 -2.671660092202e+02
705 -2.671660092977e+02
706 -2.671660093727e+02
707 -2.671660094676e+02
708 -2.671660096012e+02
709 -2.671660097703e+02
710 -2.671660099609e+02
711 -2.671660101454e+02
712 -2.671660103144e+02
713 -2.671660104794e+02
714 -2.671660106403e+02
715 -2.671660107893e+02
716 -2.671660109281e+02
717 -2.671660110631e+02
718 -2.671660111923e+02
719 -2.671660113091e+02
720 -2.671660114112e+02
721 -2.671660115105e+02
722 -2.671660116269e+02
723 -2.671660117774e+02
724 -2.671660119568e+02
725 -2.671660121474e+02
726 -2.671660123272e+02
727 -2.671660124937e+02
728 -2.671660126597e+02
729 -2.671660128266e+02
730 -2.671660129816e+02
731 -2.671660131203e+02
732 -2.671660132484e+02
733 -2.671660133818e+02
734 -2.671660135369e+02
735 -2.671660137114e+02
736 -2.671660138910e+02
737 -2.671660140747e+02
738 -2.671660142707e+02
739 -2.671660144699e+02
740 -2.671660146565e+02
741 -2.671660148273e+02
742 -2.671660149929e+02
743 -2.671660151605e+02
744 -2.671660153283e+02
745 -2.671660154910e+02
746 -2.671660156487e+02
747 -2.671660158076e+02
748 -2.671660159616e+02
749 -2.671660161041e+02
750 -2.671660162342e+02
751 -2.671660163491e+02
752 -2.671660164375e+02
753 -2.671660165045e+02
754 -2.671660165664e+02
755 -2.671660166339e+02
756 -2.671660167132e+02
757 -2.671660168089e+02
758 -2.671660169202e+02
759 -2.671660170424e+02
760 -2.671660171723e+02
761 -2.671660173013e+02
762 -2.671660174314e+02
763 -2.671660175691e+02
764 -2.671660177278e+02
765 -2.671660179099e+02
766 -2.671660180970e+02
767 -2.671660182593e+02
768 -2.671660183850e+02
769 -2.671660184815e+02
770 -2.671660185639e+02
771 -2.671660186572e+02
772 -2.671660187857e+02
773 -2.671660189547e+02
774 -2.671660191519e+02
775 -2.671660193657e+02
776 -2.671660195956e+02
777 -2.671660198495e+02
778 -2.671660201368e+02
779 -2.671660204690e+02
780 -2.671660208253e+02
781 -2.671660211489e+02
782 -2.671660214221e+02
783 -2.671660216669e+02
784 -2.671660218973e+02
785 -2.671660221275e+02
786 -2.671660223751e+02
787 -2.671660226568e+02
788 -2.671660229631e+02
789 -2.671660232655e+02
790 -2.671660235495e+02
791 -2.671660238171e+02
792 -2.671660240698e+02
793 -2.671660242941e+02
794 -2.671660244826e+02
795 -2.671660246583e+02
796 -2.671660248403e+02
797 -2.671660250103e+02
798 -2.671660251554e+02
799 -2.671660252786e+02
800 -2.671660253843e+02
801 -2.671660254785e+02
802 -2.671660255626e+02
803 -2.671660256551e+02
804 -2.671660257630e+02
805 -2.671660258632e+02
806 -2.671660259344e+02
807 -2.671660259821e+02
808 -2.671660260320e+02
809 -2.671660261022e+02
810 -2.671660262034e+02
811 -2.671660263555e+02
812 -2.671660265982e+02
813 -2.671660269274e+02
814 -2.671660272101e+02
815 -2.671660273413e+02
816 -2.671660273933e+02
817 -2.671660273783e+02
818 -2.671660271583e+02
819 -2.671660268006e+02
820 -2.671660264904e+02
821 -2.671660263020e+02
822 -2.671660261909e+02
823 -2.671660260748e+02
824 -2.671660259494e+02
825 -2.671660258569e+02
826 -2.671660257863e+02
827 -2.671660256977e+02
828 -2.671660255998e+02
829 -2.671660255125e+02
830 -2.671660254679e+02
831 -2.671660254572e+02
832 -2.671660254664e+02
833 -2.671660255230e+02
834 -2.671660256402e+02
835 -2.671660257431e+02
836 -2.671660257749e+02
837 -2.671660257614e+02
838 -2.671660257254e+02
839 -2.671660256583e+02
840 -2.671660255576e+02
841 -2.671660254540e+02
842 -2.671660253704e+02
843 -2.671660252932e+02
844 -2.671660252068e+02
845 -2.671660251209e+02
846 -2.671660250705e+02
847 -2.671660250704e+02
848 -2.671660250768e+02
849 -2.671660250934e+02
850 -2.671660251231e+02
851 -2.671660251775e+02
852 -2.671660252693e+02
853 -2.671660253970e+02
854 -2.671660255241e+02
855 -2.671660256084e+02
856 -2.671660256553e+02
857 -2.671660256976e+02
858 -2.671660257314e+02
859 -2.671660257123e+02
860 -2.671660256468e+02
861 -2.671660255908e+02
862 -2.671660255572e+02
863 -2.671660255058e+02
864 -2.671660254122e+02
865 -2.671660253004e+02
866 -2.671660252050e+02
867 -2.671660251644e+02
868 -2.671660251721e+02
869 -2.671660252053e+02
870 -2.671660252395e+02
871 -2.671660252655e+02
872 -2.671660252855e+02
873 -2.671660252714e+02
874 -2.671660251963e+02
875 -2.671660251169e+02
876 -2.671660250908e+02
877 -2.671660250980e+02
878 -2.671660251022e+02
879 -2.671660251032e+02
880 -2.671660251106e+02
881 -2.671660251362e+02
882 -2.671660251914e+02
883 -2.671660252770e+02
884 -2.671660253601e+02
885 -2.671660254259e+02
886 -2.671660254896e+02
887 -2.671660255499e+02
888 -2.671660255986e+02
889 -2.671660256491e+02
890 -2.671660257251e+02
891 -2.671660258233e+02
892 -2.671660259288e+02
893 -2.671660260397e+02
894 -2.671660261725e+02
895 -2.671660263298e+02
896 -2.671660264859e+02
897 -2.671660266223e+02
898 -2.671660267586e+02
899 -2.671660269088e+02
900 -2.671660270483e+02
901 -2.671660271685e+02
902 -2.671660272923e+02
903 -2.671660274356e+02
904 -2.671660276107e+02
905 -2.671660278368e+02
906 -2.671660281028e+02
907 -2.671660283594e+02
908 -2.671660285599e+02
909 -2.671660287132e+02
910 -2.671660288644e+02
911 -2.671660290369e+02
912 -2.671660292262e+02
913 -2.671660294174e+02
914 -2.671660295985e+02
915 -2.671660297679e+02
916 -2.671660299326e+02
917 -2.671660301006e+02
918 -2.671660302704e+02
919 -2.671660304309e+02
920 -2.671660305723e+02
921 -2.671660306935e+02
922 -2.671660308057e+02
923 -2.671660309268e+02
924 -2.671660310673e+02
925 -2.671660312203e+02
926 -2.671660313761e+02
927 -2.671660315249e+02
928 -2.671660316546e+02
929 -2.671660317671e+02
930 -2.671660318787e+02
931 -2.671660319977e+02
932 -2.671660321219e+02
933 -2.671660322438e+02
934 -2.671660323484e+02
935 -2.671660324196e+02
936 -2.671660324603e+02
937 -2.671660324839e+02
938 -2.671660324730e+02
939 -2.671660324041e+02
940 -2.671660323214e+02
941 -2.671660322867e+02
942 -2.671660322981e+02
943 -2.671660323246e+02
944 -2.671660323499e+02
945 -2.671660323792e+02
946 -2.671660324224e+02
947 -2.671660324842e+02
948 -2.671660325663e+02
949 -2.671660326712e+02
950 -2.671660327961e+02
951 -2.671660329141e+02
952 -2.671660330221e+02
953 -2.671660331511e+02
954 -2.671660332765e+02
955 -2.671660333110e+02
956 -2.671660332745e+02
957 -2.671660332078e+02
958 -2.671660331014e+02
959 -2.671660330017e+02
960 -2.671660329331e+02
961 -2.671660328747e+02
962 -2.671660328162e+02
963 -2.671660327541e+02
964 -2.671660326826e+02
965 -2.671660326134e+02
966 -2.671660325656e+02
967 -2.671660325547e+02
968 -2.671660325708e+02
969 -2.671660325818e+02
970 -2.671660325816e+02
971 -2.671660325943e+02
972 -2.671660326249e+02
973 -2.671660326566e+02
974 -2.671660326931e+02
975 -2.671660327629e+02
976 -2.671660328870e+02
977 -2.671660330316e+02
978 -2.671660331396e+02
979 -2.671660332143e+02
980 -2.671660332897e+02
981 -2.671660333679e+02
982 -2.671660334355e+02
983 -2.671660334941e+02
984 -2.671660335508e+02
985 -2.671660336014e+02
986 -2.671660336539e+02
987 -2.671660336999e+02
988 -2.671660337273e+02
989 -2.671660337662e+02
990 -2.671660338410e+02
991 -2.671660339670e+02
992 -2.671660341395e+02
993 -2.671660343327e+02
994 -2.671660345021e+02
995 -2.671660346287e+02
996 -2.671660347367e+02
997 -2.671660348641e+02
998 -2.671660350262e+02
999 -2.671660352033e+02
1000 -2.671660353894e+02
1001 -2.671660355837e+02
1002 -2.671660357623e+02
1003 -2.671660358943e+02
1004 -2.671660359789e+02
1005 -2.671660360427e+02
1006 -2.671660361046e+02
1007 -2.671660361687e+02
1008 -2.671660362518e+02
1009 -2.671660363415e+02
1010 -2.671660364295e+02
1011 -2.671660365279e+02
1012 -2.671660366418e+02
1013 -2.671660367635e+02
1014 -2.671660369065e+02
1015 -2.671660370673e+02
1016 -2.671660372224e+02
1017 -2.671660373589e+02
1018 -2.671660374929e+02
1019 -2.671660376228e+02
1020 -2.671660377292e+02
1021 -2.671660378102e+02
1022 -2.671660378767e+02
1023 -2.671660379264e+02
1024 -2.671660379514e+02
1025 -2.671660379624e+02
1026 -2.671660379745e+02
1027 -2.671660379815e+02
1028 -2.671660379832e+02
1029 -2.671660380091e+02
1030 -2.671660380651e+02
1031 -2.671660381435e+02
1032 -2.671660382573e+02
1033 -2.671660383945e+02
1034 -2.671660385233e+02
1035 -2.671660386301e+02
1036 -2.671660387125e+02
1037 -2.671660387723e+02
1038 -2.671660388167e+02
1039 -2.671660388574e+02
1040 -2.671660389016e+02
1041 -2.671660389455e+02
1042 -2.671660389785e+02
1043 -2.671660389918e+02
1044 -2.671660389874e+02
1045 -2.671660389761e+02
1046 -2.671660389720e+02
1047 -2.671660389848e+02
1048 -2.671660389993e+02
1049 -2.671660390018e+02
1050 -2.671660390134e+02
1051 -2.671660390733e+02
1052 -2.671660391767e+02
1053 -2.671660392691e+02
1054 -2.671660393227e+02
1055 -2.671660393671e+02
1056 -2.671660394142e+02
1057 -2.671660394476e+02
1058 -2.671660394499e+02
1059 -2.671660394117e+02
1060 -2.671660393550e+02
1061 -2.671660393101e+02
1062 -2.671660392655e+02
1063 -2.671660391898e+02
1064 -2.671660390946e+02
1065 -2.671660390019e+02
1066 -2.671660389186e+02
1067 -2.671660388432e+02
1068 -2.671660387746e+02
1069 -2.671660387058e+02
1070 -2.671660386240e+02
1071 -2.671660385366e+02
1072 -2.671660384673e+02
1073 -2.671660384228e+02
1074 -2.671660383954e+02
1075 -2.671660383768e+02
1076 -2.671660383663e+02
1077 -2.671660383840e+02
1078 -2.671660384583e+02
1079 -2.671660385860e+02
1080 -2.671660387331e+02
1081 -2.671660388691e+02
1082 -2.671660389872e+02
1083 -2.671660390827e+02
1084 -2.671660391551e+02
1085 -2.671660391904e+02
1086 -2.671660391209e+02
1087 -2.671660389685e+02
1088 -2.671660388632e+02
1089 -2.671660388625e+02
1090 -2.671660389203e+02
1091 -2.671660390051e+02
1092 -2.671660391217e+02
1093 -2.671660392674e+02
1094 -2.671660394401e+02
1095 -2.671660396349e+02
1096 -2.671660398490e+02
1097 -2.671660400862e+02
1098 -2.671660403620e+02
1099 -2.671660406991e+02
1100 -2.671660410788e+02
1101 -2.671660414312e+02
1102 -2.671660417575e+02
1103 -2.671660421074e+02
1104 -2.671660424467e+02
1105 -2.671660427369e+02
1106 -2.671660429843e+02
1107 -2.671660432151e+02
1108 -2.671660434504e+02
1109 -2.671660436992e+02
1110 -2.671660439718e+02
1111 -2.671660442794e+02
1112 -2.671660446416e+02
1113 -2.671660450625e+02
1114 -2.671660455176e+02
1115 -2.671660459750e+02
1116 -2.671660464277e+02
1117 -2.671660468959e+02
1118 -2.671660473981e+02
1119 -2.671660479333e+02
1120 -2.671660484852e+02
1121 -2.671660490375e+02
1122 -2.671660495818e+02
1123 -2.671660501094e+02
1124 -2.671660506364e+02
1125 -2.671660511897e+02
1126 -2.671660517433e+02
1127 -2.671660522868e+02
1128 -2.671660528244e+02
1129 -2.671660533243e+02
1130 -2.671660537572e+02
1131 -2.671660541689e+02
1132 -2.671660546245e+02
1133 -2.671660551491e+02
1134 -2.671660557285e+02
1135 -2.671660563165e+02
1136 -2.671660568726e+02
1137 -2.671660574000e+02
1138 -2.671660579468e+02
1139 -2.671660585419e+02
1140 -2.671660591769e+02
1141 -2.671660598340e+02
1142 -2.671660605014e+02
1143 -2.671660611664e+02
1144 -2.671660618159e+02
1145 -2.671660624467e+02
1146 -2.671660630712e+02
1147 -2.671660637035e+02
1148 -2.671660643305e+02
1149 -2.671660648932e+02
1150 -2.671660653808e+02
1151 -2.671660658544e+02
1152 -2.671660663733e+02
1153 -2.671660669376e+02
1154 -2.671660675097e+02
1155 -2.671660680606e+02
1156 -2.671660686000e+02
1157 -2.671660691471e+02
1158 -2.671660697171e+02
1159 -2.671660703157e+02
1160 -2.671660709479e+02
1161 -2.671660716188e+02
1162 -2.671660723284e+02
1163 -2.671660730380e+02
1164 -2.671660737045e+02
1165 -2.671660743239e+02
1166 -2.671660749243e+02
1167 -2.671660755355e+02
1168 -2.671660761535e+02
1169 -2.671660767575e+02
1170 -2.671660773226e+02
1171 -2.671660778491e+02
1172 -2.671660783245e+02
1173 -2.671660787402e+02
1174 -2.671660791178e+02
1175 -2.671660794989e+02
1176 -2.671660799141e+02
1177 -2.671660803814e+02
1178 -2.671660808927e+02
1179 -2.671660813813e+02
1180 -2.671660818068e+02
1181 -2.671660821828e+02
1182 -2.671660824857e+02
1183 -2.671660827474e+02
1184 -2.671660830651e+02
1185 -2.671660834754e+02
1186 -2.671660839400e+02
1187 -2.671660844234e+02
1188 -2.671660849299e+02
1189 -2.671660854132e+02
1190 -2.671660858158e+02
1191 -2.671660861347e+02
1192 -2.671660864136e+02
1193 -2.671660866996e+02
1194 -2.671660870250e+02
1195 -2.671660873890e+02
1196 -2.671660877674e+02
1197 -2.671660881518e+02
1198 -2.671660885393e+02
1199 -2.671660889092e+02
1200 -2.671660892436e+02
1201 -2.671660895550e+02
1202 -2.671660898643e+02
1203 -2.671660901855e+02
1204 -2.671660905021e+02
1205 -2.671660907743e+02
1206 -2.671660910082e+02
1207 -2.671660912513e+02
1208 -2.671660915182e+02
1209 -2.671660917932e+02
1210 -2.671660920804e+02
1211 -2.671660923854e+02
1212 -2.671660927090e+02
1213 -2.671660930438e+02
1214 -2.671660933744e+02
1215 -2.671660936923e+02
1216 -2.671660939825e+02
1217 -2.671660942435e+02
1218 -2.671660944814e+02
1219 -2.671660946913e+02
1220 -2.671660948629e+02
1221 -2.671660950269e+02
1222 -2.671660952163e+02
1223 -2.671660954148e+02
1224 -2.671660955713e+02
1225 -2.671660956821e+02
1226 -2.671660957762e+02
1227 -2.671660958772e+02
1228 -2.671660960123e+02
1229 -2.671660962070e+02
1230 -2.671660964413e+02
1231 -2.671660966702e+02
1232 -2.671660968648e+02
1233 -2.671660970073e+02
1234 -2.671660971329e+02
1235 -2.671660972731e+02
1236 -2.671660973903e+02
1237 -2.671660974452e+02
1238 -2.671660974558e+02
1239 -2.671660974664e+02
1240 -2.671660974840e+02
1241 -2.671660975081e+02
1242 -2.671660975421e+02
1243 -2.671660975792e+02
1244 -2.671660976229e+02
1245 -2.671660976648e+02
1246 -2.671660977032e+02
1247 -2.671660977579e+02
1248 -2.671660978234e+02
1249 -2.671660979017e+02
1250 -2.671660979919e+02
1251 -2.671660980655e+02
1252 -2.671660981030e+02
1253 -2.671660981294e+02
1254 -2.671660981946e+02
1255 -2.671660983343e+02
1256 -2.671660985597e+02
1257 -2.671660987654e+02
1258 -2.671660988431e+02
1259 -2.671660988184e+02
1260 -2.671660987597e+02
1261 -2.671660986159e+02
1262 -2.671660983392e+02
1263 -2.671660980345e+02
1264 -2.671660978041e+02
1265 -2.671660976579e+02
1266 -2.671660975644e+02
1267 -2.671660974984e+02
1268 -2.671660974548e+02
1269 -2.671660974434e+02
1270 -2.671660974504e+02
1271 -2.671660974659e+02
1272 -2.671660974915e+02
1273 -2.671660975086e+02
1274 -2.671660975182e+02
1275 -2.671660975924e+02
1276 -2.671660977253e+02
1277 -2.671660977834e+02
1278 -2.671660977531e+02
1279 -2.671660977414e+02
1280 -2.671660977558e+02
1281 -2.671660977694e+02
1282 -2.671660977536e+02
1283 -2.671660976412e+02
1284 -2.671660973661e+02
1285 -2.671660970599e+02
1286 -2.671660968378e+02
1287 -2.671660966477e+02
1288 -2.671660964607e+02
1289 -2.671660963073e+02
1290 -2.671660962238e+02
1291 -2.671660962003e+02
1292 -2.671660961904e+02
1293 -2.671660961654e+02
1294 -2.671660961195e+02
1295 -2.671660960716e+02
1296 -2.671660960529e+02
1297 -2.671660960748e+02
1298 -2.671660960918e+02
1299 -2.671660960929e+02
1300 -2.671660961068e+02
1301 -2.671660961297e+02
1302 -2.671660961505e+02
1303 -2.671660961617e+02
1304 -2.671660961716e+02
1305 -2.671660961867e+02
1306 -2.671660961975e+02
1307 -2.671660961905e+02
1308 -2.671660961401e+02
1309 -2.671660960449e+02
1310 -2.671660959371e+02
1311 -2.671660958194e+02
1312 -2.671660956691e+02
1313 -2.671660954878e+02
1314 -2.671660952853e+02
1315 -2.671660950701e+02
1316 -2.671660948465e+02
1317 -2.671660946178e+02
1318 -2.671660943915e+02
1319 -2.671660941851e+02
1320 -2.671660940180e+02
1321 -2.671660939017e+02
1322 -2.671660938068e+02
1323 -2.671660937170e+02
1324 -2.671660936276e+02
1325 -2.671660935062e+02
1326 -2.671660933223e+02
1327 -2.671660930941e+02
1328 -2.671660929007e+02
1329 -2.671660927931e+02
1330 -2.671660927430e+02
1331 -2.671660926712e+02
1332 -2.671660925056e+02
1333 -2.671660922475e+02
1334 -2.671660919703e+02
1335 -2.671660917137e+02
1336 -2.671660914903e+02
